Video link,250605,250606,250607,250608,250609,250610,250611,250612,250613,250614,250615,250616,250617,250618,250619,250620,250621,250622,250623,250624,250625,250626,250627,250628,250629,250630,250701,250702,250703,250704,250705,250706,250707,250708,250709,250710,250711,250712,250713,250714,250715,250716,250717,250718,250719,250720,250721,250722,250723,250724,250725,250726,250727,250728,250729,250730,250731,250801,250802,250803,250804,250805,250806,250807,250808,250809,250810,250811,250812,250813,250814,250815,250816,250817,250818,250819,250820,250821,250822,250823,250824,250825,250826,250827,250828,250829,250830,250831,250901,250902,250903,250904,250905,250906,250907,250908,250909,250910,250911,250912,250913,250914,250915,250916,250917,250918,250919,250920,250921,250922,250923,250924,250925,250926,250927,250928,250929,250930,251001,251002,251003,251004,251005,251006,251007,251008,251009,251010,251011,251012,251013,251014,251015,251016,251017,251018,251019,251020,251021,251022,251023,251024,251025,251026,251027,251028,251029,251030,251031,251101,251102,251103,251104,251105,251106,251107,251108,251109,251110,251111,251112,251113,251114,251115,251116,251117,251118,251119,251120,251121,251122,251123,251124,251125,251126,251127,251128,251129,251130,251201,251202,251203,251204,251205,251206,251207,251208,251209,251210,251211,251212
knUmm-6S7k4,52846.0,52936.0,53040.0,53160.0,53254.0,53357.0,53442.0,53512.0,53630.0,53728.0,53859.0,53934.0,54016.0,54116.0,54222.0,54337.0,54421.0,54510.0,54612.0,54700.0,54782.0,54860.0,54950.0,55039.0,55109.0,55195.0,55301.0,55392.0,55471.0,55563.0,55626.0,55685.0,55736.0,55795.0,55883.0,55954.0,56015.0,56073.0,56169.0,56303.0,56449.0,56584.0,56706.0,56805.0,56883.0,56942.0,57004.0,57066.0,57128.0,57189.0,57228.0,57291.0,57353.0,57417.0,57474.0,57531.0,57590.0,57650.0,57703.0,57770.0,57825.0,57887.0,57947.0,57997.0,58051.0,58124.0,58197.0,58255.0,58315.0,58375.0,58441.0,58504.0,58564.0,58606.0,58665.0,58726.0,58786.0,58855.0,58917.0,58947.0,58993.0,59026.0,59077.0,59108.0,59160.0,59197.0,59258.0,59292.0,59331.0,59360.0,59406.0,59448.0,59500.0,59537.0,59585.0,59622.0,59663.0,59692.0,59722.0,59765.0,59805.0,59849.0,59886.0,59920.0,59957.0,60011.0,60042.0,60095.0,60130.0,60157.0,60189.0,60225.0,60265.0,60288.0,60323.0,60357.0,60382.0,60418.0,60486.0,60545.0,60579.0,60647.0,60682.0,60703.0,60743.0,60774.0,60808.0,60838.0,60878.0,60899.0,60919.0,60939.0,60984.0,61020.0,,,,,,,,,61301.0,61334.0,61357.0,61384.0,61414.0,61452.0,61496.0,61517.0,61544.0,61564.0,61584.0,61621.0,61680.0,61722.0,61766.0,61811.0,61848.0,61900.0,61948.0,61979.0,62018.0,62056.0,62079.0,62109.0,62146.0,62181.0,62211.0,62240.0,62265.0,62284.0,62306.0,62335.0,62368.0,62393.0,62426.0,62463.0,62502.0,62533.0,62574.0,62614.0,62661.0,62714.0,62749.0,62777.0,62813.0,62847.0,62881.0,62923.0,62967
UdS3gV0_MA8,1003050.0,1008377.0,1014274.0,1019736.0,1024663.0,1029432.0,1033753.0,1038427.0,1043182.0,1048065.0,1052772.0,1056875.0,1061123.0,1065520.0,1069979.0,1074835.0,1079827.0,1084182.0,1088194.0,1092535.0,1096939.0,1101196.0,1106097.0,1111214.0,1115959.0,1120709.0,1125526.0,1129929.0,1133856.0,1138750.0,1143540.0,1147753.0,1151613.0,1155666.0,1160054.0,1165444.0,1171664.0,1176627.0,1181173.0,1186014.0,1190690.0,1195293.0,1199776.0,1204263.0,1209092.0,1213753.0,1220024.0,1226612.0,1232065.0,1237844.0,1243893.0,1249491.0,1254950.0,1259683.0,1264718.0,1269524.0,1274262.0,1279409.0,1284754.0,1289750.0,1294798.0,1300002.0,1305745.0,1312039.0,1318315.0,1324315.0,1329974.0,1335679.0,1340788.0,1346408.0,1351705.0,1357056.0,1363127.0,1369310.0,1374464.0,1380238.0,1386408.0,1392301.0,1403834.0,1419238.0,1433850.0,1447095.0,1460454.0,1474131.0,1488323.0,1504222.0,1519339.0,1533402.0,1545678.0,1556956.0,1568108.0,1577941.0,1587419.0,1597277.0,1606990.0,1615130.0,1622992.0,1631384.0,1638934.0,1647351.0,1656179.0,1665562.0,1673375.0,1680796.0,1688008.0,1695022.0,1702573.0,1711183.0,1719632.0,1726857.0,1733489.0,1741070.0,1748798.0,1756212.0,1763683.0,1770861.0,1776634.0,1781996.0,1787178.0,1792436.0,1798432.0,1806175.0,1813108.0,1819329.0,1825360.0,1831384.0,1837017.0,1842922.0,1849722.0,1856644.0,1862604.0,1868628.0,1874181.0,1880473.0,,,,,,,,,1954323.0,1967420.0,1978570.0,1992112.0,2004120.0,2017502.0,2032142.0,2046329.0,2061122.0,2071372.0,2081084.0,2091254.0,2102248.0,2112969.0,2123948.0,2134194.0,2143582.0,2152667.0,2161458.0,2169126.0,2177172.0,2186117.0,2194547.0,2201949.0,2209053.0,2215992.0,2223135.0,2230091.0,2237359.0,2244458.0,2250719.0,2256785.0,2262880.0,2269060.0,2275382.0,2282340.0,2288760.0,2294961.0,2301642.0,2308267.0,2314866.0,2321692.0,2329058.0,2336053.0,2342580.0,2348536.0,2354595.0,2360799.0,2367088
KJ7o-Kj8_as,1306720.0,1307086.0,1307571.0,1308050.0,1308476.0,1308881.0,1309310.0,1309770.0,1310271.0,1310724.0,1311178.0,1311639.0,1312105.0,1312615.0,1313084.0,1313508.0,1314006.0,1314417.0,1314881.0,1315277.0,1315717.0,1316246.0,1316708.0,1317061.0,1317428.0,1317745.0,1318073.0,1318438.0,1318746.0,1319064.0,1319343.0,1319637.0,1319920.0,1320212.0,1320456.0,1320705.0,1321016.0,1321264.0,1321521.0,1321746.0,1322048.0,1322353.0,1322644.0,1322940.0,1323212.0,1323494.0,1323750.0,1324007.0,1324225.0,1324781.0,1325457.0,1325936.0,1326299.0,1326636.0,1326974.0,1327373.0,1327730.0,1328117.0,1328424.0,1328719.0,1328973.0,1329283.0,1329548.0,1329811.0,1330055.0,1330356.0,1330625.0,1330861.0,1331066.0,1331305.0,1331554.0,1331767.0,1332008.0,1332231.0,1332438.0,1332676.0,1332919.0,1333166.0,1333353.0,1333538.0,1333771.0,1333946.0,1334148.0,1334324.0,1334493.0,1334698.0,1334894.0,1335052.0,1335211.0,1335383.0,1335640.0,1335859.0,1336104.0,1336304.0,1336488.0,1336672.0,1336853.0,1337017.0,1337196.0,1337355.0,1337519.0,1337729.0,1337879.0,1338052.0,1338197.0,1338352.0,1338539.0,1338695.0,1338850.0,1339020.0,1339170.0,1339358.0,1339545.0,1339705.0,1339891.0,1340028.0,1340183.0,1340328.0,1340485.0,1340657.0,1340776.0,1340927.0,1341069.0,1341220.0,1341356.0,1341497.0,1341645.0,1341815.0,1341950.0,1342087.0,1342252.0,1342391.0,1342533.0,1342680.0,,,,,,,,,1344127.0,1344279.0,1344422.0,1344573.0,1344762.0,1344918.0,1345100.0,1345275.0,1345450.0,1345632.0,1345864.0,1346107.0,1346312.0,1346520.0,1346731.0,1346959.0,1347103.0,1347271.0,1347441.0,1347590.0,1347710.0,1347834.0,1347981.0,1348109.0,1348243.0,1348352.0,1348473.0,1348594.0,1348738.0,1348879.0,1349009.0,1349135.0,1349270.0,1349415.0,1349525.0,1349650.0,1349771.0,1349876.0,1350015.0,1350161.0,1350323.0,1350447.0,1350589.0,1350724.0,1350853.0,1350973.0,1351087.0,1351206.0,1351308
kJ0BT7opYvM,666450.0,666558.0,666676.0,666785.0,666913.0,667003.0,667105.0,667213.0,667345.0,667475.0,667605.0,667721.0,667810.0,667914.0,668008.0,668117.0,668247.0,668344.0,668454.0,668557.0,668674.0,668745.0,668838.0,668950.0,669082.0,669188.0,669263.0,669369.0,669462.0,669534.0,669638.0,669729.0,669816.0,669894.0,669983.0,670071.0,670157.0,670240.0,670347.0,670425.0,670486.0,670556.0,670637.0,670706.0,670774.0,670849.0,670913.0,670964.0,671027.0,671100.0,671178.0,671239.0,671305.0,671370.0,671430.0,671494.0,671581.0,671644.0,671707.0,671776.0,671842.0,671921.0,672004.0,672081.0,672151.0,672215.0,672292.0,672357.0,672412.0,672505.0,672585.0,672647.0,672720.0,672768.0,672836.0,672909.0,672974.0,673037.0,673099.0,673148.0,673210.0,673273.0,673331.0,673387.0,673463.0,673535.0,673598.0,673659.0,673717.0,673778.0,673831.0,673880.0,673935.0,673990.0,674046.0,674104.0,674148.0,674201.0,674264.0,674305.0,674353.0,674401.0,674450.0,674524.0,674576.0,674620.0,674685.0,674770.0,674818.0,674872.0,674921.0,674971.0,675049.0,675114.0,675170.0,675226.0,675280.0,675326.0,675381.0,675430.0,675481.0,675547.0,675597.0,675662.0,675714.0,675788.0,675847.0,675900.0,675967.0,676021.0,676063.0,676137.0,676178.0,676225.0,,,,,,,,,676745.0,676805.0,676861.0,676919.0,676960.0,677013.0,677056.0,677107.0,677155.0,677205.0,677256.0,677295.0,677339.0,677406.0,677455.0,677501.0,677540.0,677593.0,677625.0,677671.0,677720.0,677745.0,677778.0,677843.0,677899.0,677934.0,677991.0,678027.0,678073.0,678137.0,678182.0,678218.0,678282.0,678349.0,678421.0,678479.0,678560.0,678619.0,678684.0,678746.0,678813.0,678875.0,678937.0,678990.0,679057.0,679130.0,679187.0,679235.0,679293
1EsRhv19Whw,265860.0,266769.0,267618.0,268413.0,269186.0,270021.0,270874.0,271749.0,272619.0,273401.0,274105.0,274982.0,275729.0,276500.0,277195.0,277907.0,278591.0,279207.0,279861.0,280410.0,281094.0,281624.0,282233.0,282813.0,283339.0,283939.0,284588.0,285149.0,285750.0,286395.0,286857.0,287368.0,287923.0,288485.0,289140.0,289688.0,290285.0,290855.0,291272.0,291871.0,292416.0,292961.0,293539.0,294108.0,294602.0,295053.0,295602.0,296154.0,296712.0,297252.0,297717.0,298203.0,298636.0,299137.0,299661.0,300261.0,300872.0,301367.0,301880.0,302404.0,302905.0,303432.0,304013.0,304612.0,305106.0,305620.0,306122.0,306669.0,307228.0,307740.0,308340.0,308856.0,309414.0,309850.0,310378.0,310884.0,311503.0,311922.0,312444.0,312957.0,313419.0,313961.0,314465.0,314918.0,315467.0,315972.0,316525.0,316941.0,317387.0,317901.0,318433.0,318933.0,319466.0,319874.0,320351.0,320804.0,321349.0,321821.0,322290.0,322848.0,323313.0,323757.0,324116.0,324576.0,325208.0,325795.0,326330.0,326827.0,327183.0,327610.0,328002.0,328405.0,328781.0,329196.0,329582.0,329897.0,330249.0,330641.0,331058.0,331458.0,331816.0,332184.0,332506.0,332877.0,333214.0,333720.0,334108.0,334482.0,334893.0,335233.0,335583.0,336089.0,336438.0,336867.0,,,,,,,,,340612.0,340949.0,341254.0,341666.0,342188.0,342575.0,343057.0,343422.0,343748.0,344189.0,344561.0,344956.0,345330.0,345734.0,346051.0,346397.0,346773.0,347192.0,347655.0,348070.0,348433.0,348798.0,349075.0,349505.0,349875.0,350311.0,350749.0,351101.0,351486.0,351805.0,352141.0,352548.0,352964.0,353341.0,353690.0,354059.0,354391.0,354762.0,355152.0,355624.0,356025.0,356411.0,356812.0,357167.0,357526.0,357989.0,358422.0,358884.0,359316
c5gzArW-YO8,4840.0,4868.0,4901.0,4925.0,5017.0,5054.0,5114.0,5146.0,5175.0,5201.0,5217.0,5238.0,5268.0,5299.0,5328.0,5349.0,5360.0,5370.0,5391.0,5408.0,5419.0,5432.0,5443.0,5461.0,5472.0,5487.0,5506.0,5528.0,5547.0,5557.0,5576.0,5590.0,5601.0,5615.0,5626.0,5636.0,5653.0,5671.0,5687.0,5696.0,5713.0,5731.0,5756.0,5761.0,5781.0,5790.0,5799.0,5810.0,5817.0,5819.0,5830.0,5840.0,5846.0,5855.0,5863.0,5871.0,5884.0,5889.0,5901.0,5911.0,5918.0,5932.0,5946.0,5959.0,5970.0,5986.0,5992.0,6000.0,6008.0,6021.0,6033.0,6040.0,6045.0,6050.0,6057.0,6067.0,6072.0,6083.0,6093.0,6102.0,6110.0,6120.0,6133.0,6142.0,6150.0,6154.0,6161.0,6167.0,6174.0,6232.0,6266.0,6291.0,6300.0,6308.0,6314.0,6330.0,6342.0,6347.0,6355.0,6374.0,6379.0,6380.0,6387.0,6399.0,6405.0,6408.0,6412.0,6416.0,6423.0,6431.0,6437.0,6443.0,6448.0,6455.0,6470.0,6475.0,6482.0,6486.0,6499.0,6505.0,6509.0,6513.0,6516.0,6522.0,6525.0,6527.0,6531.0,6537.0,6540.0,6541.0,6552.0,6562.0,6575.0,6586.0,,,,,,,,,6679.0,6683.0,6693.0,6697.0,6704.0,6718.0,6725.0,6737.0,6748.0,6760.0,6766.0,6778.0,6784.0,6787.0,6798.0,6800.0,6811.0,6822.0,6838.0,6846.0,6848.0,6852.0,6857.0,6871.0,6880.0,6890.0,6892.0,6900.0,6904.0,6907.0,6917.0,6926.0,6936.0,6948.0,6964.0,6966.0,6975.0,6976.0,6980.0,6988.0,7000.0,7006.0,7010.0,7018.0,7029.0,7040.0,7049.0,7053.0,7061
YO1yO_9H264,38439.0,38510.0,38592.0,38673.0,38741.0,38814.0,38917.0,39014.0,39106.0,39192.0,39263.0,39324.0,39430.0,39499.0,39603.0,39657.0,39740.0,39820.0,39878.0,39953.0,40077.0,40159.0,40235.0,40310.0,40425.0,40544.0,40682.0,40791.0,40938.0,41038.0,41147.0,41270.0,41374.0,41490.0,41611.0,41765.0,41890.0,42006.0,42108.0,42197.0,42272.0,42340.0,42417.0,42525.0,42601.0,42700.0,42824.0,42930.0,42992.0,43062.0,43157.0,43235.0,43312.0,43400.0,43512.0,43567.0,43634.0,43764.0,43840.0,43942.0,44040.0,44128.0,44208.0,44276.0,44334.0,44399.0,44443.0,44508.0,44560.0,44631.0,44759.0,44833.0,44940.0,45010.0,45072.0,45151.0,45214.0,45271.0,45331.0,45381.0,45434.0,45511.0,45574.0,45626.0,45707.0,45775.0,45837.0,45874.0,45927.0,46001.0,46115.0,46178.0,46251.0,46288.0,46338.0,46398.0,46459.0,46517.0,46575.0,46632.0,46680.0,46719.0,46763.0,46815.0,46854.0,46886.0,46947.0,46985.0,47017.0,47046.0,47094.0,47145.0,47191.0,47242.0,47304.0,47364.0,47403.0,47449.0,47504.0,47557.0,47599.0,47637.0,47659.0,47708.0,47759.0,47801.0,47846.0,47885.0,47906.0,47946.0,47979.0,48010.0,48063.0,48096.0,,,,,,,,,48433.0,48478.0,48521.0,48571.0,48626.0,48674.0,48728.0,48794.0,48849.0,48894.0,48939.0,48977.0,49033.0,49069.0,49105.0,49151.0,49181.0,49219.0,49283.0,49347.0,49391.0,49429.0,49486.0,49580.0,49661.0,49711.0,49775.0,49835.0,49894.0,49951.0,50004.0,50060.0,50121.0,50183.0,50249.0,50318.0,50349.0,50382.0,50413.0,50444.0,50490.0,50544.0,50581.0,50629.0,50676.0,50732.0,50779.0,50822.0,50865
5TaIglIkDR4,137550.0,138115.0,138727.0,139268.0,139922.0,140525.0,141067.0,141645.0,142274.0,142943.0,143478.0,144054.0,144733.0,145339.0,146046.0,146700.0,147236.0,147857.0,148425.0,149050.0,149627.0,150243.0,150804.0,151319.0,151771.0,152246.0,152712.0,153197.0,153689.0,154168.0,154562.0,154978.0,155437.0,155809.0,156223.0,156620.0,157022.0,157396.0,157731.0,158096.0,158547.0,158972.0,159368.0,159785.0,160290.0,160736.0,161073.0,161423.0,161796.0,162135.0,162478.0,162837.0,163169.0,163522.0,163869.0,164237.0,164592.0,164856.0,165167.0,165452.0,165785.0,166140.0,166449.0,166724.0,166999.0,167209.0,167465.0,167735.0,167985.0,168233.0,168477.0,168739.0,169017.0,169193.0,169405.0,169636.0,169863.0,170074.0,170308.0,170502.0,170708.0,170968.0,171176.0,171416.0,171643.0,171862.0,172058.0,172257.0,172445.0,172614.0,172840.0,173075.0,173279.0,173458.0,173645.0,173872.0,174076.0,174266.0,174492.0,174731.0,174922.0,175100.0,175248.0,175429.0,175651.0,175818.0,176049.0,176208.0,176397.0,176618.0,176839.0,177048.0,177292.0,177479.0,177673.0,177847.0,178021.0,178187.0,178359.0,178561.0,178721.0,178887.0,179045.0,179220.0,179390.0,179530.0,179710.0,179886.0,180022.0,180170.0,180346.0,180513.0,180655.0,180816.0,,,,,,,,,182213.0,182340.0,182474.0,182621.0,182773.0,182918.0,183056.0,183194.0,183318.0,183454.0,183592.0,183726.0,183842.0,183983.0,184113.0,184233.0,184340.0,184474.0,184605.0,184763.0,184880.0,184997.0,185127.0,185244.0,185366.0,185499.0,185615.0,185735.0,185842.0,185970.0,186059.0,186178.0,186279.0,186377.0,186463.0,186552.0,186635.0,186711.0,186804.0,186903.0,186993.0,187097.0,187171.0,187258.0,187359.0,187496.0,187621.0,187780.0,187910
Vu9e3vOuXqQ,43995.0,44042.0,44078.0,44114.0,44203.0,44278.0,44337.0,44404.0,44457.0,44489.0,44508.0,44555.0,44609.0,44658.0,44701.0,44745.0,44762.0,44779.0,44839.0,44876.0,44960.0,44994.0,45040.0,45080.0,45099.0,45149.0,45201.0,45260.0,45309.0,45345.0,45371.0,45392.0,45423.0,45455.0,45500.0,45541.0,45576.0,45594.0,45614.0,45641.0,45681.0,45710.0,45736.0,45754.0,45771.0,45802.0,45828.0,45861.0,45892.0,45915.0,45941.0,45974.0,45977.0,46003.0,46030.0,46051.0,46087.0,46114.0,46127.0,46146.0,46177.0,46201.0,46225.0,46247.0,46279.0,46304.0,46328.0,46351.0,46375.0,46398.0,46417.0,46443.0,46463.0,46481.0,46510.0,46534.0,46553.0,46574.0,46597.0,46610.0,46625.0,46641.0,46669.0,46692.0,46721.0,46728.0,46734.0,46751.0,46782.0,46807.0,46834.0,46846.0,46863.0,46887.0,46906.0,46928.0,46949.0,46968.0,46983.0,47004.0,47014.0,47051.0,47073.0,47086.0,47101.0,47132.0,47149.0,47161.0,47173.0,47190.0,47206.0,47217.0,47234.0,47252.0,47264.0,47272.0,47286.0,47306.0,47332.0,47350.0,47362.0,47371.0,47376.0,47390.0,47407.0,47431.0,47459.0,47468.0,47478.0,47489.0,47502.0,47511.0,47526.0,47541.0,,,,,,,,,47711.0,47720.0,47732.0,47743.0,47755.0,47772.0,47786.0,47792.0,47808.0,47830.0,47842.0,47853.0,47864.0,47873.0,47879.0,47892.0,47907.0,47923.0,47933.0,47945.0,47951.0,47961.0,47971.0,47987.0,48001.0,48006.0,48015.0,48022.0,48024.0,48031.0,48039.0,48053.0,48066.0,48075.0,48086.0,48087.0,48100.0,48114.0,48122.0,48132.0,48144.0,48147.0,48156.0,48173.0,48195.0,48209.0,48215.0,48229.0,48236
Mkr79QX16Vs,35969.0,36239.0,36477.0,36594.0,36739.0,36819.0,36967.0,37032.0,37033.0,37036.0,37038.0,37039.0,37039.0,37039.0,37041.0,37041.0,37044.0,37045.0,37047.0,37048.0,37052.0,37054.0,37056.0,37059.0,37062.0,37065.0,37067.0,37073.0,37073.0,37075.0,37077.0,37077.0,37079.0,37081.0,37081.0,37081.0,37081.0,37083.0,37083.0,37083.0,37085.0,37086.0,37089.0,37091.0,37091.0,37092.0,37093.0,37096.0,37096.0,37097.0,37098.0,37098.0,37099.0,37099.0,37099.0,37099.0,37099.0,37099.0,37099.0,37100.0,37101.0,37102.0,37103.0,37105.0,37107.0,37109.0,37109.0,37109.0,37112.0,37114.0,37117.0,37117.0,37118.0,37119.0,37119.0,37120.0,37122.0,37122.0,37123.0,37123.0,37123.0,37123.0,37123.0,37124.0,37124.0,37124.0,37124.0,37124.0,37124.0,37124.0,37124.0,37126.0,37127.0,37127.0,37128.0,37128.0,37129.0,37129.0,37129.0,37129.0,37130.0,37130.0,37132.0,37134.0,37134.0,37135.0,37136.0,37136.0,37136.0,37136.0,37137.0,37138.0,37139.0,37139.0,37140.0,37140.0,37141.0,37141.0,37141.0,37141.0,37142.0,37142.0,37142.0,37144.0,37146.0,37146.0,37146.0,37146.0,37147.0,37147.0,37147.0,37147.0,37147.0,37147.0,,,,,,,,,37151.0,37151.0,37151.0,37151.0,37151.0,37152.0,37153.0,37153.0,37153.0,37153.0,37153.0,37156.0,37157.0,37158.0,37159.0,37159.0,37159.0,37159.0,37159.0,37159.0,37159.0,37159.0,37162.0,37163.0,37164.0,37164.0,37164.0,37166.0,37167.0,37168.0,37168.0,37168.0,37168.0,37168.0,37168.0,37170.0,37170.0,37172.0,37173.0,37173.0,37173.0,37174.0,37176.0,37176.0,37177.0,37178.0,37179.0,37179.0,37179
plf2nLL63E0,88980.0,89073.0,89197.0,89417.0,89659.0,90052.0,90221.0,90261.0,90261.0,90263.0,90263.0,90266.0,90266.0,90266.0,90269.0,90270.0,90273.0,90276.0,90276.0,90277.0,90281.0,90281.0,90282.0,90282.0,90284.0,90284.0,90285.0,90286.0,90286.0,90288.0,90289.0,90289.0,90291.0,90291.0,90291.0,90292.0,90292.0,90293.0,90293.0,90293.0,90293.0,90294.0,90294.0,90294.0,90295.0,90295.0,90295.0,90295.0,90296.0,90296.0,90297.0,90299.0,90302.0,90302.0,90302.0,90302.0,90302.0,90302.0,90303.0,90303.0,90306.0,90307.0,90307.0,90308.0,90309.0,90309.0,90310.0,90311.0,90313.0,90315.0,90316.0,90316.0,90317.0,90317.0,90318.0,90318.0,90318.0,90320.0,90323.0,90324.0,90324.0,90324.0,90326.0,90326.0,90326.0,90326.0,90326.0,90326.0,90326.0,90326.0,90326.0,90327.0,90328.0,90328.0,90329.0,90329.0,90329.0,90329.0,90330.0,90330.0,90330.0,90330.0,90332.0,90332.0,90332.0,90332.0,90332.0,90332.0,90333.0,90333.0,90334.0,90334.0,90335.0,90335.0,90335.0,90336.0,90336.0,90336.0,90336.0,90337.0,90337.0,90337.0,90338.0,90338.0,90338.0,90338.0,90340.0,90340.0,90341.0,90342.0,90342.0,90342.0,90343.0,90343.0,,,,,,,,,90347.0,90347.0,90347.0,90347.0,90347.0,90347.0,90348.0,90348.0,90348.0,90348.0,90348.0,90349.0,90349.0,90349.0,90349.0,90351.0,90351.0,90351.0,90351.0,90351.0,90351.0,90351.0,90352.0,90352.0,90353.0,90353.0,90353.0,90353.0,90354.0,90355.0,90355.0,90355.0,90355.0,90355.0,90355.0,90355.0,90355.0,90356.0,90356.0,90356.0,90356.0,90356.0,90357.0,90357.0,90360.0,90360.0,90360.0,90360.0,90360
efb5vVW6c2A,20309.0,20679.0,21116.0,21451.0,21861.0,22249.0,22586.0,22678.0,22682.0,22687.0,22687.0,22689.0,22691.0,22696.0,22698.0,22699.0,22704.0,22706.0,22708.0,22708.0,22712.0,22713.0,22713.0,22713.0,22714.0,22717.0,22717.0,22718.0,22718.0,22719.0,22722.0,22724.0,22725.0,22726.0,22726.0,22726.0,22729.0,22730.0,22731.0,22733.0,22733.0,22733.0,22733.0,22733.0,22734.0,22737.0,22737.0,22738.0,22738.0,22740.0,22742.0,22744.0,22745.0,22745.0,22746.0,22748.0,22748.0,22750.0,22751.0,22752.0,22754.0,22755.0,22758.0,22760.0,22760.0,22763.0,22764.0,22766.0,22766.0,22766.0,22768.0,22768.0,22768.0,22771.0,22771.0,22772.0,22772.0,22774.0,22774.0,22774.0,22775.0,22778.0,22779.0,22779.0,22779.0,22779.0,22780.0,22781.0,22782.0,22782.0,22782.0,22782.0,22784.0,22784.0,22784.0,22786.0,22786.0,22788.0,22788.0,22788.0,22790.0,22792.0,22795.0,22796.0,22797.0,22798.0,22801.0,22801.0,22802.0,22802.0,22803.0,22803.0,22805.0,22805.0,22805.0,22805.0,22806.0,22806.0,22806.0,22807.0,22807.0,22807.0,22809.0,22809.0,22809.0,22811.0,22811.0,22813.0,22814.0,22814.0,22814.0,22815.0,22816.0,22816.0,,,,,,,,,22822.0,22822.0,22822.0,22822.0,22822.0,22823.0,22826.0,22826.0,22827.0,22827.0,22827.0,22828.0,22828.0,22828.0,22828.0,22828.0,22829.0,22829.0,22829.0,22830.0,22830.0,22831.0,22831.0,22831.0,22833.0,22835.0,22836.0,22837.0,22838.0,22838.0,22838.0,22838.0,22839.0,22839.0,22839.0,22839.0,22839.0,22840.0,22840.0,22840.0,22840.0,22841.0,22841.0,22841.0,22842.0,22842.0,22843.0,22844.0,22844
X-j_GJyLkFQ,9307.0,9308.0,9311.0,9312.0,9312.0,9312.0,9313.0,9316.0,9317.0,9317.0,9317.0,9317.0,9317.0,9318.0,9320.0,9321.0,9323.0,9323.0,9324.0,9324.0,9324.0,9324.0,9326.0,9326.0,9327.0,9327.0,9327.0,9328.0,9328.0,9328.0,9328.0,9329.0,9330.0,9332.0,9332.0,9332.0,9333.0,9334.0,9335.0,9335.0,9335.0,9335.0,9336.0,9336.0,9336.0,9336.0,9336.0,9338.0,9338.0,9339.0,9339.0,9339.0,9339.0,9339.0,9340.0,9340.0,9340.0,9340.0,9340.0,9340.0,9342.0,9344.0,9344.0,9345.0,9345.0,9345.0,9345.0,9345.0,9345.0,9345.0,9346.0,9346.0,9346.0,9346.0,9347.0,9347.0,9347.0,9347.0,9348.0,9348.0,9348.0,9348.0,9348.0,9348.0,9348.0,9348.0,9348.0,9349.0,9349.0,9349.0,9349.0,9349.0,9349.0,9349.0,9349.0,9349.0,9349.0,9349.0,9350.0,9350.0,9350.0,9350.0,9350.0,9350.0,9350.0,9351.0,9351.0,9352.0,9352.0,9352.0,9352.0,9352.0,9352.0,9352.0,9352.0,9352.0,9353.0,9353.0,9353.0,9353.0,9353.0,9353.0,9353.0,9353.0,9353.0,9353.0,9353.0,9353.0,9353.0,9353.0,9353.0,9353.0,9353.0,9353.0,,,,,,,,,9355.0,9355.0,9355.0,9355.0,9355.0,9356.0,9356.0,9356.0,9356.0,9356.0,9356.0,9356.0,9356.0,9356.0,9356.0,9356.0,9356.0,9356.0,9356.0,9356.0,9356.0,9356.0,9356.0,9356.0,9357.0,9357.0,9357.0,9357.0,9357.0,9357.0,9357.0,9357.0,9357.0,9358.0,9360.0,9360.0,9360.0,9361.0,9361.0,9361.0,9361.0,9361.0,9361.0,9361.0,9361.0,9361.0,9362.0,9363.0,9363
9hTpDHJmjC0,11180297.0,11191341.0,11203172.0,11215947.0,11227768.0,11238740.0,11249395.0,11260161.0,11271752.0,11282957.0,11294396.0,11305563.0,11317216.0,11329335.0,11341820.0,11352957.0,11363824.0,11374611.0,11385493.0,11395907.0,11407473.0,11419317.0,11430756.0,11441605.0,11453489.0,11464221.0,11474946.0,11485833.0,11498273.0,11510415.0,11521728.0,11532517.0,11542284.0,11552733.0,11562591.0,11572608.0,11582744.0,11592273.0,11601832.0,11611219.0,11620695.0,11629698.0,11639531.0,11649805.0,11660224.0,11670644.0,11682599.0,11699866.0,11713695.0,11726359.0,11738079.0,11751989.0,11766034.0,11779307.0,11792436.0,11806942.0,11820603.0,11835230.0,11850032.0,11870197.0,11885673.0,11899370.0,11912478.0,11925016.0,11937630.0,11949765.0,11961143.0,11972857.0,11983523.0,11996746.0,12007108.0,12016514.0,12025321.0,12034287.0,12043769.0,12053145.0,12063057.0,12072056.0,12080709.0,12088935.0,12097642.0,12106662.0,12115100.0,12124487.0,12133054.0,12141378.0,12149315.0,12157030.0,12164889.0,12172446.0,12180401.0,12188138.0,12195544.0,12203100.0,12210955.0,12218493.0,12225842.0,12233406.0,12240973.0,12248164.0,12255638.0,12263293.0,12270387.0,12277642.0,12285110.0,12292289.0,12299252.0,12306327.0,12314053.0,12321838.0,12329145.0,12336518.0,12343630.0,12350485.0,12357499.0,12364996.0,12372245.0,12379227.0,12386134.0,12392818.0,12399572.0,12406689.0,12414100.0,12420814.0,12428031.0,12435059.0,12442197.0,12449621.0,12456467.0,12463385.0,12470324.0,12477900.0,12485216.0,12491648.0,,,,,,,,,12562909.0,12570505.0,12577675.0,12584435.0,12591677.0,12598239.0,12604212.0,12610425.0,12617064.0,12622803.0,12628233.0,12633602.0,12639626.0,12645593.0,12651982.0,12658366.0,12664100.0,12669956.0,12675944.0,12681612.0,12687145.0,12692483.0,12698640.0,12704295.0,12710267.0,12715921.0,12721639.0,12727210.0,12732581.0,12738040.0,12743565.0,12749180.0,12754567.0,12759727.0,12764387.0,12769474.0,12774822.0,12779995.0,12785500.0,12790901.0,12796335.0,12801613.0,12806709.0,12812285.0,12817572.0,12822997.0,12828408.0,12833596.0,12838575
De_2f4iBu9I,1824487.0,1824577.0,1824683.0,1824795.0,1824891.0,1824991.0,1825082.0,1825186.0,1825302.0,1825414.0,1825506.0,1825568.0,1825635.0,1825695.0,1825757.0,1825831.0,1825890.0,1825939.0,1825988.0,1826043.0,1826097.0,1826142.0,1826188.0,1826227.0,1826267.0,1826300.0,1826333.0,1826363.0,1826401.0,1826440.0,1826469.0,1826510.0,1826549.0,1826582.0,1826617.0,1826660.0,1826703.0,1826733.0,1826758.0,1826790.0,1826831.0,1826847.0,1826875.0,1826924.0,1826953.0,1826990.0,1827025.0,1827054.0,1827095.0,1827130.0,1827160.0,1827194.0,1827218.0,1827245.0,1827278.0,1827302.0,1827321.0,1827352.0,1827378.0,1827415.0,1827444.0,1827471.0,1827498.0,1827528.0,1827548.0,1827581.0,1827615.0,1827654.0,1827675.0,1827709.0,1827738.0,1827769.0,1827795.0,1827827.0,1827853.0,1827892.0,1827931.0,1827959.0,1827999.0,1828029.0,1828063.0,1828107.0,1828144.0,1828186.0,1828229.0,1828281.0,1828334.0,1828373.0,1828433.0,1828473.0,1828535.0,1828588.0,1828651.0,1828716.0,1828785.0,1828854.0,1828941.0,1829018.0,1829113.0,1829193.0,1829287.0,1829368.0,1829448.0,1829524.0,1829607.0,1829696.0,1829769.0,1829880.0,1829983.0,1830059.0,1830139.0,1830261.0,1830336.0,1830402.0,1830483.0,1830564.0,1830621.0,1830674.0,1830735.0,1830799.0,1830858.0,1830932.0,1831001.0,1831064.0,1831136.0,1831196.0,1831249.0,1831292.0,1831356.0,1831413.0,1831471.0,1831528.0,1831580.0,1831648.0,,,,,,,,,1832070.0,1832127.0,1832171.0,1832212.0,1832248.0,1832278.0,1832325.0,1832357.0,1832390.0,1832415.0,1832440.0,1832472.0,1832524.0,1832554.0,1832587.0,1832628.0,1832666.0,1832692.0,1832728.0,1832759.0,1832792.0,1832825.0,1832859.0,1832875.0,1832900.0,1832926.0,1832952.0,1832980.0,1832994.0,1833012.0,1833037.0,1833066.0,1833096.0,1833123.0,1833158.0,1833188.0,1833209.0,1833230.0,1833249.0,1833268.0,1833299.0,1833321.0,1833336.0,1833361.0,1833379.0,1833397.0,1833425.0,1833438.0,1833460
_L5RqHfY7kw,5956.0,5983.0,6013.0,6045.0,6081.0,6136.0,6198.0,6245.0,6291.0,6326.0,6359.0,6389.0,6437.0,6470.0,6496.0,6569.0,6646.0,6674.0,6717.0,6742.0,6786.0,6822.0,6852.0,6864.0,6875.0,6881.0,6887.0,6897.0,6903.0,6914.0,6924.0,6935.0,6950.0,6960.0,6967.0,6982.0,6991.0,6998.0,7003.0,7008.0,7014.0,7020.0,7023.0,7032.0,7051.0,7071.0,7099.0,7111.0,7138.0,7161.0,7195.0,7245.0,7270.0,7273.0,7274.0,7281.0,7287.0,7290.0,7294.0,7299.0,7308.0,7315.0,7319.0,7322.0,7327.0,7334.0,7339.0,7343.0,7346.0,7350.0,7354.0,7358.0,7360.0,7363.0,7366.0,7366.0,7371.0,7376.0,7380.0,7382.0,7386.0,7386.0,7391.0,7399.0,7411.0,7415.0,7415.0,7418.0,7420.0,7423.0,7424.0,7429.0,7433.0,7437.0,7438.0,7447.0,7448.0,7448.0,7451.0,7453.0,7458.0,7459.0,7464.0,7469.0,7475.0,7479.0,7485.0,7486.0,7492.0,7496.0,7502.0,7512.0,7517.0,7522.0,7535.0,7537.0,7539.0,7545.0,7548.0,7555.0,7562.0,7562.0,7565.0,7566.0,7571.0,7573.0,7574.0,7579.0,7582.0,7586.0,7587.0,7589.0,7595.0,7597.0,,,,,,,,,7634.0,7641.0,7652.0,7653.0,7658.0,7661.0,7665.0,7671.0,7676.0,7681.0,7687.0,7691.0,7696.0,7699.0,7700.0,7700.0,7706.0,7708.0,7712.0,7720.0,7723.0,7728.0,7730.0,7735.0,7744.0,7749.0,7760.0,7766.0,7771.0,7775.0,7776.0,7782.0,7787.0,7794.0,7794.0,7796.0,7800.0,7805.0,7811.0,7816.0,7823.0,7826.0,7831.0,7834.0,7836.0,7836.0,7839.0,7843.0,7847
QHerQr9njW8,118839.0,119285.0,119721.0,120102.0,120581.0,121033.0,121512.0,122068.0,122593.0,122931.0,123228.0,123657.0,124025.0,124479.0,124937.0,125328.0,125684.0,125973.0,126277.0,126678.0,127147.0,127550.0,128043.0,128410.0,128674.0,129026.0,129382.0,129742.0,130125.0,130505.0,130852.0,131166.0,131438.0,131770.0,132078.0,132395.0,132713.0,133070.0,133287.0,133644.0,133931.0,134269.0,134651.0,135017.0,135308.0,135574.0,135816.0,136131.0,136460.0,136747.0,137069.0,137308.0,137504.0,137786.0,138064.0,138346.0,138644.0,138987.0,139297.0,139578.0,139901.0,140253.0,140698.0,141046.0,141336.0,141628.0,141866.0,142138.0,142330.0,142707.0,142973.0,143183.0,143407.0,143638.0,143917.0,144226.0,144534.0,144883.0,145307.0,145633.0,145930.0,146331.0,146735.0,147115.0,147506.0,147929.0,148358.0,148639.0,148989.0,149298.0,149621.0,149947.0,150297.0,150613.0,150830.0,151135.0,151402.0,151680.0,151914.0,152211.0,152439.0,152665.0,152896.0,153169.0,153425.0,153645.0,153943.0,154212.0,154409.0,154646.0,154901.0,155179.0,155460.0,155741.0,155983.0,156200.0,156456.0,156735.0,156992.0,157327.0,157573.0,157761.0,157992.0,158169.0,158333.0,158527.0,158661.0,158888.0,159039.0,159246.0,159452.0,159698.0,159909.0,160209.0,,,,,,,,,164014.0,164470.0,165050.0,165479.0,165986.0,166486.0,166862.0,167226.0,167751.0,168282.0,168766.0,169252.0,169825.0,170240.0,170619.0,170957.0,171337.0,171738.0,172146.0,172623.0,172950.0,173281.0,173557.0,173819.0,174167.0,174464.0,174854.0,175349.0,175680.0,175962.0,176418.0,176865.0,177314.0,177805.0,178253.0,178610.0,178930.0,179394.0,179728.0,180193.0,180617.0,181007.0,181353.0,181646.0,182010.0,182378.0,182892.0,183385.0,183862
MxZbRuB6VN4,236241.0,237450.0,238578.0,239687.0,240901.0,242313.0,243692.0,244954.0,246060.0,247361.0,248515.0,250204.0,252469.0,253966.0,255551.0,256994.0,258306.0,259600.0,261008.0,262641.0,264022.0,265303.0,266763.0,267950.0,268843.0,269886.0,271056.0,272238.0,272914.0,273439.0,273903.0,274502.0,275155.0,275728.0,276322.0,276988.0,277579.0,278097.0,278696.0,279229.0,279737.0,280283.0,280805.0,281289.0,281734.0,282193.0,282696.0,283191.0,283713.0,284193.0,284747.0,285208.0,285624.0,286086.0,286575.0,287041.0,287442.0,287943.0,288309.0,288844.0,289397.0,290036.0,290646.0,291166.0,291680.0,292311.0,292760.0,293229.0,293630.0,294143.0,294656.0,295149.0,295591.0,296003.0,296375.0,296885.0,297396.0,297861.0,298326.0,298757.0,299248.0,299688.0,300125.0,300675.0,301175.0,301703.0,302275.0,302745.0,303165.0,303635.0,304166.0,304557.0,305043.0,305532.0,305925.0,306333.0,306809.0,307196.0,307683.0,308111.0,308486.0,308822.0,309182.0,309624.0,309948.0,310366.0,310786.0,311139.0,311528.0,311895.0,312287.0,312672.0,313058.0,313565.0,313984.0,314377.0,314840.0,315338.0,315861.0,316231.0,316630.0,316984.0,317266.0,317546.0,317797.0,318116.0,318426.0,318877.0,319255.0,319641.0,319975.0,320382.0,320710.0,321097.0,,,,,,,,,324350.0,324734.0,325183.0,325638.0,326029.0,326405.0,326686.0,327003.0,327323.0,327644.0,328002.0,328395.0,328800.0,329099.0,329400.0,329709.0,330080.0,330435.0,330793.0,331141.0,331463.0,331831.0,332121.0,332500.0,332869.0,333192.0,333514.0,333892.0,334253.0,334630.0,334935.0,335273.0,335619.0,335920.0,336235.0,336535.0,336800.0,337077.0,337436.0,337744.0,338019.0,338357.0,338685.0,338951.0,339200.0,339557.0,339844.0,340187.0,340525
XK61Jwg3aVI,964.0,969.0,974.0,977.0,980.0,984.0,989.0,993.0,995.0,1002.0,1003.0,1006.0,1008.0,1009.0,1011.0,1013.0,1014.0,1016.0,1018.0,1025.0,1037.0,1040.0,1045.0,1047.0,1052.0,1056.0,1062.0,1063.0,1077.0,1080.0,1085.0,1089.0,1098.0,1105.0,1107.0,1112.0,1117.0,1124.0,1132.0,1142.0,1145.0,1147.0,1150.0,1152.0,1156.0,1159.0,1163.0,1174.0,1181.0,1191.0,1194.0,1201.0,1204.0,1206.0,1212.0,1219.0,1223.0,1233.0,1241.0,1243.0,1249.0,1259.0,1261.0,1266.0,1269.0,1276.0,1284.0,1288.0,1294.0,1298.0,1301.0,1310.0,1316.0,1318.0,1322.0,1324.0,1326.0,1330.0,1331.0,1334.0,1337.0,1341.0,1342.0,1346.0,1352.0,1361.0,1363.0,1365.0,1371.0,1374.0,1379.0,1380.0,1384.0,1386.0,1391.0,1394.0,1402.0,1403.0,1410.0,1414.0,1414.0,1418.0,1419.0,1419.0,1421.0,1424.0,1428.0,1430.0,1432.0,1437.0,1442.0,1444.0,1444.0,1445.0,1447.0,1447.0,1449.0,1449.0,1451.0,1452.0,1457.0,1457.0,1457.0,1459.0,1459.0,1460.0,1461.0,1461.0,1463.0,1467.0,1468.0,1469.0,1470.0,1471.0,,,,,,,,,1486.0,1488.0,1490.0,1493.0,1496.0,1498.0,1500.0,1500.0,1503.0,1504.0,1506.0,1507.0,1508.0,1509.0,1510.0,1514.0,1519.0,1520.0,1520.0,1521.0,1522.0,1522.0,1522.0,1525.0,1529.0,1529.0,1531.0,1532.0,1534.0,1537.0,1543.0,1543.0,1543.0,1547.0,1548.0,1548.0,1551.0,1552.0,1552.0,1554.0,1554.0,1556.0,1557.0,1558.0,1562.0,1562.0,1563.0,1563.0,1565
GuaRxObxiRQ,12560.0,12731.0,12935.0,13151.0,13478.0,13754.0,14052.0,14388.0,14745.0,14981.0,15225.0,15454.0,15685.0,15955.0,16142.0,16362.0,16561.0,16726.0,16929.0,17133.0,17363.0,17592.0,17839.0,18024.0,18182.0,18344.0,18581.0,18789.0,18994.0,19166.0,19358.0,19509.0,19696.0,19851.0,20010.0,20201.0,20359.0,20509.0,20648.0,20772.0,20873.0,20976.0,21152.0,21402.0,21556.0,21692.0,21807.0,21965.0,22122.0,22227.0,22356.0,22517.0,22681.0,22823.0,22960.0,23064.0,23163.0,23293.0,23388.0,23529.0,23654.0,23782.0,23925.0,24085.0,24244.0,24389.0,24494.0,24599.0,24689.0,24849.0,24967.0,25125.0,25232.0,25385.0,25486.0,25577.0,25768.0,25994.0,26146.0,26261.0,26339.0,26456.0,26546.0,26643.0,26765.0,26927.0,27064.0,27177.0,27274.0,27417.0,27541.0,27678.0,27826.0,27952.0,28055.0,28174.0,28252.0,28360.0,28443.0,28574.0,28687.0,28770.0,28870.0,28954.0,29049.0,29161.0,29256.0,29371.0,29444.0,29524.0,29607.0,29681.0,29836.0,30000.0,30097.0,30154.0,30251.0,30330.0,30393.0,30464.0,30526.0,30606.0,30697.0,30763.0,30831.0,30888.0,30978.0,31056.0,31111.0,31148.0,31195.0,31255.0,31322.0,31373.0,,,,,,,,,31875.0,31933.0,32003.0,32060.0,32127.0,32241.0,32292.0,32346.0,32400.0,32456.0,32522.0,32638.0,32710.0,32753.0,32841.0,32947.0,33030.0,33105.0,33175.0,33216.0,33285.0,33331.0,33377.0,33432.0,33486.0,33543.0,33597.0,33646.0,33685.0,33746.0,33809.0,33852.0,33924.0,33971.0,34035.0,34092.0,34143.0,34213.0,34274.0,34331.0,34397.0,34481.0,34559.0,34608.0,34647.0,34722.0,34789.0,34878.0,34946
JNOlzryxU6E,141.0,141.0,142.0,142.0,142.0,142.0,142.0,142.0,142.0,142.0,143.0,144.0,144.0,144.0,145.0,145.0,145.0,145.0,145.0,145.0,145.0,145.0,145.0,145.0,145.0,145.0,146.0,146.0,146.0,148.0,148.0,148.0,148.0,149.0,149.0,150.0,150.0,150.0,150.0,150.0,150.0,150.0,151.0,151.0,151.0,151.0,151.0,151.0,151.0,151.0,152.0,152.0,152.0,154.0,154.0,154.0,154.0,154.0,154.0,154.0,154.0,154.0,154.0,154.0,154.0,154.0,154.0,154.0,154.0,154.0,154.0,154.0,154.0,154.0,154.0,154.0,154.0,154.0,155.0,155.0,155.0,155.0,156.0,156.0,156.0,156.0,157.0,157.0,157.0,158.0,158.0,159.0,159.0,160.0,160.0,160.0,160.0,160.0,160.0,160.0,161.0,161.0,161.0,161.0,161.0,161.0,161.0,161.0,161.0,162.0,162.0,162.0,162.0,162.0,162.0,162.0,162.0,162.0,162.0,162.0,162.0,162.0,162.0,162.0,162.0,162.0,162.0,162.0,162.0,162.0,162.0,162.0,163.0,163.0,,,,,,,,,166.0,166.0,166.0,166.0,166.0,166.0,166.0,166.0,166.0,166.0,166.0,166.0,166.0,166.0,166.0,166.0,166.0,166.0,166.0,166.0,166.0,166.0,166.0,166.0,167.0,167.0,167.0,167.0,168.0,168.0,168.0,168.0,168.0,169.0,169.0,169.0,170.0,170.0,170.0,170.0,170.0,170.0,170.0,170.0,170.0,170.0,170.0,170.0,170
tS1doiMBz4Y,112858.0,113060.0,113254.0,113450.0,113639.0,113838.0,114062.0,114243.0,114448.0,114659.0,114820.0,115037.0,115260.0,115490.0,115672.0,115889.0,116089.0,116266.0,116486.0,116669.0,116849.0,117012.0,117234.0,117416.0,117574.0,117780.0,118037.0,118250.0,118506.0,118702.0,118913.0,119120.0,119474.0,119953.0,121853.0,123394.0,123862.0,124779.0,124548.0,124713.0,124944.0,125264.0,125662.0,126013.0,126286.0,126536.0,126828.0,127120.0,127371.0,127683.0,127969.0,128312.0,128533.0,128799.0,129040.0,129239.0,129478.0,129693.0,129843.0,130025.0,130232.0,130429.0,130623.0,130824.0,130997.0,131154.0,131315.0,131502.0,131648.0,131845.0,132031.0,132159.0,132312.0,132451.0,132618.0,132772.0,132954.0,133111.0,133294.0,133464.0,133611.0,133749.0,133949.0,134132.0,134348.0,134518.0,134655.0,134818.0,134995.0,135184.0,135352.0,135539.0,135689.0,135837.0,135973.0,136143.0,136318.0,136468.0,136617.0,136766.0,136899.0,137074.0,137216.0,137353.0,137512.0,137694.0,137840.0,138010.0,138143.0,138313.0,138494.0,138642.0,138804.0,138933.0,139063.0,139185.0,139331.0,139468.0,139622.0,139771.0,139873.0,140019.0,140147.0,140226.0,140321.0,140407.0,140529.0,140659.0,140775.0,140877.0,140999.0,141103.0,141216.0,141339.0,,,,,,,,,142412.0,142496.0,142587.0,142712.0,142796.0,142867.0,142960.0,143047.0,143135.0,143219.0,143348.0,143462.0,143564.0,143670.0,143770.0,143868.0,144003.0,144130.0,144283.0,144454.0,144669.0,144824.0,144942.0,145048.0,145167.0,145278.0,145378.0,145501.0,145590.0,145662.0,145795.0,145925.0,146019.0,146099.0,146168.0,146221.0,146300.0,146367.0,146440.0,146501.0,146569.0,146629.0,146699.0,146764.0,146846.0,146913.0,146994.0,147064.0,147133
JXfqzAEHJqQ,287125.0,288949.0,290846.0,292683.0,294915.0,297058.0,299089.0,301176.0,303183.0,304977.0,306764.0,308378.0,309875.0,311382.0,312969.0,314532.0,315923.0,317126.0,318449.0,319765.0,321122.0,322745.0,324255.0,325741.0,326955.0,328349.0,330032.0,331692.0,333987.0,336276.0,338155.0,339611.0,341430.0,343607.0,345627.0,347966.0,350121.0,351649.0,352908.0,354234.0,355694.0,357085.0,358484.0,359958.0,361447.0,362681.0,363867.0,365215.0,366516.0,367850.0,369064.0,370310.0,371369.0,372415.0,373459.0,374546.0,375598.0,376619.0,377716.0,378874.0,380098.0,381406.0,382549.0,383569.0,384564.0,385479.0,386317.0,387216.0,388159.0,389283.0,390271.0,391268.0,392103.0,392827.0,393748.0,394721.0,395670.0,396772.0,398523.0,399955.0,401217.0,402711.0,404619.0,406267.0,407653.0,408885.0,410011.0,411171.0,412422.0,413630.0,414893.0,416178.0,417257.0,418265.0,419184.0,420398.0,421677.0,422966.0,424163.0,425324.0,426451.0,427288.0,428153.0,429185.0,430414.0,431570.0,432719.0,433921.0,435093.0,436548.0,438591.0,440427.0,442101.0,443975.0,445590.0,446983.0,449038.0,451909.0,454159.0,456280.0,458344.0,460366.0,462028.0,463568.0,465336.0,466899.0,468347.0,469990.0,471129.0,472120.0,473188.0,474293.0,475319.0,476176.0,,,,,,,,,483982.0,484679.0,485426.0,486198.0,487032.0,487912.0,488768.0,489550.0,490179.0,491088.0,491943.0,492779.0,493706.0,494558.0,495359.0,496101.0,496898.0,497887.0,498856.0,499672.0,500475.0,501204.0,501855.0,502564.0,503253.0,504026.0,504784.0,505621.0,506366.0,507159.0,507969.0,508688.0,509652.0,510404.0,511059.0,511817.0,512490.0,513244.0,514079.0,514888.0,515730.0,516532.0,517277.0,517943.0,518677.0,519411.0,520313.0,521103.0,521903
JoQ8SA1Mj_U,156514.0,157742.0,159098.0,161119.0,164126.0,167697.0,172547.0,182482.0,189635.0,196994.0,204588.0,213738.0,222339.0,232418.0,241112.0,249359.0,256380.0,262444.0,268162.0,273927.0,279899.0,283391.0,287021.0,291877.0,295989.0,299238.0,302396.0,304711.0,307966.0,310900.0,313580.0,315560.0,317981.0,321294.0,323801.0,325964.0,327679.0,329038.0,330097.0,331042.0,332253.0,333285.0,334109.0,334820.0,335433.0,336033.0,336638.0,337392.0,337968.0,338556.0,339196.0,339789.0,340285.0,340805.0,341478.0,342058.0,342662.0,343346.0,344147.0,345102.0,346084.0,347129.0,348174.0,349138.0,350084.0,350945.0,351903.0,353665.0,355257.0,358119.0,361043.0,364309.0,366988.0,369793.0,373110.0,376269.0,378938.0,381698.0,384834.0,387158.0,389117.0,391277.0,393249.0,395416.0,397273.0,398898.0,400342.0,401695.0,403869.0,405947.0,408145.0,410599.0,414014.0,416983.0,419238.0,421620.0,423409.0,424653.0,426056.0,427436.0,428662.0,429711.0,430966.0,432303.0,433528.0,434755.0,435849.0,436788.0,437881.0,438902.0,439861.0,441200.0,442207.0,443109.0,444109.0,445022.0,446091.0,447206.0,448459.0,449841.0,451255.0,452528.0,453558.0,454526.0,455537.0,456714.0,457838.0,459031.0,459902.0,460724.0,461644.0,462667.0,463852.0,465060.0,,,,,,,,,473898.0,474842.0,475980.0,477048.0,478020.0,479028.0,479817.0,480608.0,481440.0,482265.0,483192.0,484397.0,485710.0,486927.0,487878.0,488682.0,489503.0,490469.0,491363.0,492906.0,494748.0,496209.0,497932.0,500091.0,502068.0,503935.0,506017.0,508164.0,510503.0,512791.0,515243.0,517921.0,520480.0,522648.0,524815.0,526702.0,528564.0,530749.0,533041.0,535786.0,538030.0,539811.0,541825.0,543929.0,547192.0,549436.0,551326.0,552810.0,554319
JoQ8SA1Mj_U,156514.0,157742.0,159098.0,161119.0,164126.0,167697.0,172547.0,182482.0,189635.0,196994.0,204588.0,213738.0,222339.0,232418.0,241112.0,249359.0,256380.0,262444.0,268162.0,273927.0,279899.0,283391.0,287021.0,291877.0,295989.0,299238.0,302396.0,304711.0,307966.0,310900.0,313662.0,315560.0,317981.0,321294.0,323801.0,325964.0,327679.0,329038.0,330097.0,331042.0,332253.0,333278.0,334109.0,334820.0,335433.0,336033.0,336638.0,337392.0,337968.0,338556.0,339196.0,339789.0,340285.0,340805.0,341478.0,342058.0,342662.0,343346.0,344147.0,345102.0,346084.0,347129.0,348174.0,349138.0,350084.0,350945.0,351903.0,353665.0,355257.0,358199.0,361043.0,364309.0,366988.0,369793.0,373110.0,376269.0,378938.0,381698.0,384834.0,387158.0,389117.0,391277.0,393249.0,395416.0,397273.0,399025.0,400342.0,401695.0,403776.0,405947.0,408145.0,410599.0,414014.0,416983.0,419238.0,421620.0,423409.0,424653.0,426056.0,427436.0,428662.0,429711.0,430966.0,432303.0,433528.0,434755.0,435849.0,436788.0,437881.0,438902.0,439861.0,441200.0,442207.0,443109.0,444109.0,445022.0,446091.0,447206.0,448459.0,449841.0,451255.0,452528.0,453558.0,454526.0,455537.0,456714.0,457838.0,459031.0,459902.0,460724.0,461644.0,462667.0,463852.0,465060.0,,,,,,,,,473898.0,474842.0,475980.0,477048.0,478020.0,479028.0,479817.0,480608.0,481440.0,482265.0,483192.0,484397.0,485710.0,486927.0,487878.0,488682.0,489503.0,490469.0,491363.0,492906.0,494748.0,496209.0,497932.0,500091.0,502068.0,503935.0,506017.0,508164.0,510503.0,512791.0,515243.0,517921.0,520480.0,522648.0,524815.0,526702.0,528564.0,530749.0,533041.0,535786.0,538030.0,539811.0,541825.0,543929.0,547192.0,549436.0,551326.0,552810.0,554319
VWArEaFc7vk,307574.0,308393.0,309091.0,309982.0,310948.0,312010.0,312942.0,314019.0,314995.0,316066.0,317041.0,318243.0,319612.0,320903.0,322014.0,323227.0,324275.0,325333.0,326419.0,327474.0,328721.0,329530.0,330228.0,331014.0,331789.0,332693.0,333543.0,334442.0,335184.0,336076.0,336919.0,337694.0,338545.0,339356.0,340018.0,340615.0,341344.0,341931.0,342578.0,343434.0,344137.0,344806.0,345453.0,345984.0,346851.0,347936.0,348986.0,349907.0,350713.0,351527.0,352167.0,352831.0,353529.0,354454.0,355382.0,356075.0,356729.0,357521.0,358206.0,358825.0,359429.0,360254.0,361199.0,361995.0,362553.0,363135.0,363628.0,364285.0,364896.0,365754.0,366609.0,367306.0,367833.0,368478.0,369096.0,369713.0,370344.0,371057.0,371790.0,372382.0,372911.0,373612.0,374256.0,374887.0,375569.0,376384.0,377137.0,377851.0,378513.0,379250.0,380084.0,380976.0,381828.0,382708.0,383493.0,384403.0,385316.0,386040.0,386939.0,387637.0,388467.0,389293.0,390177.0,391129.0,391952.0,392666.0,393492.0,394029.0,394534.0,395061.0,395714.0,396335.0,396916.0,397755.0,398413.0,399046.0,399586.0,400195.0,400890.0,401589.0,402379.0,402980.0,403662.0,404132.0,404692.0,405372.0,406053.0,406739.0,407436.0,408015.0,408605.0,409118.0,409631.0,410101.0,,,,,,,,,415052.0,415559.0,416014.0,416423.0,416880.0,417307.0,417760.0,418203.0,418613.0,419232.0,419722.0,420308.0,420976.0,421420.0,421808.0,422178.0,422670.0,423258.0,423760.0,424225.0,424713.0,425160.0,425609.0,426180.0,426861.0,427409.0,428085.0,428692.0,429231.0,429658.0,430243.0,430866.0,431525.0,432002.0,432449.0,432847.0,433276.0,433688.0,434084.0,434448.0,434976.0,435484.0,435981.0,436433.0,436912.0,437306.0,437812.0,438387.0,438951
1fREMIhh7c4,830.0,836.0,855.0,898.0,952.0,962.0,984.0,1013.0,1024.0,1043.0,1057.0,1070.0,1078.0,1088.0,1099.0,1112.0,1125.0,1134.0,1153.0,1163.0,1178.0,1188.0,1204.0,1211.0,1231.0,1240.0,1259.0,1280.0,1292.0,1309.0,1320.0,1343.0,1363.0,1380.0,1396.0,1403.0,1412.0,1423.0,1431.0,1442.0,1460.0,1463.0,1473.0,1481.0,1500.0,1514.0,1527.0,1542.0,1563.0,1611.0,1652.0,1692.0,1726.0,1762.0,1800.0,1809.0,1831.0,1858.0,1872.0,1881.0,1887.0,1896.0,1908.0,1918.0,1932.0,1944.0,1955.0,1964.0,1977.0,1991.0,2004.0,2014.0,2025.0,2042.0,2056.0,2064.0,2080.0,2094.0,2107.0,2127.0,2139.0,2145.0,2157.0,2172.0,2181.0,2190.0,2195.0,2205.0,2212.0,2220.0,2239.0,2259.0,2278.0,2290.0,2305.0,2317.0,2326.0,2346.0,2354.0,2360.0,2371.0,2376.0,2380.0,2386.0,2401.0,2415.0,2429.0,2439.0,2442.0,2447.0,2456.0,2461.0,2467.0,2472.0,2476.0,2488.0,2499.0,2503.0,2509.0,2510.0,2515.0,2520.0,2528.0,2533.0,2539.0,2558.0,2566.0,2573.0,2577.0,2582.0,2591.0,2594.0,2602.0,2607.0,,,,,,,,,2683.0,2689.0,2694.0,2697.0,2708.0,2714.0,2719.0,2722.0,2728.0,2737.0,2747.0,2754.0,2756.0,2764.0,2771.0,2774.0,2788.0,2800.0,2809.0,2817.0,2821.0,2824.0,2828.0,2831.0,2836.0,2843.0,2851.0,2857.0,2863.0,2866.0,2877.0,2888.0,2892.0,2897.0,2901.0,2907.0,2914.0,2918.0,2931.0,2938.0,2953.0,2958.0,2962.0,2967.0,2976.0,2982.0,2989.0,2995.0,3001
lDHo9eDZaJY,231304.0,231585.0,231948.0,232299.0,232646.0,233027.0,233343.0,233720.0,234107.0,234449.0,234811.0,235131.0,235478.0,235840.0,236189.0,236464.0,236738.0,237081.0,237391.0,237755.0,238106.0,238502.0,238845.0,239119.0,239372.0,239670.0,239959.0,240240.0,240605.0,240950.0,241203.0,241564.0,241935.0,242236.0,242546.0,242834.0,243156.0,243424.0,243712.0,243946.0,244229.0,244573.0,244843.0,245166.0,245414.0,245641.0,245963.0,246303.0,246625.0,246920.0,247193.0,247418.0,247683.0,247919.0,248166.0,248445.0,248722.0,249017.0,249263.0,249490.0,249735.0,250013.0,250253.0,250507.0,250740.0,250981.0,251191.0,251473.0,251665.0,251953.0,252187.0,252481.0,252680.0,252879.0,253090.0,253290.0,253532.0,253775.0,254073.0,254365.0,254618.0,254888.0,255139.0,255481.0,255840.0,256128.0,256447.0,256770.0,257129.0,257448.0,257780.0,258121.0,258527.0,258938.0,259231.0,259606.0,260024.0,260652.0,261130.0,261777.0,262236.0,262703.0,263307.0,263838.0,264233.0,264811.0,265343.0,265726.0,266030.0,266456.0,266814.0,267232.0,267614.0,267966.0,268269.0,268631.0,268887.0,269181.0,269550.0,269948.0,270196.0,270471.0,270708.0,270927.0,271151.0,271430.0,271684.0,271944.0,272187.0,272397.0,272669.0,272924.0,273196.0,273446.0,,,,,,,,,277091.0,277318.0,277705.0,278363.0,279028.0,279653.0,280203.0,280648.0,281101.0,281666.0,282223.0,282632.0,283055.0,283397.0,283722.0,283975.0,284245.0,284579.0,284871.0,285165.0,285460.0,285691.0,285950.0,286271.0,286598.0,286857.0,287202.0,287536.0,287828.0,288087.0,288387.0,288728.0,289095.0,289412.0,289678.0,289912.0,290121.0,290387.0,290673.0,290951.0,291272.0,291581.0,291915.0,292160.0,292438.0,292732.0,293092.0,293346.0,293703
NhoZ_BYqp0I,4373167.0,4377149.0,4381546.0,4385830.0,4390247.0,4394514.0,4398506.0,4402455.0,4406627.0,4410687.0,4414852.0,4418830.0,4422805.0,4426405.0,4430307.0,4434345.0,4438182.0,4441843.0,4445281.0,4448692.0,4452014.0,4455313.0,4458473.0,4461439.0,4464229.0,4467115.0,4470035.0,4473046.0,4476255.0,4479158.0,4482355.0,4485477.0,4488806.0,4492319.0,4495412.0,4498648.0,4501931.0,4504664.0,4507548.0,4510366.0,4513124.0,4515807.0,4518403.0,4520909.0,4523611.0,4526187.0,4528877.0,4531925.0,4534559.0,4537092.0,4539502.0,4541978.0,4544470.0,4546828.0,4549587.0,4552218.0,4554871.0,4557742.0,4560340.0,4562805.0,4565270.0,4567595.0,4569775.0,4572374.0,4574627.0,4576695.0,4578672.0,4580659.0,4582392.0,4584671.0,4586875.0,4588971.0,4591244.0,4593414.0,4595926.0,4598149.0,4600112.0,4602281.0,4604684.0,4607246.0,4609609.0,4611679.0,4614059.0,4616344.0,4618651.0,4621391.0,4623858.0,4626085.0,4628466.0,4630781.0,4633106.0,4635309.0,4637971.0,4640770.0,4643349.0,4645494.0,4647516.0,4649694.0,4651918.0,4654386.0,4657058.0,4659679.0,4662173.0,4664467.0,4666787.0,4669109.0,4671301.0,4673447.0,4675678.0,4678200.0,4680755.0,4683580.0,4686210.0,4688661.0,4691014.0,4693218.0,4695350.0,4697449.0,4699600.0,4701618.0,4703920.0,4706063.0,4708244.0,4710272.0,4712195.0,4714162.0,4716050.0,4718021.0,4719903.0,4721613.0,4723363.0,4725071.0,4726820.0,4728434.0,,,,,,,,,4745605.0,4747491.0,4749480.0,4751515.0,4753557.0,4755512.0,4757426.0,4759250.0,4761271.0,4763369.0,4765480.0,4767504.0,4769683.0,4771904.0,4774067.0,4776177.0,4778120.0,4780004.0,4781882.0,4783599.0,4785526.0,4787463.0,4789455.0,4791257.0,4793750.0,4795965.0,4797971.0,4800283.0,4802105.0,4804259.0,4806400.0,4808710.0,4810960.0,4813251.0,4815301.0,4817582.0,4819714.0,4821670.0,4823793.0,4825847.0,4828018.0,4830177.0,4832450.0,4834558.0,4836759.0,4838937.0,4841063.0,4843369.0,4845623
piHRt4SPSBg,311305.0,312455.0,313657.0,314758.0,315905.0,317087.0,318906.0,320770.0,322145.0,323007.0,323701.0,324725.0,325733.0,326615.0,327540.0,328319.0,329100.0,329884.0,330731.0,331399.0,332293.0,333024.0,333834.0,334389.0,335146.0,335825.0,336555.0,337309.0,337965.0,338663.0,339367.0,339909.0,340670.0,341405.0,342085.0,342791.0,343518.0,344217.0,344752.0,345481.0,346142.0,346775.0,347348.0,348151.0,348808.0,349259.0,349902.0,350648.0,351339.0,352045.0,352624.0,353246.0,353827.0,354400.0,355071.0,355717.0,356275.0,356966.0,357578.0,358080.0,358648.0,359285.0,359863.0,360425.0,361008.0,361501.0,361950.0,362436.0,362814.0,363420.0,363923.0,364332.0,364860.0,365219.0,365775.0,366283.0,366707.0,367136.0,367598.0,368067.0,368492.0,368888.0,369357.0,369736.0,370209.0,370700.0,371140.0,371469.0,371857.0,372371.0,372803.0,373182.0,373707.0,374073.0,374461.0,374892.0,375431.0,375835.0,376219.0,376740.0,377147.0,377433.0,377831.0,378192.0,378702.0,379154.0,379559.0,379973.0,380285.0,380600.0,381011.0,381349.0,381780.0,382309.0,382616.0,382871.0,383291.0,383662.0,384057.0,384422.0,384676.0,384989.0,385256.0,385637.0,385908.0,386194.0,386421.0,386734.0,387014.0,387252.0,387516.0,387815.0,388107.0,388420.0,,,,,,,,,391355.0,391663.0,392010.0,392367.0,392635.0,392962.0,393304.0,393627.0,393856.0,394218.0,394699.0,395004.0,395376.0,395667.0,395977.0,396247.0,396659.0,396962.0,397273.0,397562.0,397879.0,398176.0,398436.0,398708.0,399068.0,399414.0,399814.0,400198.0,400552.0,400761.0,401103.0,401487.0,401863.0,402180.0,402490.0,402861.0,403140.0,403479.0,403831.0,404266.0,404619.0,404962.0,405348.0,405705.0,406167.0,406578.0,407036.0,407391.0,407842
JtqjGtV-rqk,1404.0,1405.0,1405.0,1407.0,1407.0,1407.0,1409.0,1410.0,1410.0,1411.0,1411.0,1411.0,1412.0,1412.0,1412.0,1412.0,1412.0,1413.0,1413.0,1413.0,1413.0,1413.0,1413.0,1413.0,1413.0,1413.0,1415.0,1417.0,1417.0,1417.0,1418.0,1418.0,1418.0,1418.0,1420.0,1420.0,1420.0,1420.0,1424.0,1425.0,1425.0,1425.0,1426.0,1426.0,1427.0,1428.0,1430.0,1429.0,1431.0,1432.0,1432.0,1432.0,1434.0,1435.0,1436.0,1436.0,1437.0,1437.0,1438.0,1438.0,1438.0,1439.0,1439.0,1440.0,1440.0,1440.0,1442.0,1442.0,1446.0,1446.0,1446.0,1448.0,1448.0,1450.0,1450.0,1450.0,1452.0,1452.0,1453.0,1454.0,1454.0,1454.0,1454.0,1454.0,1454.0,1454.0,1455.0,1455.0,1455.0,1456.0,1456.0,1458.0,1458.0,1460.0,1462.0,1463.0,1463.0,1465.0,1465.0,1465.0,1465.0,1465.0,1465.0,1466.0,1466.0,1466.0,1466.0,1466.0,1466.0,1467.0,1468.0,1468.0,1468.0,1469.0,1469.0,1469.0,1472.0,1473.0,1475.0,1476.0,1476.0,1477.0,1477.0,1477.0,1477.0,1477.0,1477.0,1477.0,1479.0,1479.0,1479.0,1480.0,1480.0,1480.0,,,,,,,,,1485.0,1486.0,1486.0,1486.0,1486.0,1486.0,1486.0,1486.0,1487.0,1487.0,1488.0,1489.0,1489.0,1490.0,1490.0,1490.0,1491.0,1491.0,1492.0,1492.0,1493.0,1494.0,1495.0,1495.0,1495.0,1495.0,1496.0,1497.0,1499.0,1500.0,1501.0,1501.0,1503.0,1504.0,1504.0,1504.0,1505.0,1506.0,1506.0,1506.0,1507.0,1508.0,1509.0,1509.0,1510.0,1510.0,1511.0,1511.0,1511
wfOuIA233zY,60.0,60.0,60.0,60.0,61.0,61.0,61.0,61.0,61.0,61.0,61.0,61.0,61.0,61.0,61.0,62.0,62.0,62.0,62.0,62.0,62.0,62.0,62.0,62.0,62.0,63.0,64.0,64.0,65.0,65.0,65.0,65.0,65.0,65.0,66.0,66.0,66.0,66.0,66.0,66.0,66.0,66.0,66.0,66.0,67.0,69.0,69.0,69.0,69.0,69.0,69.0,69.0,69.0,69.0,69.0,70.0,70.0,70.0,70.0,70.0,70.0,70.0,70.0,70.0,70.0,70.0,70.0,70.0,70.0,70.0,70.0,70.0,71.0,71.0,71.0,71.0,71.0,71.0,72.0,73.0,74.0,75.0,77.0,79.0,79.0,79.0,79.0,79.0,79.0,79.0,79.0,79.0,79.0,79.0,79.0,79.0,81.0,81.0,81.0,81.0,82.0,82.0,85.0,85.0,86.0,86.0,86.0,86.0,86.0,86.0,87.0,87.0,87.0,87.0,87.0,87.0,87.0,88.0,88.0,89.0,89.0,89.0,89.0,89.0,89.0,89.0,89.0,89.0,90.0,92.0,93.0,93.0,93.0,93.0,,,,,,,,,94.0,94.0,94.0,94.0,94.0,94.0,94.0,94.0,94.0,94.0,94.0,94.0,94.0,94.0,94.0,94.0,94.0,94.0,94.0,94.0,94.0,94.0,94.0,94.0,94.0,94.0,94.0,94.0,94.0,94.0,94.0,94.0,94.0,94.0,94.0,94.0,94.0,94.0,94.0,94.0,94.0,94.0,94.0,94.0,94.0,94.0,94.0,94.0,94
5SPkKhMeNjI,364839.0,366139.0,367255.0,368175.0,369128.0,370110.0,371042.0,372063.0,373246.0,374449.0,375816.0,377066.0,378279.0,379331.0,380475.0,381493.0,382502.0,383418.0,384363.0,385161.0,386074.0,387024.0,388104.0,389115.0,389955.0,390983.0,391989.0,393064.0,394116.0,395245.0,396602.0,397738.0,398758.0,399722.0,400803.0,401850.0,403142.0,404707.0,405999.0,407343.0,408623.0,409968.0,411325.0,412721.0,414315.0,415826.0,417067.0,418217.0,419412.0,420514.0,421624.0,422848.0,424032.0,425318.0,426579.0,427631.0,428906.0,430113.0,431246.0,432635.0,433838.0,435225.0,436725.0,438164.0,439463.0,440617.0,441745.0,442912.0,443910.0,445148.0,446192.0,447265.0,448391.0,449566.0,450633.0,451839.0,453029.0,454587.0,456103.0,457479.0,458728.0,460018.0,461332.0,462679.0,463886.0,465833.0,467570.0,469037.0,470461.0,471802.0,472936.0,474220.0,475671.0,476849.0,477859.0,478890.0,479970.0,480974.0,481888.0,482886.0,483816.0,484790.0,485734.0,486750.0,487942.0,489079.0,490144.0,491204.0,492132.0,492933.0,493822.0,494856.0,495791.0,496651.0,497460.0,498131.0,498901.0,499730.0,500573.0,501433.0,502279.0,503087.0,503850.0,504616.0,505444.0,506202.0,506986.0,507727.0,508740.0,509561.0,510532.0,511332.0,512172.0,512965.0,,,,,,,,,521288.0,522237.0,523174.0,524042.0,525077.0,525950.0,526881.0,527796.0,528867.0,529834.0,530786.0,532107.0,533414.0,534481.0,535460.0,536383.0,537532.0,538568.0,539782.0,541035.0,542175.0,543366.0,544505.0,545510.0,546567.0,547755.0,548825.0,549824.0,550798.0,551850.0,552903.0,553913.0,554936.0,556009.0,557156.0,558280.0,559408.0,560562.0,561712.0,562922.0,564076.0,565333.0,566609.0,568075.0,569594.0,571215.0,572699.0,574300.0,575993
KM-YzSbGT4s,2528822.0,2531096.0,2533620.0,2536197.0,2539638.0,2542752.0,2545598.0,2548470.0,2551286.0,2553993.0,2556399.0,2559223.0,2561904.0,2564491.0,2566998.0,2569629.0,2571942.0,2574172.0,2577508.0,2580554.0,2583614.0,2586230.0,2589410.0,2594966.0,2598901.0,2603313.0,2608692.0,2613580.0,2620037.0,2625248.0,2630252.0,2634162.0,2639242.0,2646238.0,2651247.0,2655598.0,2659296.0,2662168.0,2664945.0,2667887.0,2670735.0,2673337.0,2675980.0,2678576.0,2681166.0,2683176.0,2685434.0,2687726.0,2689760.0,2692011.0,2693982.0,2695743.0,2697516.0,2699450.0,2701374.0,2703388.0,2705377.0,2707108.0,2708941.0,2710807.0,2712919.0,2714994.0,2717052.0,2718855.0,2720612.0,2722398.0,2724211.0,2726260.0,2727886.0,2730026.0,2731970.0,2733748.0,2735453.0,2737180.0,2739028.0,2741029.0,2742876.0,2744636.0,2746499.0,2748298.0,2749974.0,2751685.0,2753466.0,2755162.0,2756849.0,2758522.0,2760071.0,2761303.0,2763068.0,2764876.0,2766596.0,2768069.0,2769754.0,2771148.0,2772531.0,2774153.0,2775820.0,2777419.0,2778855.0,2780402.0,2781600.0,2782903.0,2784362.0,2786138.0,2788591.0,2790877.0,2792833.0,2794329.0,2795931.0,2797550.0,2799364.0,2801096.0,2802715.0,2804182.0,2805525.0,2806756.0,2808412.0,2810178.0,2811799.0,2813423.0,2814898.0,2816137.0,2817231.0,2818636.0,2820130.0,2821571.0,2822974.0,2824493.0,2825847.0,2827054.0,2828482.0,2829935.0,2831306.0,2832490.0,,,,,,,,,2845206.0,2846718.0,2848284.0,2849838.0,2851440.0,2853066.0,2854653.0,2855984.0,2857548.0,2859195.0,2860951.0,2862540.0,2864441.0,2866284.0,2867949.0,2869708.0,2872050.0,2874755.0,2877337.0,2879837.0,2882144.0,2884039.0,2886373.0,2889086.0,2891784.0,2894385.0,2896878.0,2899308.0,2901509.0,2903702.0,2906456.0,2909131.0,2911801.0,2914358.0,2916805.0,2918931.0,2920931.0,2923369.0,2926096.0,2928755.0,2931751.0,2934800.0,2937151.0,2939257.0,2941886.0,2944406.0,2947104.0,2949699.0,2952370
qaN1uvWiRCE,898202.0,904096.0,910461.0,915823.0,921940.0,927757.0,933231.0,938902.0,944351.0,948957.0,952960.0,957442.0,962307.0,967254.0,972183.0,976756.0,980688.0,984414.0,989198.0,993144.0,997904.0,1001981.0,1007215.0,1012150.0,1016046.0,1020215.0,1024234.0,1028551.0,1032990.0,1037979.0,1042192.0,1045596.0,1049302.0,1052760.0,1056509.0,1060087.0,1063900.0,1067177.0,1070306.0,1074005.0,1078041.0,1082099.0,1085751.0,1089608.0,1092890.0,1096096.0,1099427.0,1103927.0,1108628.0,1112716.0,1116590.0,1120086.0,1123139.0,1126706.0,1130317.0,1133776.0,1137209.0,1140784.0,1143851.0,1146618.0,1149679.0,1152642.0,1155801.0,1158789.0,1161771.0,1164349.0,1166820.0,1169646.0,1171946.0,1174865.0,1177528.0,1180051.0,1182590.0,1185133.0,1188264.0,1191352.0,1194550.0,1197995.0,1201235.0,1204068.0,1206226.0,1209309.0,1212044.0,1214917.0,1217803.0,1220677.0,1223492.0,1226142.0,1228822.0,1231477.0,1234075.0,1236402.0,1239263.0,1241690.0,1243707.0,1246121.0,1248581.0,1250968.0,1253332.0,1255844.0,1258120.0,1260159.0,1262608.0,1265442.0,1268092.0,1270780.0,1273626.0,1276526.0,1278934.0,1281691.0,1284360.0,1286995.0,1290129.0,1293061.0,1295448.0,1297370.0,1299696.0,1302156.0,1304884.0,1308082.0,1311065.0,1313762.0,1316236.0,1319328.0,1322786.0,1326672.0,1329689.0,1332924.0,1334994.0,1336733.0,1339339.0,1341329.0,1343369.0,1345444.0,,,,,,,,,1363665.0,1365280.0,1367255.0,1369225.0,1371167.0,1373129.0,1375219.0,1377086.0,1378845.0,1380958.0,1383479.0,1385598.0,1387788.0,1389987.0,1391925.0,1393727.0,1395637.0,1397569.0,1399639.0,1401582.0,1403623.0,1405706.0,1407401.0,1409168.0,1411230.0,1413095.0,1415174.0,1417295.0,1418955.0,1420434.0,1422342.0,1424121.0,1426052.0,1427806.0,1429670.0,1431316.0,1432904.0,1434668.0,1436632.0,1438472.0,1440553.0,1442540.0,1444319.0,1445859.0,1447580.0,1449435.0,1451540.0,1453921.0,1456100
fTVo7DLD5AA,85087.0,85121.0,85136.0,85167.0,85209.0,85259.0,85300.0,85354.0,85388.0,85433.0,85479.0,85515.0,85547.0,85570.0,85594.0,85651.0,85688.0,85719.0,85752.0,85773.0,85813.0,85855.0,85904.0,85944.0,85972.0,85999.0,86041.0,86102.0,86163.0,86209.0,86239.0,86268.0,86304.0,86337.0,86372.0,86395.0,86427.0,86461.0,86483.0,86510.0,86538.0,86560.0,86581.0,86607.0,86629.0,86649.0,86673.0,86693.0,86724.0,86749.0,86767.0,86793.0,86816.0,86834.0,86852.0,86860.0,86879.0,86888.0,86902.0,86919.0,86930.0,86935.0,86950.0,86963.0,86987.0,87000.0,87016.0,87028.0,87046.0,87078.0,87191.0,87250.0,87300.0,87331.0,87358.0,87405.0,87450.0,87472.0,87509.0,87529.0,87552.0,87585.0,87610.0,87635.0,87648.0,87674.0,87687.0,87702.0,87723.0,87746.0,87775.0,87805.0,87811.0,87832.0,87844.0,87859.0,87872.0,87898.0,87911.0,87924.0,87938.0,87962.0,87978.0,87998.0,88012.0,88027.0,88049.0,88068.0,88093.0,88100.0,88114.0,88137.0,88164.0,88177.0,88190.0,88202.0,88222.0,88235.0,88253.0,88265.0,88285.0,88298.0,88310.0,88318.0,88331.0,88347.0,88359.0,88374.0,88383.0,88396.0,88411.0,88430.0,88445.0,88453.0,,,,,,,,,88568.0,88588.0,88600.0,88617.0,88648.0,88697.0,88736.0,88765.0,88801.0,88839.0,88869.0,88901.0,88946.0,88971.0,89004.0,89048.0,89093.0,89137.0,89172.0,89210.0,89239.0,89269.0,89311.0,89344.0,89384.0,89468.0,89535.0,89581.0,89609.0,89653.0,89696.0,89755.0,89793.0,89830.0,89875.0,89911.0,89943.0,89987.0,90013.0,90041.0,90081.0,90120.0,90150.0,90190.0,90218.0,90252.0,90291.0,90335.0,90385
QsQJJcyG34o,107.0,108.0,108.0,108.0,108.0,108.0,108.0,108.0,108.0,108.0,108.0,108.0,108.0,108.0,108.0,108.0,108.0,108.0,108.0,108.0,108.0,108.0,108.0,108.0,108.0,108.0,109.0,109.0,110.0,110.0,110.0,110.0,110.0,110.0,111.0,111.0,111.0,111.0,111.0,111.0,111.0,111.0,111.0,112.0,112.0,112.0,112.0,112.0,113.0,113.0,113.0,114.0,114.0,115.0,117.0,118.0,118.0,118.0,119.0,121.0,122.0,123.0,123.0,124.0,124.0,124.0,124.0,124.0,124.0,124.0,124.0,124.0,124.0,124.0,124.0,124.0,126.0,127.0,127.0,127.0,127.0,127.0,127.0,127.0,127.0,128.0,128.0,128.0,129.0,129.0,129.0,129.0,129.0,130.0,130.0,130.0,130.0,130.0,130.0,130.0,130.0,130.0,130.0,130.0,130.0,130.0,130.0,130.0,131.0,131.0,131.0,131.0,131.0,132.0,132.0,132.0,132.0,132.0,132.0,133.0,134.0,134.0,134.0,134.0,134.0,135.0,135.0,135.0,135.0,135.0,135.0,135.0,136.0,136.0,,,,,,,,,137.0,137.0,137.0,137.0,137.0,137.0,137.0,137.0,137.0,137.0,137.0,137.0,137.0,137.0,137.0,137.0,137.0,137.0,137.0,137.0,137.0,137.0,137.0,137.0,137.0,137.0,137.0,137.0,137.0,137.0,137.0,137.0,137.0,137.0,139.0,139.0,139.0,139.0,139.0,140.0,140.0,139.0,140.0,140.0,140.0,140.0,140.0,140.0,140
iAF3VqgpgjI,16731.0,16750.0,16774.0,16799.0,16847.0,16889.0,16924.0,16955.0,16990.0,17028.0,17050.0,17092.0,17129.0,17157.0,17192.0,17223.0,17263.0,17283.0,17315.0,17341.0,17365.0,17393.0,17416.0,17454.0,17472.0,17507.0,17532.0,17574.0,17611.0,17652.0,17692.0,17713.0,17753.0,17782.0,17815.0,17853.0,17881.0,17908.0,17929.0,17970.0,17994.0,18014.0,18039.0,18066.0,18089.0,18106.0,18130.0,18162.0,18190.0,18226.0,18263.0,18302.0,18320.0,18353.0,18386.0,18422.0,18447.0,18463.0,18486.0,18499.0,18527.0,18554.0,18579.0,18600.0,18632.0,18665.0,18688.0,18725.0,18745.0,18770.0,18803.0,18817.0,18840.0,18861.0,18897.0,18926.0,18961.0,18984.0,19014.0,19038.0,19051.0,19085.0,19117.0,19141.0,19161.0,19179.0,19196.0,19213.0,19237.0,19261.0,19279.0,19301.0,19323.0,19351.0,19369.0,19391.0,19415.0,19426.0,19440.0,19458.0,19473.0,19494.0,19517.0,19535.0,19565.0,19594.0,19607.0,19627.0,19638.0,19671.0,19695.0,19732.0,19764.0,19781.0,19813.0,19828.0,19850.0,19879.0,19905.0,19930.0,19948.0,19971.0,19993.0,20006.0,20023.0,20038.0,20060.0,20082.0,20107.0,20128.0,20148.0,20171.0,20197.0,20220.0,,,,,,,,,20406.0,20416.0,20444.0,20452.0,20470.0,20489.0,20510.0,20516.0,20526.0,20537.0,20546.0,20551.0,20564.0,20576.0,20582.0,20595.0,20611.0,20623.0,20633.0,20642.0,20649.0,20677.0,20689.0,20697.0,20701.0,20709.0,20715.0,20731.0,20739.0,20756.0,20766.0,20779.0,20790.0,20801.0,20811.0,20830.0,20838.0,20846.0,20857.0,20871.0,20883.0,20899.0,20906.0,20912.0,20933.0,20955.0,20979.0,20987.0,21013
nSfvlJcb-3g,786225.0,786856.0,787562.0,788287.0,788898.0,789653.0,790232.0,790857.0,791476.0,792090.0,792700.0,793292.0,793864.0,794405.0,794997.0,795566.0,796139.0,796745.0,797421.0,798040.0,798675.0,799284.0,800003.0,800503.0,801020.0,801553.0,802113.0,802650.0,803117.0,803606.0,804143.0,804615.0,805054.0,805574.0,806079.0,806627.0,807101.0,807591.0,808027.0,808486.0,808930.0,809407.0,809784.0,810218.0,810682.0,811184.0,811572.0,812038.0,812431.0,812810.0,813223.0,813624.0,813932.0,814291.0,814641.0,815050.0,815485.0,815885.0,816246.0,816568.0,816897.0,817301.0,817612.0,817964.0,818295.0,818623.0,819004.0,819329.0,819619.0,819960.0,820223.0,820536.0,820828.0,821082.0,821333.0,821620.0,821898.0,822206.0,822490.0,822790.0,823089.0,823330.0,823651.0,823938.0,824257.0,824593.0,824924.0,825193.0,825458.0,825774.0,826008.0,826279.0,826538.0,826792.0,827085.0,827335.0,827645.0,827912.0,828258.0,828624.0,828970.0,829359.0,829738.0,830158.0,830622.0,831033.0,831420.0,831773.0,832109.0,832397.0,832737.0,833036.0,833327.0,833685.0,833990.0,834257.0,834502.0,834770.0,834993.0,835300.0,835560.0,835781.0,836052.0,836251.0,836512.0,836794.0,837005.0,837224.0,837453.0,837695.0,837961.0,838178.0,838532.0,838806.0,,,,,,,,,841097.0,841307.0,841531.0,841765.0,842010.0,842285.0,842534.0,842763.0,843044.0,843338.0,843604.0,843876.0,844161.0,844417.0,844789.0,845124.0,845421.0,845753.0,846074.0,846294.0,846505.0,846712.0,846909.0,847110.0,847267.0,847444.0,847654.0,847832.0,848046.0,848222.0,848438.0,848658.0,848829.0,849056.0,849229.0,849432.0,849690.0,849950.0,850180.0,850454.0,850748.0,851032.0,851282.0,851550.0,851763.0,852001.0,852245.0,852557.0,852867
6uTT3pK2PqQ,29111.0,29448.0,29734.0,30025.0,30306.0,30582.0,30846.0,31150.0,31457.0,31745.0,31973.0,32192.0,32377.0,32559.0,32817.0,33096.0,33328.0,33548.0,33745.0,33982.0,34151.0,34422.0,34621.0,34777.0,34999.0,35266.0,35626.0,35946.0,36231.0,36539.0,36805.0,37101.0,37401.0,37633.0,37847.0,38085.0,38289.0,38433.0,38559.0,38715.0,38880.0,39003.0,39161.0,39271.0,39411.0,39569.0,39713.0,39875.0,40052.0,40200.0,40362.0,40528.0,40634.0,40766.0,40892.0,41038.0,41157.0,41306.0,41405.0,41499.0,41624.0,41747.0,41855.0,41981.0,42075.0,42169.0,42264.0,42384.0,42477.0,42601.0,42697.0,42802.0,42899.0,43027.0,43151.0,43252.0,43341.0,43445.0,43561.0,43661.0,43767.0,43861.0,43974.0,44089.0,44191.0,44313.0,44433.0,44524.0,44627.0,44757.0,44837.0,44917.0,44994.0,45102.0,45175.0,45269.0,45361.0,45459.0,45545.0,45637.0,45723.0,45836.0,45936.0,46016.0,46101.0,46212.0,46283.0,46374.0,46464.0,46578.0,46726.0,46848.0,46954.0,47066.0,47170.0,47264.0,47348.0,47438.0,47539.0,47636.0,47738.0,47864.0,47946.0,48029.0,48127.0,48204.0,48298.0,48390.0,48451.0,48527.0,48604.0,48665.0,48747.0,48822.0,,,,,,,,,49413.0,49484.0,49580.0,49651.0,49709.0,49770.0,49843.0,49914.0,49971.0,50035.0,50103.0,50153.0,50218.0,50279.0,50344.0,50380.0,50447.0,50529.0,50591.0,50659.0,50708.0,50774.0,50823.0,50866.0,50929.0,50990.0,51047.0,51159.0,51227.0,51275.0,51329.0,51389.0,51469.0,51533.0,51593.0,51656.0,51701.0,51738.0,51791.0,51854.0,51932.0,51999.0,52063.0,52123.0,52198.0,52267.0,52321.0,52390.0,52456
6uTT3pK2PqQ,29111.0,29448.0,29734.0,30025.0,30306.0,30582.0,30846.0,31150.0,31457.0,31745.0,31973.0,32192.0,32377.0,32559.0,32817.0,33096.0,33330.0,33548.0,33745.0,33982.0,34151.0,34422.0,34621.0,34777.0,34999.0,35266.0,35625.0,35946.0,36231.0,36519.0,36805.0,37102.0,37400.0,37633.0,37847.0,38085.0,38289.0,38432.0,38561.0,38716.0,38880.0,39003.0,39161.0,39271.0,39411.0,39569.0,39713.0,39875.0,40052.0,40200.0,40362.0,40528.0,40634.0,40766.0,40892.0,41038.0,41157.0,41297.0,41405.0,41499.0,41624.0,41737.0,41855.0,41981.0,42075.0,42173.0,42264.0,42384.0,42477.0,42601.0,42697.0,42810.0,42903.0,43026.0,43151.0,43252.0,43341.0,43437.0,43551.0,43661.0,43768.0,43866.0,43966.0,44089.0,44189.0,44313.0,44433.0,44524.0,44620.0,44757.0,44837.0,44917.0,44996.0,45102.0,45174.0,45271.0,45361.0,45459.0,45545.0,45637.0,45723.0,45836.0,45936.0,46016.0,46101.0,46212.0,46283.0,46374.0,46464.0,46578.0,46726.0,46848.0,46954.0,47066.0,47176.0,47264.0,47348.0,47438.0,47534.0,47636.0,47738.0,47862.0,47946.0,48028.0,48127.0,48204.0,48298.0,48390.0,48451.0,48527.0,48605.0,48664.0,48748.0,48822.0,,,,,,,,,49413.0,49484.0,49580.0,49651.0,49709.0,49770.0,49843.0,49914.0,49971.0,50035.0,50103.0,50153.0,50216.0,50279.0,50343.0,50383.0,50446.0,50529.0,50590.0,50659.0,50708.0,50774.0,50823.0,50866.0,50928.0,50990.0,51047.0,51160.0,51227.0,51275.0,51328.0,51389.0,51469.0,51533.0,51593.0,51656.0,51700.0,51738.0,51791.0,51854.0,51932.0,51999.0,52063.0,52121.0,52198.0,52267.0,52321.0,52390.0,52456
852sHqO8k7w,1124.0,1128.0,1128.0,1129.0,1130.0,1132.0,1136.0,1139.0,1141.0,1142.0,1144.0,1146.0,1148.0,1151.0,1154.0,1154.0,1164.0,1166.0,1167.0,1169.0,1173.0,1175.0,1180.0,1188.0,1197.0,1221.0,1233.0,1239.0,1246.0,1250.0,1253.0,1264.0,1271.0,1275.0,1284.0,1295.0,1303.0,1307.0,1312.0,1318.0,1318.0,1323.0,1345.0,1353.0,1360.0,1366.0,1368.0,1372.0,1382.0,1386.0,1394.0,1397.0,1405.0,1407.0,1413.0,1415.0,1419.0,1421.0,1425.0,1435.0,1441.0,1445.0,1451.0,1459.0,1463.0,1474.0,1478.0,1485.0,1486.0,1493.0,1501.0,1503.0,1505.0,1509.0,1511.0,1518.0,1522.0,1521.0,1521.0,1528.0,1528.0,1529.0,1530.0,1530.0,1534.0,1535.0,1540.0,1542.0,1543.0,1546.0,1551.0,1552.0,1553.0,1555.0,1560.0,1567.0,1570.0,1571.0,1578.0,1583.0,1584.0,1589.0,1590.0,1594.0,1598.0,1603.0,1611.0,1618.0,1622.0,1623.0,1623.0,1627.0,1630.0,1631.0,1633.0,1636.0,1641.0,1645.0,1653.0,1654.0,1655.0,1656.0,1661.0,1662.0,1665.0,1670.0,1672.0,1679.0,1686.0,1695.0,1701.0,1705.0,1710.0,1716.0,,,,,,,,,1749.0,1756.0,1758.0,1767.0,1778.0,1786.0,1802.0,1809.0,1822.0,1826.0,1833.0,1843.0,1849.0,1853.0,1857.0,1860.0,1866.0,1869.0,1870.0,1872.0,1876.0,1878.0,1882.0,1884.0,1890.0,1893.0,1897.0,1904.0,1907.0,1910.0,1913.0,1919.0,1922.0,1929.0,1932.0,1936.0,1937.0,1942.0,1945.0,1950.0,1957.0,1960.0,1967.0,1972.0,1974.0,1978.0,1983.0,1985.0,1995
C_T3lbBo6Jo,102643.0,103327.0,103927.0,104495.0,105055.0,105519.0,105977.0,106435.0,106926.0,107478.0,107952.0,108310.0,108743.0,109134.0,109516.0,109828.0,110303.0,110616.0,110981.0,111323.0,111694.0,112083.0,112482.0,112829.0,113234.0,113595.0,113993.0,114367.0,114775.0,115126.0,115489.0,115921.0,116389.0,117060.0,117643.0,118260.0,118899.0,119514.0,120033.0,120608.0,121042.0,121479.0,121956.0,122419.0,122794.0,123135.0,123565.0,123889.0,124268.0,124622.0,124910.0,125311.0,125638.0,125950.0,126304.0,126680.0,127063.0,127405.0,127897.0,128489.0,129194.0,129877.0,130489.0,130937.0,131461.0,131978.0,132622.0,133384.0,133892.0,134481.0,134998.0,135619.0,136416.0,137052.0,137579.0,138133.0,138669.0,139116.0,139696.0,140180.0,140650.0,141093.0,141552.0,141957.0,142325.0,142701.0,143300.0,143909.0,144371.0,144815.0,145196.0,145616.0,146124.0,146637.0,147080.0,147540.0,147905.0,148265.0,148662.0,149111.0,149495.0,149830.0,150220.0,150611.0,150938.0,151294.0,151673.0,152073.0,152363.0,152766.0,153157.0,153478.0,153831.0,154180.0,154559.0,154946.0,155290.0,155598.0,155852.0,156155.0,156486.0,156898.0,157260.0,157565.0,157865.0,158183.0,158463.0,158763.0,159057.0,159391.0,159666.0,160000.0,160326.0,160601.0,,,,,,,,,163811.0,164191.0,164506.0,164759.0,165022.0,165301.0,165558.0,165827.0,166130.0,166376.0,166654.0,166945.0,167308.0,167584.0,167893.0,168218.0,168519.0,168794.0,169070.0,169349.0,169583.0,169859.0,170108.0,170365.0,170643.0,170996.0,171431.0,171789.0,172151.0,172557.0,172899.0,173235.0,173673.0,174095.0,174515.0,174994.0,175452.0,175816.0,176284.0,176695.0,177133.0,177574.0,178178.0,178844.0,179450.0,180073.0,180803.0,181460.0,182099
Sz99FNZJcw8,2578.0,2596.0,2615.0,2629.0,2644.0,2653.0,2670.0,2683.0,2708.0,2722.0,2738.0,2758.0,2771.0,2791.0,2809.0,2825.0,2840.0,2852.0,2864.0,2899.0,2917.0,2936.0,2948.0,2955.0,2967.0,2985.0,2996.0,3013.0,3028.0,3041.0,3053.0,3063.0,3088.0,3146.0,3178.0,3212.0,3244.0,3276.0,3305.0,3336.0,3352.0,3368.0,3382.0,3408.0,3423.0,3438.0,3449.0,3465.0,3477.0,3488.0,3503.0,3513.0,3527.0,3539.0,3547.0,3564.0,3576.0,3591.0,3621.0,3646.0,3667.0,3679.0,3696.0,3712.0,3726.0,3742.0,3758.0,3783.0,3791.0,3811.0,3828.0,3845.0,3857.0,3884.0,3892.0,3907.0,3920.0,3935.0,3949.0,3956.0,3966.0,3981.0,3992.0,4003.0,4018.0,4028.0,4041.0,4061.0,4070.0,4082.0,4086.0,4098.0,4107.0,4124.0,4131.0,4140.0,4155.0,4172.0,4184.0,4194.0,4206.0,4216.0,4230.0,4249.0,4261.0,4268.0,4282.0,4294.0,4314.0,4318.0,4328.0,4340.0,4354.0,4361.0,4368.0,4378.0,4385.0,4394.0,4399.0,4403.0,4411.0,4419.0,4423.0,4430.0,4440.0,4445.0,4452.0,4459.0,4466.0,4472.0,4482.0,4497.0,4513.0,4530.0,,,,,,,,,4645.0,4646.0,4662.0,4674.0,4684.0,4692.0,4699.0,4702.0,4717.0,4725.0,4729.0,4733.0,4741.0,4747.0,4754.0,4761.0,4766.0,4770.0,4776.0,4782.0,4787.0,4793.0,4800.0,4806.0,4878.0,4894.0,4909.0,4915.0,4938.0,4955.0,4966.0,4978.0,4987.0,4992.0,4995.0,5004.0,5008.0,5021.0,5030.0,5041.0,5046.0,5055.0,5069.0,5080.0,5089.0,5097.0,5108.0,5129.0,5145
cEWYsA22150,247111.0,247243.0,247372.0,247532.0,247671.0,247774.0,247888.0,248008.0,248109.0,248232.0,248343.0,248495.0,248623.0,248720.0,248851.0,248969.0,249107.0,249209.0,249309.0,249403.0,249520.0,249611.0,249734.0,249833.0,249941.0,250108.0,250217.0,250305.0,250415.0,250517.0,250626.0,250720.0,250786.0,250886.0,250978.0,251102.0,251193.0,251272.0,251354.0,251423.0,251505.0,251590.0,251667.0,251751.0,251844.0,251928.0,252020.0,252089.0,252159.0,252228.0,252305.0,252371.0,252442.0,252509.0,252583.0,252653.0,252721.0,252785.0,252869.0,252970.0,253056.0,253118.0,253215.0,253297.0,253402.0,253483.0,253566.0,253646.0,253752.0,253848.0,253931.0,254011.0,254089.0,254176.0,254238.0,254305.0,254375.0,254428.0,254515.0,254611.0,254683.0,254782.0,254867.0,254951.0,255039.0,255113.0,255186.0,255262.0,255324.0,255403.0,255440.0,255510.0,255584.0,255647.0,255702.0,255744.0,255814.0,255871.0,255945.0,256014.0,256062.0,256135.0,256201.0,256256.0,256340.0,256445.0,256514.0,256634.0,256755.0,256857.0,256973.0,257235.0,257500.0,257738.0,258171.0,258512.0,258815.0,259221.0,259666.0,259955.0,260097.0,260139.0,260173.0,260214.0,260260.0,260314.0,260354.0,260416.0,260450.0,260483.0,260519.0,260556.0,260594.0,260639.0,,,,,,,,,261037.0,261075.0,261130.0,261162.0,261205.0,261255.0,261298.0,261360.0,261413.0,261482.0,261537.0,261592.0,261657.0,261732.0,261796.0,261862.0,261923.0,261981.0,262034.0,262084.0,262153.0,262202.0,262241.0,262287.0,262325.0,262369.0,262409.0,262450.0,262502.0,262548.0,262592.0,262619.0,262652.0,262683.0,262711.0,262745.0,262781.0,262805.0,262840.0,262866.0,262895.0,262916.0,262952.0,262979.0,263001.0,263032.0,263066.0,263085.0,263112
vn3TzKbaGlc,140844.0,140856.0,140885.0,140898.0,140908.0,140919.0,140934.0,140952.0,140972.0,140993.0,141006.0,141019.0,141038.0,141046.0,141056.0,141066.0,141082.0,141096.0,141115.0,141133.0,141153.0,141179.0,141197.0,141214.0,141240.0,141261.0,141285.0,141304.0,141326.0,141344.0,141362.0,141390.0,141431.0,141462.0,141491.0,141518.0,141547.0,141571.0,141599.0,141621.0,141634.0,141654.0,141677.0,141686.0,141706.0,141726.0,141738.0,141755.0,141773.0,141791.0,141808.0,141837.0,141851.0,141867.0,141884.0,141897.0,141904.0,141924.0,141941.0,141954.0,141974.0,141992.0,142002.0,142017.0,142028.0,142032.0,142047.0,142066.0,142083.0,142103.0,142109.0,142118.0,142130.0,142141.0,142157.0,142169.0,142180.0,142199.0,142216.0,142228.0,142252.0,142267.0,142289.0,142298.0,142306.0,142322.0,142333.0,142344.0,142362.0,142374.0,142381.0,142404.0,142414.0,142427.0,142434.0,142454.0,142467.0,142479.0,142498.0,142510.0,142517.0,142526.0,142538.0,142549.0,142562.0,142724.0,142747.0,142759.0,142771.0,142783.0,142798.0,142817.0,142831.0,142848.0,142860.0,142871.0,142894.0,142901.0,142913.0,142925.0,142936.0,142948.0,142961.0,142969.0,142983.0,142993.0,143003.0,143009.0,143013.0,143021.0,143033.0,143042.0,143050.0,143059.0,,,,,,,,,143170.0,143221.0,143232.0,143245.0,143257.0,143277.0,143287.0,143292.0,143307.0,143316.0,143321.0,143326.0,143341.0,143349.0,143365.0,143374.0,143388.0,143398.0,143413.0,143428.0,143443.0,143448.0,143460.0,143471.0,143482.0,143487.0,143499.0,143511.0,143528.0,143545.0,143563.0,143572.0,143588.0,143603.0,143612.0,143617.0,143631.0,143641.0,143646.0,143670.0,143681.0,143699.0,143716.0,143734.0,143745.0,143764.0,143781.0,143797.0,143805
xQn_Jz2hKKs,3569153.0,3577360.0,3586304.0,3593482.0,3600634.0,3608001.0,3616052.0,3624693.0,3634646.0,3644237.0,3653956.0,3664462.0,3676214.0,3686979.0,3698682.0,3709227.0,3718838.0,3727489.0,3736961.0,3746544.0,3757239.0,3768088.0,3778909.0,3789679.0,3799582.0,3809794.0,3821882.0,3833209.0,3845415.0,3857952.0,3870672.0,3880829.0,3899398.0,3920170.0,3940264.0,3959097.0,3980088.0,3998362.0,4010501.0,4026920.0,4044008.0,4056949.0,4072148.0,4088204.0,4104887.0,4119644.0,4135704.0,4153941.0,4172182.0,4189036.0,4204983.0,4219341.0,4234369.0,4249406.0,4260060.0,4273435.0,4287205.0,4301661.0,4315964.0,4331108.0,4345899.0,4359564.0,4373310.0,4385157.0,4395210.0,4408541.0,4420888.0,4434113.0,4447919.0,4467380.0,4482474.0,4493636.0,4502749.0,4511337.0,4521882.0,4533610.0,4543942.0,4555791.0,4571154.0,4584474.0,4595071.0,4606365.0,4619035.0,4632594.0,4648421.0,4662056.0,4674033.0,4685716.0,4698023.0,4710902.0,4723961.0,4737172.0,4751676.0,4765649.0,4777523.0,4789836.0,4802529.0,4816082.0,4829366.0,4842102.0,4854126.0,4865049.0,4876855.0,4887844.0,4898542.0,4909128.0,4918893.0,4927631.0,4936305.0,4946318.0,4955848.0,4965474.0,4974903.0,4985240.0,4994509.0,5002663.0,5011134.0,5020783.0,5030814.0,5040576.0,5051479.0,5061984.0,5071396.0,5078790.0,5087432.0,5097359.0,5107630.0,5119664.0,5130170.0,5139720.0,5150221.0,5161177.0,5172021.0,5181293.0,,,,,,,,,5294383.0,5309700.0,5324573.0,5342798.0,5362444.0,5396901.0,5429232.0,5464839.0,5497119.0,5518029.0,5537851.0,5558230.0,5577365.0,5606145.0,5631692.0,5654369.0,5674024.0,5696778.0,5715590.0,5727687.0,5739462.0,5750292.0,5759827.0,5770218.0,5781093.0,5794312.0,5807584.0,5821994.0,5835300.0,5847806.0,5860692.0,5874076.0,5888306.0,5900426.0,5914146.0,5926754.0,5939244.0,5951386.0,5963976.0,5977426.0,5989904.0,6003367.0,6016786.0,6029482.0,6042616.0,6055897.0,6068353.0,6080408.0,6092422
Ae_NlDspcR8,58035.0,58106.0,58204.0,58273.0,58354.0,58419.0,58488.0,58571.0,58647.0,58689.0,58754.0,58831.0,58892.0,58970.0,59048.0,59123.0,59192.0,59242.0,59310.0,59375.0,59455.0,59540.0,59609.0,59655.0,59705.0,59777.0,59830.0,59872.0,59949.0,60016.0,60074.0,60114.0,60192.0,60244.0,60289.0,60335.0,60385.0,60430.0,60463.0,60502.0,60564.0,60610.0,60669.0,60713.0,60774.0,60823.0,60862.0,60918.0,60997.0,61051.0,61102.0,61160.0,61198.0,61264.0,61314.0,61372.0,61433.0,61506.0,61555.0,61587.0,61644.0,61722.0,61773.0,61839.0,61901.0,61937.0,61986.0,62022.0,62069.0,62124.0,62178.0,62225.0,62272.0,62308.0,62349.0,62399.0,62456.0,62521.0,62562.0,62599.0,62648.0,62696.0,62755.0,62824.0,62882.0,62938.0,62994.0,63031.0,63086.0,63134.0,63192.0,63233.0,63301.0,63353.0,63389.0,63441.0,63498.0,63559.0,63615.0,63685.0,63728.0,63761.0,63815.0,63877.0,63927.0,63974.0,64037.0,64087.0,64129.0,64184.0,64238.0,64282.0,64340.0,64395.0,64434.0,64476.0,64530.0,64601.0,64650.0,64718.0,64774.0,64838.0,64881.0,64934.0,64981.0,65044.0,65105.0,65156.0,65214.0,65273.0,65337.0,65381.0,65427.0,65491.0,,,,,,,,,65901.0,65934.0,65985.0,66041.0,66089.0,66140.0,66187.0,66224.0,66248.0,66295.0,66344.0,66417.0,66461.0,66503.0,66542.0,66592.0,66656.0,66696.0,66750.0,66785.0,66834.0,66871.0,66908.0,66978.0,67028.0,67082.0,67127.0,67192.0,67238.0,67277.0,67342.0,67401.0,67466.0,67524.0,67594.0,67638.0,67680.0,67739.0,67827.0,67914.0,68024.0,68103.0,68185.0,68239.0,68304.0,68365.0,68445.0,68515.0,68593
EDSOKdFhQuE,625590.0,627355.0,629312.0,630941.0,632745.0,634704.0,636597.0,638523.0,640533.0,642493.0,644106.0,645766.0,647303.0,649145.0,651590.0,654042.0,655980.0,657568.0,659428.0,661600.0,663834.0,666189.0,668445.0,670351.0,671978.0,673787.0,676067.0,678749.0,681142.0,683379.0,685047.0,686707.0,689027.0,691545.0,693938.0,696701.0,699507.0,701396.0,702718.0,705026.0,707537.0,709833.0,712048.0,714734.0,716826.0,718635.0,720733.0,722312.0,723840.0,725760.0,727593.0,729453.0,731537.0,733679.0,735694.0,737642.0,739699.0,742372.0,745266.0,747419.0,749317.0,751668.0,754211.0,756800.0,758982.0,760885.0,762658.0,763985.0,765473.0,767529.0,769445.0,771384.0,772984.0,774412.0,775871.0,777613.0,779163.0,780863.0,782248.0,783560.0,784748.0,786294.0,787999.0,789599.0,791225.0,792707.0,794152.0,795146.0,796647.0,798213.0,799884.0,801490.0,802813.0,804255.0,805527.0,807119.0,808671.0,810317.0,811819.0,813204.0,814501.0,815595.0,816742.0,818153.0,819780.0,821370.0,823010.0,824454.0,825691.0,827076.0,828208.0,829537.0,830788.0,831844.0,832876.0,833802.0,835104.0,836442.0,837714.0,838887.0,839991.0,840814.0,841598.0,842477.0,843398.0,844451.0,845397.0,846458.0,847323.0,848161.0,849034.0,850134.0,851220.0,852481.0,,,,,,,,,860207.0,860993.0,861893.0,862636.0,863547.0,864233.0,865116.0,865787.0,866353.0,867103.0,867883.0,868622.0,869378.0,870102.0,870841.0,871422.0,872127.0,872933.0,873718.0,874489.0,875157.0,875812.0,876411.0,877032.0,877602.0,878332.0,879080.0,879794.0,880403.0,880922.0,881653.0,882382.0,883134.0,883823.0,884499.0,885189.0,885778.0,886417.0,887126.0,887755.0,888526.0,889257.0,889825.0,890447.0,891072.0,891963.0,892660.0,893540.0,894282
4rIsl4GjM9M,2278.0,2286.0,2304.0,2325.0,2343.0,2356.0,2381.0,2393.0,2412.0,2425.0,2441.0,2463.0,2490.0,2518.0,2553.0,2581.0,2596.0,2609.0,2638.0,2666.0,2692.0,2732.0,2766.0,2794.0,2820.0,2852.0,2882.0,2901.0,2933.0,2947.0,2959.0,2973.0,2987.0,2996.0,3009.0,3027.0,3046.0,3068.0,3081.0,3092.0,3109.0,3128.0,3151.0,3163.0,3182.0,3193.0,3210.0,3226.0,3243.0,3263.0,3281.0,3300.0,3310.0,3319.0,3348.0,3368.0,3378.0,3385.0,3396.0,3413.0,3425.0,3435.0,3455.0,3477.0,3500.0,3512.0,3525.0,3556.0,3573.0,3591.0,3607.0,3635.0,3655.0,3674.0,3686.0,3701.0,3715.0,3766.0,3795.0,3821.0,3835.0,3846.0,3867.0,3898.0,3917.0,3931.0,3949.0,3965.0,3992.0,4014.0,4035.0,4044.0,4051.0,4060.0,4075.0,4084.0,4102.0,4118.0,4133.0,4146.0,4157.0,4166.0,4173.0,4186.0,4196.0,4207.0,4219.0,4239.0,4252.0,4274.0,4285.0,4291.0,4297.0,4308.0,4320.0,4335.0,4340.0,4340.0,4344.0,4347.0,4348.0,4361.0,4369.0,4370.0,4375.0,4379.0,4382.0,4390.0,4393.0,4396.0,4403.0,4407.0,4410.0,4419.0,,,,,,,,,4457.0,4462.0,4466.0,4468.0,4472.0,4477.0,4479.0,4481.0,4487.0,4491.0,4493.0,4498.0,4508.0,4515.0,4516.0,4521.0,4522.0,4524.0,4525.0,4528.0,4528.0,4535.0,4537.0,4541.0,4546.0,4550.0,4553.0,4556.0,4565.0,4567.0,4572.0,4577.0,4586.0,4590.0,4592.0,4596.0,4602.0,4608.0,4612.0,4614.0,4619.0,4624.0,4630.0,4633.0,4639.0,4646.0,4648.0,4658.0,4661
LGsdsDQznio,681.0,690.0,704.0,712.0,716.0,721.0,725.0,731.0,737.0,743.0,754.0,762.0,772.0,784.0,791.0,796.0,800.0,810.0,812.0,824.0,827.0,830.0,835.0,840.0,843.0,847.0,851.0,853.0,858.0,867.0,870.0,874.0,878.0,885.0,890.0,894.0,899.0,903.0,915.0,928.0,940.0,947.0,956.0,961.0,962.0,975.0,983.0,995.0,1003.0,1011.0,1020.0,1030.0,1037.0,1046.0,1054.0,1061.0,1068.0,1076.0,1082.0,1086.0,1090.0,1092.0,1092.0,1096.0,1100.0,1103.0,1107.0,1108.0,1110.0,1110.0,1118.0,1131.0,1136.0,1142.0,1144.0,1151.0,1164.0,1178.0,1190.0,1206.0,1220.0,1231.0,1236.0,1239.0,1243.0,1254.0,1259.0,1267.0,1271.0,1278.0,1281.0,1284.0,1288.0,1291.0,1298.0,1302.0,1303.0,1305.0,1311.0,1313.0,1315.0,1317.0,1320.0,1324.0,1326.0,1329.0,1331.0,1333.0,1333.0,1334.0,1336.0,1342.0,1351.0,1353.0,1355.0,1356.0,1360.0,1365.0,1369.0,1375.0,1376.0,1378.0,1382.0,1382.0,1384.0,1386.0,1391.0,1401.0,1419.0,1420.0,1423.0,1429.0,1434.0,1439.0,,,,,,,,,1495.0,1498.0,1502.0,1502.0,1505.0,1511.0,1517.0,1522.0,1531.0,1539.0,1545.0,1554.0,1559.0,1575.0,1580.0,1587.0,1596.0,1599.0,1603.0,1614.0,1625.0,1631.0,1639.0,1642.0,1646.0,1655.0,1661.0,1671.0,1673.0,1677.0,1682.0,1689.0,1691.0,1694.0,1699.0,1708.0,1710.0,1714.0,1719.0,1727.0,1732.0,1741.0,1748.0,1753.0,1758.0,1761.0,1767.0,1773.0,1779
0w_GymG3kbc,1395983.0,1398504.0,1401554.0,1404704.0,1407473.0,1409945.0,1412459.0,1415160.0,1417967.0,1421318.0,1424520.0,1427343.0,1430069.0,1432204.0,1434547.0,1437144.0,1439585.0,1441730.0,1443917.0,1445885.0,1448027.0,1450065.0,1452558.0,1454928.0,1457173.0,1459307.0,1461559.0,1463763.0,1465557.0,1467272.0,1469302.0,1471368.0,1473333.0,1475238.0,1477166.0,1479682.0,1482772.0,1485227.0,1487690.0,1489813.0,1492028.0,1494159.0,1496277.0,1498693.0,1501319.0,1503490.0,1505451.0,1507328.0,1509154.0,1510828.0,1512484.0,1514007.0,1515530.0,1517010.0,1518650.0,1520266.0,1521843.0,1523396.0,1525300.0,1527490.0,1530041.0,1533296.0,1536765.0,1540197.0,1543432.0,1546147.0,1549150.0,1552282.0,1554948.0,1557384.0,1559461.0,1561647.0,1563818.0,1565849.0,1567696.0,1569689.0,1571772.0,1574218.0,1576864.0,1579311.0,1581644.0,1583587.0,1585232.0,1586922.0,1588653.0,1590221.0,1591746.0,1593336.0,1594632.0,1595789.0,1597011.0,1598114.0,1599319.0,1600970.0,1602653.0,1603741.0,1604792.0,1605777.0,1606695.0,1607857.0,1609290.0,1610748.0,1612014.0,1613070.0,1614058.0,1615123.0,1616278.0,1617474.0,1618786.0,1619920.0,1621017.0,1622111.0,1623100.0,1624327.0,1625765.0,1627100.0,1628143.0,1629206.0,1630285.0,1631348.0,1632523.0,1633898.0,1635095.0,1636093.0,1637130.0,1638258.0,1639338.0,1640629.0,1641982.0,1643260.0,1644433.0,1645372.0,1646277.0,1647232.0,,,,,,,,,1654452.0,1655248.0,1655879.0,1656584.0,1657204.0,1657786.0,1658445.0,1659189.0,1659922.0,1660546.0,1661253.0,1661824.0,1662594.0,1663296.0,1663959.0,1664552.0,1665178.0,1665788.0,1666432.0,1666963.0,1667737.0,1668294.0,1669145.0,1669802.0,1670483.0,1671145.0,1671820.0,1672458.0,1673122.0,1673867.0,1674610.0,1675505.0,1676299.0,1677003.0,1677693.0,1678423.0,1679289.0,1680030.0,1680696.0,1681446.0,1682198.0,1683023.0,1684053.0,1685145.0,1686145.0,1687094.0,1688015.0,1689161.0,1690291
fLi0EJfi_vg,53263072.0,53515154.0,53773959.0,53996680.0,54226783.0,54449305.0,54714534.0,54963166.0,55200218.0,55423665.0,55616562.0,55833541.0,56087681.0,56329062.0,56571685.0,56797146.0,57028180.0,57246069.0,57481542.0,57702956.0,57919866.0,58151678.0,58377083.0,58600875.0,58811806.0,59027087.0,59236042.0,59444664.0,59653526.0,59882565.0,60107047.0,60299287.0,60498304.0,60713065.0,60928547.0,61137983.0,61379770.0,61631594.0,61865133.0,62107296.0,62351469.0,62580420.0,62798271.0,63041754.0,63262991.0,63476465.0,63697512.0,63935983.0,64175595.0,64425194.0,64673399.0,64927826.0,65129284.0,65364298.0,65583012.0,65800547.0,66020719.0,66233229.0,66444971.0,66643299.0,66858117.0,67072284.0,67284376.0,67525802.0,67784878.0,68038206.0,68255249.0,68469493.0,68655385.0,68890441.0,69095444.0,69299747.0,69504744.0,69681284.0,69876211.0,70075095.0,70266926.0,70472299.0,70609004.0,70718478.0,70820418.0,70920154.0,71015498.0,71115350.0,71211913.0,71312888.0,71413693.0,71499242.0,71580518.0,71663166.0,71747098.0,71831061.0,71919169.0,72006418.0,72084621.0,72164197.0,72243793.0,72325013.0,72406191.0,72490675.0,72578129.0,72659905.0,72738460.0,72819717.0,72900507.0,72983002.0,73070734.0,73163286.0,73247185.0,73327269.0,73402542.0,73478465.0,73553156.0,73633110.0,73715733.0,73789064.0,73865830.0,73942498.0,74021867.0,74099197.0,74178441.0,74257473.0,74333388.0,74410388.0,74486067.0,74560028.0,74636576.0,74716057.0,74793426.0,74864624.0,74937067.0,75008956.0,75081201.0,75153574.0,,,,,,,,,75784419.0,75852627.0,75918781.0,75984176.0,76048338.0,76113225.0,76177693.0,76249141.0,76319558.0,76385509.0,76453798.0,76522829.0,76600515.0,76677679.0,76756460.0,76829493.0,76906563.0,76988586.0,77076407.0,77165363.0,77256846.0,77351423.0,77438735.0,77521571.0,77605771.0,77690269.0,77774016.0,77859706.0,77946238.0,78026224.0,78105403.0,78186747.0,78269212.0,78345278.0,78423316.0,78504458.0,78576192.0,78646554.0,78719390.0,78790236.0,78860765.0,78933211.0,79003934.0,79069994.0,79135912.0,79202246.0,79268317.0,79333891.0,79400980
IPkjwbS8VYk,616.0,616.0,619.0,620.0,622.0,622.0,623.0,624.0,624.0,630.0,631.0,634.0,634.0,634.0,637.0,640.0,640.0,641.0,642.0,645.0,646.0,650.0,650.0,651.0,651.0,654.0,654.0,654.0,654.0,654.0,654.0,655.0,657.0,658.0,660.0,660.0,660.0,660.0,660.0,660.0,660.0,661.0,662.0,662.0,663.0,663.0,663.0,663.0,663.0,663.0,664.0,664.0,668.0,670.0,671.0,675.0,677.0,677.0,679.0,680.0,687.0,690.0,693.0,695.0,703.0,705.0,709.0,712.0,717.0,726.0,730.0,731.0,733.0,734.0,735.0,738.0,738.0,739.0,741.0,743.0,746.0,750.0,750.0,750.0,751.0,752.0,753.0,755.0,758.0,759.0,762.0,763.0,766.0,769.0,772.0,775.0,778.0,779.0,783.0,786.0,787.0,792.0,793.0,795.0,797.0,798.0,799.0,802.0,803.0,804.0,808.0,809.0,811.0,814.0,814.0,814.0,822.0,823.0,825.0,827.0,828.0,833.0,833.0,835.0,836.0,837.0,838.0,838.0,840.0,844.0,845.0,845.0,845.0,845.0,,,,,,,,,849.0,849.0,855.0,855.0,856.0,857.0,860.0,860.0,861.0,865.0,865.0,867.0,867.0,867.0,867.0,867.0,867.0,867.0,867.0,867.0,867.0,867.0,867.0,867.0,867.0,867.0,867.0,867.0,867.0,867.0,867.0,867.0,867.0,867.0,867.0,867.0,867.0,867.0,867.0,867.0,867.0,867.0,867.0,867.0,867.0,867.0,867.0,867.0,867
IAnuBDe1g0M,1003.0,1003.0,1005.0,1006.0,1006.0,1006.0,1006.0,1006.0,1006.0,1007.0,1007.0,1007.0,1007.0,1007.0,1007.0,1008.0,1009.0,1009.0,1009.0,1010.0,1010.0,1010.0,1011.0,1011.0,1011.0,1014.0,1014.0,1014.0,1016.0,1016.0,1016.0,1016.0,1016.0,1017.0,1017.0,1017.0,1018.0,1019.0,1019.0,1021.0,1022.0,1022.0,1023.0,1024.0,1024.0,1024.0,1025.0,1025.0,1025.0,1025.0,1027.0,1028.0,1028.0,1028.0,1028.0,1030.0,1030.0,1030.0,1032.0,1032.0,1032.0,1034.0,1037.0,1037.0,1037.0,1037.0,1037.0,1037.0,1038.0,1039.0,1039.0,1039.0,1039.0,1039.0,1039.0,1040.0,1040.0,1040.0,1040.0,1040.0,1040.0,1040.0,1040.0,1041.0,1041.0,1041.0,1041.0,1041.0,1041.0,1041.0,1042.0,1042.0,1042.0,1042.0,1042.0,1042.0,1044.0,1044.0,1044.0,1044.0,1046.0,1046.0,1047.0,1048.0,1048.0,1048.0,1049.0,1050.0,1050.0,1052.0,1054.0,1055.0,1056.0,1056.0,1056.0,1056.0,1056.0,1056.0,1056.0,1056.0,1056.0,1058.0,1058.0,1061.0,1062.0,1062.0,1063.0,1063.0,1066.0,1067.0,1067.0,1067.0,1069.0,1069.0,,,,,,,,,1077.0,1077.0,1077.0,1077.0,1079.0,1080.0,1080.0,1083.0,1085.0,1085.0,1085.0,1086.0,1086.0,1086.0,1086.0,1086.0,1086.0,1086.0,1086.0,1086.0,1086.0,1086.0,1086.0,1086.0,1086.0,1086.0,1086.0,1086.0,1086.0,1086.0,1086.0,1086.0,1086.0,1086.0,1086.0,1086.0,1086.0,1086.0,1086.0,1086.0,1086.0,1086.0,1086.0,1086.0,1086.0,1086.0,1086.0,1086.0,1086
M06MikdBQ1Q,972.0,973.0,973.0,976.0,978.0,983.0,985.0,989.0,992.0,995.0,998.0,1003.0,1006.0,1008.0,1012.0,1018.0,1024.0,1025.0,1030.0,1038.0,1044.0,1046.0,1050.0,1053.0,1055.0,1058.0,1058.0,1062.0,1065.0,1066.0,1068.0,1074.0,1074.0,1078.0,1080.0,1083.0,1087.0,1090.0,1092.0,1097.0,1099.0,1106.0,1107.0,1110.0,1116.0,1118.0,1119.0,1119.0,1122.0,1122.0,1126.0,1131.0,1134.0,1139.0,1142.0,1147.0,1152.0,1157.0,1160.0,1163.0,1164.0,1166.0,1173.0,1179.0,1182.0,1189.0,1195.0,1200.0,1205.0,1215.0,1216.0,1221.0,1223.0,1227.0,1230.0,1237.0,1246.0,1250.0,1265.0,1268.0,1269.0,1273.0,1279.0,1289.0,1294.0,1299.0,1299.0,1301.0,1308.0,1314.0,1320.0,1325.0,1332.0,1335.0,1336.0,1341.0,1350.0,1352.0,1362.0,1366.0,1369.0,1372.0,1375.0,1380.0,1384.0,1386.0,1386.0,1394.0,1396.0,1402.0,1408.0,1414.0,1417.0,1423.0,1427.0,1429.0,1429.0,1432.0,1435.0,1440.0,1440.0,1442.0,1442.0,1442.0,1443.0,1444.0,1446.0,1453.0,1457.0,1460.0,1460.0,1463.0,1467.0,1471.0,,,,,,,,,1510.0,1512.0,1516.0,1517.0,1521.0,1537.0,1546.0,1550.0,1557.0,1560.0,1563.0,1566.0,1566.0,1566.0,1566.0,1566.0,1566.0,1566.0,1566.0,1566.0,1566.0,1566.0,1566.0,1566.0,1566.0,1566.0,1566.0,1566.0,1566.0,1566.0,1566.0,1566.0,1566.0,1566.0,1566.0,1566.0,1566.0,1566.0,1566.0,1566.0,1566.0,1566.0,1566.0,1566.0,1566.0,1566.0,1566.0,1566.0,1566
Gh3y9b7S8ZE,386.0,386.0,387.0,387.0,389.0,389.0,391.0,393.0,393.0,394.0,395.0,395.0,395.0,395.0,395.0,398.0,398.0,400.0,400.0,400.0,401.0,401.0,401.0,402.0,404.0,407.0,407.0,410.0,410.0,411.0,412.0,412.0,413.0,413.0,414.0,414.0,417.0,417.0,418.0,418.0,421.0,422.0,423.0,425.0,425.0,425.0,426.0,427.0,430.0,431.0,431.0,431.0,433.0,434.0,434.0,437.0,440.0,442.0,445.0,447.0,448.0,450.0,452.0,452.0,453.0,456.0,456.0,457.0,460.0,461.0,461.0,461.0,462.0,462.0,462.0,462.0,463.0,464.0,464.0,464.0,464.0,467.0,467.0,467.0,468.0,468.0,468.0,468.0,468.0,468.0,468.0,469.0,469.0,470.0,470.0,470.0,472.0,473.0,473.0,473.0,474.0,474.0,474.0,474.0,474.0,474.0,474.0,475.0,475.0,475.0,477.0,477.0,477.0,477.0,477.0,478.0,479.0,480.0,480.0,480.0,483.0,483.0,484.0,484.0,487.0,487.0,487.0,487.0,489.0,489.0,489.0,491.0,491.0,492.0,,,,,,,,,498.0,499.0,504.0,504.0,505.0,506.0,507.0,507.0,507.0,507.0,507.0,508.0,508.0,508.0,508.0,508.0,508.0,508.0,508.0,508.0,508.0,508.0,508.0,508.0,508.0,508.0,508.0,508.0,508.0,508.0,508.0,508.0,508.0,508.0,508.0,508.0,508.0,508.0,508.0,508.0,508.0,508.0,508.0,508.0,508.0,508.0,508.0,508.0,508
3rkQkpXIYh4,2061.0,2061.0,2064.0,2066.0,2068.0,2069.0,2070.0,2073.0,2077.0,2080.0,2082.0,2083.0,2086.0,2093.0,2094.0,2098.0,2100.0,2105.0,2108.0,2109.0,2112.0,2117.0,2120.0,2120.0,2122.0,2125.0,2133.0,2136.0,2138.0,2139.0,2140.0,2141.0,2142.0,2144.0,2148.0,2150.0,2152.0,2155.0,2157.0,2158.0,2159.0,2160.0,2167.0,2175.0,2178.0,2178.0,2178.0,2184.0,2186.0,2187.0,2190.0,2196.0,2198.0,2202.0,2204.0,2206.0,2206.0,2212.0,2214.0,2218.0,2219.0,2223.0,2224.0,2226.0,2229.0,2231.0,2232.0,2235.0,2238.0,2243.0,2247.0,2255.0,2259.0,2261.0,2264.0,2270.0,2271.0,2273.0,2275.0,2279.0,2281.0,2283.0,2284.0,2289.0,2292.0,2292.0,2295.0,2298.0,2300.0,2301.0,2305.0,2309.0,2319.0,2321.0,2324.0,2327.0,2329.0,2330.0,2333.0,2336.0,2338.0,2345.0,2347.0,2351.0,2352.0,2356.0,2358.0,2360.0,2366.0,2367.0,2368.0,2373.0,2375.0,2378.0,2383.0,2387.0,2389.0,2391.0,2393.0,2393.0,2396.0,2397.0,2401.0,2400.0,2403.0,2406.0,2409.0,2413.0,2414.0,2415.0,2420.0,2424.0,2428.0,2430.0,,,,,,,,,2448.0,2452.0,2456.0,2459.0,2459.0,2462.0,2463.0,2465.0,2466.0,2467.0,2471.0,2475.0,2476.0,2479.0,2481.0,2483.0,2483.0,2485.0,2485.0,2486.0,2487.0,2488.0,2488.0,2489.0,2489.0,2489.0,2492.0,2496.0,2499.0,2501.0,2502.0,2506.0,2513.0,2513.0,2515.0,2516.0,2519.0,2520.0,2521.0,2524.0,2526.0,2527.0,2528.0,2529.0,2532.0,2538.0,2542.0,2546.0,2547
DLmtaIlOlcI,121057.0,121080.0,121097.0,121114.0,121118.0,121123.0,121128.0,121138.0,121143.0,121153.0,121164.0,121167.0,121176.0,121192.0,121198.0,121212.0,121228.0,121239.0,121249.0,121257.0,121270.0,121303.0,121324.0,121339.0,121353.0,121366.0,121373.0,121381.0,121388.0,121449.0,121479.0,121488.0,121496.0,121504.0,121511.0,121523.0,121529.0,121548.0,121562.0,121568.0,121576.0,121583.0,121587.0,121595.0,121607.0,121611.0,121622.0,121635.0,121650.0,121657.0,121663.0,121665.0,121671.0,121684.0,121687.0,121689.0,121696.0,121700.0,121706.0,121709.0,121712.0,121714.0,121724.0,121729.0,121735.0,121746.0,121759.0,121770.0,121774.0,121781.0,121791.0,121799.0,121805.0,121812.0,121816.0,121820.0,121828.0,121828.0,121835.0,121843.0,121852.0,121861.0,121871.0,121876.0,121880.0,121886.0,121888.0,121893.0,121899.0,121906.0,121913.0,121916.0,121922.0,121924.0,121927.0,121936.0,121950.0,121993.0,122058.0,122076.0,122094.0,122101.0,122113.0,122121.0,122126.0,122137.0,122152.0,122163.0,122169.0,122189.0,122201.0,122217.0,122231.0,122245.0,122258.0,122273.0,122319.0,122360.0,122408.0,122453.0,122507.0,122694.0,122839.0,122880.0,122912.0,122939.0,122953.0,122972.0,122994.0,123014.0,123026.0,123033.0,123039.0,123044.0,,,,,,,,,123101.0,123114.0,123125.0,123140.0,123153.0,123162.0,123166.0,123174.0,123179.0,123182.0,123188.0,123192.0,123198.0,123202.0,123212.0,123219.0,123226.0,123231.0,123233.0,123236.0,123242.0,123251.0,123254.0,123259.0,123261.0,123265.0,123267.0,123270.0,123275.0,123279.0,123281.0,123285.0,123289.0,123291.0,123292.0,123299.0,123303.0,123307.0,123310.0,123318.0,123321.0,123323.0,123325.0,123327.0,123331.0,123332.0,123342.0,123348.0,123353
07g_tnrD-sY,586233.0,587656.0,589139.0,590626.0,592138.0,593677.0,595149.0,596555.0,598002.0,599321.0,600766.0,602192.0,603557.0,604760.0,606237.0,607515.0,608905.0,610371.0,611685.0,612914.0,614174.0,615483.0,616725.0,617945.0,619130.0,620221.0,621550.0,622960.0,624305.0,625656.0,626819.0,628066.0,629336.0,630636.0,631785.0,632948.0,634262.0,635483.0,636687.0,638009.0,639364.0,640648.0,641950.0,643264.0,644347.0,645569.0,646678.0,647868.0,649054.0,650383.0,651666.0,653075.0,654193.0,655277.0,656654.0,657902.0,659264.0,660658.0,661968.0,663250.0,664414.0,665610.0,666534.0,667805.0,668923.0,669948.0,670958.0,671956.0,672744.0,673846.0,674650.0,675531.0,676340.0,677209.0,678256.0,679216.0,680129.0,680907.0,681904.0,682931.0,683920.0,684874.0,685912.0,686918.0,687721.0,688642.0,689455.0,690233.0,691090.0,692012.0,692986.0,694013.0,694952.0,695860.0,696715.0,697585.0,698476.0,699350.0,700323.0,701172.0,702013.0,702858.0,703709.0,704635.0,705608.0,706534.0,707411.0,708275.0,709182.0,709985.0,710923.0,711816.0,712749.0,713643.0,714510.0,715406.0,716389.0,717347.0,718264.0,719131.0,720165.0,720952.0,721721.0,722579.0,723406.0,724210.0,725028.0,725784.0,726562.0,727297.0,727878.0,728674.0,729415.0,730124.0,,,,,,,,,739442.0,741124.0,742680.0,744492.0,746914.0,749636.0,752243.0,754840.0,757167.0,758934.0,760934.0,762899.0,764659.0,766555.0,768039.0,769375.0,770627.0,772044.0,773294.0,774257.0,775184.0,776079.0,777023.0,777785.0,778796.0,779737.0,780659.0,781612.0,782469.0,783414.0,784364.0,785206.0,786238.0,787087.0,787775.0,788891.0,789852.0,790747.0,791791.0,792694.0,793864.0,794878.0,795888.0,796825.0,797668.0,798695.0,799641.0,800661.0,801579
q5RUiHemQTc,140900.0,141510.0,142124.0,142619.0,143244.0,143978.0,144683.0,145374.0,145986.0,146647.0,147103.0,147674.0,148339.0,148921.0,149475.0,150072.0,150653.0,151136.0,151730.0,152355.0,152913.0,153445.0,153923.0,154428.0,154804.0,155179.0,155645.0,156150.0,156588.0,157070.0,157443.0,157772.0,158172.0,158543.0,159007.0,159359.0,159726.0,160051.0,160417.0,160757.0,161091.0,161447.0,161768.0,162159.0,162509.0,162807.0,163171.0,163555.0,163910.0,164308.0,164679.0,165006.0,165299.0,165603.0,165937.0,166270.0,166612.0,166904.0,167210.0,167469.0,167738.0,168033.0,168363.0,168690.0,169011.0,169310.0,169537.0,169873.0,170144.0,170527.0,170882.0,171207.0,171491.0,171759.0,172138.0,172550.0,172952.0,173259.0,173574.0,173870.0,174176.0,174511.0,174772.0,175108.0,175459.0,175697.0,176047.0,176288.0,176543.0,176832.0,177180.0,177540.0,177840.0,178135.0,178346.0,178616.0,178878.0,179144.0,179379.0,179664.0,179903.0,180120.0,180343.0,180572.0,180852.0,181086.0,181349.0,181575.0,181772.0,181977.0,182252.0,182486.0,182749.0,183030.0,183242.0,183427.0,183630.0,183833.0,184092.0,184308.0,184531.0,184717.0,184912.0,185076.0,185289.0,185459.0,185631.0,185834.0,186028.0,186187.0,186369.0,186583.0,186783.0,187061.0,,,,,,,,,188997.0,189211.0,189507.0,189725.0,189962.0,190265.0,190510.0,190770.0,190994.0,191196.0,191423.0,191685.0,191983.0,192289.0,192570.0,192834.0,193071.0,193322.0,193627.0,193835.0,194051.0,194230.0,194463.0,194661.0,194839.0,195017.0,195203.0,195433.0,195626.0,195780.0,195956.0,196159.0,196369.0,196556.0,196716.0,196908.0,197156.0,197313.0,197512.0,197739.0,197973.0,198196.0,198423.0,198609.0,198799.0,199003.0,199226.0,199421.0,199584
SURoiKxZBfE,64674.0,65063.0,65389.0,65694.0,66016.0,66333.0,66709.0,67112.0,67513.0,67854.0,68179.0,68546.0,68859.0,69182.0,69536.0,70007.0,70292.0,70581.0,70919.0,71272.0,71622.0,71973.0,72360.0,72635.0,72886.0,73325.0,73883.0,74322.0,74804.0,75175.0,75440.0,75720.0,76034.0,76319.0,76603.0,76925.0,77272.0,77497.0,77659.0,77878.0,78081.0,78325.0,78554.0,78772.0,78952.0,79118.0,79294.0,79482.0,79707.0,79911.0,80043.0,80194.0,80304.0,80421.0,80536.0,80668.0,80850.0,81033.0,81155.0,81280.0,81466.0,81630.0,81790.0,81950.0,82089.0,82222.0,82356.0,82481.0,82604.0,82776.0,82889.0,83006.0,83145.0,83272.0,83421.0,83571.0,83689.0,83828.0,84009.0,84115.0,84223.0,84357.0,84461.0,84611.0,84736.0,84858.0,84949.0,85034.0,85140.0,85274.0,85352.0,85447.0,85568.0,85687.0,85754.0,85849.0,85923.0,86025.0,86117.0,86251.0,86319.0,86403.0,86485.0,86602.0,86697.0,86778.0,86903.0,86985.0,87058.0,87133.0,87244.0,87360.0,87443.0,87532.0,87615.0,87694.0,87775.0,87875.0,87966.0,88067.0,88180.0,88255.0,88326.0,88410.0,88516.0,88628.0,88759.0,88922.0,89014.0,89109.0,89251.0,89394.0,89518.0,89619.0,,,,,,,,,90717.0,90822.0,90945.0,91069.0,91209.0,91339.0,91510.0,91679.0,91876.0,92018.0,92173.0,92357.0,92519.0,92683.0,92797.0,92928.0,93053.0,93180.0,93290.0,93400.0,93474.0,93569.0,93664.0,93759.0,93873.0,93993.0,94099.0,94213.0,94305.0,94390.0,94494.0,94578.0,94692.0,94810.0,94934.0,95088.0,95225.0,95352.0,95484.0,95624.0,95710.0,95809.0,95879.0,95962.0,96062.0,96175.0,96263.0,96375.0,96483
XvKK2Fbo0Cc,4413.0,4415.0,4419.0,4419.0,4426.0,4460.0,4512.0,4576.0,4628.0,4702.0,4749.0,4774.0,4780.0,4790.0,4800.0,4806.0,4813.0,4817.0,4821.0,4822.0,4848.0,4865.0,4874.0,4880.0,4886.0,4888.0,4894.0,4899.0,4910.0,4917.0,4927.0,4935.0,4941.0,4946.0,4950.0,4951.0,4955.0,4958.0,4961.0,4967.0,4969.0,4971.0,4978.0,4979.0,4984.0,4986.0,4988.0,4990.0,4991.0,4996.0,4996.0,4997.0,4999.0,5002.0,5005.0,5010.0,5011.0,5012.0,5013.0,5014.0,5015.0,5017.0,5019.0,5021.0,5023.0,5024.0,5024.0,5029.0,5030.0,5033.0,5035.0,5037.0,5040.0,5041.0,5044.0,5049.0,5051.0,5052.0,5055.0,5058.0,5061.0,5073.0,5079.0,5086.0,5086.0,5089.0,5091.0,5095.0,5097.0,5115.0,5145.0,5186.0,5230.0,5247.0,5253.0,5266.0,5292.0,5300.0,5310.0,5312.0,5318.0,5320.0,5330.0,5333.0,5336.0,5342.0,5351.0,5356.0,5359.0,5365.0,5366.0,5369.0,5374.0,5375.0,5375.0,5381.0,5386.0,5389.0,5393.0,5395.0,5404.0,5404.0,5409.0,5413.0,5414.0,5417.0,5429.0,5434.0,5434.0,5439.0,5443.0,5450.0,5451.0,5453.0,,,,,,,,,5477.0,5481.0,5484.0,5486.0,5489.0,5490.0,5491.0,5495.0,5502.0,5505.0,5507.0,5513.0,5516.0,5521.0,5527.0,5529.0,5531.0,5533.0,5539.0,5543.0,5546.0,5555.0,5559.0,5561.0,5564.0,5573.0,5601.0,5608.0,5616.0,5623.0,5626.0,5629.0,5632.0,5635.0,5637.0,5640.0,5646.0,5652.0,5655.0,5665.0,5677.0,5685.0,5689.0,5704.0,5708.0,5714.0,5721.0,5730.0,5746
_0f5FjEQzsg,4931379.0,4948322.0,4965362.0,4981572.0,5002105.0,5022484.0,5041081.0,5060580.0,5080404.0,5096141.0,5111607.0,5132087.0,5153890.0,5174601.0,5195750.0,5215109.0,5231405.0,5246009.0,5265225.0,5284537.0,5302606.0,5322277.0,5342590.0,5359548.0,5374440.0,5393866.0,5412977.0,5431720.0,5450641.0,5470244.0,5487296.0,5501100.0,5519719.0,5536753.0,5555175.0,5572167.0,5589571.0,5604457.0,5617971.0,5636055.0,5653481.0,5670814.0,5687178.0,5705593.0,5720131.0,5733493.0,5750920.0,5768603.0,5784890.0,5802185.0,5818778.0,5835311.0,5848909.0,5865978.0,5885611.0,5902944.0,5920748.0,5940834.0,5958982.0,5977197.0,5997612.0,6018109.0,6038421.0,6058456.0,6077785.0,6095080.0,6111368.0,6131635.0,6149895.0,6170650.0,6190387.0,6210676.0,6227366.0,6245005.0,6265131.0,6284907.0,6304641.0,6323037.0,6341295.0,6357151.0,6371223.0,6390399.0,6408938.0,6426609.0,6444154.0,6461640.0,6475305.0,6487856.0,6504430.0,6521382.0,6537608.0,6555159.0,6571633.0,6585318.0,6596803.0,6613624.0,6630111.0,6645244.0,6660012.0,6676410.0,6690178.0,6703044.0,6719265.0,6734681.0,6750742.0,6766846.0,6781163.0,6793069.0,6804737.0,6820044.0,6834320.0,6848381.0,6862723.0,6877032.0,6889139.0,6899490.0,6914392.0,6928685.0,6943538.0,6956996.0,6969039.0,6981198.0,6993163.0,7005041.0,7016143.0,7026790.0,7037029.0,7048659.0,7059335.0,7069722.0,7082617.0,7094814.0,7107439.0,7120245.0,,,,,,,,,7229834.0,7240287.0,7253853.0,7266483.0,7278497.0,7290773.0,7302599.0,7313636.0,7323833.0,7335231.0,7346751.0,7358555.0,7370656.0,7382121.0,7392477.0,7402226.0,7413830.0,7426586.0,7439244.0,7452502.0,7465525.0,7477917.0,7488565.0,7501737.0,7515517.0,7528813.0,7541816.0,7554917.0,7566187.0,7577076.0,7590888.0,7604236.0,7617028.0,7629146.0,7641320.0,7651063.0,7659574.0,7671386.0,7683135.0,7695113.0,7706903.0,7719103.0,7728922.0,7738858.0,7750455.0,7761933.0,7773422.0,7784454.0,7795348
RJcPTkW1DiQ,177724.0,178959.0,180352.0,181537.0,183155.0,184696.0,186100.0,187602.0,189128.0,190410.0,191600.0,193100.0,194698.0,196282.0,197623.0,198829.0,200004.0,201199.0,202389.0,203420.0,204834.0,206275.0,207547.0,208699.0,209792.0,210934.0,212174.0,213346.0,214713.0,216014.0,217051.0,218069.0,219087.0,220071.0,221065.0,222099.0,223274.0,224297.0,225152.0,226207.0,227303.0,228333.0,229321.0,230406.0,231195.0,231998.0,232962.0,233955.0,234839.0,235704.0,236693.0,237499.0,238292.0,239107.0,240218.0,241329.0,242286.0,243245.0,244410.0,245593.0,246843.0,248020.0,249212.0,250375.0,251413.0,252396.0,253178.0,254441.0,255387.0,256595.0,257473.0,258423.0,259340.0,260243.0,261210.0,262063.0,262975.0,263911.0,264787.0,265444.0,266149.0,266991.0,267890.0,268725.0,269577.0,270419.0,271062.0,271775.0,272622.0,273379.0,274204.0,275040.0,275879.0,276619.0,277274.0,278065.0,279000.0,279785.0,280453.0,281254.0,281942.0,282642.0,283459.0,284207.0,284718.0,285422.0,286238.0,286771.0,287425.0,288152.0,288811.0,289482.0,290253.0,290961.0,291689.0,292270.0,292917.0,293469.0,294128.0,294910.0,295476.0,295900.0,296283.0,296896.0,297468.0,297896.0,298405.0,299170.0,299869.0,300403.0,301081.0,301851.0,302493.0,303098.0,,,,,,,,,313082.0,314251.0,315667.0,316995.0,318322.0,319451.0,320577.0,321472.0,322619.0,323744.0,324967.0,326245.0,327537.0,328778.0,329903.0,330719.0,331909.0,332820.0,333903.0,334976.0,335923.0,336873.0,337685.0,338339.0,339394.0,340262.0,341036.0,341899.0,342650.0,343375.0,344299.0,345256.0,346151.0,347006.0,347803.0,348525.0,349087.0,349853.0,350585.0,351437.0,352306.0,353240.0,353976.0,354651.0,355542.0,356304.0,357132.0,357854.0,358623
IPkbuxQdDHs,138635.0,138656.0,138674.0,138688.0,138702.0,138714.0,138732.0,138743.0,138754.0,138768.0,138774.0,138786.0,138802.0,138817.0,138834.0,138850.0,138867.0,138874.0,138884.0,138898.0,138911.0,138921.0,138928.0,138942.0,138952.0,138966.0,138975.0,138985.0,138998.0,139015.0,139023.0,139035.0,139045.0,139055.0,139072.0,139096.0,139108.0,139116.0,139123.0,139130.0,139145.0,139162.0,139167.0,139176.0,139180.0,139183.0,139195.0,139203.0,139218.0,139229.0,139242.0,139246.0,139253.0,139257.0,139267.0,139276.0,139284.0,139289.0,139294.0,139299.0,139302.0,139305.0,139305.0,139309.0,139314.0,139319.0,139323.0,139330.0,139333.0,139337.0,139339.0,139340.0,139345.0,139349.0,139360.0,139363.0,139369.0,139376.0,139381.0,139383.0,139390.0,139395.0,139405.0,139408.0,139413.0,139419.0,139423.0,139428.0,139430.0,139435.0,139438.0,139442.0,139446.0,139446.0,139449.0,139456.0,139457.0,139459.0,139463.0,139463.0,139471.0,139476.0,139480.0,139484.0,139485.0,139488.0,139488.0,139490.0,139494.0,139496.0,139499.0,139499.0,139505.0,139507.0,139508.0,139516.0,139523.0,139526.0,139534.0,139534.0,139537.0,139540.0,139552.0,139556.0,139562.0,139563.0,139568.0,139569.0,139574.0,139584.0,139584.0,139595.0,139596.0,139599.0,,,,,,,,,139640.0,139643.0,139645.0,139646.0,139650.0,139654.0,139657.0,139660.0,139663.0,139665.0,139671.0,139678.0,139680.0,139680.0,139683.0,139686.0,139696.0,139696.0,139698.0,139701.0,139703.0,139705.0,139708.0,139710.0,139710.0,139713.0,139715.0,139715.0,139720.0,139727.0,139732.0,139738.0,139741.0,139745.0,139749.0,139751.0,139755.0,139760.0,139762.0,139764.0,139767.0,139770.0,139771.0,139774.0,139777.0,139779.0,139783.0,139785.0,139790
F6Ix6V2Cx-w,1116479.0,1127949.0,1138217.0,1147376.0,1155556.0,1162984.0,1169480.0,1175410.0,1181498.0,1187559.0,1193415.0,1198759.0,1203957.0,1208930.0,1213950.0,1218709.0,1223504.0,1228044.0,1232826.0,1237526.0,1242030.0,1247090.0,1251785.0,1256438.0,1260972.0,1265154.0,1269528.0,1273600.0,1277970.0,1282156.0,1286238.0,1290210.0,1293888.0,1297482.0,1301099.0,1304833.0,1309049.0,1313226.0,1316938.0,1320950.0,1324932.0,1328629.0,1332386.0,1336440.0,1340731.0,1344900.0,1349101.0,1353086.0,1356861.0,1360277.0,1363403.0,1366830.0,1369640.0,1372755.0,1376323.0,1379870.0,1383307.0,1386530.0,1390226.0,1393851.0,1396996.0,1400585.0,1404006.0,1407235.0,1410257.0,1413639.0,1416888.0,1420333.0,1423007.0,1426400.0,1429336.0,1432311.0,1435199.0,1438066.0,1440801.0,1443383.0,1446094.0,1448854.0,1452073.0,1455230.0,1458678.0,1462159.0,1465175.0,1468120.0,1470876.0,1473687.0,1476810.0,1479791.0,1482908.0,1485720.0,1488663.0,1491413.0,1494188.0,1497138.0,1500099.0,1502988.0,1505692.0,1508574.0,1511263.0,1513818.0,1516414.0,1519108.0,1521655.0,1524034.0,1526609.0,1529042.0,1531337.0,1533845.0,1536228.0,1538990.0,1541511.0,1543907.0,1546290.0,1548931.0,1551822.0,1555977.0,1559520.0,1562384.0,1565325.0,1568025.0,1570634.0,1573296.0,1575920.0,1578596.0,1581178.0,1583709.0,1586088.0,1588656.0,1591225.0,1593949.0,1596543.0,1598910.0,1602089.0,1604868.0,,,,,,,,,1624593.0,1626945.0,1629065.0,1631050.0,1633020.0,1634820.0,1636591.0,1638528.0,1640882.0,1642992.0,1645049.0,1646979.0,1649024.0,1651037.0,1653206.0,1655296.0,1657373.0,1659291.0,1661498.0,1663484.0,1665376.0,1667270.0,1669365.0,1671338.0,1673141.0,1674880.0,1676696.0,1678560.0,1680225.0,1681960.0,1683871.0,1685659.0,1687330.0,1688969.0,1690550.0,1692237.0,1694129.0,1695975.0,1698076.0,1699953.0,1701931.0,1703875.0,1705827.0,1707726.0,1709619.0,1711432.0,1713298.0,1715107.0,1716950
wlPCQFYWRFo,3537155.0,3543742.0,3551331.0,3558954.0,3566457.0,3573438.0,3579863.0,3586184.0,3592903.0,3600469.0,3607634.0,3613814.0,3619693.0,3625466.0,3631305.0,3637204.0,3643216.0,3648858.0,3654293.0,3659375.0,3664678.0,3669703.0,3674938.0,3680247.0,3685505.0,3690136.0,3694380.0,3698793.0,3703311.0,3708001.0,3712364.0,3716761.0,3720676.0,3724645.0,3728642.0,3732938.0,3737585.0,3742373.0,3747048.0,3751402.0,3755989.0,3760164.0,3764534.0,3768829.0,3773262.0,3777652.0,3782084.0,3786718.0,3791044.0,3794902.0,3798560.0,3803403.0,3807721.0,3812073.0,3816225.0,3820404.0,3824345.0,3828648.0,3833172.0,3837682.0,3841898.0,3845940.0,3849947.0,3853870.0,3857694.0,3861616.0,3865388.0,3868792.0,3871886.0,3875708.0,3879308.0,3882881.0,3886487.0,3890430.0,3894003.0,3897500.0,3901101.0,3904898.0,3908846.0,3912801.0,3916976.0,3921159.0,3925237.0,3929343.0,3933526.0,3937938.0,3942290.0,3947422.0,3952290.0,3956414.0,3960014.0,3963398.0,3966941.0,3970739.0,3974801.0,3978201.0,3981389.0,3984676.0,3988114.0,3991704.0,3996078.0,4000120.0,4003398.0,4006498.0,4009598.0,4012809.0,4016002.0,4019681.0,4023614.0,4026792.0,4029884.0,4033087.0,4036234.0,4039728.0,4043540.0,4047457.0,4050958.0,4054424.0,4057831.0,4061060.0,4064316.0,4067754.0,4071397.0,4074439.0,4077254.0,4080065.0,4083027.0,4086351.0,4090354.0,4094535.0,4098281.0,4102397.0,4106387.0,4110179.0,,,,,,,,,4143540.0,4148272.0,4152336.0,4155819.0,4158840.0,4161441.0,4163835.0,4166253.0,4169141.0,4171679.0,4174084.0,4176498.0,4178939.0,4181539.0,4184542.0,4187643.0,4190346.0,4192986.0,4195688.0,4198289.0,4200938.0,4204194.0,4207402.0,4210091.0,4212949.0,4215870.0,4218989.0,4222132.0,4225570.0,4229142.0,4232265.0,4235355.0,4238416.0,4241533.0,4244420.0,4247548.0,4250638.0,4253370.0,4255976.0,4258645.0,4261337.0,4264110.0,4267163.0,4270278.0,4272975.0,4275547.0,4278128.0,4280939.0,4283815
nSCBqBGkRCI,130347.0,130415.0,130491.0,130599.0,130718.0,130816.0,130914.0,130984.0,131075.0,131177.0,131248.0,131333.0,131409.0,131495.0,131583.0,131667.0,131725.0,131791.0,131870.0,131930.0,131995.0,132062.0,132164.0,132242.0,132310.0,132382.0,132462.0,132532.0,132642.0,132718.0,132798.0,132864.0,132930.0,133002.0,133066.0,133123.0,133179.0,133247.0,133299.0,133360.0,133447.0,133515.0,133586.0,133658.0,133727.0,133789.0,133842.0,133897.0,133979.0,134055.0,134115.0,134182.0,134223.0,134277.0,134317.0,134372.0,134451.0,134497.0,134538.0,134582.0,134620.0,134685.0,134737.0,134779.0,134820.0,134872.0,134906.0,134964.0,134997.0,135056.0,135100.0,135149.0,135184.0,135213.0,135264.0,135304.0,135340.0,135385.0,135430.0,135456.0,135488.0,135519.0,135549.0,135592.0,135638.0,135662.0,135693.0,135720.0,135762.0,135795.0,135829.0,135872.0,135921.0,135960.0,135998.0,136029.0,136066.0,136094.0,136132.0,136164.0,136199.0,136220.0,136245.0,136276.0,136315.0,136344.0,136378.0,136408.0,136433.0,136461.0,136491.0,136526.0,136559.0,136593.0,136612.0,136626.0,136672.0,136699.0,136719.0,136752.0,136782.0,136802.0,136831.0,136853.0,136890.0,136916.0,136952.0,136978.0,137005.0,137031.0,137066.0,137094.0,137126.0,137158.0,,,,,,,,,137459.0,137482.0,137513.0,137546.0,137567.0,137599.0,137635.0,137651.0,137690.0,137727.0,137764.0,137807.0,137841.0,137892.0,137933.0,137964.0,138015.0,138056.0,138104.0,138153.0,138191.0,138223.0,138248.0,138298.0,138336.0,138369.0,138407.0,138438.0,138468.0,138490.0,138515.0,138552.0,138591.0,138610.0,138644.0,138661.0,138678.0,138698.0,138728.0,138761.0,138779.0,138817.0,138836.0,138847.0,138882.0,138906.0,138947.0,138972.0,138999
oEiypM6zs24,144187.0,145290.0,146413.0,147493.0,149269.0,150827.0,153094.0,155054.0,156714.0,158347.0,159727.0,162138.0,164783.0,166915.0,169207.0,170842.0,172320.0,174136.0,176140.0,177594.0,179039.0,180861.0,182740.0,184167.0,185362.0,186625.0,189552.0,191847.0,193748.0,195468.0,197177.0,198924.0,200388.0,201745.0,203702.0,205872.0,208252.0,210530.0,212379.0,214316.0,216322.0,219064.0,221433.0,224277.0,226968.0,228906.0,231009.0,232525.0,233802.0,237404.0,241154.0,244477.0,246212.0,248065.0,249235.0,251854.0,254910.0,257262.0,258805.0,260329.0,261687.0,263533.0,265338.0,266895.0,268359.0,269679.0,270844.0,272845.0,273704.0,275988.0,278070.0,280117.0,281698.0,283098.0,284774.0,286348.0,288631.0,290713.0,293088.0,294840.0,296273.0,298228.0,300345.0,302137.0,303919.0,305685.0,307221.0,308554.0,310361.0,312026.0,313922.0,315859.0,318206.0,320114.0,321622.0,323715.0,325964.0,327921.0,329990.0,332256.0,333968.0,335874.0,337977.0,340301.0,342571.0,344766.0,346896.0,348770.0,350568.0,353097.0,355405.0,357705.0,359859.0,362506.0,364766.0,366216.0,367904.0,369877.0,371682.0,373596.0,375216.0,376682.0,377977.0,379135.0,380292.0,381457.0,382529.0,383723.0,384800.0,385854.0,386956.0,388269.0,389784.0,391067.0,,,,,,,,,404473.0,405646.0,406993.0,408521.0,409896.0,411590.0,413101.0,414476.0,415801.0,417492.0,419306.0,421140.0,422711.0,424656.0,426029.0,427309.0,429095.0,430980.0,432910.0,434520.0,435941.0,437272.0,438697.0,440229.0,442004.0,443694.0,445191.0,446781.0,448069.0,449237.0,450571.0,452045.0,453413.0,454869.0,456357.0,457546.0,458652.0,460126.0,461595.0,462925.0,464442.0,465842.0,467172.0,468220.0,469921.0,471663.0,473414.0,475144.0,476839
lC1gcCrkPFs,6776.0,6835.0,6904.0,6971.0,7023.0,7090.0,7154.0,7247.0,7313.0,7365.0,7402.0,7453.0,7525.0,7591.0,7667.0,7745.0,7816.0,7879.0,7958.0,8029.0,8105.0,8186.0,8276.0,8344.0,8394.0,8470.0,8557.0,8614.0,8693.0,8765.0,8832.0,8871.0,8936.0,8990.0,9029.0,9068.0,9123.0,9171.0,9202.0,9248.0,9298.0,9359.0,9410.0,9448.0,9491.0,9531.0,9577.0,9615.0,9650.0,9677.0,9720.0,9759.0,9789.0,9821.0,9855.0,9900.0,9949.0,9999.0,10037.0,10061.0,10095.0,10124.0,10158.0,10199.0,10252.0,10291.0,10325.0,10365.0,10398.0,10442.0,10501.0,10536.0,10564.0,10586.0,10611.0,10641.0,10680.0,10710.0,10761.0,10798.0,10837.0,10865.0,10896.0,10925.0,10970.0,10999.0,11034.0,11065.0,11098.0,11129.0,11156.0,11190.0,11220.0,11245.0,11268.0,11290.0,11328.0,11372.0,11407.0,11441.0,11475.0,11503.0,11533.0,11576.0,11630.0,11675.0,11753.0,11806.0,11837.0,11904.0,11961.0,12012.0,12060.0,12108.0,12141.0,12175.0,12213.0,12265.0,12311.0,12356.0,12387.0,12428.0,12458.0,12500.0,12534.0,12559.0,12590.0,12634.0,12669.0,12693.0,12718.0,12742.0,12765.0,12794.0,,,,,,,,,13173.0,13192.0,13233.0,13277.0,13321.0,13365.0,13403.0,13446.0,13488.0,13521.0,13578.0,13637.0,13689.0,13738.0,13777.0,13804.0,13854.0,13893.0,13939.0,13980.0,14009.0,14027.0,14049.0,14077.0,14109.0,14140.0,14174.0,14197.0,14220.0,14246.0,14288.0,14309.0,14336.0,14373.0,14397.0,14422.0,14442.0,14471.0,14492.0,14513.0,14540.0,14561.0,14582.0,14598.0,14618.0,14642.0,14669.0,14700.0,14721
m7cckgkfTR4,3054.0,3120.0,3190.0,3247.0,3324.0,3386.0,3467.0,3528.0,3625.0,3698.0,3767.0,3850.0,3933.0,3994.0,4050.0,4094.0,4146.0,4188.0,4246.0,4284.0,4348.0,4409.0,4470.0,4524.0,4571.0,4623.0,4682.0,4744.0,4816.0,4892.0,4956.0,5004.0,5044.0,5102.0,5154.0,5219.0,5292.0,5359.0,5397.0,5454.0,5539.0,5603.0,5658.0,5711.0,5767.0,5820.0,5863.0,5936.0,5996.0,6041.0,6105.0,6131.0,6172.0,6222.0,6269.0,6319.0,6363.0,6440.0,6498.0,6545.0,6604.0,6666.0,6723.0,6778.0,6847.0,6906.0,6962.0,7031.0,7082.0,7171.0,7244.0,7302.0,7369.0,7419.0,7476.0,7551.0,7625.0,7699.0,7776.0,7860.0,7932.0,8008.0,8070.0,8115.0,8194.0,8248.0,8309.0,8355.0,8407.0,8453.0,8501.0,8538.0,8586.0,8624.0,8652.0,8682.0,8722.0,8755.0,8814.0,8882.0,8933.0,8983.0,9023.0,9076.0,9134.0,9194.0,9257.0,9330.0,9394.0,9442.0,9525.0,9619.0,9722.0,9819.0,9943.0,10020.0,10151.0,10271.0,10397.0,10528.0,10620.0,10736.0,10829.0,10892.0,10961.0,11010.0,11071.0,11117.0,11166.0,11230.0,11305.0,11374.0,11428.0,11496.0,,,,,,,,,12162.0,12209.0,12256.0,12311.0,12348.0,12445.0,12518.0,12590.0,12693.0,12782.0,12890.0,13030.0,13198.0,13350.0,13449.0,13554.0,13698.0,13827.0,13974.0,14079.0,14135.0,14192.0,14239.0,14290.0,14348.0,14400.0,14458.0,14532.0,14593.0,14657.0,14710.0,14769.0,14823.0,14876.0,14929.0,14976.0,15005.0,15049.0,15093.0,15154.0,15198.0,15251.0,15304.0,15340.0,15384.0,15447.0,15509.0,15578.0,15645
4no_auZ_WtY,5287518.0,5292996.0,5298749.0,5304651.0,5311133.0,5317573.0,5323588.0,5329722.0,5335573.0,5340820.0,5345825.0,5350291.0,5354629.0,5359150.0,5363929.0,5368301.0,5372740.0,5377080.0,5381339.0,5385431.0,5389780.0,5393976.0,5399301.0,5403928.0,5408348.0,5412511.0,5416559.0,5420515.0,5424438.0,5428212.0,5432059.0,5435204.0,5438481.0,5441890.0,5445045.0,5448334.0,5451959.0,5455671.0,5459277.0,5462602.0,5465669.0,5469055.0,5472310.0,5476109.0,5479895.0,5483522.0,5487242.0,5491074.0,5494582.0,5498229.0,5501935.0,5505797.0,5509793.0,5514416.0,5518509.0,5522274.0,5525922.0,5529483.0,5533475.0,5537336.0,5540577.0,5543938.0,5547159.0,5550315.0,5553566.0,5556697.0,5559732.0,5562555.0,5565103.0,5568091.0,5570698.0,5573403.0,5576184.0,5579097.0,5581873.0,5584785.0,5587621.0,5590493.0,5593426.0,5596269.0,5599268.0,5601860.0,5604302.0,5606922.0,5609759.0,5612403.0,5614869.0,5617081.0,5619194.0,5621314.0,5623585.0,5625571.0,5627612.0,5629736.0,5631726.0,5633661.0,5635645.0,5637747.0,5639739.0,5641751.0,5643846.0,5645985.0,5648009.0,5649974.0,5652038.0,5654133.0,5656010.0,5658185.0,5660255.0,5662013.0,5663664.0,5665597.0,5667427.0,5669433.0,5671576.0,5673602.0,5675519.0,5677681.0,5680582.0,5682910.0,5685372.0,5688035.0,5690395.0,5692305.0,5694293.0,5696271.0,5698246.0,5700243.0,5702304.0,5704177.0,5706038.0,5707851.0,5709710.0,5711427.0,,,,,,,,,5725758.0,5727280.0,5728727.0,5730047.0,5731372.0,5732581.0,5733734.0,5735014.0,5736355.0,5737640.0,5739088.0,5740640.0,5742000.0,5743332.0,5744556.0,5746186.0,5750848.0,5754421.0,5757140.0,5759338.0,5761331.0,5763275.0,5765022.0,5766587.0,5768062.0,5769425.0,5770827.0,5772162.0,5773348.0,5774652.0,5775840.0,5777044.0,5778268.0,5779483.0,5780632.0,5781820.0,5783019.0,5784092.0,5785311.0,5786487.0,5787621.0,5788776.0,5789989.0,5791187.0,5792353.0,5793589.0,5794790.0,5796035.0,5797249
MbDoupKadZE,1530891.0,1531506.0,1532211.0,1532967.0,1533680.0,1534417.0,1535184.0,1536074.0,1536918.0,1537669.0,1538461.0,1539092.0,1539795.0,1540580.0,1541253.0,1541914.0,1542638.0,1543296.0,1543944.0,1544712.0,1545469.0,1546206.0,1546889.0,1547618.0,1548239.0,1548835.0,1549370.0,1549980.0,1550559.0,1551151.0,1551738.0,1552241.0,1552797.0,1553364.0,1553914.0,1554588.0,1555270.0,1555870.0,1556518.0,1557158.0,1557766.0,1558324.0,1558923.0,1559489.0,1559949.0,1560497.0,1561021.0,1561598.0,1562134.0,1562600.0,1563081.0,1563586.0,1564136.0,1564662.0,1565199.0,1565842.0,1566430.0,1566981.0,1567569.0,1568194.0,1568860.0,1569493.0,1570128.0,1570691.0,1571224.0,1571687.0,1572106.0,1572541.0,1572933.0,1573456.0,1574028.0,1574570.0,1575080.0,1575574.0,1576168.0,1577079.0,1577919.0,1578663.0,1579396.0,1579897.0,1580481.0,1581008.0,1581552.0,1582075.0,1582595.0,1583197.0,1583726.0,1584194.0,1584707.0,1585366.0,1585947.0,1586454.0,1586920.0,1587338.0,1587694.0,1588083.0,1588444.0,1588830.0,1589235.0,1589628.0,1589991.0,1590376.0,1590978.0,1591495.0,1591881.0,1592274.0,1592390.0,1592732.0,1593004.0,1593355.0,1593646.0,1593961.0,1594256.0,1594559.0,1594893.0,1595188.0,1595489.0,1595757.0,1596071.0,1596350.0,1596606.0,1596883.0,1597145.0,1597372.0,1597666.0,1597950.0,1598277.0,1598608.0,1598908.0,1599178.0,1599414.0,1599715.0,1600018.0,1600263.0,,,,,,,,,1602906.0,1603236.0,1603518.0,1603774.0,1604076.0,1604379.0,1604700.0,1604957.0,1605195.0,1605439.0,1605660.0,1605945.0,1606214.0,1606404.0,1606625.0,1606858.0,1607132.0,1607349.0,1607576.0,1607800.0,1608020.0,1608284.0,1608517.0,1608751.0,1608993.0,1609198.0,1609433.0,1609681.0,1609919.0,1610103.0,1610336.0,1610512.0,1610760.0,1610950.0,1611218.0,1611452.0,1611639.0,1611865.0,1612106.0,1612279.0,1612490.0,1612702.0,1612908.0,1613098.0,1613256.0,1613475.0,1613659.0,1613919.0,1614100
ZGcgCSmofZk,1259014.0,1271762.0,1284195.0,1296227.0,1309902.0,1323367.0,1339458.0,1355330.0,1370098.0,1383437.0,1395656.0,1407314.0,1419156.0,1431351.0,1443264.0,1453886.0,1464576.0,1474710.0,1485050.0,1495637.0,1506038.0,1515879.0,1524836.0,1533401.0,1541814.0,1550187.0,1558342.0,1566402.0,1574993.0,1583160.0,1590891.0,1598642.0,1606203.0,1614713.0,1622378.0,1630136.0,1637753.0,1644844.0,1651935.0,1659062.0,1666332.0,1673804.0,1681190.0,1688769.0,1695743.0,1702275.0,1709489.0,1717078.0,1724253.0,1730974.0,1739026.0,1747125.0,1754420.0,1761504.0,1768971.0,1775963.0,1782759.0,1790440.0,1797949.0,1804971.0,1812436.0,1819893.0,1827330.0,1834049.0,1841039.0,1847604.0,1854055.0,1861118.0,1867184.0,1875133.0,1882390.0,1889618.0,1896102.0,1902553.0,1909194.0,1915819.0,1923239.0,1930470.0,1944368.0,1958547.0,1969888.0,1979403.0,1987198.0,1994847.0,2002405.0,2009345.0,2015762.0,2021950.0,2028543.0,2034779.0,2040889.0,2046727.0,2052378.0,2058590.0,2064541.0,2070125.0,2075358.0,2080538.0,2085806.0,2091132.0,2096331.0,2101664.0,2106931.0,2111915.0,2116934.0,2121997.0,2126995.0,2132000.0,2137036.0,2142058.0,2146983.0,2151916.0,2156775.0,2161570.0,2166288.0,2171022.0,2175756.0,2180582.0,2185316.0,2189783.0,2194118.0,2198265.0,2202495.0,2206434.0,2210127.0,2213637.0,2217187.0,2220619.0,2224085.0,2227531.0,2230969.0,2234457.0,2237723.0,2240866.0,,,,,,,,,2270437.0,2274014.0,2277662.0,2280930.0,2284318.0,2287681.0,2290849.0,2293932.0,2297201.0,2300430.0,2303603.0,2306764.0,2310005.0,2313072.0,2315924.0,2319301.0,2322492.0,2325951.0,2329461.0,2332709.0,2335693.0,2338785.0,2341680.0,2344841.0,2347907.0,2350966.0,2354129.0,2357535.0,2360479.0,2363322.0,2366224.0,2369485.0,2372663.0,2375603.0,2378603.0,2381794.0,2384905.0,2388164.0,2391495.0,2394698.0,2397792.0,2400599.0,2403381.0,2406164.0,2408995.0,2411960.0,2414872.0,2417616.0,2420335
zSkLTFz_Pok,96606.0,96764.0,96904.0,97055.0,97194.0,97357.0,97566.0,97746.0,97874.0,98021.0,98173.0,98321.0,98487.0,98657.0,98836.0,98987.0,99153.0,99286.0,99434.0,99593.0,99732.0,99874.0,100046.0,100200.0,100338.0,100445.0,100568.0,100685.0,100793.0,100908.0,101047.0,101158.0,101259.0,101393.0,101488.0,101625.0,101748.0,101918.0,102054.0,102214.0,102345.0,102459.0,102600.0,102696.0,102818.0,102938.0,103076.0,103247.0,103372.0,103509.0,103606.0,103742.0,103857.0,103956.0,104077.0,104188.0,104306.0,104436.0,104536.0,104642.0,104745.0,104842.0,104951.0,105061.0,105139.0,105243.0,105341.0,105475.0,105562.0,105713.0,105824.0,105931.0,106049.0,106158.0,106249.0,106377.0,106493.0,106621.0,106735.0,106828.0,106963.0,107085.0,107224.0,107319.0,107438.0,107582.0,107730.0,107830.0,107940.0,108080.0,108186.0,108311.0,108459.0,108563.0,108683.0,108766.0,108865.0,108956.0,109056.0,109138.0,109237.0,109335.0,109442.0,109511.0,109593.0,109687.0,109776.0,109866.0,109938.0,110015.0,110108.0,110189.0,110286.0,110363.0,110425.0,110505.0,110585.0,110669.0,110731.0,110808.0,110900.0,110992.0,111089.0,111147.0,111203.0,111268.0,111354.0,111413.0,111479.0,111548.0,111621.0,111690.0,111743.0,111792.0,,,,,,,,,112542.0,112667.0,112732.0,112834.0,112915.0,113005.0,113069.0,113144.0,113215.0,113304.0,113351.0,113412.0,113492.0,113562.0,113624.0,113699.0,113791.0,113866.0,113949.0,114002.0,114064.0,114120.0,114192.0,114255.0,114325.0,114391.0,114498.0,114655.0,114726.0,114818.0,114894.0,114986.0,115066.0,115149.0,115206.0,115271.0,115341.0,115404.0,115465.0,115535.0,115592.0,115650.0,115724.0,115837.0,115916.0,115998.0,116072.0,116151.0,116239
E5JA0k9RVcE,11898.0,11933.0,11990.0,12106.0,12148.0,12200.0,12258.0,12315.0,12374.0,12419.0,12450.0,12495.0,12548.0,12613.0,12672.0,12734.0,12780.0,12816.0,12857.0,12912.0,12982.0,13048.0,13089.0,13148.0,13192.0,13238.0,13285.0,13318.0,13363.0,13397.0,13442.0,13472.0,13519.0,13562.0,13590.0,13625.0,13661.0,13693.0,13725.0,13807.0,13846.0,13895.0,13945.0,13976.0,14009.0,14051.0,14088.0,14130.0,14152.0,14178.0,14223.0,14265.0,14303.0,14351.0,14384.0,14427.0,14457.0,14498.0,14523.0,14568.0,14609.0,14640.0,14687.0,14719.0,14759.0,14784.0,14816.0,14867.0,14895.0,14932.0,14969.0,15017.0,15046.0,15067.0,15093.0,15121.0,15151.0,15193.0,15238.0,15259.0,15283.0,15320.0,15342.0,15366.0,15398.0,15440.0,15479.0,15499.0,15549.0,15583.0,15610.0,15647.0,15678.0,15714.0,15734.0,15753.0,15769.0,15788.0,15820.0,15842.0,15870.0,15899.0,15925.0,15950.0,15969.0,15992.0,16014.0,16033.0,16060.0,16080.0,16098.0,16116.0,16140.0,16157.0,16172.0,16187.0,16214.0,16228.0,16243.0,16270.0,16286.0,16310.0,16320.0,16334.0,16368.0,16377.0,16402.0,16417.0,16435.0,16449.0,16461.0,16471.0,16499.0,16516.0,,,,,,,,,16671.0,16684.0,16705.0,16722.0,16757.0,16783.0,16802.0,16802.0,16823.0,16852.0,16870.0,16894.0,16925.0,16942.0,16952.0,16959.0,16979.0,16998.0,17010.0,17030.0,17041.0,17054.0,17077.0,17085.0,17102.0,17126.0,17145.0,17167.0,17178.0,17197.0,17218.0,17240.0,17266.0,17289.0,17314.0,17334.0,17351.0,17378.0,17396.0,17428.0,17451.0,17466.0,17476.0,17490.0,17504.0,17524.0,17539.0,17562.0,17572
Jcnywv0-l0A,15765.0,15859.0,15989.0,16081.0,16196.0,16280.0,16388.0,16477.0,16537.0,16604.0,16658.0,16711.0,16755.0,16815.0,16908.0,16984.0,17056.0,17108.0,17163.0,17249.0,17326.0,17401.0,17468.0,17536.0,17587.0,17661.0,17726.0,17772.0,17830.0,17895.0,17936.0,17985.0,18026.0,18077.0,18122.0,18181.0,18244.0,18294.0,18341.0,18392.0,18441.0,18481.0,18532.0,18580.0,18619.0,18640.0,18683.0,18717.0,18755.0,18796.0,18848.0,18880.0,18911.0,18954.0,18984.0,19022.0,19040.0,19056.0,19095.0,19126.0,19148.0,19175.0,19224.0,19262.0,19307.0,19335.0,19362.0,19402.0,19447.0,19488.0,19544.0,19591.0,19640.0,19698.0,19749.0,19795.0,19825.0,19845.0,19879.0,19911.0,19936.0,19968.0,20001.0,20026.0,20057.0,20089.0,20117.0,20152.0,20170.0,20199.0,20226.0,20265.0,20303.0,20324.0,20349.0,20383.0,20428.0,20470.0,20513.0,20543.0,20561.0,20587.0,20624.0,20645.0,20667.0,20699.0,20718.0,20738.0,20761.0,20784.0,20807.0,20840.0,20871.0,20900.0,20912.0,20938.0,20958.0,20969.0,20999.0,21028.0,21052.0,21072.0,21096.0,21114.0,21132.0,21157.0,21188.0,21211.0,21229.0,21243.0,21254.0,21277.0,21295.0,21311.0,,,,,,,,,21487.0,21500.0,21526.0,21548.0,21564.0,21595.0,21629.0,21650.0,21669.0,21680.0,21697.0,21722.0,21748.0,21758.0,21772.0,21789.0,21804.0,21829.0,21850.0,21860.0,21873.0,21888.0,21902.0,21920.0,21941.0,21962.0,21982.0,22004.0,22021.0,22033.0,22055.0,22077.0,22102.0,22129.0,22148.0,22171.0,22181.0,22199.0,22222.0,22245.0,22264.0,22271.0,22284.0,22300.0,22318.0,22333.0,22342.0,22359.0,22378
5-YiC6bULqc,5377.0,5421.0,5465.0,5505.0,5564.0,5627.0,5671.0,5743.0,5806.0,5872.0,5943.0,6008.0,6065.0,6112.0,6209.0,6291.0,6347.0,6390.0,6449.0,6498.0,6555.0,6611.0,6662.0,6715.0,6767.0,6819.0,6869.0,6934.0,6988.0,7038.0,7101.0,7142.0,7193.0,7232.0,7284.0,7346.0,7379.0,7432.0,7479.0,7521.0,7599.0,7649.0,7727.0,7779.0,7833.0,7877.0,7930.0,7998.0,8047.0,8096.0,8146.0,8191.0,8229.0,8253.0,8286.0,8335.0,8374.0,8420.0,8448.0,8480.0,8516.0,8538.0,8580.0,8626.0,8677.0,8704.0,8753.0,8795.0,8851.0,8913.0,8953.0,8991.0,9035.0,9085.0,9143.0,9198.0,9255.0,9297.0,9339.0,9396.0,9460.0,9527.0,9582.0,9652.0,9718.0,9779.0,9821.0,9870.0,9932.0,9981.0,10030.0,10076.0,10129.0,10177.0,10216.0,10270.0,10328.0,10388.0,10459.0,10526.0,10585.0,10633.0,10692.0,10753.0,10814.0,10878.0,10920.0,10973.0,11015.0,11076.0,11147.0,11242.0,11319.0,11408.0,11475.0,11524.0,11604.0,11678.0,11752.0,11832.0,11894.0,11978.0,12037.0,12065.0,12119.0,12166.0,12210.0,12255.0,12285.0,12322.0,12365.0,12418.0,12474.0,12522.0,,,,,,,,,13159.0,13223.0,13306.0,13380.0,13463.0,13570.0,13717.0,13831.0,13927.0,13971.0,14005.0,14105.0,14169.0,14210.0,14264.0,14308.0,14354.0,14391.0,14437.0,14471.0,14515.0,14531.0,14562.0,14596.0,14635.0,14661.0,14687.0,14708.0,14738.0,14764.0,14789.0,14819.0,14840.0,14865.0,14889.0,14921.0,14940.0,14965.0,15000.0,15029.0,15080.0,15103.0,15131.0,15155.0,15182.0,15215.0,15241.0,15276.0,15300
kW1e8NtdW90,30216616.0,30316165.0,30425998.0,30530995.0,30631795.0,30734381.0,30838080.0,30944885.0,31133922.0,31322442.0,31496885.0,31659720.0,31840931.0,32008396.0,32169461.0,32314685.0,32455879.0,32583761.0,32700968.0,32820905.0,32938760.0,33048145.0,33151947.0,33251276.0,33345182.0,33439545.0,33537410.0,33635193.0,33729680.0,33823150.0,33912914.0,33994401.0,34074702.0,34163020.0,34249020.0,34331606.0,34414947.0,34497315.0,34574283.0,34649426.0,34733493.0,34819565.0,34905576.0,34992523.0,35074533.0,35154241.0,35231303.0,35310402.0,35380486.0,35447450.0,35514769.0,35593596.0,35667124.0,35736541.0,35810761.0,35885666.0,35960638.0,36034517.0,36105604.0,36176778.0,36241677.0,36314133.0,36386202.0,36454994.0,36523303.0,36591244.0,36653933.0,36719707.0,36785258.0,36868014.0,36939741.0,37010784.0,37078984.0,37146387.0,37210974.0,37278896.0,37348256.0,37419596.0,37490258.0,37558177.0,37621225.0,37682598.0,37745129.0,37810832.0,37874794.0,37937790.0,37999741.0,38060881.0,38117853.0,38177534.0,38244320.0,38310804.0,38373958.0,38435633.0,38494755.0,38547681.0,38603094.0,38661122.0,38719509.0,38776340.0,38834464.0,38894612.0,38950187.0,39005233.0,39060314.0,39115456.0,39170766.0,39225752.0,39283694.0,39339172.0,39396269.0,39452515.0,39506171.0,39560998.0,39616090.0,39668347.0,39718938.0,39772992.0,39826244.0,39879745.0,39931881.0,39983433.0,40031942.0,40078707.0,40129943.0,40181520.0,40238310.0,40295647.0,40351634.0,40407137.0,40460192.0,40516950.0,40574634.0,40627471.0,,,,,,,,,41108276.0,41162903.0,41213535.0,41265218.0,41316818.0,41366690.0,41413960.0,41459276.0,41508334.0,41551930.0,41602246.0,41658054.0,41717179.0,41776094.0,41830957.0,41889564.0,41944083.0,42004593.0,42063545.0,42116100.0,42162629.0,42209858.0,42254931.0,42298577.0,42344553.0,42392109.0,42438366.0,42489607.0,42535277.0,42581396.0,42624529.0,42670646.0,42716305.0,42760145.0,42801883.0,42845154.0,42886276.0,42927397.0,42971262.0,43014722.0,43059745.0,43103798.0,43147058.0,43187013.0,43226876.0,43268474.0,43310737.0,43353583.0,43395396
kW1e8NtdW90,30216616.0,30316165.0,30425998.0,30530995.0,30631795.0,30734381.0,30838080.0,30944885.0,31133922.0,31322442.0,31496885.0,31659720.0,31840931.0,32008396.0,32169461.0,32314685.0,32455879.0,32583761.0,32700968.0,32820905.0,32938760.0,33048145.0,33151947.0,33251276.0,33345182.0,33439545.0,33537410.0,33635193.0,33729680.0,33823150.0,33912914.0,33994401.0,34074702.0,34163020.0,34249020.0,34331606.0,34414947.0,34497315.0,34574283.0,34649426.0,34733493.0,34819565.0,34905576.0,34992523.0,35074533.0,35154241.0,35231303.0,35310402.0,35380486.0,35447450.0,35514769.0,35593596.0,35667124.0,35736541.0,35810761.0,35885666.0,35960638.0,36034517.0,36105604.0,36176778.0,36241677.0,36314133.0,36386202.0,36454994.0,36523303.0,36591244.0,36653933.0,36719707.0,36785258.0,36868014.0,36939741.0,37010784.0,37078984.0,37146387.0,37210974.0,37278896.0,37348256.0,37419596.0,37490258.0,37558177.0,37621225.0,37682598.0,37745129.0,37810832.0,37874794.0,37937790.0,37999741.0,38060881.0,38117853.0,38177534.0,38244320.0,38310804.0,38373958.0,38435633.0,38494755.0,38547681.0,38603094.0,38661122.0,38719509.0,38776340.0,38834464.0,38894612.0,38950187.0,39005233.0,39060314.0,39115456.0,39170766.0,39225752.0,39283694.0,39339172.0,39396269.0,39452515.0,39506171.0,39560998.0,39616090.0,39668347.0,39718938.0,39772992.0,39826244.0,39879745.0,39931881.0,39983433.0,40031942.0,40078707.0,40129943.0,40181520.0,40238310.0,40295647.0,40351634.0,40407137.0,40460192.0,40516950.0,40574634.0,40627471.0,,,,,,,,,41108276.0,41162903.0,41213535.0,41265218.0,41316818.0,41366690.0,41413960.0,41459276.0,41508334.0,41551930.0,41602246.0,41658054.0,41717179.0,41776094.0,41830957.0,41889564.0,41944083.0,42004593.0,42063545.0,42116100.0,42162629.0,42209858.0,42254931.0,42298577.0,42344553.0,42392109.0,42438366.0,42489607.0,42535277.0,42581396.0,42624529.0,42670646.0,42716305.0,42760145.0,42801883.0,42845154.0,42886276.0,42927397.0,42971262.0,43014722.0,43059745.0,43103798.0,43147058.0,43187013.0,43226876.0,43268474.0,43310737.0,43353583.0,43395396
ECqGCH1TfLY,37335069.0,37591661.0,37878094.0,38160370.0,38422734.0,38684967.0,38967093.0,39249635.0,39665701.0,40088587.0,40495461.0,40883996.0,41316389.0,41730752.0,42128891.0,42489645.0,42840847.0,43167490.0,43458323.0,43749824.0,44046546.0,44343182.0,44619691.0,44883510.0,45135438.0,45378529.0,45619538.0,45859086.0,46097623.0,46334739.0,46576888.0,46803673.0,47019880.0,47254884.0,47477084.0,47705720.0,47945620.0,48199678.0,48418502.0,48608984.0,48803931.0,49003563.0,49215467.0,49440567.0,49655778.0,49864060.0,50038159.0,50220353.0,50399716.0,50576897.0,50753124.0,50949406.0,51128096.0,51288658.0,51466349.0,51641826.0,51826963.0,52008491.0,52196255.0,52382645.0,52544463.0,52705871.0,52866547.0,53028780.0,53197088.0,53380256.0,53548805.0,53716441.0,53875798.0,54078585.0,54246619.0,54406861.0,54569987.0,54742854.0,54914714.0,55099861.0,55279241.0,55465036.0,55643372.0,55813263.0,55986419.0,56151705.0,56316378.0,56487523.0,56653802.0,56817545.0,56977979.0,57138549.0,57285071.0,57436345.0,57605796.0,57766286.0,57910525.0,58055766.0,58202283.0,58346340.0,58491780.0,58641124.0,58792502.0,58932022.0,59075956.0,59220337.0,59352308.0,59494223.0,59635390.0,59777229.0,59925931.0,60088400.0,60251437.0,60386602.0,60529134.0,60676359.0,60816372.0,60951848.0,61091376.0,61226794.0,61353509.0,61481302.0,61610529.0,61738249.0,61869263.0,62002013.0,62133229.0,62260966.0,62388355.0,62512910.0,62646872.0,62781433.0,62915219.0,63050676.0,63175069.0,63292583.0,63410365.0,63530400.0,,,,,,,,,64669119.0,64817252.0,64940467.0,65061530.0,65177945.0,65292703.0,65402284.0,65515311.0,65641925.0,65750551.0,65865433.0,65972336.0,66090033.0,66210877.0,66335578.0,66462024.0,66582161.0,66700338.0,66820197.0,66947230.0,67063653.0,67185195.0,67308819.0,67415590.0,67526870.0,67635055.0,67747618.0,67863653.0,67976344.0,68091061.0,68196311.0,68305554.0,68414800.0,68519316.0,68620737.0,68728904.0,68836709.0,68933138.0,69038119.0,69142253.0,69249629.0,69355724.0,69466376.0,69575132.0,69672396.0,69773819.0,69876124.0,69979330.0,70081701
Kp_6iKl_Qtw,456984.0,458863.0,461022.0,463310.0,465093.0,466851.0,468754.0,470838.0,473110.0,475811.0,478618.0,480962.0,482889.0,485000.0,486915.0,488800.0,490671.0,492195.0,493787.0,495355.0,497098.0,498772.0,500546.0,501998.0,503223.0,504501.0,506072.0,507670.0,509072.0,510262.0,511387.0,512402.0,513567.0,514772.0,516016.0,517435.0,518742.0,520009.0,521287.0,522746.0,524270.0,525691.0,526905.0,528103.0,529476.0,530747.0,531788.0,533002.0,534125.0,535018.0,535998.0,537199.0,538417.0,539490.0,540797.0,542376.0,543955.0,545608.0,547357.0,548951.0,550501.0,551911.0,553324.0,554667.0,555816.0,556904.0,558140.0,559331.0,560533.0,562147.0,563748.0,565463.0,567116.0,568659.0,570072.0,571528.0,573162.0,574630.0,576046.0,577430.0,578602.0,579768.0,580929.0,582046.0,583085.0,584242.0,585504.0,586587.0,587626.0,588745.0,589966.0,591138.0,592396.0,593569.0,594592.0,595557.0,596649.0,597836.0,598982.0,600203.0,601478.0,602564.0,603559.0,604777.0,605915.0,607032.0,608041.0,609005.0,609919.0,610919.0,612019.0,613223.0,614449.0,615608.0,616892.0,618084.0,619297.0,620576.0,622293.0,623443.0,624770.0,626037.0,626975.0,628090.0,629281.0,630364.0,631394.0,632503.0,633386.0,634206.0,634998.0,635986.0,636831.0,637634.0,,,,,,,,,646601.0,647539.0,648559.0,649811.0,650833.0,652048.0,653012.0,654069.0,655079.0,656049.0,657112.0,658051.0,659068.0,660046.0,660912.0,661784.0,662588.0,663501.0,664459.0,665282.0,666113.0,666815.0,667559.0,668235.0,668912.0,669571.0,670249.0,670989.0,671555.0,672267.0,672898.0,673603.0,674304.0,675007.0,675630.0,676303.0,677017.0,677657.0,678309.0,678826.0,679586.0,680339.0,681088.0,681758.0,682410.0,683023.0,683679.0,684319.0,685000
ECqGCH1TfLY,37335069.0,37591661.0,37878094.0,38160370.0,38422734.0,38684967.0,38967093.0,39249635.0,39665701.0,40088587.0,40495461.0,40883996.0,41316389.0,41730752.0,42128891.0,42489645.0,42840847.0,43167490.0,43458323.0,43749824.0,44046546.0,44343182.0,44619691.0,44883510.0,45135438.0,45378529.0,45619538.0,45859086.0,46097623.0,46334739.0,46576888.0,46803673.0,47019880.0,47254884.0,47477084.0,47705720.0,47945620.0,48199678.0,48418502.0,48608984.0,48803931.0,49003563.0,49215467.0,49440567.0,49655778.0,49864060.0,50038159.0,50220353.0,50399716.0,50576897.0,50753124.0,50949406.0,51128096.0,51288658.0,51466349.0,51641826.0,51826963.0,52008491.0,52196255.0,52382645.0,52544463.0,52705871.0,52866547.0,53028780.0,53197088.0,53380256.0,53548805.0,53716441.0,53875798.0,54078585.0,54246619.0,54406861.0,54569987.0,54742854.0,54914714.0,55099861.0,55279241.0,55465036.0,55643372.0,55813263.0,55986419.0,56151705.0,56316378.0,56487523.0,56653802.0,56817545.0,56977979.0,57138549.0,57285071.0,57436345.0,57605796.0,57766286.0,57910525.0,58055766.0,58202283.0,58346340.0,58491780.0,58641124.0,58792502.0,58932022.0,59075956.0,59220337.0,59352308.0,59494223.0,59635390.0,59777229.0,59925931.0,60088400.0,60251437.0,60386602.0,60529134.0,60676359.0,60816372.0,60951848.0,61091376.0,61226794.0,61353509.0,61481302.0,61610529.0,61738249.0,61869263.0,62002013.0,62133229.0,62260966.0,62388355.0,62512910.0,62646872.0,62781433.0,62915219.0,63050676.0,63175069.0,63292583.0,63410365.0,63530400.0,,,,,,,,,64669119.0,64817252.0,64940467.0,65061530.0,65177945.0,65292703.0,65402284.0,65515311.0,65641925.0,65750551.0,65865433.0,65972336.0,66090033.0,66210877.0,66335578.0,66462024.0,66582161.0,66700338.0,66820197.0,66947230.0,67063653.0,67185195.0,67308819.0,67415590.0,67526870.0,67635055.0,67747618.0,67863653.0,67976344.0,68091061.0,68196311.0,68305554.0,68414800.0,68519316.0,68620737.0,68728904.0,68836709.0,68933138.0,69038119.0,69142253.0,69249629.0,69355724.0,69466376.0,69575132.0,69672396.0,69773819.0,69876124.0,69979330.0,70081701
f2ILvf-JKBY,3469893.0,3477018.0,3484329.0,3490606.0,3496684.0,3502781.0,3508155.0,3513357.0,3519070.0,3524724.0,3529088.0,3533654.0,3538210.0,3542993.0,3547717.0,3552272.0,3556319.0,3560084.0,3563744.0,3567632.0,3571535.0,3575483.0,3579341.0,3582930.0,3586178.0,3589539.0,3593274.0,3597207.0,3600980.0,3604880.0,3608382.0,3611688.0,3615224.0,3618679.0,3622079.0,3625365.0,3628707.0,3631669.0,3634611.0,3638012.0,3641868.0,3645517.0,3649194.0,3658480.0,3669680.0,3678068.0,3686127.0,3694091.0,3700666.0,3706363.0,3712039.0,3717435.0,3722424.0,3727058.0,3732257.0,3737276.0,3742150.0,3746364.0,3750808.0,3755114.0,3759863.0,3764855.0,3769777.0,3774376.0,3778797.0,3783131.0,3786807.0,3790683.0,3794048.0,3798541.0,3802604.0,3805997.0,3809251.0,3812347.0,3815535.0,3818821.0,3822263.0,3825195.0,3828333.0,3831108.0,3833844.0,3836944.0,3840355.0,3844247.0,3847885.0,3851006.0,3854040.0,3856546.0,3859268.0,3861984.0,3864693.0,3867225.0,3869703.0,3872145.0,3874472.0,3876886.0,3879453.0,3881984.0,3884541.0,3887093.0,3890898.0,3894376.0,3897663.0,3900671.0,3903528.0,3906174.0,3908717.0,3911040.0,3913253.0,3915813.0,3918448.0,3921359.0,3924411.0,3927215.0,3929721.0,3932130.0,3934737.0,3937415.0,3940167.0,3942997.0,3946648.0,3950324.0,3953554.0,3957005.0,3960490.0,3963853.0,3966929.0,3970196.0,3973235.0,3975914.0,3978655.0,3981568.0,3984429.0,3987228.0,,,,,,,,,4009778.0,4012314.0,4015012.0,4017498.0,4019841.0,4022144.0,4024397.0,4026404.0,4028501.0,4030713.0,4032962.0,4035114.0,4037521.0,4039907.0,4041959.0,4044039.0,4046152.0,4048343.0,4050512.0,4052540.0,4054532.0,4056016.0,4057942.0,4059684.0,4061590.0,4063488.0,4065336.0,4067196.0,4068814.0,4070448.0,4072221.0,4074159.0,4076040.0,4077728.0,4079342.0,4080841.0,4082226.0,4083912.0,4085774.0,4087582.0,4089445.0,4091080.0,4092915.0,4094520.0,4096258.0,4098029.0,4099855.0,4102241.0,4104631
zeoRk6dDSFQ,32287540.0,32300263.0,32312946.0,32323961.0,32334573.0,32345053.0,32354641.0,32364530.0,32374383.0,32383635.0,32392093.0,32400317.0,32408904.0,32416944.0,32424809.0,32432436.0,32439557.0,32446232.0,32452890.0,32459582.0,32466371.0,32473277.0,32479928.0,32486646.0,32492799.0,32498867.0,32505089.0,32511238.0,32517378.0,32523921.0,32529786.0,32535070.0,32540542.0,32545947.0,32551565.0,32557043.0,32562600.0,32567889.0,32573330.0,32579028.0,32585184.0,32591207.0,32597605.0,32607876.0,32619270.0,32627904.0,32635768.0,32643512.0,32650682.0,32656861.0,32662806.0,32668479.0,32673629.0,32678350.0,32683661.0,32688942.0,32694621.0,32699960.0,32705276.0,32710863.0,32716770.0,32722553.0,32728140.0,32733336.0,32738600.0,32743769.0,32748636.0,32753334.0,32757480.0,32762910.0,32768097.0,32772725.0,32777171.0,32781461.0,32785528.0,32789657.0,32793952.0,32797964.0,32801982.0,32805822.0,32809341.0,32813001.0,32816633.0,32820412.0,32824117.0,32827606.0,32831458.0,32834792.0,32838216.0,32841683.0,32844858.0,32848020.0,32851247.0,32854392.0,32857497.0,32860623.0,32863688.0,32866780.0,32869841.0,32873086.0,32877544.0,32882069.0,32886791.0,32890580.0,32894243.0,32898158.0,32902167.0,32906227.0,32909936.0,32913930.0,32917933.0,32922041.0,32926220.0,32930212.0,32934106.0,32937846.0,32941700.0,32945506.0,32949647.0,32953713.0,32958820.0,32964516.0,32969752.0,32974882.0,32980025.0,32984812.0,32989491.0,32994142.0,32999220.0,33003536.0,33007594.0,33011792.0,33015952.0,33019730.0,,,,,,,,,33050286.0,33054507.0,33058457.0,33061807.0,33065064.0,33068288.0,33071350.0,33074444.0,33077517.0,33080589.0,33083829.0,33086702.0,33090165.0,33093369.0,33096150.0,33099026.0,33101863.0,33104623.0,33107421.0,33110080.0,33112713.0,33115251.0,33117579.0,33119997.0,33122331.0,33124751.0,33127169.0,33129577.0,33131703.0,33134241.0,33137066.0,33139732.0,33142324.0,33144601.0,33146837.0,33149004.0,33151040.0,33153569.0,33156158.0,33158641.0,33161140.0,33163458.0,33165987.0,33168304.0,33170686.0,33172954.0,33175198.0,33178139.0,33181108
Gd99jlYIuSc,3719412.0,3747698.0,3777413.0,3808455.0,3839412.0,3871384.0,3901539.0,3931972.0,3961259.0,3988653.0,4017285.0,4045213.0,4072242.0,4097777.0,4124165.0,4148383.0,4171413.0,4194414.0,4218426.0,4241495.0,4263512.0,4286254.0,4307376.0,4328127.0,4349177.0,4370377.0,4391640.0,4412297.0,4432421.0,4452027.0,4471278.0,4490686.0,4511669.0,4533358.0,4553629.0,4573236.0,4592350.0,4609741.0,4626703.0,4644279.0,4661289.0,4677956.0,4694845.0,4710921.0,4725230.0,4738820.0,4753548.0,4769423.0,4785665.0,4800305.0,4815725.0,4832062.0,4848453.0,4864857.0,4881589.0,4897672.0,4913963.0,4929510.0,4944657.0,4960802.0,4976595.0,4991941.0,5008123.0,5024426.0,5039715.0,5053944.0,5068369.0,5103384.0,5127281.0,5162649.0,5190444.0,5210794.0,5231383.0,5255178.0,5275991.0,5296592.0,5317329.0,5338333.0,5360560.0,5378437.0,5397361.0,5414334.0,5431076.0,5448774.0,5465244.0,5481352.0,5496544.0,5511190.0,5526092.0,5541519.0,5557193.0,5572282.0,5586201.0,5600827.0,5615052.0,5629128.0,5642792.0,5657779.0,5672325.0,5685304.0,5698188.0,5711711.0,5738545.0,5756946.0,5773236.0,5787340.0,5800604.0,5814542.0,5827714.0,5837380.0,5846301.0,5855501.0,5864789.0,5873427.0,5882581.0,5891695.0,5899730.0,5908054.0,5916674.0,5925571.0,5934601.0,5942344.0,5950137.0,5958352.0,5966967.0,5975223.0,5983323.0,5991411.0,5999125.0,6006464.0,6014078.0,6021726.0,6029305.0,6036768.0,,,,,,,,,6102215.0,6109464.0,6116671.0,6124015.0,6131042.0,6138026.0,6143622.0,6150774.0,6157563.0,6163579.0,6170106.0,6176752.0,6183877.0,6190433.0,6196614.0,6203888.0,6211178.0,6218228.0,6225089.0,6232006.0,6238408.0,6244698.0,6251186.0,6257984.0,6265062.0,6272165.0,6279072.0,6285665.0,6292155.0,6298998.0,6305902.0,6312585.0,6318683.0,6325185.0,6331611.0,6338347.0,6344906.0,6352176.0,6359402.0,6366130.0,6372769.0,6379186.0,6385880.0,6392488.0,6399072.0,6405346.0,6411604.0,6417737.0,6423730
3_qLj26nWFk,60114.0,61068.0,62000.0,62807.0,63396.0,64010.0,64753.0,65526.0,66108.0,66602.0,67090.0,67505.0,68012.0,68574.0,69222.0,69855.0,70403.0,71036.0,71689.0,72363.0,73141.0,73800.0,74492.0,75172.0,75779.0,76367.0,76946.0,77485.0,78098.0,78863.0,79489.0,79993.0,80564.0,81130.0,81673.0,82291.0,82746.0,83261.0,83706.0,84169.0,84646.0,85179.0,85658.0,86345.0,87272.0,87930.0,88539.0,89230.0,89875.0,90514.0,91145.0,91587.0,91965.0,92331.0,92744.0,93214.0,93595.0,94068.0,94476.0,94855.0,95164.0,95599.0,96033.0,96470.0,96772.0,97131.0,97447.0,97774.0,98093.0,98434.0,98792.0,99076.0,99398.0,99660.0,99926.0,100262.0,100665.0,101086.0,101455.0,101870.0,102246.0,102593.0,103044.0,103483.0,103880.0,104224.0,104557.0,104872.0,105153.0,105517.0,105837.0,106159.0,106456.0,106806.0,107086.0,107371.0,107742.0,107994.0,108311.0,108641.0,108958.0,109264.0,109632.0,110005.0,110386.0,110741.0,111078.0,111411.0,111733.0,112050.0,112451.0,112844.0,113193.0,113590.0,113924.0,114259.0,114585.0,114952.0,115369.0,115701.0,116111.0,116461.0,116838.0,117172.0,117570.0,117892.0,118237.0,118600.0,118863.0,119055.0,119337.0,119667.0,119954.0,120255.0,,,,,,,,,122800.0,123097.0,123385.0,123685.0,124041.0,124454.0,124731.0,125009.0,125364.0,125644.0,126001.0,126469.0,126936.0,127358.0,127773.0,128066.0,128415.0,128697.0,129096.0,129363.0,129552.0,129780.0,130009.0,130217.0,130445.0,130742.0,131016.0,131296.0,131527.0,131781.0,132021.0,132278.0,132527.0,132797.0,133013.0,133204.0,133423.0,133632.0,133889.0,134166.0,134405.0,134636.0,134863.0,135065.0,135256.0,135491.0,135691.0,135962.0,136188
622IHoirJ0I,75944.0,76591.0,77254.0,77889.0,78503.0,79113.0,79760.0,80361.0,80980.0,81513.0,82125.0,82530.0,83046.0,83535.0,84020.0,84501.0,84874.0,85248.0,85576.0,85957.0,86358.0,86739.0,87155.0,87533.0,87819.0,88123.0,88439.0,88755.0,89043.0,89407.0,89686.0,89889.0,90223.0,90491.0,90897.0,91360.0,91838.0,92184.0,92432.0,92771.0,93126.0,93485.0,93879.0,94369.0,94756.0,95110.0,95512.0,95928.0,96311.0,96648.0,96940.0,97163.0,97511.0,97783.0,98008.0,98344.0,98668.0,99045.0,99481.0,99775.0,100014.0,100260.0,100594.0,100841.0,101095.0,101368.0,101663.0,101934.0,102107.0,102322.0,102513.0,102768.0,103056.0,103278.0,103615.0,104076.0,104859.0,105294.0,105698.0,106163.0,106560.0,107147.0,107647.0,108339.0,108890.0,109411.0,109837.0,110284.0,110677.0,111052.0,111505.0,111948.0,112347.0,112830.0,113181.0,113698.0,114254.0,114776.0,115249.0,115648.0,116272.0,116806.0,117443.0,118042.0,118725.0,119463.0,120090.0,120559.0,121047.0,121676.0,122283.0,122875.0,123584.0,124221.0,124696.0,125175.0,125643.0,126120.0,126768.0,127388.0,128062.0,128636.0,129131.0,129832.0,130767.0,131658.0,132537.0,133943.0,135368.0,136243.0,137055.0,137924.0,138760.0,139652.0,,,,,,,,,147277.0,147976.0,148700.0,149471.0,150410.0,151642.0,152644.0,153545.0,154799.0,155833.0,156988.0,158311.0,159771.0,161171.0,162191.0,163058.0,163986.0,165116.0,166135.0,166843.0,167431.0,167824.0,168420.0,168923.0,169711.0,170579.0,171244.0,172000.0,172547.0,173071.0,173633.0,174275.0,174984.0,175390.0,175739.0,176092.0,176407.0,176756.0,177196.0,177587.0,177922.0,178341.0,178731.0,179042.0,179435.0,179816.0,180169.0,180538.0,180935
fyZ9rm1KvHQ,7884.0,7904.0,7921.0,7937.0,7960.0,7978.0,7992.0,8009.0,8026.0,8040.0,8053.0,8068.0,8080.0,8097.0,8114.0,8123.0,8136.0,8142.0,8156.0,8169.0,8176.0,8186.0,8193.0,8199.0,8211.0,8222.0,8228.0,8235.0,8243.0,8250.0,8258.0,8266.0,8270.0,8273.0,8277.0,8283.0,8287.0,8287.0,8292.0,8296.0,8303.0,8307.0,8308.0,8314.0,8320.0,8319.0,8318.0,8325.0,8330.0,8335.0,8339.0,8341.0,8344.0,8347.0,8350.0,8355.0,8362.0,8365.0,8372.0,8374.0,8374.0,8376.0,8380.0,8385.0,8390.0,8392.0,8397.0,8405.0,8409.0,8413.0,8417.0,8424.0,8428.0,8433.0,8435.0,8438.0,8444.0,8448.0,8459.0,8469.0,8477.0,8483.0,8487.0,8493.0,8503.0,8512.0,8519.0,8525.0,8528.0,8538.0,8545.0,8552.0,8559.0,8568.0,8572.0,8576.0,8586.0,8590.0,8602.0,8611.0,8622.0,8627.0,8633.0,8643.0,8651.0,8659.0,8664.0,8670.0,8675.0,8681.0,8689.0,8699.0,8709.0,8718.0,8726.0,8735.0,8740.0,8752.0,8758.0,8762.0,8769.0,8776.0,8782.0,8791.0,8803.0,8808.0,8815.0,8822.0,8831.0,8836.0,8843.0,8852.0,8858.0,8864.0,,,,,,,,,8958.0,8970.0,8980.0,9007.0,9023.0,9036.0,9045.0,9049.0,9053.0,9060.0,9062.0,9065.0,9069.0,9078.0,9081.0,9084.0,9087.0,9093.0,9097.0,9105.0,9111.0,9118.0,9125.0,9127.0,9134.0,9137.0,9141.0,9145.0,9147.0,9151.0,9153.0,9157.0,9163.0,9172.0,9176.0,9179.0,9190.0,9194.0,9196.0,9199.0,9203.0,9208.0,9213.0,9213.0,9215.0,9218.0,9221.0,9225.0,9228
69r-6AI8VpQ,182898.0,183378.0,183881.0,184335.0,184851.0,185490.0,185984.0,186417.0,186910.0,187327.0,187788.0,188219.0,188750.0,189302.0,189817.0,190333.0,190742.0,191123.0,191622.0,192182.0,192664.0,193091.0,193703.0,194150.0,194641.0,195220.0,195888.0,196489.0,197264.0,198196.0,198827.0,199426.0,199966.0,200528.0,201193.0,201800.0,202349.0,202780.0,203237.0,203760.0,204272.0,204818.0,205381.0,205986.0,206509.0,206886.0,207259.0,207749.0,208148.0,208603.0,209013.0,209416.0,209702.0,210001.0,210335.0,210677.0,210989.0,211300.0,211642.0,211937.0,212278.0,212606.0,212950.0,213312.0,213645.0,213920.0,214161.0,214475.0,214719.0,215152.0,215509.0,215816.0,216138.0,216379.0,216766.0,217106.0,217489.0,217862.0,218217.0,218573.0,218844.0,219236.0,219608.0,219939.0,220251.0,220599.0,220917.0,221260.0,221628.0,221990.0,222390.0,222757.0,223117.0,223539.0,223850.0,224178.0,224517.0,224963.0,225321.0,225730.0,226042.0,226391.0,226840.0,227248.0,227615.0,227950.0,228316.0,228679.0,228989.0,229449.0,229825.0,230288.0,230697.0,231096.0,231440.0,231738.0,232083.0,232452.0,232774.0,233114.0,233445.0,233729.0,234005.0,234316.0,234613.0,234967.0,235278.0,235657.0,235953.0,236242.0,236591.0,236945.0,237321.0,237684.0,,,,,,,,,240331.0,240507.0,240724.0,240994.0,241293.0,241676.0,241906.0,242161.0,242475.0,242839.0,243209.0,243627.0,244128.0,244650.0,245102.0,245506.0,245866.0,246235.0,246679.0,246991.0,247224.0,247488.0,247710.0,248018.0,248297.0,248516.0,248825.0,249097.0,249329.0,249527.0,249754.0,250019.0,250298.0,250570.0,250861.0,251103.0,251351.0,251738.0,252030.0,252369.0,252639.0,252946.0,253242.0,253490.0,253844.0,254188.0,254466.0,254823.0,255165
cTgn9non-CU,213604.0,214490.0,215451.0,216492.0,217488.0,218569.0,219592.0,220626.0,221751.0,222685.0,223833.0,224827.0,225917.0,226801.0,227684.0,228435.0,229239.0,229931.0,230601.0,231424.0,232139.0,233089.0,233893.0,234586.0,235151.0,235781.0,236594.0,237357.0,238069.0,238826.0,239533.0,240154.0,240915.0,241534.0,242276.0,243052.0,243762.0,244285.0,244923.0,245565.0,246246.0,246933.0,247674.0,248398.0,249020.0,249677.0,250362.0,251076.0,251634.0,252252.0,252821.0,253420.0,254014.0,254558.0,255366.0,255904.0,256555.0,257160.0,257721.0,258297.0,258939.0,259595.0,260241.0,260897.0,261497.0,262104.0,262687.0,263247.0,263733.0,264424.0,265068.0,265675.0,266267.0,266938.0,267586.0,268300.0,268943.0,269637.0,270427.0,271192.0,271725.0,272419.0,273004.0,273583.0,274260.0,274947.0,275547.0,276164.0,276808.0,277403.0,278070.0,278629.0,279335.0,279967.0,280614.0,281201.0,281887.0,282537.0,283207.0,283858.0,284543.0,285040.0,285688.0,286414.0,287104.0,287775.0,288425.0,288997.0,289578.0,290118.0,290840.0,291641.0,292364.0,293062.0,293627.0,294319.0,294952.0,295562.0,296145.0,296878.0,297575.0,298164.0,298748.0,299468.0,300093.0,300739.0,301391.0,302382.0,303141.0,303871.0,304721.0,305559.0,306405.0,307222.0,,,,,,,,,313504.0,314095.0,314671.0,315353.0,316028.0,316605.0,317095.0,317614.0,318199.0,318772.0,319280.0,319829.0,320481.0,321155.0,321663.0,322232.0,322656.0,323241.0,323843.0,324487.0,325036.0,325626.0,326188.0,326654.0,327139.0,327645.0,328196.0,328812.0,329364.0,329778.0,330276.0,330823.0,331312.0,331951.0,332424.0,333009.0,333520.0,333953.0,334565.0,335109.0,335799.0,336378.0,336900.0,337429.0,337947.0,338523.0,338983.0,339518.0,340069
A-xbIqBWSv8,11037.0,11054.0,11097.0,11110.0,11103.0,11121.0,11139.0,11156.0,11166.0,11186.0,11203.0,11214.0,11227.0,11235.0,11244.0,11251.0,11257.0,11269.0,11275.0,11283.0,11290.0,11296.0,11303.0,11311.0,11318.0,11326.0,11326.0,11329.0,11333.0,11338.0,11349.0,11357.0,11361.0,11364.0,11368.0,11374.0,11377.0,11378.0,11382.0,11385.0,11388.0,11391.0,11395.0,11397.0,11398.0,11400.0,11406.0,11419.0,11431.0,11438.0,11444.0,11448.0,11451.0,11456.0,11462.0,11466.0,11475.0,11484.0,11499.0,11511.0,11516.0,11521.0,11530.0,11532.0,11539.0,11544.0,11546.0,11552.0,11554.0,11557.0,11561.0,11562.0,11570.0,11572.0,11573.0,11578.0,11581.0,11584.0,11587.0,11589.0,11591.0,11596.0,11599.0,11604.0,11609.0,11610.0,11612.0,11613.0,11615.0,11621.0,11621.0,11622.0,11625.0,11627.0,11628.0,11631.0,11635.0,11635.0,11636.0,11639.0,11641.0,11644.0,11646.0,11647.0,11649.0,11649.0,11652.0,11653.0,11653.0,11653.0,11655.0,11655.0,11657.0,11659.0,11661.0,11663.0,11666.0,11680.0,11682.0,11685.0,11688.0,11694.0,11696.0,11700.0,11700.0,11702.0,11703.0,11707.0,11710.0,11712.0,11715.0,11718.0,11719.0,11723.0,,,,,,,,,11765.0,11766.0,11768.0,11771.0,11773.0,11773.0,11773.0,11776.0,11776.0,11776.0,11776.0,11778.0,11780.0,11782.0,11783.0,11785.0,11787.0,11787.0,11787.0,11787.0,11789.0,11791.0,11792.0,11794.0,11796.0,11797.0,11797.0,11797.0,11801.0,11803.0,11804.0,11804.0,11806.0,11808.0,11809.0,11809.0,11810.0,11812.0,11814.0,11817.0,11817.0,11819.0,11819.0,11820.0,11820.0,11822.0,11824.0,11828.0,11830
dJKPYTCDoCY,161710.0,161957.0,162210.0,162493.0,162760.0,163031.0,163245.0,163488.0,163703.0,163946.0,164182.0,164398.0,164643.0,164881.0,165079.0,165342.0,165593.0,165790.0,166019.0,166184.0,166405.0,166590.0,166761.0,166958.0,167158.0,167364.0,167535.0,167745.0,167949.0,168126.0,168332.0,168551.0,168732.0,168919.0,169064.0,169439.0,169895.0,170219.0,170565.0,170971.0,171229.0,171411.0,171726.0,171984.0,172200.0,172924.0,173282.0,173461.0,173605.0,173705.0,173828.0,173985.0,174109.0,174241.0,174389.0,174517.0,174643.0,174783.0,174904.0,175037.0,175171.0,175329.0,175447.0,175598.0,175733.0,175906.0,176029.0,176190.0,176337.0,176539.0,176691.0,176866.0,177012.0,177146.0,177262.0,177400.0,177569.0,177743.0,177917.0,178102.0,178306.0,178490.0,178640.0,178788.0,178971.0,179107.0,179234.0,179387.0,179528.0,179685.0,179871.0,180020.0,180179.0,180366.0,180542.0,180662.0,180786.0,180906.0,181055.0,181184.0,181311.0,181462.0,181605.0,181736.0,181856.0,181955.0,182085.0,182189.0,182344.0,182454.0,182589.0,182723.0,182856.0,182964.0,183074.0,183202.0,183324.0,183474.0,183623.0,183732.0,183851.0,183944.0,184021.0,184115.0,184191.0,184266.0,184363.0,184457.0,184580.0,184663.0,184797.0,184880.0,184993.0,185074.0,,,,,,,,,185883.0,186002.0,186112.0,186199.0,186287.0,186384.0,186451.0,186528.0,186599.0,186681.0,186754.0,186816.0,186885.0,186974.0,187045.0,187118.0,187217.0,187308.0,187419.0,187502.0,187569.0,187659.0,187732.0,187819.0,187880.0,187961.0,188029.0,188097.0,188176.0,188248.0,188308.0,188378.0,188448.0,188513.0,188582.0,188628.0,188691.0,188758.0,188823.0,188895.0,188960.0,189031.0,189088.0,189148.0,189213.0,189283.0,189343.0,189409.0,189468
3QZ7HvAkIeg,100827.0,101198.0,101674.0,102071.0,102600.0,103019.0,103495.0,104000.0,104418.0,104883.0,105217.0,105670.0,105997.0,106330.0,106733.0,107162.0,107397.0,107679.0,107978.0,108345.0,108788.0,109193.0,109596.0,109832.0,110126.0,110468.0,110844.0,111188.0,111539.0,111910.0,112215.0,112443.0,112766.0,113035.0,113349.0,113611.0,113990.0,114255.0,114463.0,114747.0,115052.0,115278.0,115619.0,115851.0,116156.0,116372.0,116635.0,116930.0,117185.0,117530.0,117745.0,117966.0,118174.0,118412.0,118633.0,118838.0,119092.0,119356.0,119498.0,119699.0,119885.0,120153.0,120392.0,120698.0,120936.0,121183.0,121409.0,121688.0,121957.0,122309.0,122623.0,122880.0,123142.0,123367.0,123594.0,123937.0,124219.0,124491.0,124765.0,125013.0,125249.0,125503.0,125720.0,125953.0,126203.0,126540.0,127168.0,127611.0,128110.0,128674.0,129276.0,129898.0,130673.0,131263.0,131651.0,132169.0,132673.0,133013.0,133549.0,134010.0,134363.0,134712.0,135107.0,135614.0,136028.0,136424.0,136919.0,137238.0,137520.0,137769.0,138036.0,138406.0,138699.0,139001.0,139302.0,139571.0,139850.0,140163.0,140475.0,140868.0,141148.0,141378.0,141628.0,141877.0,142115.0,142389.0,142595.0,142863.0,143110.0,143360.0,143643.0,143916.0,144201.0,144480.0,,,,,,,,,147110.0,147326.0,147547.0,147843.0,148148.0,148484.0,148762.0,149022.0,149418.0,149843.0,150243.0,150623.0,151161.0,151648.0,151988.0,152360.0,152878.0,153229.0,153610.0,154046.0,154388.0,154709.0,154968.0,155228.0,155553.0,155826.0,156140.0,156422.0,156651.0,156857.0,157094.0,157372.0,157649.0,157919.0,158215.0,158395.0,158638.0,158916.0,159189.0,159422.0,159743.0,160017.0,160247.0,160405.0,160697.0,160992.0,161277.0,161542.0,161869
8byiytlquEQ,5238.0,5261.0,5287.0,5315.0,5341.0,5360.0,5385.0,5420.0,5438.0,5474.0,5489.0,5510.0,5544.0,5563.0,5599.0,5631.0,5661.0,5691.0,5712.0,5760.0,5791.0,5827.0,5859.0,5880.0,5915.0,5946.0,5978.0,6012.0,6048.0,6084.0,6107.0,6129.0,6155.0,6193.0,6218.0,6247.0,6275.0,6294.0,6321.0,6348.0,6387.0,6411.0,6435.0,6452.0,6484.0,6499.0,6517.0,6539.0,6556.0,6583.0,6599.0,6616.0,6636.0,6657.0,6706.0,6734.0,6785.0,6824.0,6862.0,6884.0,6911.0,6934.0,6967.0,7003.0,7035.0,7067.0,7095.0,7133.0,7155.0,7186.0,7221.0,7255.0,7283.0,7311.0,7332.0,7352.0,7367.0,7393.0,7425.0,7455.0,7476.0,7502.0,7533.0,7556.0,7590.0,7613.0,7639.0,7665.0,7692.0,7715.0,7737.0,7771.0,7797.0,7828.0,7855.0,7872.0,7902.0,7945.0,7967.0,8009.0,8035.0,8063.0,8082.0,8112.0,8141.0,8185.0,8208.0,8231.0,8255.0,8283.0,8320.0,8345.0,8377.0,8396.0,8435.0,8462.0,8481.0,8501.0,8531.0,8556.0,8575.0,8600.0,8617.0,8641.0,8659.0,8675.0,8697.0,8717.0,8728.0,8741.0,8753.0,8772.0,8790.0,8811.0,,,,,,,,,9014.0,9040.0,9060.0,9087.0,9126.0,9168.0,9210.0,9250.0,9325.0,9366.0,9435.0,9513.0,9592.0,9633.0,9683.0,9720.0,9765.0,9791.0,9829.0,9877.0,9917.0,9945.0,9987.0,10024.0,10057.0,10089.0,10122.0,10173.0,10203.0,10228.0,10262.0,10291.0,10325.0,10362.0,10393.0,10409.0,10504.0,10540.0,10577.0,10557.0,10586.0,10624.0,10660.0,10678.0,10714.0,10766.0,10810.0,10857.0,10918
KDtAlNzAeMY,602300.0,604357.0,606559.0,609222.0,610910.0,613214.0,615263.0,617391.0,619461.0,621317.0,622848.0,624967.0,627123.0,629549.0,631832.0,633516.0,635816.0,638212.0,640566.0,642286.0,644405.0,647344.0,649996.0,652439.0,655207.0,657549.0,660363.0,663040.0,666189.0,668623.0,671819.0,675038.0,677543.0,680477.0,683427.0,686603.0,689585.0,692241.0,695006.0,698558.0,701405.0,704093.0,707031.0,709699.0,712354.0,714970.0,717718.0,720342.0,723278.0,725761.0,727696.0,729530.0,731382.0,733788.0,735916.0,737697.0,739750.0,741528.0,743147.0,745058.0,746837.0,749144.0,752236.0,754849.0,757083.0,758422.0,760222.0,762561.0,764187.0,766577.0,768093.0,769160.0,770741.0,772558.0,773539.0,775296.0,776546.0,777512.0,779114.0,780484.0,781775.0,783395.0,785042.0,786789.0,787724.0,790054.0,791665.0,793389.0,796011.0,797921.0,799780.0,801045.0,803128.0,804938.0,807192.0,809142.0,810679.0,812472.0,814184.0,815947.0,818151.0,819967.0,822364.0,824610.0,826856.0,828896.0,831140.0,832984.0,834897.0,836788.0,839093.0,841241.0,843253.0,844890.0,846738.0,848593.0,850669.0,852586.0,854679.0,856352.0,858263.0,859697.0,861110.0,862669.0,864416.0,865904.0,867634.0,869414.0,871207.0,872942.0,874849.0,876686.0,878651.0,880544.0,,,,,,,,,897933.0,899645.0,901636.0,903432.0,905481.0,907710.0,909419.0,911231.0,913233.0,915171.0,917031.0,919157.0,921243.0,923207.0,925211.0,927214.0,929242.0,931280.0,933322.0,935159.0,936865.0,938509.0,940291.0,942219.0,943962.0,946153.0,948288.0,950408.0,952128.0,953921.0,955986.0,958012.0,960102.0,961693.0,963720.0,965381.0,967007.0,968801.0,970358.0,972114.0,973900.0,975377.0,977146.0,978636.0,980501.0,982351.0,983889.0,985508.0,987418
GkJWdCGR85w,2241817.0,2248908.0,2256321.0,2263287.0,2270629.0,2278172.0,2285514.0,2292954.0,2300214.0,2307009.0,2313252.0,2319840.0,2326903.0,2333814.0,2341136.0,2348616.0,2355610.0,2361954.0,2368603.0,2374905.0,2381501.0,2388752.0,2396145.0,2402969.0,2409419.0,2415911.0,2422431.0,2428963.0,2435779.0,2443430.0,2450808.0,2457608.0,2464936.0,2472887.0,2480677.0,2488041.0,2494690.0,2500439.0,2505483.0,2510767.0,2516546.0,2522242.0,2527962.0,2533860.0,2539230.0,2544153.0,2549109.0,2554569.0,2560177.0,2565792.0,2571269.0,2576605.0,2581310.0,2586462.0,2591913.0,2597313.0,2602751.0,2608178.0,2613423.0,2618383.0,2623700.0,2629088.0,2634691.0,2640101.0,2645595.0,2650887.0,2655661.0,2660945.0,2665625.0,2671791.0,2677029.0,2682360.0,2687615.0,2692397.0,2697449.0,2702650.0,2707862.0,2713004.0,2718253.0,2723261.0,2727776.0,2732497.0,2737335.0,2742293.0,2747223.0,2752251.0,2756980.0,2761346.0,2766052.0,2770597.0,2775544.0,2780137.0,2784783.0,2789446.0,2793853.0,2798320.0,2802889.0,2807573.0,2812356.0,2817257.0,2821904.0,2826407.0,2830995.0,2835730.0,2840346.0,2844975.0,2849527.0,2854062.0,2858290.0,2862487.0,2866626.0,2870877.0,2875275.0,2879729.0,2884162.0,2888321.0,2892290.0,2896538.0,2900706.0,2905029.0,2909337.0,2913660.0,2917707.0,2921766.0,2926143.0,2930451.0,2934727.0,2939073.0,2943300.0,2947179.0,2951053.0,2954997.0,2958936.0,2962994.0,,,,,,,,,3004247.0,3008688.0,3013102.0,3017514.0,3022012.0,3026527.0,3031006.0,3035181.0,3039415.0,3043539.0,3047787.0,3052124.0,3056592.0,3060790.0,3064792.0,3068554.0,3072470.0,3076554.0,3080664.0,3084861.0,3088927.0,3092648.0,3096225.0,3099939.0,3103619.0,3107448.0,3111361.0,3115337.0,3118987.0,3122544.0,3126289.0,3130101.0,3134099.0,3138062.0,3141957.0,3145886.0,3149618.0,3153461.0,3157613.0,3162279.0,3167692.0,3172943.0,3177642.0,3181860.0,3186190.0,3190472.0,3194884.0,3199300.0,3203756
cXmYNmQ4BuM,52676475.0,52763475.0,52858217.0,52950622.0,53040246.0,53129541.0,53219707.0,53312052.0,53408004.0,53502334.0,53593135.0,53680335.0,53772380.0,53862896.0,53958704.0,54054559.0,54152395.0,54245539.0,54335772.0,54426586.0,54521231.0,54616130.0,54710938.0,54805166.0,54894782.0,54992827.0,55090622.0,55182082.0,55273276.0,55370296.0,55466002.0,55554026.0,55647601.0,55742446.0,55834762.0,55927345.0,56056219.0,56199455.0,56308470.0,56415806.0,56521742.0,56624205.0,56726623.0,56830770.0,56944462.0,57052248.0,57150565.0,57249086.0,57343716.0,57430369.0,57515019.0,57615965.0,57717209.0,57816180.0,57908788.0,57999112.0,58089853.0,58181590.0,58274958.0,58371956.0,58468577.0,58567903.0,58666097.0,58761417.0,58859787.0,58958614.0,59043849.0,59136726.0,59225508.0,59354619.0,59467596.0,59574615.0,59686372.0,59789895.0,59897971.0,60007684.0,60111234.0,60214040.0,60317884.0,60412307.0,60499184.0,60586978.0,60673972.0,60762868.0,60850491.0,60936864.0,61016186.0,61093013.0,61166810.0,61240582.0,61316718.0,61390495.0,61467700.0,61542376.0,61614725.0,61687127.0,61762111.0,61836418.0,61913869.0,61995968.0,62080671.0,62165163.0,62241324.0,62313974.0,62388694.0,62464388.0,62543524.0,62625038.0,62705969.0,62789436.0,62872776.0,62957019.0,63036070.0,63115928.0,63195830.0,63273918.0,63347170.0,63419148.0,63489908.0,63560887.0,63634706.0,63710229.0,63786265.0,63859636.0,63934181.0,64011946.0,64093683.0,64231108.0,64369353.0,64496571.0,64605123.0,64709700.0,64812882.0,64910637.0,,,,,,,,,65782440.0,65873347.0,65957526.0,66038847.0,66120874.0,66198718.0,66274036.0,66348521.0,66418209.0,66484427.0,66549386.0,66614175.0,66687069.0,66760056.0,66828780.0,66893461.0,66958378.0,67026954.0,67095190.0,67167511.0,67239250.0,67311855.0,67383144.0,67455772.0,67532004.0,67608744.0,67682395.0,67759251.0,67834401.0,67909678.0,67981744.0,68054381.0,68127341.0,68197375.0,68265859.0,68339395.0,68423416.0,68500952.0,68582328.0,68664126.0,68747983.0,68827605.0,68910853.0,68990064.0,69066676.0,69144622.0,69221507.0,69299558.0,69376589
23urWKmHS6o,47316120.0,47371013.0,47435329.0,47498275.0,47557472.0,47617036.0,47677038.0,47737029.0,47800472.0,47865319.0,47928809.0,47987362.0,48048556.0,48112070.0,48178564.0,48244329.0,48313848.0,48382235.0,48446932.0,48510862.0,48572419.0,48632324.0,48688838.0,48744537.0,48796723.0,48848097.0,48896354.0,48947454.0,49000198.0,49054257.0,49108842.0,49160025.0,49211923.0,49264396.0,49318494.0,49375448.0,49444370.0,49520109.0,49587829.0,49650312.0,49714502.0,49778233.0,49840149.0,49904132.0,49969076.0,50029620.0,50083754.0,50138556.0,50193915.0,50250047.0,50304590.0,50361209.0,50415677.0,50464810.0,50517936.0,50570256.0,50624306.0,50678887.0,50737739.0,50797507.0,50851475.0,50905462.0,50957978.0,51010263.0,51061368.0,51111996.0,51158252.0,51205037.0,51247663.0,51300289.0,51353237.0,51407108.0,51461259.0,51513130.0,51560403.0,51607961.0,51657832.0,51707753.0,51759353.0,51812116.0,51863039.0,51909534.0,51956727.0,52003319.0,52047770.0,52093095.0,52138878.0,52182158.0,52220863.0,52257618.0,52296198.0,52334498.0,52377344.0,52422279.0,52467127.0,52504039.0,52541257.0,52577674.0,52616231.0,52658525.0,52703604.0,52748233.0,52788019.0,52826344.0,52865389.0,52904262.0,52942739.0,52985180.0,53030540.0,53068538.0,53103964.0,53141207.0,53177666.0,53215556.0,53257028.0,53300713.0,53339117.0,53376028.0,53413802.0,53450151.0,53487115.0,53525860.0,53564468.0,53599111.0,53634601.0,53670436.0,53707842.0,53749211.0,53794561.0,53839022.0,53878784.0,53917978.0,53958828.0,53999952.0,,,,,,,,,54358360.0,54397879.0,54432186.0,54464178.0,54499631.0,54534944.0,54569672.0,54609077.0,54654074.0,54694698.0,54734364.0,54771966.0,54813942.0,54855473.0,54898747.0,54942381.0,54983272.0,55021180.0,55060798.0,55096965.0,55129306.0,55164526.0,55198827.0,55229495.0,55260713.0,55290964.0,55321530.0,55353616.0,55387572.0,55422748.0,55453384.0,55483756.0,55514711.0,55547203.0,55580415.0,55616809.0,55653315.0,55685378.0,55719000.0,55752155.0,55787681.0,55822750.0,55860603.0,55898425.0,55932281.0,55966726.0,56001816.0,56037393.0,56073850
eWAdpUyzCkI,70439383.0,70668721.0,70943512.0,71203257.0,71445291.0,71680018.0,71910004.0,72157508.0,72412881.0,72666068.0,72911358.0,73142310.0,73380334.0,73614428.0,73857849.0,74097411.0,74347731.0,74584307.0,74808535.0,75037649.0,75276251.0,75529457.0,75775831.0,76035548.0,76273805.0,76520878.0,76759106.0,76993401.0,77212608.0,77438218.0,77669960.0,77885855.0,78121895.0,78353602.0,78590175.0,78827395.0,79090974.0,79402511.0,79694604.0,79959491.0,80203571.0,80451416.0,80684989.0,80918075.0,81159600.0,81386092.0,81588938.0,81807648.0,82025279.0,82236060.0,82443471.0,82656385.0,82863771.0,83055894.0,83281601.0,83492366.0,83697240.0,83888525.0,84092982.0,84304833.0,84500647.0,84691725.0,84878956.0,85069894.0,85264583.0,85466993.0,85647057.0,85828697.0,85986370.0,86191383.0,86386857.0,86586432.0,86780914.0,86955152.0,87130967.0,87320360.0,87509006.0,87702705.0,87897852.0,88099466.0,88289162.0,88467553.0,88641711.0,88826370.0,89006104.0,89188384.0,89372352.0,89548083.0,89709128.0,89862986.0,90022570.0,90180802.0,90349280.0,90520043.0,90689621.0,90836000.0,90990808.0,91148104.0,91313189.0,91481297.0,91668519.0,91873751.0,92051871.0,92206236.0,92361840.0,92519236.0,92675799.0,92836281.0,93000193.0,93161303.0,93318798.0,93485168.0,93648596.0,93815935.0,93992163.0,94162328.0,94310459.0,94454417.0,94597939.0,94737366.0,94884162.0,95042710.0,95202661.0,95345258.0,95484886.0,95625835.0,95780836.0,95951932.0,96144871.0,96330904.0,96492877.0,96656601.0,96821130.0,96983956.0,,,,,,,,,98605637.0,98810206.0,98985980.0,99152283.0,99319830.0,99487470.0,99646961.0,99810222.0,99982449.0,100138778.0,100292366.0,100447684.0,100616312.0,100782222.0,100946895.0,101109726.0,101264739.0,101413905.0,101554972.0,101697444.0,101845420.0,102000416.0,102155632.0,102295706.0,102436458.0,102582749.0,102735373.0,102895148.0,103060312.0,103226624.0,103371930.0,103518195.0,103667477.0,103817066.0,103968402.0,104131812.0,104286088.0,104426417.0,104572723.0,104723256.0,104882714.0,105040972.0,105213005.0,105377995.0,105531873.0,105686628.0,105840100.0,105997757.0,106156861
YQwTOpvcTYU,3054098.0,3072151.0,3093067.0,3112972.0,3131363.0,3149404.0,3166745.0,3185215.0,3203806.0,3223408.0,3241753.0,3257957.0,3275141.0,3291415.0,3308526.0,3325225.0,3343077.0,3359995.0,3374775.0,3388589.0,3402983.0,3417529.0,3431885.0,3446550.0,3460038.0,3471796.0,3483217.0,3494902.0,3506193.0,3517551.0,3530106.0,3541282.0,3551903.0,3562824.0,3573342.0,3583798.0,3595158.0,3606951.0,3617568.0,3626992.0,3636822.0,3646176.0,3655042.0,3664082.0,3673049.0,3681952.0,3690029.0,3698239.0,3706353.0,3714353.0,3722240.0,3730740.0,3738518.0,3745723.0,3753652.0,3761573.0,3769520.0,3777493.0,3786602.0,3795674.0,3803124.0,3810751.0,3818221.0,3826012.0,3833882.0,3841918.0,3849492.0,3856711.0,3863015.0,3871886.0,3879799.0,3887418.0,3895128.0,3902533.0,3909686.0,3916845.0,3924267.0,3931493.0,3939178.0,3947658.0,3954994.0,3961740.0,3968195.0,3974902.0,3981710.0,3988512.0,3995600.0,4002293.0,4008339.0,4014191.0,4020654.0,4026810.0,4033445.0,4040284.0,4046926.0,4052537.0,4058068.0,4063756.0,4069517.0,4075474.0,4082320.0,4089068.0,4094605.0,4100141.0,4106343.0,4112616.0,4118720.0,4125356.0,4131749.0,4137421.0,4143191.0,4149132.0,4154782.0,4160611.0,4167029.0,4173419.0,4178546.0,4183353.0,4188757.0,4193951.0,4199781.0,4205924.0,4212101.0,4217344.0,4223079.0,4228967.0,4235380.0,4244016.0,4251950.0,4258875.0,4264726.0,4270843.0,4277174.0,4283454.0,,,,,,,,,4333374.0,4338982.0,4343547.0,4348315.0,4353065.0,4357920.0,4362954.0,4368323.0,4374106.0,4379086.0,4384276.0,4389511.0,4395190.0,4400659.0,4407001.0,4412976.0,4417979.0,4423257.0,4428442.0,4433327.0,4437805.0,4442831.0,4447293.0,4451336.0,4455500.0,4459906.0,4464379.0,4468812.0,4473245.0,4477503.0,4481516.0,4485455.0,4489314.0,4493152.0,4497162.0,4501581.0,4505780.0,4509268.0,4513242.0,4517180.0,4521346.0,4525341.0,4529873.0,4534177.0,4537937.0,4541718.0,4545630.0,4549605.0,4553746
NFeI7hJvfeA,3796068.0,3803261.0,3811753.0,3820016.0,3828019.0,3835969.0,3843377.0,3851211.0,3860108.0,3868143.0,3875915.0,3883370.0,3891514.0,3899697.0,3908405.0,3916860.0,3925116.0,3932921.0,3940978.0,3949589.0,3958541.0,3968576.0,3977982.0,3986390.0,3993743.0,4001718.0,4010510.0,4019370.0,4028931.0,4038239.0,4046565.0,4053734.0,4061436.0,4069523.0,4077590.0,4085284.0,4092821.0,4099700.0,4105650.0,4111724.0,4118505.0,4125239.0,4132507.0,4140306.0,4147133.0,4153221.0,4158993.0,4165757.0,4172411.0,4178393.0,4183805.0,4190276.0,4196458.0,4202272.0,4208836.0,4214947.0,4220691.0,4226822.0,4233149.0,4239521.0,4246412.0,4253630.0,4260626.0,4267002.0,4272777.0,4279081.0,4285212.0,4291850.0,4298190.0,4306073.0,4313038.0,4319726.0,4326245.0,4332212.0,4338343.0,4345603.0,4353093.0,4361120.0,4368746.0,4376092.0,4382405.0,4389407.0,4396507.0,4403338.0,4409916.0,4417385.0,4424427.0,4430459.0,4437350.0,4444963.0,4453661.0,4462166.0,4470203.0,4478949.0,4487317.0,4495036.0,4503719.0,4512416.0,4520710.0,4528772.0,4536816.0,4544327.0,4552000.0,4559963.0,4567462.0,4575352.0,4583064.0,4590301.0,4597110.0,4604505.0,4612750.0,4620979.0,4628989.0,4636468.0,4643732.0,4650388.0,4657405.0,4664670.0,4672255.0,4679474.0,4686783.0,4693126.0,4698043.0,4703509.0,4710707.0,4717485.0,4723762.0,4730544.0,4736726.0,4742317.0,4748545.0,4755548.0,4762326.0,4768960.0,,,,,,,,,4824853.0,4830127.0,4835798.0,4842013.0,4848515.0,4855454.0,4861638.0,4867190.0,4872770.0,4878817.0,4885495.0,4891853.0,4898585.0,4905086.0,4910999.0,4916418.0,4922286.0,4929147.0,4936127.0,4942874.0,4949830.0,4956402.0,4962237.0,4968626.0,4975610.0,4983233.0,4990641.0,4998055.0,5004484.0,5010724.0,5017493.0,5024849.0,5032559.0,5039361.0,5045990.0,5052365.0,5058315.0,5064728.0,5072072.0,5079601.0,5087482.0,5094628.0,5101138.0,5106770.0,5112849.0,5119327.0,5126165.0,5133043.0,5139876
XyN02FY0Cf0,934156.0,936995.0,940564.0,943990.0,947358.0,950715.0,953585.0,956432.0,960580.0,964241.0,967373.0,970762.0,974156.0,977087.0,980007.0,982807.0,985282.0,987571.0,989721.0,992011.0,994146.0,996383.0,998482.0,1000293.0,1001908.0,1003656.0,1005266.0,1007174.0,1008972.0,1010792.0,1012360.0,1013893.0,1015335.0,1016891.0,1018459.0,1020072.0,1021495.0,1022723.0,1023998.0,1025468.0,1026954.0,1028451.0,1029936.0,1031315.0,1032621.0,1033933.0,1035147.0,1036490.0,1037744.0,1038927.0,1040032.0,1041177.0,1042251.0,1043262.0,1044596.0,1045842.0,1047035.0,1048205.0,1049357.0,1050477.0,1051654.0,1052741.0,1053848.0,1054896.0,1055905.0,1056823.0,1057768.0,1058752.0,1059608.0,1060919.0,1062007.0,1062923.0,1063847.0,1064806.0,1065755.0,1066785.0,1067885.0,1068984.0,1069955.0,1070832.0,1071836.0,1072769.0,1073798.0,1074830.0,1075853.0,1076820.0,1078097.0,1079138.0,1080177.0,1081249.0,1082204.0,1083170.0,1084086.0,1084989.0,1085895.0,1086756.0,1087791.0,1088733.0,1089722.0,1090667.0,1091489.0,1092405.0,1093291.0,1094238.0,1095108.0,1095977.0,1096609.0,1097513.0,1098261.0,1099161.0,1099906.0,1100628.0,1101414.0,1102171.0,1102904.0,1103644.0,1104224.0,1104996.0,1105656.0,1106365.0,1107056.0,1107577.0,1108136.0,1108760.0,1109495.0,1110137.0,1110838.0,1111536.0,1112198.0,1112878.0,1113564.0,1114264.0,1115008.0,1115627.0,,,,,,,,,1121704.0,1122266.0,1122955.0,1123608.0,1124182.0,1124751.0,1125333.0,1125826.0,1126451.0,1127134.0,1127851.0,1128469.0,1129216.0,1129865.0,1130444.0,1131021.0,1131595.0,1132169.0,1132767.0,1133332.0,1133855.0,1134333.0,1134892.0,1135452.0,1135983.0,1136488.0,1137032.0,1137643.0,1138134.0,1138714.0,1139231.0,1139764.0,1140283.0,1140903.0,1141335.0,1141821.0,1142358.0,1142907.0,1143443.0,1143983.0,1144509.0,1144959.0,1145431.0,1145807.0,1146368.0,1146821.0,1147359.0,1147763.0,1148312
3TG1-WN5eSo,1127.0,1127.0,1129.0,1130.0,1131.0,1131.0,1131.0,1133.0,1135.0,1138.0,1138.0,1141.0,1142.0,1142.0,1142.0,1143.0,1144.0,1144.0,1144.0,1144.0,1146.0,1146.0,1146.0,1147.0,1148.0,1148.0,1149.0,1149.0,1151.0,1153.0,1155.0,1157.0,1157.0,1166.0,1169.0,1170.0,1172.0,1175.0,1175.0,1177.0,1179.0,1181.0,1183.0,1183.0,1183.0,1183.0,1184.0,1185.0,1185.0,1186.0,1186.0,1186.0,1186.0,1188.0,1188.0,1189.0,1192.0,1195.0,1197.0,1198.0,1198.0,1198.0,1198.0,1199.0,1199.0,1201.0,1201.0,1203.0,1203.0,1204.0,1204.0,1204.0,1204.0,1204.0,1205.0,1207.0,1208.0,1209.0,1210.0,1211.0,1211.0,1212.0,1212.0,1212.0,1212.0,1212.0,1212.0,1212.0,1214.0,1214.0,1214.0,1214.0,1214.0,1215.0,1215.0,1215.0,1215.0,1215.0,1215.0,1215.0,1215.0,1215.0,1215.0,1215.0,1215.0,1215.0,1217.0,1218.0,1219.0,1231.0,1239.0,1242.0,1243.0,1248.0,1248.0,1248.0,1249.0,1250.0,1250.0,1251.0,1251.0,1251.0,1251.0,1251.0,1252.0,1253.0,1253.0,1253.0,1253.0,1253.0,1253.0,1255.0,1255.0,1257.0,,,,,,,,,1260.0,1261.0,1261.0,1261.0,1261.0,1261.0,1261.0,1261.0,1261.0,1261.0,1261.0,1261.0,1261.0,1261.0,1261.0,1262.0,1262.0,1262.0,1263.0,1263.0,1263.0,1263.0,1263.0,1263.0,1263.0,1263.0,1263.0,1263.0,1263.0,1264.0,1264.0,1264.0,1265.0,1265.0,1267.0,1268.0,1268.0,1268.0,1269.0,1269.0,1269.0,1269.0,1269.0,1269.0,1270.0,1271.0,1272.0,1272.0,1273
zcVEu2bSZas,593.0,595.0,597.0,600.0,602.0,607.0,609.0,612.0,616.0,617.0,618.0,621.0,624.0,624.0,625.0,627.0,630.0,631.0,631.0,631.0,633.0,633.0,634.0,634.0,636.0,636.0,642.0,646.0,650.0,653.0,661.0,668.0,670.0,671.0,680.0,689.0,699.0,702.0,707.0,709.0,710.0,715.0,718.0,721.0,724.0,728.0,729.0,730.0,733.0,739.0,740.0,741.0,742.0,744.0,747.0,749.0,751.0,753.0,755.0,755.0,755.0,756.0,761.0,761.0,765.0,767.0,767.0,768.0,768.0,769.0,772.0,775.0,775.0,776.0,777.0,777.0,777.0,777.0,778.0,783.0,784.0,784.0,786.0,792.0,793.0,794.0,798.0,799.0,799.0,799.0,799.0,801.0,802.0,804.0,804.0,804.0,804.0,804.0,804.0,806.0,808.0,808.0,808.0,808.0,809.0,809.0,809.0,810.0,810.0,810.0,811.0,812.0,813.0,814.0,814.0,815.0,816.0,816.0,816.0,817.0,821.0,821.0,823.0,823.0,826.0,829.0,829.0,831.0,833.0,834.0,834.0,834.0,834.0,835.0,,,,,,,,,841.0,842.0,842.0,843.0,843.0,843.0,844.0,844.0,844.0,844.0,844.0,844.0,844.0,844.0,845.0,846.0,847.0,848.0,849.0,851.0,852.0,855.0,855.0,857.0,857.0,858.0,858.0,859.0,861.0,861.0,862.0,863.0,863.0,863.0,865.0,866.0,868.0,868.0,869.0,869.0,869.0,871.0,873.0,874.0,874.0,874.0,874.0,876.0,877
TRTt4v38kOM,4795.0,4822.0,4841.0,4890.0,4919.0,4943.0,4966.0,4988.0,5007.0,5022.0,5048.0,5069.0,5083.0,5100.0,5123.0,5148.0,5168.0,5183.0,5201.0,5219.0,5239.0,5293.0,5318.0,5327.0,5336.0,5351.0,5359.0,5332.0,5338.0,5348.0,5355.0,5364.0,5375.0,5383.0,5391.0,5399.0,5401.0,5405.0,5408.0,5410.0,5421.0,5430.0,5442.0,5457.0,5461.0,5473.0,5470.0,5476.0,5487.0,5501.0,5510.0,5515.0,5521.0,5532.0,5540.0,5549.0,5556.0,5567.0,5574.0,5588.0,5596.0,5600.0,5612.0,5620.0,5626.0,5629.0,5638.0,5652.0,5658.0,5678.0,5684.0,5692.0,5701.0,5711.0,5724.0,5735.0,5746.0,5756.0,5763.0,5785.0,5791.0,5801.0,5812.0,5817.0,5828.0,5840.0,5842.0,5854.0,5862.0,5870.0,5884.0,5895.0,5902.0,5911.0,5927.0,5933.0,5960.0,5976.0,5987.0,6017.0,6042.0,6058.0,6083.0,6112.0,6152.0,6186.0,6215.0,6239.0,6246.0,6259.0,6273.0,6292.0,6302.0,6319.0,6324.0,6337.0,6346.0,6355.0,6365.0,6380.0,6388.0,6397.0,6405.0,6413.0,6419.0,6425.0,6431.0,6436.0,6442.0,6449.0,6451.0,6456.0,6464.0,6472.0,,,,,,,,,6511.0,6516.0,6521.0,6534.0,6541.0,6549.0,6564.0,6569.0,6575.0,6579.0,6586.0,6595.0,6602.0,6607.0,6614.0,6623.0,6627.0,6634.0,6639.0,6643.0,6648.0,6654.0,6658.0,6660.0,6665.0,6666.0,6674.0,6680.0,6683.0,6688.0,6697.0,6701.0,6705.0,6709.0,6713.0,6724.0,6727.0,6729.0,6734.0,6738.0,6743.0,6747.0,6752.0,6760.0,6767.0,6775.0,6782.0,6788.0,6794
2V6lvCUPT8I,73831882.0,73966669.0,74126294.0,74284030.0,74428251.0,74568113.0,74704931.0,74843449.0,74985840.0,75128979.0,75269418.0,75392486.0,75525712.0,75655864.0,75789966.0,75921694.0,76062254.0,76194875.0,76313631.0,76434442.0,76558633.0,76683764.0,76810831.0,76945634.0,77083473.0,77215973.0,77359381.0,77505149.0,77631676.0,77759385.0,77894494.0,78021976.0,78153694.0,78283561.0,78416263.0,78548317.0,78712073.0,78919785.0,79113115.0,79298020.0,79475326.0,79646460.0,79823118.0,79998590.0,80171680.0,80338875.0,80494519.0,80652093.0,80796160.0,80928711.0,81058512.0,81197062.0,81333065.0,81464551.0,81612146.0,81752574.0,81889714.0,82027714.0,82180114.0,82335160.0,82488539.0,82643787.0,82796386.0,82943910.0,83094377.0,83248221.0,83385724.0,83527058.0,83670608.0,83864665.0,84036345.0,84198384.0,84350809.0,84492701.0,84621959.0,84751446.0,84876772.0,84997230.0,85122815.0,85247953.0,85370203.0,85478981.0,85585694.0,85695263.0,85801276.0,85910669.0,86021790.0,86127496.0,86227772.0,86322930.0,86419111.0,86510997.0,86615645.0,86725022.0,86834933.0,86924860.0,87007960.0,87092723.0,87180820.0,87269926.0,87369420.0,87476598.0,87562207.0,87640779.0,87718681.0,87796537.0,87877899.0,87969848.0,88064177.0,88144164.0,88220240.0,88298675.0,88374547.0,88457243.0,88554537.0,88653308.0,88735902.0,88814852.0,88894246.0,88971491.0,89048741.0,89137687.0,89229730.0,89309061.0,89394460.0,89488613.0,89590983.0,89735878.0,89904046.0,90053491.0,90176160.0,90295589.0,90417686.0,90522264.0,,,,,,,,,91407959.0,91500027.0,91575663.0,91648105.0,91727586.0,91806444.0,91895956.0,92011247.0,92172395.0,92314093.0,92461693.0,92637933.0,92804882.0,93010644.0,93219185.0,93431117.0,93602678.0,93763386.0,93918079.0,94019606.0,94093194.0,94173259.0,94251734.0,94314426.0,94379138.0,94445202.0,94510151.0,94583367.0,94663089.0,94742022.0,94806954.0,94871319.0,94937538.0,95003848.0,95073152.0,95151895.0,95229697.0,95297174.0,95365903.0,95436503.0,95503469.0,95569231.0,95643732.0,95714324.0,95776859.0,95836641.0,95897008.0,95960128.0,96025812
N6yQa4CFfbk,3412.0,3419.0,3432.0,3447.0,3457.0,3474.0,3485.0,3499.0,3514.0,3521.0,3534.0,3542.0,3550.0,3560.0,3577.0,3593.0,3598.0,3605.0,3614.0,3654.0,3666.0,3676.0,3688.0,3698.0,3713.0,3731.0,3743.0,3756.0,3776.0,3791.0,3805.0,3814.0,3826.0,3835.0,3847.0,3858.0,3865.0,3878.0,3890.0,3902.0,3947.0,3984.0,4003.0,4024.0,4035.0,4054.0,4078.0,4097.0,4115.0,4133.0,4145.0,4156.0,4167.0,4186.0,4209.0,4231.0,4255.0,4290.0,4324.0,4376.0,4412.0,4472.0,4506.0,4535.0,4557.0,4578.0,4604.0,4630.0,4652.0,4695.0,4718.0,4765.0,4810.0,4854.0,4903.0,4936.0,4970.0,4985.0,5000.0,5014.0,5036.0,5062.0,5077.0,5088.0,5100.0,5109.0,5114.0,5131.0,5139.0,5145.0,5156.0,5171.0,5181.0,5191.0,5203.0,5209.0,5215.0,5227.0,5232.0,5247.0,5258.0,5272.0,5280.0,5288.0,5299.0,5310.0,5326.0,5340.0,5349.0,5358.0,5371.0,5389.0,5401.0,5409.0,5415.0,5422.0,5425.0,5430.0,5437.0,5442.0,5447.0,5454.0,5455.0,5457.0,5460.0,5464.0,5465.0,5470.0,5477.0,5480.0,5481.0,5481.0,5485.0,5491.0,,,,,,,,,5539.0,5539.0,5543.0,5546.0,5549.0,5550.0,5551.0,5553.0,5557.0,5561.0,5561.0,5561.0,5564.0,5568.0,5571.0,5572.0,5574.0,5588.0,5594.0,5597.0,5600.0,5605.0,5608.0,5616.0,5622.0,5629.0,5632.0,5639.0,5640.0,5643.0,5647.0,5649.0,5652.0,5654.0,5658.0,5659.0,5665.0,5668.0,5671.0,5676.0,5678.0,5683.0,5689.0,5692.0,5693.0,5695.0,5700.0,5705.0,5707
WxnMeZBGk9k,1603.0,1604.0,1604.0,1607.0,1608.0,1608.0,1610.0,1611.0,1611.0,1611.0,1613.0,1615.0,1615.0,1616.0,1621.0,1621.0,1621.0,1623.0,1625.0,1627.0,1630.0,1631.0,1635.0,1638.0,1639.0,1640.0,1643.0,1645.0,1645.0,1646.0,1647.0,1648.0,1650.0,1650.0,1651.0,1655.0,1655.0,1657.0,1657.0,1657.0,1659.0,1660.0,1662.0,1665.0,1666.0,1668.0,1669.0,1670.0,1674.0,1681.0,1684.0,1686.0,1688.0,1688.0,1693.0,1694.0,1693.0,1696.0,1696.0,1697.0,1698.0,1698.0,1698.0,1699.0,1700.0,1701.0,1703.0,1703.0,1703.0,1704.0,1704.0,1704.0,1704.0,1704.0,1704.0,1707.0,1709.0,1709.0,1711.0,1711.0,1711.0,1711.0,1712.0,1712.0,1712.0,1712.0,1712.0,1713.0,1713.0,1713.0,1713.0,1714.0,1714.0,1714.0,1716.0,1716.0,1716.0,1717.0,1717.0,1717.0,1717.0,1717.0,1717.0,1717.0,1717.0,1718.0,1721.0,1721.0,1721.0,1721.0,1723.0,1724.0,1728.0,1728.0,1733.0,1734.0,1734.0,1735.0,1739.0,1739.0,1739.0,1740.0,1740.0,1742.0,1742.0,1742.0,1744.0,1745.0,1745.0,1745.0,1746.0,1747.0,1747.0,1747.0,,,,,,,,,1750.0,1750.0,1750.0,1750.0,1751.0,1752.0,1752.0,1752.0,1754.0,1758.0,1758.0,1758.0,1759.0,1759.0,1759.0,1760.0,1760.0,1761.0,1762.0,1762.0,1764.0,1764.0,1765.0,1765.0,1769.0,1770.0,1771.0,1771.0,1771.0,1771.0,1771.0,1771.0,1772.0,1772.0,1773.0,1774.0,1775.0,1776.0,1776.0,1778.0,1779.0,1780.0,1780.0,1779.0,1779.0,1779.0,1781.0,1782.0,1782
y4ao3hDll1A,57694.0,57841.0,58010.0,58157.0,58386.0,58601.0,58769.0,58934.0,59133.0,59414.0,59660.0,59888.0,60075.0,60264.0,60537.0,60793.0,61108.0,61368.0,61712.0,62058.0,62367.0,62700.0,62992.0,63181.0,63333.0,63529.0,63764.0,63938.0,64106.0,64309.0,64399.0,64537.0,64710.0,64847.0,65038.0,65197.0,65384.0,65547.0,65679.0,65862.0,66018.0,66201.0,66356.0,66652.0,66816.0,66948.0,67103.0,67263.0,67435.0,67584.0,67710.0,67826.0,67915.0,68053.0,68160.0,68321.0,68484.0,68656.0,68802.0,68949.0,69126.0,69325.0,69532.0,69744.0,69911.0,70037.0,70153.0,70290.0,70412.0,70599.0,70820.0,71032.0,71198.0,71355.0,71494.0,71670.0,71850.0,72013.0,72232.0,72396.0,72613.0,72780.0,73117.0,73444.0,73716.0,74046.0,74350.0,74617.0,74891.0,75190.0,75437.0,75668.0,76035.0,76317.0,76491.0,76783.0,76997.0,77238.0,77488.0,77769.0,78016.0,78205.0,78449.0,78750.0,79056.0,79362.0,79655.0,79988.0,80222.0,80482.0,80738.0,80990.0,81241.0,81484.0,81706.0,81920.0,82220.0,82602.0,82941.0,83265.0,83512.0,83714.0,83925.0,84153.0,84373.0,84626.0,84864.0,85065.0,85263.0,85456.0,85632.0,85837.0,86019.0,86221.0,,,,,,,,,88182.0,88348.0,88560.0,88783.0,89017.0,89308.0,89547.0,89737.0,89925.0,90246.0,90513.0,90783.0,91164.0,91509.0,91862.0,92171.0,92497.0,92885.0,93204.0,93490.0,93827.0,94152.0,94454.0,94748.0,95029.0,95313.0,95631.0,95865.0,96070.0,96252.0,96530.0,96815.0,97039.0,97246.0,97527.0,97809.0,98024.0,98334.0,98760.0,99069.0,99368.0,99678.0,99904.0,100108.0,100408.0,100772.0,101138.0,101381.0,101780
oSaz5dJFKQs,1353.0,1355.0,1357.0,1358.0,1358.0,1360.0,1360.0,1361.0,1362.0,1364.0,1365.0,1365.0,1367.0,1369.0,1369.0,1371.0,1371.0,1379.0,1380.0,1382.0,1385.0,1386.0,1386.0,1387.0,1390.0,1391.0,1394.0,1394.0,1396.0,1401.0,1404.0,1406.0,1407.0,1407.0,1409.0,1409.0,1411.0,1412.0,1414.0,1414.0,1414.0,1416.0,1416.0,1417.0,1422.0,1422.0,1423.0,1424.0,1427.0,1429.0,1432.0,1432.0,1432.0,1437.0,1437.0,1438.0,1438.0,1439.0,1440.0,1441.0,1442.0,1444.0,1449.0,1451.0,1451.0,1453.0,1453.0,1453.0,1456.0,1459.0,1460.0,1461.0,1461.0,1463.0,1466.0,1466.0,1468.0,1470.0,1472.0,1472.0,1473.0,1474.0,1476.0,1477.0,1478.0,1478.0,1479.0,1480.0,1481.0,1484.0,1484.0,1485.0,1488.0,1488.0,1489.0,1491.0,1492.0,1492.0,1493.0,1495.0,1497.0,1499.0,1500.0,1501.0,1502.0,1504.0,1505.0,1506.0,1507.0,1507.0,1507.0,1508.0,1510.0,1510.0,1510.0,1510.0,1511.0,1512.0,1514.0,1515.0,1516.0,1517.0,1519.0,1519.0,1521.0,1521.0,1521.0,1522.0,1523.0,1525.0,1528.0,1529.0,1532.0,1533.0,,,,,,,,,1537.0,1537.0,1542.0,1545.0,1545.0,1546.0,1546.0,1548.0,1548.0,1549.0,1549.0,1549.0,1549.0,1550.0,1551.0,1553.0,1557.0,1560.0,1561.0,1561.0,1561.0,1562.0,1565.0,1566.0,1567.0,1568.0,1570.0,1573.0,1574.0,1577.0,1577.0,1577.0,1578.0,1578.0,1578.0,1579.0,1580.0,1580.0,1581.0,1583.0,1583.0,1583.0,1584.0,1584.0,1585.0,1587.0,1588.0,1588.0,1591
y1bNfSi3UVY,601341.0,601687.0,602036.0,602285.0,602634.0,602996.0,603360.0,603734.0,604216.0,604778.0,605160.0,605533.0,605937.0,606280.0,606595.0,606880.0,607195.0,607514.0,607728.0,608022.0,608271.0,608543.0,608806.0,609040.0,609271.0,609503.0,609733.0,609972.0,610179.0,610449.0,610780.0,611064.0,611344.0,611603.0,611843.0,612100.0,612483.0,612827.0,613069.0,613362.0,613611.0,613829.0,614043.0,614237.0,614468.0,614668.0,614885.0,615105.0,615321.0,615524.0,615733.0,615979.0,616200.0,616456.0,616720.0,616980.0,617280.0,617558.0,617798.0,618010.0,618323.0,618573.0,618871.0,619167.0,619470.0,619813.0,620045.0,620244.0,620496.0,620799.0,621045.0,621315.0,621568.0,621781.0,622032.0,622345.0,622591.0,622811.0,623096.0,623311.0,623574.0,623811.0,624021.0,624227.0,624464.0,624682.0,624910.0,625135.0,625356.0,625580.0,625765.0,625958.0,626199.0,626400.0,626598.0,626849.0,627022.0,627203.0,627396.0,627617.0,627792.0,628034.0,628322.0,628524.0,628749.0,628924.0,629110.0,629295.0,629460.0,629637.0,629847.0,630075.0,630304.0,630556.0,630744.0,630978.0,631143.0,631382.0,631641.0,631868.0,632084.0,632310.0,632564.0,632770.0,632985.0,633210.0,633390.0,633559.0,633732.0,633955.0,634172.0,634377.0,634552.0,634769.0,,,,,,,,,636624.0,636805.0,636986.0,637207.0,637419.0,637586.0,637839.0,638011.0,638207.0,638390.0,638566.0,638721.0,638912.0,639063.0,639237.0,639373.0,639572.0,639734.0,639969.0,640156.0,640323.0,640505.0,640655.0,640857.0,641043.0,641257.0,641412.0,641650.0,641816.0,642003.0,642218.0,642443.0,642677.0,642860.0,643083.0,643261.0,643470.0,643641.0,643824.0,643993.0,644174.0,644384.0,644576.0,644735.0,644933.0,645122.0,645356.0,645596.0,645823
1b61-ddiufM,85885.0,85994.0,86205.0,86324.0,86493.0,86679.0,86846.0,87025.0,87203.0,87386.0,87493.0,87659.0,87842.0,88026.0,88202.0,88391.0,88558.0,88713.0,88863.0,89051.0,89232.0,89417.0,89619.0,89789.0,89945.0,90092.0,90251.0,90445.0,90647.0,90804.0,90963.0,91078.0,91218.0,91370.0,91511.0,91665.0,91802.0,91954.0,92095.0,92196.0,92326.0,92444.0,92575.0,92735.0,92837.0,92946.0,93051.0,93182.0,93297.0,93403.0,93527.0,93660.0,93759.0,93890.0,93990.0,94092.0,94206.0,94325.0,94413.0,94508.0,94655.0,94775.0,94910.0,95046.0,95157.0,95265.0,95362.0,95477.0,95596.0,95746.0,95857.0,95952.0,96057.0,96154.0,96259.0,96379.0,96534.0,96648.0,96767.0,96893.0,96976.0,97096.0,97204.0,97315.0,97448.0,97571.0,97699.0,97761.0,97879.0,97998.0,98108.0,98235.0,98333.0,98423.0,98520.0,98603.0,98698.0,98799.0,98909.0,99024.0,99167.0,99287.0,99450.0,99582.0,99750.0,99870.0,100027.0,100198.0,100331.0,100480.0,100605.0,100725.0,100855.0,100964.0,101108.0,101194.0,101314.0,101445.0,101584.0,101719.0,101833.0,101965.0,102074.0,102209.0,102327.0,102498.0,102636.0,102809.0,102992.0,103190.0,103399.0,103555.0,103748.0,103933.0,,,,,,,,,105593.0,105747.0,105936.0,106100.0,106236.0,106396.0,106591.0,106770.0,106907.0,107025.0,107143.0,107263.0,107401.0,107542.0,107697.0,107846.0,107965.0,108081.0,108201.0,108287.0,108379.0,108480.0,108587.0,108673.0,108783.0,108889.0,108974.0,109070.0,109160.0,109247.0,109327.0,109429.0,109518.0,109583.0,109676.0,109767.0,109843.0,109923.0,109994.0,110116.0,110232.0,110380.0,110500.0,110653.0,110798.0,110957.0,111070.0,111205.0,111329
9NaAOD5hET4,323968.0,324144.0,324353.0,324531.0,324781.0,324996.0,325153.0,325386.0,325631.0,325884.0,326104.0,326318.0,326580.0,327005.0,327554.0,328118.0,328446.0,328614.0,328752.0,328924.0,329135.0,329446.0,329728.0,329943.0,330209.0,330471.0,330741.0,331119.0,331391.0,331558.0,331732.0,331870.0,332050.0,332248.0,332454.0,332621.0,332779.0,332909.0,332988.0,333152.0,333290.0,333438.0,333592.0,333767.0,333945.0,334103.0,334395.0,334560.0,334717.0,334933.0,335137.0,335311.0,335483.0,335658.0,335938.0,336179.0,336472.0,336768.0,337046.0,337299.0,337536.0,337785.0,337952.0,338217.0,338448.0,338629.0,338783.0,338930.0,339073.0,339265.0,339385.0,339523.0,339622.0,339764.0,339893.0,340021.0,340180.0,340355.0,340468.0,340578.0,340678.0,340787.0,340875.0,340979.0,341105.0,341225.0,341309.0,341380.0,341461.0,341544.0,341649.0,341739.0,341815.0,341909.0,341995.0,342068.0,342133.0,342195.0,342244.0,342320.0,342376.0,342448.0,342528.0,342595.0,342657.0,342728.0,342808.0,342893.0,342969.0,343032.0,343091.0,343171.0,343235.0,343324.0,343389.0,343459.0,343536.0,343600.0,343675.0,343768.0,343842.0,343925.0,344007.0,344062.0,344125.0,344223.0,344298.0,344384.0,344451.0,344517.0,344596.0,344673.0,344755.0,344864.0,,,,,,,,,345534.0,345607.0,345677.0,345753.0,345859.0,345949.0,346018.0,346122.0,346240.0,346367.0,346480.0,346590.0,346703.0,346797.0,346865.0,346954.0,347058.0,347136.0,347239.0,347338.0,347422.0,347494.0,347577.0,347661.0,347762.0,347842.0,347908.0,347990.0,348043.0,348105.0,348158.0,348239.0,348345.0,348412.0,348488.0,348562.0,348639.0,348739.0,348828.0,348918.0,348999.0,349046.0,349112.0,349192.0,349292.0,349368.0,349450.0,349533.0,349613
aa6VrglNWYA,24875.0,24961.0,25040.0,25118.0,25186.0,25304.0,25397.0,25484.0,25548.0,25619.0,25707.0,25788.0,25866.0,25948.0,26063.0,26160.0,26277.0,26376.0,26476.0,26594.0,26691.0,26772.0,26847.0,26902.0,26965.0,27029.0,27116.0,27189.0,27255.0,27320.0,27395.0,27456.0,27525.0,27603.0,27654.0,27724.0,27780.0,27838.0,27900.0,27962.0,28028.0,28076.0,28124.0,28172.0,28241.0,28304.0,28356.0,28416.0,28476.0,28546.0,28621.0,28694.0,28736.0,28794.0,28872.0,28938.0,28985.0,29041.0,29081.0,29119.0,29179.0,29229.0,29278.0,29342.0,29431.0,29475.0,29538.0,29582.0,29643.0,29710.0,29771.0,29806.0,29848.0,29921.0,30032.0,30063.0,30073.0,30133.0,30181.0,30239.0,30276.0,30348.0,30406.0,30444.0,30487.0,30538.0,30592.0,30653.0,30721.0,30771.0,30829.0,30876.0,30944.0,31006.0,31067.0,31166.0,31211.0,31261.0,31310.0,31362.0,31406.0,31461.0,31492.0,31545.0,31608.0,31663.0,31703.0,31760.0,31815.0,31869.0,31927.0,31977.0,32046.0,32149.0,32194.0,32243.0,32289.0,32348.0,32394.0,32435.0,32476.0,32513.0,32550.0,32628.0,32696.0,32746.0,32803.0,32855.0,32896.0,32947.0,33002.0,33041.0,33090.0,33141.0,,,,,,,,,33593.0,33646.0,33695.0,33767.0,33826.0,33899.0,33988.0,34047.0,34113.0,34166.0,34236.0,34320.0,34383.0,34434.0,34489.0,34533.0,34569.0,34677.0,34684.0,34729.0,34765.0,34788.0,34840.0,34863.0,34899.0,34928.0,34962.0,35014.0,35046.0,35085.0,35126.0,35170.0,35227.0,35267.0,35298.0,35327.0,35367.0,35404.0,35438.0,35482.0,35525.0,35561.0,35607.0,35659.0,35704.0,35752.0,35799.0,35850.0,35900
JLqXeMabsEQ,9532199.0,9568975.0,9608173.0,9646762.0,9684746.0,9722294.0,9760333.0,9798993.0,9839478.0,9879855.0,9918929.0,9957612.0,9998976.0,10042239.0,10084661.0,10125498.0,10166527.0,10204562.0,10242331.0,10278898.0,10315583.0,10354406.0,10393673.0,10433388.0,10470157.0,10506309.0,10541498.0,10576233.0,10611952.0,10647013.0,10679583.0,10710422.0,10742308.0,10775673.0,10809858.0,10842505.0,10875780.0,10908114.0,10936602.0,10966455.0,10998217.0,11028112.0,11058037.0,11088703.0,11118040.0,11145575.0,11172443.0,11200887.0,11227007.0,11252369.0,11277043.0,11302990.0,11327269.0,11351500.0,11378786.0,11404603.0,11429825.0,11453827.0,11477940.0,11503733.0,11529405.0,11554329.0,11578913.0,11603236.0,11626219.0,11648363.0,11670143.0,11692237.0,11712643.0,11738164.0,11760849.0,11783077.0,11804035.0,11826494.0,11849071.0,11872965.0,11896147.0,11917492.0,11941194.0,11964118.0,11986458.0,12008820.0,12030975.0,12053358.0,12074136.0,12095400.0,12116030.0,12136975.0,12157522.0,12177830.0,12198922.0,12218902.0,12239647.0,12260608.0,12281661.0,12301922.0,12322871.0,12343289.0,12363500.0,12384118.0,12405652.0,12426276.0,12446025.0,12465848.0,12486513.0,12506708.0,12526247.0,12545611.0,12564507.0,12583788.0,12603743.0,12623660.0,12642229.0,12661271.0,12680104.0,12698202.0,12715949.0,12733741.0,12750611.0,12767377.0,12784422.0,12802294.0,12819143.0,12835330.0,12851758.0,12868178.0,12884690.0,12902149.0,12919708.0,12936475.0,12952781.0,12969510.0,12985812.0,13002619.0,,,,,,,,,13153415.0,13169902.0,13185251.0,13200938.0,13216980.0,13232387.0,13247676.0,13262928.0,13277826.0,13292154.0,13306702.0,13321320.0,13337361.0,13353192.0,13368963.0,13384265.0,13399208.0,13414074.0,13429342.0,13444626.0,13459997.0,13475659.0,13491146.0,13505963.0,13521125.0,13536020.0,13551007.0,13566225.0,13581782.0,13596769.0,13611517.0,13626869.0,13642468.0,13657065.0,13671274.0,13685990.0,13700648.0,13714248.0,13728362.0,13742849.0,13757020.0,13771201.0,13785958.0,13799721.0,13813164.0,13826709.0,13840322.0,13854280.0,13868530
QqkLnNClpAQ,4802581.0,4809785.0,4817119.0,4824697.0,4832290.0,4839679.0,4846910.0,4854164.0,4861644.0,4869524.0,4877557.0,4884666.0,4891506.0,4898888.0,4906209.0,4913031.0,4919988.0,4926620.0,4933130.0,4939122.0,4945442.0,4952178.0,4959073.0,4966415.0,4972713.0,4978735.0,4984985.0,4991180.0,4997373.0,5003420.0,5009035.0,5014171.0,5019592.0,5025633.0,5031933.0,5038063.0,5044207.0,5050227.0,5055815.0,5061203.0,5066843.0,5072271.0,5077655.0,5083044.0,5088583.0,5093578.0,5098128.0,5102805.0,5107226.0,5111784.0,5116113.0,5120576.0,5124794.0,5128986.0,5133193.0,5137457.0,5141836.0,5146397.0,5151058.0,5155898.0,5160365.0,5165061.0,5169795.0,5174797.0,5179221.0,5183664.0,5187969.0,5192193.0,5195811.0,5200092.0,5203922.0,5207677.0,5211353.0,5215110.0,5219185.0,5222946.0,5226706.0,5230345.0,5234185.0,5238075.0,5241967.0,5246063.0,5250140.0,5254063.0,5257741.0,5261457.0,5265068.0,5268873.0,5272774.0,5276470.0,5280076.0,5283449.0,5286800.0,5290322.0,5293908.0,5297518.0,5301236.0,5304778.0,5308255.0,5311538.0,5314875.0,5318523.0,5321677.0,5324900.0,5328085.0,5331163.0,5334257.0,5337542.0,5340682.0,5343512.0,5346476.0,5349354.0,5352287.0,5355245.0,5358147.0,5360929.0,5363992.0,5367021.0,5369815.0,5372632.0,5375286.0,5378291.0,5380999.0,5383719.0,5386627.0,5389462.0,5392062.0,5394864.0,5397737.0,5400491.0,5403157.0,5405961.0,5408747.0,5411644.0,,,,,,,,,5435751.0,5438552.0,5440913.0,5443336.0,5445759.0,5447932.0,5450039.0,5452324.0,5454720.0,5457005.0,5459278.0,5461636.0,5464297.0,5466797.0,5469141.0,5471588.0,5474098.0,5476450.0,5478625.0,5480800.0,5482906.0,5485055.0,5487222.0,5489265.0,5491245.0,5493311.0,5495401.0,5497535.0,5499609.0,5501718.0,5503882.0,5506017.0,5508170.0,5510233.0,5512281.0,5514353.0,5516416.0,5518224.0,5520388.0,5522552.0,5524639.0,5526779.0,5529046.0,5531241.0,5533511.0,5535701.0,5537997.0,5540255.0,5542419
vHzmHaO5WHw,647176.0,648021.0,649028.0,649958.0,650789.0,651899.0,652876.0,653977.0,654925.0,655855.0,656954.0,658806.0,662023.0,664277.0,666391.0,668181.0,669567.0,670653.0,671707.0,672532.0,673295.0,674082.0,674801.0,675578.0,676291.0,676893.0,677599.0,678215.0,678747.0,679225.0,679905.0,680330.0,680948.0,681422.0,681893.0,682397.0,682987.0,683408.0,683874.0,684323.0,684733.0,685157.0,685564.0,686014.0,686492.0,686878.0,687239.0,687625.0,688019.0,688414.0,688804.0,689116.0,689408.0,689757.0,690096.0,690501.0,690815.0,691175.0,691493.0,691798.0,692162.0,692472.0,692791.0,693212.0,693552.0,693836.0,694205.0,694507.0,694826.0,695228.0,695556.0,695820.0,696097.0,696434.0,696707.0,697021.0,697358.0,697688.0,697987.0,698257.0,698584.0,698913.0,699231.0,699647.0,699949.0,700288.0,700617.0,700917.0,701194.0,701571.0,701851.0,702294.0,702702.0,703113.0,703532.0,704000.0,704382.0,704751.0,705167.0,705545.0,705841.0,706203.0,706516.0,706771.0,707140.0,707520.0,707840.0,708195.0,708453.0,708678.0,708951.0,709290.0,709599.0,709833.0,710086.0,710331.0,710617.0,710849.0,711130.0,711427.0,711809.0,712027.0,712355.0,712569.0,712818.0,713104.0,713349.0,713702.0,713929.0,714233.0,714571.0,714896.0,715191.0,715415.0,,,,,,,,,718003.0,718337.0,718663.0,718995.0,719359.0,719726.0,720062.0,720297.0,720601.0,720928.0,721279.0,721599.0,721907.0,722151.0,722570.0,722794.0,723111.0,723410.0,723594.0,723914.0,724146.0,724448.0,724759.0,725092.0,725300.0,725598.0,725842.0,726212.0,726558.0,726886.0,727287.0,727644.0,727928.0,728276.0,728549.0,728795.0,729096.0,729295.0,729571.0,729936.0,730237.0,730510.0,730851.0,731122.0,731385.0,731662.0,731926.0,732360.0,732851
9Zrt94Tu2gU,16719.0,16737.0,16750.0,16762.0,16771.0,16783.0,16804.0,16822.0,16839.0,16863.0,16879.0,16894.0,16904.0,16919.0,16933.0,16946.0,16957.0,16969.0,16979.0,16992.0,17009.0,17019.0,17031.0,17047.0,17056.0,17063.0,17080.0,17086.0,17097.0,17108.0,17124.0,17139.0,17149.0,17167.0,17190.0,17208.0,17235.0,17265.0,17293.0,17313.0,17332.0,17348.0,17366.0,17377.0,17386.0,17395.0,17403.0,17420.0,17433.0,17442.0,17454.0,17457.0,17465.0,17474.0,17483.0,17491.0,17495.0,17504.0,17510.0,17520.0,17526.0,17536.0,17550.0,17564.0,17574.0,17589.0,17609.0,17623.0,17633.0,17645.0,17659.0,17672.0,17679.0,17687.0,17700.0,17713.0,17724.0,17744.0,17758.0,17776.0,17787.0,17799.0,17837.0,17857.0,17874.0,17889.0,17891.0,17902.0,17911.0,17927.0,17932.0,17943.0,17956.0,17969.0,17976.0,17986.0,17999.0,18007.0,18019.0,18030.0,18040.0,18049.0,18063.0,18076.0,18091.0,18134.0,18143.0,18150.0,18156.0,18162.0,18169.0,18174.0,18184.0,18194.0,18200.0,18211.0,18217.0,18224.0,18227.0,18234.0,18248.0,18254.0,18278.0,18293.0,18309.0,18317.0,18329.0,18340.0,18346.0,18350.0,18353.0,18365.0,18380.0,18391.0,,,,,,,,,18508.0,18520.0,18538.0,18552.0,18570.0,18591.0,18609.0,18629.0,18650.0,18664.0,18673.0,18687.0,18696.0,18715.0,18727.0,18734.0,18746.0,18757.0,18764.0,18767.0,18774.0,18780.0,18785.0,18798.0,18801.0,18809.0,18817.0,18831.0,18836.0,18845.0,18852.0,18855.0,18862.0,18867.0,18876.0,18882.0,18884.0,18892.0,18900.0,18909.0,18920.0,18929.0,18939.0,18942.0,18956.0,18965.0,18974.0,18986.0,18993
NYYcTRFlti4,62902.0,63550.0,64265.0,64868.0,65601.0,66400.0,67242.0,68018.0,68886.0,69831.0,70733.0,71640.0,72969.0,74237.0,75527.0,76823.0,77974.0,79008.0,80105.0,81360.0,82810.0,84979.0,86892.0,87903.0,88711.0,89788.0,91086.0,92855.0,94408.0,96131.0,97019.0,97696.0,98883.0,100105.0,101043.0,102416.0,103938.0,105058.0,105797.0,107186.0,108375.0,110015.0,110867.0,111189.0,111993.0,112641.0,113717.0,115072.0,116550.0,117241.0,117996.0,119121.0,119534.0,120504.0,121848.0,122950.0,124110.0,124626.0,125082.0,125463.0,125780.0,126263.0,126849.0,127461.0,127933.0,128376.0,128737.0,129125.0,129512.0,130234.0,131223.0,131785.0,132353.0,132916.0,134249.0,135844.0,137483.0,138973.0,141566.0,143463.0,144946.0,147094.0,148909.0,151281.0,153855.0,156393.0,157871.0,159448.0,162013.0,164943.0,167571.0,170310.0,172887.0,174580.0,175953.0,178098.0,180346.0,182803.0,185140.0,187335.0,188659.0,189823.0,191769.0,194237.0,197069.0,199750.0,202449.0,204899.0,207053.0,209406.0,211907.0,214403.0,216450.0,218713.0,220450.0,221937.0,224656.0,227953.0,231244.0,234774.0,237128.0,239230.0,241190.0,242443.0,244007.0,246051.0,249213.0,252655.0,255808.0,258459.0,261699.0,265632.0,270206.0,274534.0,,,,,,,,,308628.0,311020.0,315106.0,318775.0,321755.0,324977.0,327932.0,330049.0,332530.0,335022.0,337662.0,340545.0,344116.0,347490.0,349782.0,352214.0,355465.0,359485.0,363240.0,366932.0,370370.0,372736.0,374613.0,377370.0,380529.0,383354.0,386470.0,390059.0,392369.0,394022.0,396930.0,399913.0,403109.0,406684.0,409963.0,412595.0,414545.0,417463.0,420478.0,423358.0,426468.0,429919.0,432368.0,434408.0,437770.0,441180.0,444637.0,448268.0,451290
HMtJ9MeGty4,43557.0,43823.0,44056.0,44265.0,44470.0,44664.0,44887.0,45074.0,45301.0,45490.0,45637.0,45834.0,46009.0,46271.0,46446.0,46690.0,46882.0,47018.0,47199.0,47443.0,47723.0,47930.0,48212.0,48422.0,48639.0,48888.0,49144.0,49480.0,49792.0,50075.0,50324.0,50480.0,50685.0,50898.0,51073.0,51269.0,51491.0,51642.0,51759.0,51915.0,52093.0,52324.0,52476.0,52683.0,52816.0,52932.0,53087.0,53224.0,53374.0,53541.0,53700.0,53839.0,53940.0,54083.0,54194.0,54349.0,54501.0,54674.0,54826.0,54962.0,55126.0,55296.0,55488.0,55658.0,55886.0,56014.0,56103.0,56255.0,56416.0,56585.0,56755.0,56888.0,57043.0,57149.0,57327.0,57459.0,57638.0,57774.0,57943.0,58093.0,58211.0,58360.0,58513.0,58629.0,58793.0,58968.0,59112.0,59220.0,59392.0,59562.0,59747.0,59912.0,60141.0,60296.0,60460.0,60699.0,60882.0,61079.0,61267.0,61492.0,61721.0,61892.0,62102.0,62304.0,62504.0,62691.0,62929.0,63111.0,63238.0,63421.0,63651.0,63893.0,64092.0,64326.0,64515.0,64653.0,64823.0,65032.0,65233.0,65462.0,65649.0,65791.0,65939.0,66087.0,66221.0,66342.0,66497.0,66692.0,66801.0,66913.0,67078.0,67210.0,67414.0,67616.0,,,,,,,,,69373.0,69490.0,69609.0,69756.0,69917.0,70079.0,70219.0,70325.0,70473.0,70625.0,70811.0,71017.0,71207.0,71366.0,71561.0,71783.0,71935.0,72113.0,72274.0,72466.0,72565.0,72665.0,72756.0,72855.0,72988.0,73086.0,73230.0,73332.0,73427.0,73503.0,73604.0,73694.0,73772.0,73859.0,73957.0,74024.0,74121.0,74209.0,74317.0,74412.0,74547.0,74686.0,74784.0,74869.0,74998.0,75114.0,75220.0,75334.0,75450
15CBNC4k_t0,142107.0,142603.0,143063.0,143575.0,144080.0,144499.0,144953.0,145380.0,145778.0,146253.0,146765.0,147214.0,147675.0,148103.0,148584.0,148989.0,149405.0,149720.0,150094.0,150459.0,150858.0,151337.0,151853.0,152197.0,152553.0,152961.0,153595.0,154125.0,154646.0,155113.0,155446.0,155802.0,156192.0,156550.0,156899.0,157262.0,157663.0,157968.0,158250.0,158611.0,158992.0,159348.0,159745.0,160230.0,160603.0,160921.0,161281.0,161634.0,161971.0,162288.0,162541.0,162797.0,163037.0,163275.0,163561.0,163805.0,164093.0,164383.0,164610.0,164862.0,165067.0,165365.0,165585.0,165845.0,166066.0,166316.0,166478.0,166696.0,166863.0,167093.0,167260.0,167453.0,167603.0,167763.0,167958.0,168113.0,168255.0,168401.0,168593.0,168737.0,168876.0,169039.0,169167.0,169309.0,169498.0,169635.0,169794.0,169920.0,170052.0,170166.0,170289.0,170464.0,170586.0,170716.0,170839.0,170948.0,171104.0,171251.0,171392.0,171524.0,171647.0,171787.0,171884.0,172005.0,172152.0,172282.0,172396.0,172503.0,172603.0,172754.0,172857.0,172981.0,173112.0,173205.0,173317.0,173469.0,173559.0,173681.0,173789.0,173937.0,174073.0,174208.0,174324.0,174432.0,174547.0,174673.0,174798.0,174951.0,175075.0,175180.0,175287.0,175434.0,175551.0,175654.0,,,,,,,,,176743.0,176831.0,176950.0,177040.0,177154.0,177268.0,177366.0,177459.0,177599.0,177691.0,177800.0,177922.0,178057.0,178174.0,178265.0,178401.0,178493.0,178651.0,178769.0,178898.0,179028.0,179155.0,179276.0,179396.0,179502.0,179613.0,179727.0,179835.0,179926.0,180042.0,180145.0,180259.0,180384.0,180444.0,180586.0,180675.0,180764.0,180860.0,180986.0,181096.0,181227.0,181344.0,181480.0,181589.0,181706.0,181812.0,181951.0,182086.0,182178
G-wRYVlwSMw,164.0,164.0,164.0,164.0,164.0,164.0,164.0,164.0,164.0,164.0,164.0,165.0,165.0,170.0,173.0,175.0,176.0,176.0,178.0,180.0,180.0,181.0,188.0,195.0,197.0,197.0,199.0,203.0,205.0,207.0,209.0,209.0,210.0,211.0,212.0,213.0,221.0,224.0,227.0,231.0,233.0,233.0,238.0,246.0,251.0,253.0,254.0,263.0,266.0,269.0,271.0,273.0,276.0,279.0,279.0,280.0,281.0,285.0,286.0,288.0,294.0,296.0,300.0,301.0,302.0,308.0,310.0,310.0,314.0,317.0,323.0,324.0,324.0,325.0,326.0,328.0,329.0,329.0,330.0,331.0,333.0,334.0,335.0,335.0,335.0,339.0,339.0,340.0,341.0,341.0,341.0,342.0,343.0,345.0,345.0,347.0,347.0,348.0,348.0,350.0,353.0,358.0,360.0,362.0,364.0,365.0,365.0,368.0,371.0,372.0,374.0,375.0,377.0,379.0,380.0,382.0,383.0,387.0,391.0,393.0,396.0,399.0,404.0,404.0,405.0,405.0,406.0,407.0,410.0,410.0,410.0,412.0,412.0,414.0,,,,,,,,,432.0,434.0,437.0,439.0,444.0,446.0,448.0,449.0,450.0,451.0,452.0,453.0,453.0,453.0,455.0,455.0,459.0,463.0,464.0,464.0,465.0,466.0,467.0,470.0,470.0,472.0,477.0,480.0,481.0,482.0,486.0,487.0,489.0,491.0,492.0,493.0,497.0,500.0,501.0,501.0,504.0,506.0,507.0,507.0,510.0,513.0,515.0,519.0,521
oV3-zre57mw,1187.0,1191.0,1197.0,1202.0,1211.0,1218.0,1224.0,1229.0,1235.0,1243.0,1249.0,1255.0,1261.0,1275.0,1282.0,1285.0,1295.0,1304.0,1315.0,1325.0,1347.0,1431.0,1624.0,1720.0,1863.0,2288.0,2699.0,3094.0,3451.0,3922.0,4533.0,5224.0,6215.0,7047.0,7685.0,8277.0,8718.0,9044.0,9329.0,9660.0,9936.0,10319.0,10701.0,11040.0,11294.0,11472.0,11693.0,11924.0,12177.0,12426.0,12715.0,12877.0,12992.0,13195.0,13426.0,13637.0,13857.0,14120.0,14375.0,14585.0,14770.0,14925.0,15134.0,15356.0,15609.0,15884.0,16132.0,16368.0,16509.0,16784.0,17022.0,17230.0,17419.0,17651.0,17823.0,17991.0,18148.0,18327.0,18468.0,18693.0,18927.0,19056.0,19250.0,19430.0,19634.0,19812.0,19995.0,20249.0,20580.0,20766.0,21030.0,21323.0,21641.0,21859.0,22130.0,22477.0,22795.0,23065.0,23371.0,23653.0,24023.0,24484.0,24823.0,25091.0,25379.0,25672.0,25907.0,26142.0,26354.0,26503.0,26638.0,26759.0,26850.0,26940.0,27015.0,27077.0,27143.0,27196.0,27288.0,27510.0,27751.0,27935.0,28187.0,28339.0,28366.0,28412.0,28474.0,28546.0,28619.0,28659.0,28681.0,28714.0,28733.0,28760.0,,,,,,,,,28995.0,29024.0,29045.0,29078.0,29101.0,29134.0,29157.0,29176.0,29206.0,29229.0,29249.0,29278.0,29316.0,29332.0,29355.0,29376.0,29411.0,29437.0,29465.0,29483.0,29515.0,29535.0,29547.0,29557.0,29583.0,29602.0,29627.0,29645.0,29670.0,29689.0,29697.0,29706.0,29731.0,29742.0,29754.0,29761.0,29774.0,29786.0,29803.0,29819.0,29828.0,29843.0,29850.0,29859.0,29871.0,29887.0,29896.0,29908.0,29922
6TrrwyoLKns,29282.0,29363.0,29488.0,29579.0,29675.0,29769.0,29860.0,29990.0,30079.0,30180.0,30279.0,30401.0,30503.0,30600.0,30702.0,30798.0,31087.0,31570.0,32253.0,32981.0,33813.0,34919.0,36194.0,37224.0,38156.0,39076.0,40418.0,41472.0,42595.0,43590.0,44395.0,45201.0,45942.0,46688.0,47439.0,48164.0,48838.0,49518.0,50241.0,51012.0,51813.0,52685.0,53472.0,54256.0,55269.0,56210.0,57070.0,57943.0,58859.0,59608.0,60415.0,61129.0,61925.0,62508.0,63122.0,63743.0,64343.0,64937.0,65661.0,66323.0,66906.0,67513.0,68070.0,68651.0,69270.0,70280.0,71335.0,72113.0,72712.0,73369.0,74044.0,74785.0,75450.0,76056.0,76621.0,77308.0,77957.0,78687.0,79415.0,80344.0,81153.0,81943.0,82655.0,83389.0,84162.0,84879.0,85699.0,86564.0,87259.0,87851.0,88464.0,89193.0,89907.0,90672.0,91405.0,91931.0,92413.0,92890.0,93417.0,93973.0,94764.0,95336.0,95892.0,96324.0,96866.0,97290.0,97870.0,98574.0,99259.0,99803.0,100380.0,100932.0,101426.0,101888.0,102526.0,103060.0,103519.0,104041.0,104503.0,104920.0,105382.0,105893.0,106362.0,106760.0,107234.0,107774.0,108298.0,108794.0,109279.0,109814.0,110291.0,110746.0,111109.0,111603.0,,,,,,,,,115014.0,115339.0,115585.0,115893.0,116219.0,116615.0,117116.0,117862.0,118610.0,119201.0,119669.0,120092.0,120500.0,120922.0,121310.0,121664.0,121977.0,122308.0,122654.0,122980.0,123372.0,123739.0,124168.0,124554.0,124841.0,125152.0,125564.0,125870.0,126288.0,126648.0,127019.0,127402.0,127842.0,128277.0,128627.0,129062.0,129603.0,129894.0,130198.0,130625.0,130976.0,131407.0,131908.0,132484.0,133056.0,133477.0,134132.0,134861.0,135442
vIyCWMVZwkI,2074971.0,2075344.0,2075770.0,2076177.0,2076530.0,2076857.0,2077248.0,2077662.0,2078003.0,2078278.0,2078614.0,2078915.0,2079193.0,2079474.0,2079765.0,2080116.0,2080491.0,2080865.0,2081287.0,2081743.0,2082213.0,2082757.0,2083283.0,2083713.0,2084211.0,2084517.0,2085015.0,2085495.0,2085850.0,2086100.0,2086393.0,2086658.0,2086889.0,2087121.0,2087331.0,2087542.0,2087775.0,2087990.0,2088177.0,2088331.0,2088945.0,2089374.0,2089973.0,2090497.0,2091177.0,2091619.0,2092051.0,2092455.0,2092802.0,2093076.0,2093320.0,2093642.0,2093919.0,2094180.0,2094454.0,2094646.0,2094900.0,2095086.0,2095323.0,2095548.0,2095775.0,2096056.0,2096279.0,2096469.0,2096676.0,2096869.0,2097043.0,2097191.0,2097350.0,2097559.0,2097787.0,2097938.0,2098118.0,2098299.0,2098458.0,2098613.0,2098812.0,2099018.0,2099249.0,2099542.0,2099807.0,2100049.0,2100279.0,2100505.0,2100703.0,2100946.0,2101179.0,2101428.0,2101623.0,2101815.0,2102005.0,2102220.0,2102430.0,2102594.0,2102781.0,2102948.0,2103115.0,2103259.0,2103416.0,2103607.0,2103764.0,2103943.0,2104122.0,2104347.0,2104574.0,2104713.0,2104901.0,2105115.0,2105370.0,2105536.0,2105674.0,2105824.0,2105988.0,2106144.0,2106285.0,2106410.0,2106537.0,2106652.0,2106817.0,2106944.0,2107112.0,2107289.0,2107455.0,2107600.0,2107730.0,2107890.0,2108001.0,2108164.0,2108307.0,2108434.0,2108538.0,2108681.0,2108767.0,2108871.0,,,,,,,,,2110030.0,2110172.0,2110313.0,2110479.0,2110718.0,2110929.0,2111153.0,2111585.0,2112014.0,2112362.0,2112691.0,2113080.0,2113446.0,2113823.0,2114149.0,2114571.0,2114994.0,2115550.0,2116059.0,2116322.0,2116533.0,2116737.0,2116922.0,2117124.0,2117285.0,2117489.0,2117641.0,2117786.0,2117916.0,2118082.0,2118247.0,2118419.0,2118546.0,2118657.0,2118769.0,2118889.0,2119018.0,2119160.0,2119265.0,2119393.0,2119501.0,2119624.0,2119759.0,2119865.0,2119967.0,2120093.0,2120205.0,2120278.0,2120341
cELZXGZ6a60,55641.0,55842.0,56146.0,56426.0,56783.0,57080.0,57339.0,57635.0,58026.0,58335.0,58754.0,59172.0,59584.0,60030.0,60545.0,61030.0,61548.0,62002.0,62538.0,63142.0,63782.0,64323.0,64973.0,65478.0,65838.0,66332.0,66757.0,67280.0,67718.0,68363.0,68820.0,69227.0,69656.0,69998.0,70434.0,70859.0,71311.0,71629.0,71836.0,72140.0,72463.0,72845.0,73146.0,73563.0,73917.0,74145.0,74430.0,74706.0,75004.0,75336.0,75761.0,76108.0,76393.0,76743.0,77054.0,77453.0,77895.0,78258.0,78536.0,78766.0,79035.0,79259.0,79504.0,79840.0,80133.0,80378.0,80565.0,80802.0,80999.0,81266.0,81564.0,81796.0,81991.0,82180.0,82348.0,82534.0,82731.0,82951.0,83175.0,83403.0,83585.0,83816.0,84040.0,84228.0,84404.0,84602.0,84800.0,84928.0,85124.0,85326.0,85534.0,85717.0,85950.0,86158.0,86338.0,86530.0,86699.0,86866.0,87046.0,87252.0,87450.0,87678.0,87919.0,88090.0,88284.0,88461.0,88648.0,88801.0,88963.0,89103.0,89275.0,89469.0,89714.0,89946.0,90161.0,90368.0,90542.0,90752.0,90967.0,91162.0,91340.0,91529.0,91699.0,91843.0,91962.0,92120.0,92312.0,92482.0,92662.0,92816.0,92950.0,93074.0,93268.0,93469.0,,,,,,,,,95408.0,95545.0,95696.0,95846.0,95997.0,96123.0,96275.0,96436.0,96579.0,96704.0,96852.0,96993.0,96994.0,96995.0,96995.0,96995.0,96995.0,96995.0,96995.0,96996.0,96996.0,96996.0,96996.0,96996.0,96996.0,96996.0,96996.0,96996.0,96996.0,96996.0,96996.0,96996.0,96996.0,96996.0,96996.0,96996.0,96996.0,96996.0,96996.0,96996.0,96996.0,96996.0,96996.0,96996.0,96996.0,96996.0,96996.0,96996.0,96996
6gfNVDchPiA,9598.0,9664.0,9727.0,9765.0,9821.0,9872.0,9928.0,9994.0,10076.0,10138.0,10183.0,10225.0,10298.0,10375.0,10451.0,10524.0,10598.0,10652.0,10723.0,10804.0,10861.0,10938.0,11017.0,11110.0,11195.0,11257.0,11323.0,11412.0,11492.0,11573.0,11649.0,11696.0,11755.0,11811.0,11890.0,11940.0,12014.0,12076.0,12118.0,12187.0,12248.0,12321.0,12374.0,12450.0,12507.0,12540.0,12600.0,12693.0,12770.0,12866.0,12960.0,13014.0,13090.0,13171.0,13246.0,13318.0,13379.0,13451.0,13526.0,13585.0,13647.0,13725.0,13781.0,13831.0,13905.0,13949.0,13985.0,14026.0,14072.0,14127.0,14204.0,14248.0,14286.0,14334.0,14386.0,14436.0,14485.0,14534.0,14596.0,14664.0,14732.0,14816.0,14882.0,14945.0,15013.0,15072.0,15128.0,15176.0,15263.0,15347.0,15406.0,15463.0,15535.0,15591.0,15642.0,15672.0,15709.0,15753.0,15839.0,15902.0,15964.0,16018.0,16085.0,16148.0,16194.0,16270.0,16332.0,16419.0,16469.0,16526.0,16594.0,16663.0,16794.0,16931.0,17036.0,17102.0,17196.0,17281.0,17373.0,17491.0,17558.0,17626.0,17702.0,17776.0,17824.0,17911.0,18032.0,18150.0,18250.0,18327.0,18423.0,18508.0,18611.0,18710.0,,,,,,,,,19697.0,19775.0,19855.0,19945.0,20028.0,20132.0,20210.0,20277.0,20360.0,20461.0,20574.0,20671.0,20671.0,20671.0,20671.0,20671.0,20671.0,20671.0,20671.0,20671.0,20671.0,20671.0,20671.0,20671.0,20671.0,20671.0,20671.0,20671.0,20671.0,20671.0,20671.0,20671.0,20671.0,20671.0,20671.0,20671.0,20671.0,20671.0,20671.0,20671.0,20671.0,20671.0,20671.0,20671.0,20671.0,20671.0,20671.0,20671.0,20671
VXn7C9vGs4k,56003.0,56187.0,56354.0,56499.0,56625.0,56802.0,56981.0,57112.0,57306.0,57495.0,57647.0,57782.0,57967.0,58118.0,58272.0,58385.0,58532.0,58672.0,58795.0,58911.0,59067.0,59203.0,59322.0,59434.0,59546.0,59652.0,59770.0,59889.0,60000.0,60113.0,60235.0,60516.0,60656.0,60795.0,60963.0,61079.0,61202.0,61325.0,61453.0,61578.0,61734.0,61907.0,62050.0,62223.0,62346.0,62521.0,62642.0,62763.0,62877.0,62995.0,63103.0,63205.0,63311.0,63387.0,63512.0,63639.0,63716.0,63804.0,63905.0,64000.0,64114.0,64210.0,64313.0,64395.0,64487.0,64557.0,64628.0,64705.0,64766.0,64860.0,64933.0,65025.0,65126.0,65205.0,65283.0,65380.0,65481.0,65576.0,65665.0,65748.0,65829.0,65936.0,66012.0,66092.0,66179.0,66268.0,66336.0,66408.0,66488.0,66564.0,66681.0,66757.0,66848.0,66948.0,67017.0,67106.0,67188.0,67303.0,67405.0,67616.0,67918.0,68087.0,68243.0,68338.0,68477.0,68562.0,68722.0,68831.0,68936.0,69127.0,69291.0,69438.0,69583.0,69724.0,69830.0,69971.0,70068.0,70189.0,70319.0,70476.0,70595.0,70694.0,70810.0,70930.0,71056.0,71177.0,71292.0,71453.0,71557.0,71699.0,71840.0,71976.0,72089.0,72213.0,,,,,,,,,73387.0,73505.0,73593.0,73701.0,73809.0,73921.0,74028.0,74152.0,74244.0,74367.0,74459.0,74546.0,74638.0,74729.0,74826.0,74920.0,74999.0,75081.0,75188.0,75313.0,75424.0,75568.0,75655.0,75782.0,75917.0,76024.0,76131.0,76243.0,76371.0,76463.0,76568.0,76645.0,76767.0,76901.0,77008.0,77093.0,77196.0,77297.0,77382.0,77470.0,77560.0,77672.0,77771.0,77869.0,77968.0,78099.0,78165.0,78258.0,78327
OxIcVgtrH0M,111818.0,112208.0,112559.0,112819.0,113070.0,113370.0,113656.0,113921.0,114223.0,114543.0,114746.0,115055.0,115321.0,115530.0,115784.0,116024.0,116259.0,116483.0,116721.0,116913.0,117162.0,117396.0,117684.0,117903.0,118126.0,118297.0,118514.0,118713.0,118886.0,119107.0,119338.0,119558.0,119785.0,120014.0,120216.0,120420.0,120690.0,120927.0,121094.0,121254.0,121450.0,121618.0,121829.0,122027.0,122208.0,122357.0,122504.0,122673.0,122859.0,123032.0,123261.0,123414.0,123556.0,123743.0,123932.0,124121.0,124341.0,124510.0,124716.0,124888.0,125076.0,125261.0,125425.0,125635.0,125858.0,126022.0,126202.0,126415.0,126574.0,126815.0,127035.0,127206.0,127384.0,127579.0,127780.0,128011.0,128230.0,128411.0,128699.0,128931.0,129091.0,129344.0,129598.0,129780.0,129983.0,130187.0,130384.0,130563.0,130724.0,130887.0,131046.0,131234.0,131377.0,131617.0,131800.0,131952.0,132106.0,132299.0,132571.0,132760.0,133025.0,133267.0,133629.0,134037.0,134725.0,135212.0,135828.0,136489.0,137171.0,137711.0,138125.0,138623.0,139004.0,139465.0,139949.0,140248.0,140549.0,140822.0,141139.0,141507.0,141858.0,142128.0,142488.0,142849.0,143151.0,143617.0,143945.0,144318.0,144867.0,145259.0,145732.0,146146.0,146597.0,147017.0,,,,,,,,,150518.0,150821.0,151063.0,151388.0,151637.0,151962.0,152303.0,152605.0,152889.0,153187.0,153516.0,153819.0,154133.0,154422.0,154716.0,154977.0,155232.0,155504.0,155771.0,156022.0,156355.0,156577.0,156790.0,157014.0,157273.0,157540.0,157729.0,157980.0,158180.0,158330.0,158595.0,158836.0,159096.0,159290.0,159569.0,159793.0,160010.0,160231.0,160476.0,160732.0,160923.0,161111.0,161365.0,161579.0,161878.0,162117.0,162373.0,162682.0,162976
DD4qqoq5Rwk,66940.0,67095.0,67262.0,67405.0,67557.0,67730.0,67857.0,68029.0,68219.0,68407.0,68614.0,68791.0,68976.0,69132.0,69297.0,69438.0,69570.0,69720.0,69860.0,70008.0,70135.0,70289.0,70431.0,70583.0,70744.0,70919.0,71084.0,71275.0,71432.0,71573.0,71717.0,71880.0,72026.0,72191.0,72351.0,72527.0,72756.0,72918.0,73064.0,73228.0,73603.0,73906.0,74164.0,74416.0,74670.0,74867.0,75101.0,75358.0,75545.0,75759.0,76002.0,76238.0,76460.0,76640.0,76812.0,77007.0,77208.0,77381.0,77539.0,77713.0,77928.0,78127.0,78338.0,78534.0,78712.0,78887.0,79069.0,79259.0,79415.0,79667.0,79842.0,80026.0,80228.0,80384.0,80586.0,80728.0,80912.0,81107.0,81267.0,81414.0,81552.0,81679.0,81824.0,81959.0,82143.0,82316.0,82483.0,82658.0,82803.0,82975.0,83144.0,83275.0,83433.0,83571.0,83745.0,83886.0,84039.0,84166.0,84282.0,84418.0,84549.0,84710.0,84855.0,84991.0,85116.0,85268.0,85422.0,85587.0,85747.0,85901.0,86037.0,86158.0,86299.0,86445.0,86600.0,86734.0,86892.0,87023.0,87162.0,87381.0,87705.0,87977.0,88198.0,88393.0,88562.0,88724.0,88863.0,89010.0,89147.0,89298.0,89433.0,89555.0,89683.0,89807.0,,,,,,,,,91070.0,91199.0,91339.0,91438.0,91585.0,91728.0,91897.0,92046.0,92190.0,92308.0,92432.0,92530.0,92647.0,92780.0,92890.0,93011.0,93104.0,93209.0,93341.0,93440.0,93557.0,93679.0,93825.0,93938.0,94040.0,94149.0,94236.0,94344.0,94453.0,94570.0,94730.0,94854.0,94973.0,95079.0,95173.0,95288.0,95385.0,95518.0,95624.0,95820.0,95967.0,96075.0,96213.0,96330.0,96469.0,96617.0,96746.0,96863.0,97016
vIyCWMVZwkI,2074971.0,2075344.0,2075770.0,2076177.0,2076530.0,2076900.0,2077248.0,2077662.0,2078003.0,2078278.0,2078614.0,2078915.0,2079193.0,2079474.0,2079765.0,2080116.0,2080491.0,2080865.0,2081287.0,2081743.0,2082213.0,2082759.0,2083283.0,2083713.0,2084211.0,2084517.0,2085015.0,2085495.0,2085850.0,2086100.0,2086393.0,2086658.0,2086889.0,2087121.0,2087331.0,2087542.0,2087775.0,2087990.0,2088177.0,2088331.0,2088945.0,2089374.0,2089973.0,2090497.0,2091177.0,2091619.0,2092051.0,2092455.0,2092802.0,2093076.0,2093320.0,2093642.0,2093919.0,2094180.0,2094454.0,2094646.0,2094900.0,2095086.0,2095323.0,2095549.0,2095775.0,2096056.0,2096279.0,2096469.0,2096676.0,2096869.0,2097043.0,2097191.0,2097350.0,2097557.0,2097787.0,2097938.0,2098118.0,2098299.0,2098458.0,2098622.0,2098812.0,2099018.0,2099249.0,2099542.0,2099807.0,2100049.0,2100279.0,2100505.0,2100703.0,2100946.0,2101179.0,2101428.0,2101602.0,2101815.0,2102005.0,2102220.0,2102430.0,2102594.0,2102781.0,2102948.0,2103115.0,2103256.0,2103416.0,2103607.0,2103764.0,2103943.0,2104120.0,2104347.0,2104574.0,2104713.0,2104901.0,2105132.0,2105370.0,2105536.0,2105674.0,2105824.0,2105988.0,2106144.0,2106287.0,2106410.0,2106537.0,2106641.0,2106817.0,2106944.0,2107112.0,2107289.0,2107455.0,2107600.0,2107730.0,2107890.0,2108001.0,2108164.0,2108307.0,2108434.0,2108538.0,2108678.0,2108767.0,2108871.0,,,,,,,,,2110037.0,2110172.0,2110313.0,2110479.0,2110718.0,2110929.0,2111153.0,2111585.0,2112014.0,2112362.0,2112691.0,2113080.0,2113446.0,2113823.0,2114160.0,2114571.0,2114994.0,2115550.0,2116059.0,2116322.0,2116533.0,2116737.0,2116912.0,2117124.0,2117285.0,2117489.0,2117641.0,2117786.0,2117916.0,2118082.0,2118247.0,2118419.0,2118543.0,2118657.0,2118769.0,2118889.0,2119018.0,2119160.0,2119265.0,2119393.0,2119501.0,2119624.0,2119759.0,2119865.0,2119967.0,2120093.0,2120205.0,2120278.0,2120341
-SsOmTaBClo,6034.0,6040.0,6048.0,6056.0,6063.0,6069.0,6074.0,6079.0,6092.0,6106.0,6128.0,6142.0,6157.0,6169.0,6182.0,6191.0,6197.0,6207.0,6216.0,6226.0,6237.0,6242.0,6249.0,6254.0,6259.0,6262.0,6265.0,6270.0,6278.0,6286.0,6293.0,6296.0,6301.0,6308.0,6314.0,6316.0,6321.0,6326.0,6329.0,6334.0,6337.0,6339.0,6343.0,6349.0,6352.0,6358.0,6361.0,6366.0,6369.0,6373.0,6379.0,6384.0,6389.0,6394.0,6401.0,6414.0,6427.0,6438.0,6453.0,6458.0,6463.0,6473.0,6488.0,6495.0,6508.0,6515.0,6525.0,6527.0,6530.0,6540.0,6549.0,6553.0,6561.0,6565.0,6569.0,6576.0,6591.0,6602.0,6613.0,6618.0,6625.0,6628.0,6639.0,6641.0,6647.0,6655.0,6662.0,6667.0,6671.0,6679.0,6684.0,6695.0,6729.0,6747.0,6755.0,6760.0,6764.0,6769.0,6779.0,6788.0,6793.0,6797.0,6800.0,6800.0,6812.0,6814.0,6822.0,6825.0,6836.0,6842.0,6865.0,6870.0,6874.0,6877.0,6880.0,6886.0,6889.0,6894.0,6900.0,6908.0,6918.0,6923.0,6928.0,6932.0,6938.0,6948.0,6959.0,6964.0,6971.0,6976.0,6986.0,6988.0,6991.0,6995.0,,,,,,,,,7036.0,7037.0,7039.0,7044.0,7049.0,7055.0,7067.0,7070.0,7076.0,7078.0,7083.0,7094.0,7099.0,7102.0,7104.0,7109.0,7111.0,7117.0,7124.0,7127.0,7135.0,7142.0,7148.0,7153.0,7156.0,7158.0,7164.0,7171.0,7173.0,7180.0,7185.0,7188.0,7192.0,7196.0,7199.0,7201.0,7206.0,7210.0,7212.0,7219.0,7221.0,7225.0,7231.0,7233.0,7239.0,7240.0,7241.0,7245.0,7248
9RBxUt4U1Rc,1793.0,1797.0,1808.0,1814.0,1822.0,1831.0,1837.0,1844.0,1853.0,1864.0,1867.0,1873.0,1881.0,1896.0,1911.0,1927.0,1937.0,1942.0,1954.0,1964.0,1968.0,1974.0,1986.0,1997.0,2003.0,2007.0,2010.0,2014.0,2017.0,2024.0,2031.0,2039.0,2044.0,2049.0,2053.0,2062.0,2068.0,2084.0,2111.0,2128.0,2154.0,2169.0,2175.0,2193.0,2201.0,2207.0,2221.0,2227.0,2229.0,2233.0,2242.0,2248.0,2253.0,2256.0,2257.0,2258.0,2267.0,2268.0,2272.0,2275.0,2278.0,2283.0,2288.0,2294.0,2296.0,2302.0,2306.0,2316.0,2319.0,2328.0,2336.0,2340.0,2347.0,2350.0,2361.0,2371.0,2377.0,2380.0,2387.0,2393.0,2411.0,2438.0,2447.0,2476.0,2485.0,2491.0,2496.0,2501.0,2506.0,2521.0,2526.0,2534.0,2540.0,2545.0,2551.0,2563.0,2565.0,2568.0,2574.0,2582.0,2587.0,2592.0,2599.0,2606.0,2612.0,2620.0,2626.0,2634.0,2635.0,2639.0,2652.0,2659.0,2667.0,2674.0,2676.0,2683.0,2687.0,2698.0,2709.0,2716.0,2739.0,2773.0,2781.0,2786.0,2800.0,2811.0,2825.0,2834.0,2843.0,2887.0,2895.0,2906.0,2919.0,2932.0,,,,,,,,,3076.0,3083.0,3091.0,3096.0,3113.0,3123.0,3130.0,3135.0,3142.0,3156.0,3167.0,3178.0,3200.0,3210.0,3219.0,3230.0,3250.0,3263.0,3299.0,3323.0,3340.0,3343.0,3366.0,3380.0,3391.0,3409.0,3426.0,3445.0,3461.0,3465.0,3489.0,3505.0,3511.0,3519.0,3532.0,3542.0,3562.0,3584.0,3632.0,3676.0,3689.0,3705.0,3718.0,3733.0,3744.0,3753.0,3770.0,3787.0,3805
0BS2vpw_vrw,126670.0,126682.0,126697.0,126710.0,126724.0,126733.0,126741.0,126747.0,126759.0,126767.0,126780.0,126790.0,126807.0,126817.0,126830.0,126843.0,126851.0,126865.0,126880.0,126895.0,126907.0,126926.0,126938.0,126951.0,126962.0,126981.0,126998.0,127016.0,127032.0,127040.0,127060.0,127077.0,127100.0,127116.0,127127.0,127143.0,127160.0,127172.0,127184.0,127207.0,127219.0,127254.0,127264.0,127278.0,127296.0,127308.0,127326.0,127335.0,127342.0,127347.0,127350.0,127359.0,127366.0,127368.0,127376.0,127381.0,127390.0,127399.0,127407.0,127414.0,127420.0,127423.0,127434.0,127441.0,127450.0,127454.0,127459.0,127464.0,127473.0,127481.0,127488.0,127491.0,127497.0,127499.0,127505.0,127511.0,127518.0,127523.0,127531.0,127537.0,127540.0,127547.0,127549.0,127558.0,127560.0,127562.0,127566.0,127569.0,127571.0,127575.0,127580.0,127587.0,127593.0,127594.0,127599.0,127604.0,127611.0,127612.0,127616.0,127620.0,127623.0,127630.0,127632.0,127636.0,127638.0,127645.0,127646.0,127647.0,127649.0,127651.0,127657.0,127660.0,127660.0,127661.0,127666.0,127670.0,127673.0,127675.0,127682.0,127684.0,127694.0,127694.0,127697.0,127705.0,127706.0,127707.0,127713.0,127716.0,127719.0,127721.0,127723.0,127726.0,127732.0,127737.0,,,,,,,,,127753.0,127755.0,127761.0,127761.0,127762.0,127763.0,127764.0,127768.0,127769.0,127773.0,127778.0,127782.0,127788.0,127788.0,127790.0,127790.0,127794.0,127795.0,127797.0,127808.0,127820.0,127820.0,127821.0,127824.0,127824.0,127826.0,127829.0,127831.0,127832.0,127835.0,127838.0,127838.0,127838.0,127839.0,127843.0,127845.0,127846.0,127851.0,127852.0,127860.0,127867.0,127860.0,127872.0,127874.0,127875.0,127875.0,127880.0,127887.0,127895
XEalRIYkXng,125063.0,125199.0,125362.0,125500.0,125658.0,125831.0,126025.0,126231.0,126408.0,126580.0,126731.0,126958.0,127142.0,127347.0,127553.0,127744.0,127908.0,128007.0,128181.0,128337.0,128498.0,128666.0,128804.0,128934.0,129050.0,129146.0,129296.0,129431.0,129570.0,129719.0,129875.0,129996.0,130124.0,130221.0,130375.0,130535.0,130721.0,130851.0,130947.0,131062.0,131170.0,131306.0,131444.0,131554.0,131654.0,131774.0,131868.0,131993.0,132097.0,132206.0,132335.0,132431.0,132521.0,132605.0,132705.0,132804.0,132904.0,133015.0,133134.0,133251.0,133380.0,133526.0,133642.0,133760.0,133896.0,134012.0,134080.0,134184.0,134298.0,134428.0,134551.0,134660.0,134741.0,134826.0,134938.0,135054.0,135179.0,135273.0,135377.0,135469.0,135546.0,135633.0,135730.0,135879.0,135989.0,136101.0,136199.0,136283.0,136384.0,136462.0,136555.0,136658.0,136756.0,136838.0,136907.0,136990.0,137091.0,137176.0,137284.0,137382.0,137494.0,137582.0,137680.0,137794.0,137880.0,137999.0,138114.0,138207.0,138294.0,138391.0,138497.0,138596.0,138704.0,138812.0,138910.0,139001.0,139079.0,139184.0,139281.0,139397.0,139506.0,139580.0,139645.0,139734.0,139835.0,139958.0,140066.0,140158.0,140236.0,140320.0,140393.0,140475.0,140550.0,140638.0,,,,,,,,,141423.0,141506.0,141594.0,141662.0,141764.0,141884.0,141984.0,142093.0,142213.0,142317.0,142423.0,142549.0,142674.0,142821.0,142913.0,143026.0,143156.0,143273.0,143384.0,143488.0,143608.0,143690.0,143760.0,143845.0,143921.0,143996.0,144064.0,144151.0,144235.0,144322.0,144385.0,144455.0,144525.0,144604.0,144690.0,144795.0,144884.0,144964.0,145034.0,145118.0,145214.0,145333.0,145425.0,145514.0,145591.0,145671.0,145780.0,145866.0,145960
sIZ_c3zgr-E,132127.0,132262.0,132418.0,132539.0,132682.0,132829.0,132965.0,133135.0,133294.0,133460.0,133616.0,133756.0,133911.0,134079.0,134233.0,134352.0,134496.0,134616.0,134762.0,134870.0,134993.0,135097.0,135234.0,135363.0,135473.0,135582.0,135691.0,135829.0,135923.0,136032.0,136133.0,136230.0,136333.0,136419.0,136526.0,136610.0,136695.0,136763.0,136849.0,136947.0,137027.0,137110.0,137194.0,137270.0,137347.0,137419.0,137488.0,137560.0,137653.0,137733.0,137823.0,137898.0,137972.0,138057.0,138118.0,138189.0,138292.0,138363.0,138430.0,138480.0,138561.0,138621.0,138701.0,138782.0,138866.0,138930.0,138986.0,139072.0,139134.0,139230.0,139311.0,139386.0,139461.0,139524.0,139607.0,139681.0,139770.0,139857.0,139917.0,139982.0,140033.0,140112.0,140181.0,140243.0,140313.0,140368.0,140407.0,140475.0,140533.0,140596.0,140667.0,140726.0,140799.0,140852.0,140898.0,140973.0,141044.0,141108.0,141166.0,141220.0,141283.0,141350.0,141420.0,141472.0,141544.0,141620.0,141675.0,141762.0,141828.0,141912.0,141952.0,142013.0,142069.0,142132.0,142182.0,142242.0,142306.0,142359.0,142398.0,142452.0,142494.0,142544.0,142593.0,142639.0,142687.0,142742.0,142789.0,142830.0,142861.0,142921.0,142963.0,143003.0,143054.0,143121.0,,,,,,,,,143887.0,143984.0,144069.0,144167.0,144277.0,144370.0,144445.0,144532.0,144636.0,144720.0,144806.0,144902.0,144984.0,145074.0,145178.0,145275.0,145382.0,145453.0,145542.0,145632.0,145741.0,145851.0,145952.0,146043.0,146136.0,146232.0,146342.0,146415.0,146502.0,146586.0,146672.0,146741.0,146842.0,146926.0,147026.0,147101.0,147189.0,147271.0,147353.0,147438.0,147539.0,147628.0,147702.0,147784.0,147872.0,147942.0,148055.0,148127.0,148220
9jbOtjHis2A,5594.0,5598.0,5604.0,5613.0,5616.0,5624.0,5628.0,5639.0,5646.0,5655.0,5663.0,5669.0,5680.0,5686.0,5690.0,5696.0,5714.0,5719.0,5725.0,5730.0,5737.0,5745.0,5750.0,5753.0,5760.0,5766.0,5773.0,5780.0,5794.0,5801.0,5808.0,5812.0,5813.0,5817.0,5822.0,5825.0,5828.0,5837.0,5846.0,5848.0,5855.0,5865.0,5869.0,5876.0,5895.0,5902.0,5913.0,5916.0,5920.0,5927.0,5931.0,5938.0,5945.0,5951.0,5954.0,5961.0,5967.0,5969.0,5977.0,5983.0,5986.0,5996.0,5998.0,6004.0,6008.0,6012.0,6017.0,6024.0,6027.0,6037.0,6039.0,6042.0,6046.0,6055.0,6060.0,6065.0,6067.0,6079.0,6086.0,6098.0,6100.0,6104.0,6107.0,6110.0,6113.0,6115.0,6117.0,6135.0,6151.0,6174.0,6191.0,6204.0,6219.0,6230.0,6247.0,6262.0,6271.0,6281.0,6291.0,6308.0,6320.0,6330.0,6337.0,6345.0,6356.0,6370.0,6374.0,6384.0,6390.0,6399.0,6426.0,6471.0,6497.0,6518.0,6548.0,6569.0,6583.0,6593.0,6608.0,6624.0,6637.0,6638.0,6649.0,6657.0,6666.0,6680.0,6692.0,6708.0,6719.0,6728.0,6735.0,6743.0,6751.0,6759.0,,,,,,,,,6904.0,6925.0,6937.0,6951.0,6967.0,6982.0,6999.0,7026.0,7048.0,7065.0,7075.0,7081.0,7091.0,7106.0,7119.0,7130.0,7135.0,7146.0,7159.0,7166.0,7175.0,7188.0,7197.0,7202.0,7206.0,7221.0,7235.0,7243.0,7260.0,7273.0,7277.0,7286.0,7304.0,7325.0,7342.0,7355.0,7368.0,7379.0,7385.0,7394.0,7401.0,7420.0,7437.0,7452.0,7459.0,7467.0,7479.0,7490.0,7500
rX-Qd61a-mA,8389.0,8400.0,8414.0,8427.0,8441.0,8452.0,8459.0,8482.0,8491.0,8508.0,8536.0,8545.0,8552.0,8568.0,8577.0,8585.0,8593.0,8610.0,8617.0,8627.0,8645.0,8652.0,8666.0,8675.0,8684.0,8687.0,8690.0,8697.0,8708.0,8718.0,8732.0,8756.0,8768.0,8779.0,8784.0,8794.0,8804.0,8815.0,8827.0,8833.0,8845.0,8849.0,8857.0,8861.0,8874.0,8882.0,8891.0,8900.0,8916.0,8930.0,8941.0,8953.0,8961.0,8968.0,8979.0,8992.0,8997.0,9001.0,9007.0,9022.0,9026.0,9035.0,9039.0,9045.0,9052.0,9059.0,9064.0,9069.0,9074.0,9082.0,9084.0,9088.0,9091.0,9102.0,9106.0,9114.0,9115.0,9117.0,9121.0,9124.0,9128.0,9129.0,9131.0,9137.0,9141.0,9146.0,9155.0,9162.0,9178.0,9189.0,9200.0,9210.0,9222.0,9231.0,9248.0,9256.0,9260.0,9268.0,9272.0,9283.0,9306.0,9318.0,9322.0,9326.0,9334.0,9337.0,9344.0,9351.0,9355.0,9363.0,9370.0,9383.0,9395.0,9399.0,9403.0,9407.0,9411.0,9413.0,9417.0,9421.0,9430.0,9435.0,9445.0,9450.0,9456.0,9465.0,9472.0,9486.0,9498.0,9502.0,9505.0,9513.0,9520.0,9524.0,,,,,,,,,9588.0,9594.0,9599.0,9602.0,9604.0,9610.0,9615.0,9626.0,9636.0,9641.0,9643.0,9644.0,9647.0,9648.0,9653.0,9661.0,9663.0,9667.0,9671.0,9671.0,9674.0,9683.0,9690.0,9695.0,9696.0,9706.0,9710.0,9715.0,9719.0,9724.0,9726.0,9728.0,9729.0,9730.0,9733.0,9737.0,9738.0,9739.0,9740.0,9745.0,9747.0,9752.0,9756.0,9756.0,9757.0,9758.0,9765.0,9767.0,9769
YVqqq5HOJdo,22202.0,22253.0,22301.0,22348.0,22392.0,22436.0,22480.0,22530.0,22561.0,22598.0,22633.0,22662.0,22700.0,22742.0,22779.0,22823.0,22856.0,22913.0,22946.0,22975.0,23007.0,23040.0,23078.0,23116.0,23150.0,23191.0,23224.0,23258.0,23304.0,23334.0,23369.0,23403.0,23440.0,23470.0,23504.0,23537.0,23572.0,23597.0,23612.0,23638.0,23676.0,23710.0,23747.0,23782.0,23825.0,23848.0,23878.0,23922.0,23949.0,24003.0,24041.0,24065.0,24099.0,24128.0,24168.0,24201.0,24220.0,24256.0,24280.0,24323.0,24353.0,24394.0,24419.0,24450.0,24475.0,24516.0,24535.0,24580.0,24608.0,24642.0,24680.0,24729.0,24786.0,24848.0,24891.0,24931.0,24980.0,25027.0,25070.0,25105.0,25136.0,25167.0,25198.0,25232.0,25284.0,25351.0,25380.0,25407.0,25490.0,25628.0,25692.0,25761.0,25802.0,25841.0,25877.0,25928.0,25980.0,26044.0,26108.0,26173.0,26229.0,26276.0,26330.0,26389.0,26445.0,26500.0,26558.0,26598.0,26625.0,26684.0,26740.0,26787.0,26852.0,26914.0,26951.0,26985.0,27019.0,27061.0,27119.0,27180.0,27222.0,27286.0,27331.0,27379.0,27452.0,27492.0,27548.0,27592.0,27637.0,27688.0,27741.0,27801.0,27897.0,27978.0,,,,,,,,,28490.0,28528.0,28570.0,28609.0,28660.0,28709.0,28764.0,28820.0,28859.0,28901.0,28962.0,29026.0,29098.0,29160.0,29208.0,29269.0,29341.0,29389.0,29447.0,29519.0,29600.0,29641.0,29695.0,29747.0,29818.0,29883.0,29946.0,29998.0,30045.0,30092.0,30140.0,30197.0,30260.0,30310.0,30393.0,30437.0,30500.0,30582.0,30658.0,30711.0,30816.0,30909.0,30967.0,31037.0,31115.0,31194.0,31279.0,31362.0,31459
eoy_JgPSin0,8150.0,8156.0,8162.0,8166.0,8170.0,8184.0,8193.0,8200.0,8211.0,8227.0,8243.0,8255.0,8275.0,8293.0,8307.0,8321.0,8329.0,8354.0,8370.0,8382.0,8391.0,8422.0,8434.0,8442.0,8445.0,8449.0,8457.0,8464.0,8467.0,8471.0,8480.0,8485.0,8490.0,8493.0,8500.0,8509.0,8513.0,8517.0,8519.0,8523.0,8525.0,8529.0,8538.0,8540.0,8543.0,8546.0,8551.0,8556.0,8560.0,8563.0,8567.0,8567.0,8568.0,8569.0,8572.0,8581.0,8586.0,8594.0,8601.0,8612.0,8618.0,8624.0,8627.0,8633.0,8635.0,8638.0,8643.0,8645.0,8646.0,8654.0,8658.0,8661.0,8667.0,8669.0,8672.0,8673.0,8677.0,8681.0,8681.0,8684.0,8684.0,8686.0,8691.0,8693.0,8697.0,8703.0,8709.0,8712.0,8714.0,8718.0,8725.0,8725.0,8728.0,8728.0,8733.0,8737.0,8740.0,8742.0,8746.0,8749.0,8753.0,8754.0,8757.0,8760.0,8763.0,8769.0,8774.0,8785.0,8789.0,8792.0,8795.0,8798.0,8802.0,8808.0,8811.0,8813.0,8814.0,8819.0,8819.0,8822.0,8828.0,8832.0,8837.0,8840.0,8841.0,8843.0,8844.0,8847.0,8847.0,8851.0,8851.0,8857.0,8862.0,8864.0,,,,,,,,,8924.0,8937.0,8940.0,8945.0,8955.0,8960.0,8969.0,8978.0,8991.0,8997.0,9007.0,9011.0,9015.0,9017.0,9023.0,9025.0,9029.0,9033.0,9034.0,9037.0,9043.0,9055.0,9058.0,9064.0,9068.0,9071.0,9077.0,9084.0,9094.0,9096.0,9100.0,9107.0,9111.0,9118.0,9125.0,9131.0,9136.0,9140.0,9143.0,9148.0,9153.0,9158.0,9162.0,9166.0,9170.0,9172.0,9175.0,9178.0,9183
8JfXHCGlBwQ,3504.0,3533.0,3562.0,3593.0,3639.0,3680.0,3710.0,3750.0,3791.0,3863.0,3945.0,4008.0,4062.0,4103.0,4142.0,4190.0,4239.0,4292.0,4337.0,4372.0,4401.0,4441.0,4458.0,4479.0,4505.0,4523.0,4558.0,4588.0,4614.0,4635.0,4648.0,4683.0,4708.0,4714.0,4735.0,4757.0,4788.0,4810.0,4824.0,4842.0,4854.0,4874.0,4889.0,4910.0,4922.0,4936.0,4946.0,4953.0,4963.0,4973.0,4980.0,4985.0,4993.0,4999.0,5004.0,5037.0,5044.0,5049.0,5059.0,5064.0,5076.0,5084.0,5091.0,5100.0,5102.0,5113.0,5123.0,5126.0,5132.0,5162.0,5168.0,5171.0,5180.0,5192.0,5199.0,5206.0,5211.0,5221.0,5229.0,5237.0,5242.0,5248.0,5252.0,5254.0,5262.0,5278.0,5296.0,5307.0,5319.0,5334.0,5345.0,5348.0,5356.0,5374.0,5383.0,5396.0,5406.0,5416.0,5425.0,5434.0,5444.0,5454.0,5467.0,5475.0,5489.0,5501.0,5515.0,5523.0,5542.0,5546.0,5555.0,5559.0,5565.0,5576.0,5583.0,5595.0,5599.0,5612.0,5614.0,5633.0,5656.0,5665.0,5676.0,5683.0,5687.0,5690.0,5695.0,5700.0,5703.0,5708.0,5711.0,5717.0,5721.0,5728.0,,,,,,,,,5852.0,5866.0,5881.0,5896.0,5910.0,5933.0,5967.0,5990.0,6007.0,6023.0,6039.0,6049.0,6060.0,6070.0,6072.0,6080.0,6089.0,6096.0,6106.0,6122.0,6141.0,6160.0,6211.0,6228.0,6239.0,6254.0,6265.0,6286.0,6301.0,6310.0,6323.0,6337.0,6345.0,6362.0,6373.0,6393.0,6408.0,6413.0,6422.0,6431.0,6444.0,6452.0,6457.0,6462.0,6467.0,6475.0,6481.0,6484.0,6506
D6oSq8vqv3A,99018.0,99042.0,99072.0,99100.0,99121.0,99155.0,99181.0,99202.0,99227.0,99248.0,99272.0,99294.0,99322.0,99339.0,99360.0,99388.0,99446.0,99465.0,99495.0,99520.0,99538.0,99570.0,99600.0,99629.0,99644.0,99679.0,99708.0,99727.0,99751.0,99763.0,99775.0,99780.0,99803.0,99810.0,99822.0,99844.0,99857.0,99867.0,99875.0,99887.0,99900.0,99907.0,99915.0,99921.0,99930.0,99939.0,99945.0,99952.0,99956.0,99968.0,99972.0,99990.0,100002.0,100009.0,100018.0,100029.0,100038.0,100046.0,100054.0,100065.0,100080.0,100089.0,100100.0,100110.0,100118.0,100126.0,100137.0,100151.0,100165.0,100179.0,100188.0,100206.0,100220.0,100229.0,100236.0,100246.0,100265.0,100275.0,100283.0,100295.0,100303.0,100311.0,100316.0,100321.0,100335.0,100346.0,100365.0,100372.0,100378.0,100388.0,100394.0,100402.0,100409.0,100416.0,100422.0,100427.0,100440.0,100445.0,100450.0,100457.0,100462.0,100469.0,100483.0,100492.0,100501.0,100514.0,100527.0,100532.0,100548.0,100555.0,100560.0,100569.0,100575.0,100579.0,100586.0,100588.0,100591.0,100596.0,100605.0,100610.0,100623.0,100629.0,100630.0,100632.0,100643.0,100646.0,100656.0,100664.0,100671.0,100676.0,100689.0,100698.0,100702.0,100711.0,,,,,,,,,100763.0,100768.0,100773.0,100777.0,100782.0,100785.0,100790.0,100793.0,100801.0,100809.0,100814.0,100819.0,100825.0,100832.0,100842.0,100854.0,100865.0,100872.0,100881.0,100885.0,100893.0,100906.0,100912.0,100918.0,100918.0,100922.0,100930.0,100936.0,100938.0,100946.0,100952.0,100956.0,100964.0,100971.0,100985.0,100990.0,100992.0,100996.0,101000.0,101007.0,101018.0,101024.0,101028.0,101027.0,101034.0,101038.0,101049.0,101052.0,101060
bnFs-d2eGM0,867.0,867.0,867.0,867.0,868.0,870.0,870.0,872.0,872.0,872.0,872.0,872.0,872.0,873.0,874.0,874.0,874.0,874.0,874.0,874.0,874.0,874.0,874.0,874.0,874.0,875.0,875.0,877.0,877.0,877.0,877.0,878.0,878.0,878.0,878.0,878.0,878.0,878.0,880.0,880.0,880.0,882.0,884.0,884.0,884.0,884.0,885.0,885.0,888.0,891.0,892.0,894.0,894.0,895.0,896.0,896.0,896.0,896.0,898.0,897.0,900.0,901.0,903.0,903.0,903.0,903.0,903.0,903.0,903.0,905.0,905.0,905.0,905.0,906.0,906.0,906.0,906.0,906.0,906.0,907.0,907.0,907.0,908.0,908.0,908.0,908.0,908.0,909.0,909.0,909.0,910.0,911.0,911.0,911.0,911.0,911.0,913.0,913.0,913.0,913.0,914.0,915.0,915.0,915.0,915.0,916.0,916.0,916.0,916.0,916.0,917.0,917.0,917.0,917.0,917.0,917.0,917.0,917.0,917.0,917.0,918.0,918.0,919.0,919.0,920.0,920.0,920.0,920.0,920.0,920.0,920.0,922.0,923.0,923.0,,,,,,,,,926.0,926.0,926.0,927.0,927.0,927.0,927.0,927.0,928.0,928.0,928.0,928.0,928.0,928.0,929.0,930.0,930.0,930.0,930.0,931.0,932.0,933.0,933.0,933.0,934.0,934.0,936.0,938.0,938.0,939.0,939.0,941.0,941.0,941.0,941.0,941.0,943.0,943.0,943.0,943.0,943.0,944.0,944.0,944.0,944.0,944.0,944.0,944.0,944
z5SZ38rhXIc,285858.0,287112.0,288290.0,289432.0,290458.0,291455.0,292487.0,293752.0,294992.0,296048.0,297046.0,298233.0,299484.0,300586.0,301689.0,302684.0,303935.0,305640.0,307584.0,309401.0,311882.0,314589.0,317631.0,320534.0,323000.0,325805.0,328691.0,331588.0,334551.0,337970.0,340611.0,342790.0,346058.0,349112.0,352138.0,355228.0,358799.0,362167.0,365178.0,369283.0,373492.0,377471.0,380803.0,383738.0,387384.0,390445.0,393094.0,395903.0,398479.0,399730.0,400778.0,402268.0,404089.0,406785.0,407894.0,409015.0,410313.0,411746.0,412895.0,413883.0,415340.0,416614.0,418115.0,419218.0,420407.0,421460.0,422313.0,423223.0,424221.0,425383.0,426786.0,428252.0,429526.0,430560.0,431497.0,432497.0,433514.0,434799.0,435818.0,436631.0,437304.0,438241.0,439078.0,440006.0,440926.0,442136.0,443162.0,444242.0,445321.0,446402.0,447415.0,448523.0,449462.0,451217.0,453084.0,454346.0,455395.0,456738.0,457811.0,459379.0,460730.0,461987.0,463301.0,464636.0,465899.0,466981.0,468102.0,469221.0,470210.0,471177.0,472193.0,473417.0,474450.0,475503.0,476535.0,477569.0,478651.0,479621.0,480728.0,481905.0,482963.0,483764.0,485002.0,485919.0,486818.0,487794.0,488999.0,490180.0,491507.0,492848.0,494563.0,496262.0,498111.0,499838.0,,,,,,,,,512245.0,513466.0,514544.0,515993.0,517306.0,518650.0,519675.0,520767.0,521879.0,522787.0,524136.0,525412.0,526693.0,527851.0,528775.0,529735.0,530908.0,532098.0,533310.0,534439.0,535421.0,536239.0,537392.0,538586.0,539774.0,540886.0,542245.0,543843.0,545044.0,546104.0,547432.0,548773.0,550072.0,550993.0,552069.0,552878.0,553880.0,554953.0,556104.0,556857.0,558046.0,558990.0,560006.0,560681.0,561770.0,562922.0,563919.0,564931.0,565855
yyHJh9Pqz_c,15066.0,15069.0,15071.0,15074.0,15087.0,15090.0,15092.0,15098.0,15101.0,15105.0,15116.0,15119.0,15120.0,15123.0,15132.0,15132.0,15136.0,15140.0,15142.0,15143.0,15143.0,15144.0,15148.0,15150.0,15150.0,15151.0,15153.0,15156.0,15158.0,15163.0,15168.0,15174.0,15179.0,15184.0,15188.0,15193.0,15200.0,15205.0,15210.0,15223.0,15228.0,15235.0,15241.0,15254.0,15258.0,15262.0,15267.0,15271.0,15280.0,15284.0,15289.0,15291.0,15295.0,15296.0,15303.0,15308.0,15309.0,15314.0,15315.0,15317.0,15322.0,15325.0,15328.0,15330.0,15334.0,15334.0,15339.0,15340.0,15340.0,15343.0,15345.0,15345.0,15346.0,15346.0,15347.0,15350.0,15353.0,15354.0,15357.0,15358.0,15360.0,15360.0,15361.0,15363.0,15365.0,15367.0,15371.0,15373.0,15375.0,15375.0,15379.0,15381.0,15382.0,15384.0,15385.0,15387.0,15389.0,15389.0,15391.0,15393.0,15395.0,15397.0,15397.0,15397.0,15399.0,15401.0,15402.0,15404.0,15404.0,15405.0,15407.0,15408.0,15408.0,15412.0,15415.0,15417.0,15417.0,15421.0,15421.0,15421.0,15421.0,15421.0,15422.0,15423.0,15424.0,15426.0,15429.0,15429.0,15430.0,15432.0,15434.0,15434.0,15437.0,15437.0,,,,,,,,,15449.0,15451.0,15451.0,15452.0,15452.0,15453.0,15454.0,15456.0,15457.0,15458.0,15461.0,15461.0,15463.0,15464.0,15466.0,15467.0,15467.0,15468.0,15471.0,15471.0,15472.0,15476.0,15476.0,15478.0,15479.0,15479.0,15480.0,15480.0,15482.0,15483.0,15484.0,15485.0,15485.0,15485.0,15485.0,15486.0,15487.0,15488.0,15489.0,15489.0,15489.0,15490.0,15491.0,15493.0,15495.0,15495.0,15496.0,15498.0,15499
pdLhVHYhto0,1016523.0,1020507.0,1024528.0,1028931.0,1032932.0,1036830.0,1040411.0,1044119.0,1047990.0,1051696.0,1055486.0,1059042.0,1062467.0,1065920.0,1069447.0,1072681.0,1075790.0,1078758.0,1081692.0,1084641.0,1087708.0,1090835.0,1093621.0,1096062.0,1098460.0,1100702.0,1103182.0,1105808.0,1108320.0,1110876.0,1113337.0,1115572.0,1117968.0,1120204.0,1122328.0,1124483.0,1126741.0,1129063.0,1131291.0,1133396.0,1135565.0,1137613.0,1139798.0,1142175.0,1144557.0,1146889.0,1149217.0,1151456.0,1153688.0,1156000.0,1158163.0,1160399.0,1162523.0,1164645.0,1166973.0,1169289.0,1171667.0,1174133.0,1176557.0,1178946.0,1181210.0,1183517.0,1185940.0,1188154.0,1190496.0,1192548.0,1194453.0,1196613.0,1198582.0,1200820.0,1202945.0,1205117.0,1207370.0,1209436.0,1211455.0,1213519.0,1215901.0,1218174.0,1220377.0,1222559.0,1224773.0,1226862.0,1228788.0,1231003.0,1233129.0,1235288.0,1237388.0,1239485.0,1241511.0,1243785.0,1246874.0,1249332.0,1251968.0,1254622.0,1257184.0,1259525.0,1261799.0,1263848.0,1265702.0,1267602.0,1269341.0,1271253.0,1273283.0,1275273.0,1277150.0,1278932.0,1280692.0,1282396.0,1284280.0,1286086.0,1287656.0,1289275.0,1290902.0,1292496.0,1294264.0,1296035.0,1297656.0,1299193.0,1300820.0,1302602.0,1304437.0,1306527.0,1308363.0,1309927.0,1311563.0,1313280.0,1314857.0,1316585.0,1318029.0,1319406.0,1320844.0,1322301.0,1323385.0,1324523.0,,,,,,,,,1336407.0,1337844.0,1338996.0,1340175.0,1341321.0,1342332.0,1343513.0,1344622.0,1345815.0,1347162.0,1348630.0,1350064.0,1351482.0,1352841.0,1354266.0,1355735.0,1357069.0,1358347.0,1359602.0,1360682.0,1361713.0,1362901.0,1364055.0,1365114.0,1366121.0,1367132.0,1368199.0,1369253.0,1370254.0,1371184.0,1372164.0,1373123.0,1373958.0,1374913.0,1375841.0,1376846.0,1377894.0,1378901.0,1379986.0,1381088.0,1382334.0,1383565.0,1384708.0,1385740.0,1386688.0,1387776.0,1388973.0,1390353.0,1391684
mQQ7zhlLoWI,14657.0,14810.0,14972.0,15162.0,15305.0,15390.0,15527.0,15685.0,15825.0,15939.0,16039.0,16170.0,16315.0,16439.0,16550.0,16669.0,16785.0,16881.0,16988.0,17138.0,17292.0,17443.0,17575.0,17743.0,17884.0,17994.0,18141.0,18303.0,18404.0,18553.0,18686.0,18774.0,18881.0,18966.0,19081.0,19176.0,19286.0,19380.0,19463.0,19553.0,19647.0,19738.0,19831.0,19950.0,20071.0,20164.0,20245.0,20342.0,20428.0,20516.0,20600.0,20661.0,20739.0,20810.0,20884.0,20977.0,21063.0,21164.0,21242.0,21315.0,21384.0,21474.0,21561.0,21655.0,21723.0,21781.0,21841.0,21926.0,22001.0,22075.0,22153.0,22217.0,22283.0,22325.0,22400.0,22466.0,22523.0,22589.0,22681.0,22779.0,22833.0,22917.0,22964.0,23025.0,23098.0,23191.0,23268.0,23335.0,23428.0,23502.0,23591.0,23676.0,23775.0,23886.0,23980.0,24058.0,24144.0,24225.0,24310.0,24420.0,24507.0,24617.0,24758.0,24860.0,24936.0,25026.0,25141.0,25224.0,25298.0,25368.0,25438.0,25541.0,25661.0,25810.0,25893.0,25955.0,26074.0,26131.0,26226.0,26319.0,26373.0,26444.0,26527.0,26597.0,26648.0,26701.0,26746.0,26804.0,26859.0,26908.0,26952.0,27000.0,27069.0,27135.0,,,,,,,,,27780.0,27829.0,27875.0,27933.0,28014.0,28077.0,28115.0,28153.0,28189.0,28213.0,28257.0,28325.0,28366.0,28426.0,28471.0,28501.0,28532.0,28575.0,28612.0,28661.0,28700.0,28735.0,28779.0,28835.0,28883.0,28933.0,28993.0,29048.0,29102.0,29134.0,29170.0,29211.0,29259.0,29321.0,29370.0,29419.0,29450.0,29490.0,29539.0,29593.0,29635.0,29692.0,29735.0,29771.0,29838.0,29893.0,29936.0,30000.0,30035
VXn7C9vGs4k,56011.0,56195.0,56345.0,56495.0,56625.0,56802.0,56957.0,57112.0,57306.0,57495.0,57651.0,57782.0,57967.0,58118.0,58272.0,58399.0,58532.0,58672.0,58795.0,58909.0,59063.0,59203.0,59322.0,59441.0,59546.0,59652.0,59770.0,59889.0,60000.0,60120.0,60235.0,60519.0,60656.0,60795.0,60963.0,61068.0,61202.0,61322.0,61453.0,61578.0,61734.0,61907.0,62059.0,62223.0,62353.0,62521.0,62642.0,62763.0,62879.0,62975.0,63103.0,63205.0,63311.0,63393.0,63512.0,63639.0,63723.0,63804.0,63910.0,64000.0,64114.0,64210.0,64313.0,64395.0,64487.0,64558.0,64628.0,64692.0,64766.0,64848.0,64933.0,65045.0,65126.0,65203.0,65277.0,65380.0,65481.0,65576.0,65668.0,65762.0,65847.0,65930.0,66012.0,66099.0,66174.0,66268.0,66336.0,66408.0,66488.0,66569.0,66681.0,66757.0,66848.0,66948.0,67017.0,67106.0,67186.0,67303.0,67405.0,67604.0,67918.0,68087.0,68243.0,68355.0,68477.0,68563.0,68718.0,68831.0,68954.0,69117.0,69263.0,69438.0,69583.0,69738.0,69830.0,69971.0,70068.0,70189.0,70319.0,70476.0,70594.0,70694.0,70826.0,70925.0,71052.0,71175.0,71292.0,71453.0,71557.0,71699.0,71840.0,71976.0,72088.0,72211.0,,,,,,,,,73387.0,73505.0,73594.0,73701.0,73824.0,73922.0,74028.0,74152.0,74244.0,74368.0,74459.0,74546.0,74638.0,74734.0,74831.0,74920.0,74999.0,75081.0,75188.0,75313.0,75448.0,75568.0,75652.0,75782.0,75917.0,76024.0,76131.0,76243.0,76371.0,76439.0,76568.0,76645.0,76767.0,76901.0,77008.0,77093.0,77196.0,77297.0,77385.0,77470.0,77558.0,77674.0,77771.0,77859.0,77968.0,78099.0,78165.0,78258.0,78322
r4aDVKIPurQ,17649.0,17684.0,17724.0,17777.0,17808.0,17850.0,17884.0,17920.0,17954.0,18003.0,18057.0,18099.0,18147.0,18195.0,18228.0,18275.0,18310.0,18357.0,18394.0,18436.0,18476.0,18516.0,18573.0,18630.0,18690.0,18742.0,18778.0,18823.0,18866.0,18904.0,18941.0,18977.0,19016.0,19044.0,19081.0,19119.0,19149.0,19186.0,19236.0,19262.0,19295.0,19319.0,19357.0,19395.0,19435.0,19463.0,19495.0,19520.0,19546.0,19577.0,19603.0,19676.0,19708.0,19760.0,19792.0,19823.0,19871.0,19921.0,19969.0,20009.0,20046.0,20076.0,20102.0,20141.0,20174.0,20221.0,20254.0,20279.0,20313.0,20354.0,20390.0,20430.0,20464.0,20487.0,20525.0,20549.0,20574.0,20601.0,20640.0,20660.0,20700.0,20730.0,20752.0,20774.0,20802.0,20831.0,20867.0,20903.0,20925.0,20941.0,20968.0,20995.0,21020.0,21054.0,21106.0,21146.0,21180.0,21210.0,21250.0,21292.0,21330.0,21370.0,21395.0,21438.0,21471.0,21497.0,21529.0,21543.0,21571.0,21607.0,21640.0,21677.0,21698.0,21724.0,21751.0,21792.0,21813.0,21850.0,21895.0,21933.0,21966.0,21997.0,22033.0,22074.0,22096.0,22134.0,22159.0,22202.0,22248.0,22280.0,22333.0,22378.0,22414.0,22455.0,,,,,,,,,22756.0,22789.0,22827.0,22847.0,22865.0,22879.0,22905.0,22936.0,22967.0,23016.0,23056.0,23108.0,23160.0,23205.0,23235.0,23268.0,23309.0,23350.0,23378.0,23398.0,23420.0,23434.0,23462.0,23480.0,23507.0,23524.0,23544.0,23578.0,23597.0,23619.0,23643.0,23658.0,23699.0,23721.0,23735.0,23761.0,23792.0,23810.0,23862.0,23895.0,23937.0,23975.0,24015.0,24045.0,24099.0,24258.0,24319.0,24361.0,24390
OxIcVgtrH0M,111866.0,112208.0,112559.0,112823.0,113070.0,113323.0,113656.0,113921.0,114223.0,114543.0,114746.0,115057.0,115321.0,115567.0,115789.0,115978.0,116261.0,116471.0,116721.0,116930.0,117144.0,117385.0,117688.0,117889.0,118124.0,118317.0,118539.0,118713.0,118886.0,119107.0,119338.0,119558.0,119785.0,120014.0,120216.0,120420.0,120690.0,120902.0,121094.0,121261.0,121433.0,121618.0,121829.0,122032.0,122208.0,122357.0,122515.0,122673.0,122850.0,123032.0,123254.0,123414.0,123556.0,123743.0,123932.0,124121.0,124341.0,124525.0,124716.0,124888.0,125076.0,125260.0,125425.0,125612.0,125858.0,126014.0,126202.0,126415.0,126574.0,126815.0,127035.0,127206.0,127384.0,127580.0,127780.0,128015.0,128220.0,128415.0,128699.0,128931.0,129091.0,129344.0,129598.0,129775.0,129988.0,130187.0,130390.0,130527.0,130725.0,130888.0,131046.0,131216.0,131378.0,131640.0,131787.0,131952.0,132106.0,132311.0,132561.0,132760.0,133025.0,133267.0,133629.0,134037.0,134763.0,135212.0,135821.0,136489.0,137171.0,137667.0,138125.0,138623.0,139004.0,139465.0,139923.0,140248.0,140573.0,140822.0,141169.0,141562.0,141858.0,142128.0,142488.0,142835.0,143144.0,143625.0,143982.0,144318.0,144867.0,145220.0,145780.0,146236.0,146649.0,147017.0,,,,,,,,,150538.0,150821.0,151067.0,151388.0,151631.0,151962.0,152303.0,152605.0,152865.0,153187.0,153516.0,153819.0,154130.0,154422.0,154716.0,154977.0,155232.0,155504.0,155798.0,156053.0,156355.0,156577.0,156790.0,157014.0,157273.0,157540.0,157741.0,157954.0,158165.0,158353.0,158595.0,158834.0,159096.0,159290.0,159569.0,159793.0,160010.0,160220.0,160476.0,160732.0,160923.0,161118.0,161365.0,161579.0,161878.0,162117.0,162373.0,162683.0,162976
drZOObEtXXg,17668.0,17710.0,17754.0,17790.0,17819.0,17847.0,17882.0,17918.0,17967.0,18005.0,18043.0,18097.0,18146.0,18179.0,18227.0,18262.0,18306.0,18341.0,18383.0,18410.0,18443.0,18473.0,18507.0,18538.0,18559.0,18589.0,18606.0,18632.0,18651.0,18675.0,18704.0,18727.0,18748.0,18768.0,18785.0,18810.0,18837.0,18858.0,18880.0,18898.0,18921.0,18941.0,18963.0,19001.0,19018.0,19039.0,19071.0,19094.0,19119.0,19148.0,19180.0,19203.0,19234.0,19264.0,19295.0,19321.0,19346.0,19375.0,19410.0,19438.0,19470.0,19511.0,19540.0,19559.0,19581.0,19608.0,19643.0,19665.0,19687.0,19720.0,19749.0,19782.0,19810.0,19834.0,19852.0,19883.0,19917.0,19949.0,19977.0,20006.0,20038.0,20066.0,20090.0,20112.0,20135.0,20164.0,20187.0,20211.0,20235.0,20254.0,20279.0,20299.0,20316.0,20334.0,20348.0,20375.0,20431.0,20452.0,20483.0,20515.0,20571.0,20619.0,20671.0,20725.0,20772.0,20819.0,20866.0,20919.0,20953.0,20991.0,21019.0,21056.0,21090.0,21145.0,21194.0,21220.0,21253.0,21291.0,21329.0,21376.0,21413.0,21449.0,21479.0,21512.0,21545.0,21584.0,21618.0,21663.0,21713.0,21754.0,21792.0,21837.0,21866.0,21907.0,,,,,,,,,22347.0,22382.0,22439.0,22483.0,22532.0,22595.0,22651.0,22692.0,22737.0,22769.0,22824.0,22899.0,22947.0,23007.0,23053.0,23091.0,23124.0,23159.0,23181.0,23211.0,23236.0,23278.0,23310.0,23342.0,23379.0,23412.0,23438.0,23465.0,23500.0,23530.0,23564.0,23608.0,23632.0,23652.0,23674.0,23702.0,23729.0,23781.0,23821.0,23854.0,23884.0,23915.0,23943.0,23991.0,24041.0,24078.0,24111.0,24137.0,24170
x7LGOdRkZTk,15000.0,15023.0,15049.0,15072.0,15104.0,15125.0,15148.0,15160.0,15191.0,15212.0,15242.0,15263.0,15287.0,15308.0,15325.0,15349.0,15377.0,15391.0,15403.0,15434.0,15457.0,15480.0,15495.0,15519.0,15541.0,15561.0,15578.0,15611.0,15640.0,15652.0,15672.0,15705.0,15730.0,15759.0,15777.0,15793.0,15816.0,15839.0,15867.0,15899.0,15934.0,15964.0,15985.0,15997.0,16006.0,16035.0,16051.0,16074.0,16131.0,16157.0,16190.0,16219.0,16237.0,16256.0,16291.0,16323.0,16370.0,16414.0,16433.0,16454.0,16478.0,16501.0,16526.0,16553.0,16597.0,16621.0,16651.0,16673.0,16693.0,16723.0,16756.0,16775.0,16807.0,16832.0,16854.0,16871.0,16895.0,16914.0,16937.0,16969.0,16990.0,17015.0,17032.0,17051.0,17074.0,17090.0,17108.0,17121.0,17137.0,17159.0,17189.0,17216.0,17238.0,17261.0,17283.0,17301.0,17310.0,17326.0,17346.0,17367.0,17390.0,17427.0,17456.0,17489.0,17514.0,17541.0,17572.0,17603.0,17626.0,17663.0,17680.0,17710.0,17732.0,17766.0,17791.0,17812.0,17832.0,17855.0,17877.0,17892.0,17920.0,17934.0,17957.0,17984.0,18001.0,18016.0,18036.0,18067.0,18097.0,18126.0,18151.0,18164.0,18191.0,18208.0,,,,,,,,,18353.0,18370.0,18389.0,18410.0,18426.0,18440.0,18471.0,18494.0,18519.0,18545.0,18566.0,18586.0,18611.0,18625.0,18653.0,18674.0,18699.0,18729.0,18753.0,18766.0,18788.0,18798.0,18813.0,18829.0,18850.0,18870.0,18894.0,18918.0,18934.0,18950.0,18964.0,18986.0,19001.0,19017.0,19038.0,19048.0,19061.0,19070.0,19087.0,19100.0,19120.0,19129.0,19143.0,19165.0,19182.0,19197.0,19205.0,19222.0,19240
WZWBY8rJSIM,79771.0,79974.0,80123.0,80304.0,80451.0,80684.0,80865.0,81092.0,81234.0,81401.0,81592.0,81811.0,81974.0,82126.0,82287.0,82488.0,82624.0,82791.0,82962.0,83156.0,83281.0,83579.0,83887.0,84052.0,84155.0,84276.0,84434.0,84604.0,84776.0,84956.0,85100.0,85210.0,85364.0,85507.0,85688.0,85850.0,86002.0,86146.0,86263.0,86357.0,86506.0,86644.0,86762.0,86981.0,87111.0,87209.0,87354.0,87495.0,87653.0,87794.0,87932.0,88048.0,88139.0,88273.0,88446.0,88706.0,89012.0,89206.0,89335.0,89478.0,89608.0,89706.0,89819.0,89990.0,90171.0,90266.0,90386.0,90545.0,90641.0,90774.0,90877.0,90955.0,91047.0,91122.0,91225.0,91314.0,91404.0,91497.0,91592.0,91703.0,91786.0,91871.0,91991.0,92089.0,92189.0,92321.0,92401.0,92468.0,92565.0,92656.0,92782.0,92894.0,93000.0,93116.0,93198.0,93317.0,93429.0,93549.0,93653.0,93766.0,93884.0,94026.0,94190.0,94327.0,94450.0,94621.0,94752.0,94900.0,95005.0,95148.0,95265.0,95377.0,95535.0,95667.0,95753.0,95863.0,96003.0,96162.0,96309.0,96478.0,96617.0,96759.0,96934.0,97074.0,97181.0,97343.0,97421.0,97585.0,97733.0,97847.0,98045.0,98239.0,98427.0,98647.0,,,,,,,,,100239.0,100455.0,100673.0,100864.0,101053.0,101239.0,101398.0,101536.0,101650.0,101773.0,101903.0,102050.0,102199.0,102382.0,102579.0,102733.0,102877.0,103020.0,103167.0,103288.0,103414.0,103538.0,103640.0,103768.0,103873.0,104005.0,104125.0,104282.0,104370.0,104488.0,104586.0,104726.0,104830.0,104941.0,105052.0,105163.0,105276.0,105401.0,105501.0,105658.0,105807.0,105910.0,106011.0,106113.0,106242.0,106374.0,106490.0,106599.0,106705
CgzZd6_BwE8,48765.0,48828.0,48939.0,49037.0,49172.0,49312.0,49441.0,49555.0,49667.0,49776.0,49863.0,49972.0,50105.0,50208.0,50329.0,50429.0,50497.0,50670.0,50778.0,50884.0,50959.0,51051.0,51150.0,51224.0,51289.0,51373.0,51444.0,51539.0,51590.0,51652.0,51718.0,51825.0,51885.0,51961.0,52015.0,52144.0,52227.0,52303.0,52358.0,52427.0,52504.0,52568.0,52664.0,52728.0,52783.0,52835.0,52897.0,52979.0,53050.0,53127.0,53208.0,53271.0,53335.0,53380.0,53443.0,53512.0,53594.0,53673.0,53722.0,53783.0,53859.0,53913.0,53985.0,54066.0,54140.0,54218.0,54274.0,54357.0,54395.0,54474.0,54557.0,54648.0,54705.0,54754.0,54868.0,54939.0,55001.0,55093.0,55168.0,55252.0,55313.0,55399.0,55474.0,55546.0,55599.0,55667.0,55728.0,55776.0,55837.0,55897.0,55970.0,56027.0,56122.0,56173.0,56224.0,56288.0,56356.0,56406.0,56476.0,56574.0,56636.0,56696.0,56768.0,56849.0,56954.0,57084.0,57215.0,57325.0,57390.0,57492.0,57612.0,57699.0,57799.0,57884.0,57953.0,58014.0,58097.0,58187.0,58252.0,58359.0,58415.0,58469.0,58521.0,58570.0,58611.0,58669.0,58757.0,58825.0,58881.0,58961.0,59034.0,59116.0,59200.0,59275.0,,,,,,,,,59990.0,60055.0,60143.0,60214.0,60293.0,60373.0,60436.0,60493.0,60548.0,60619.0,60694.0,60782.0,60845.0,60915.0,60978.0,61041.0,61105.0,61152.0,61214.0,61271.0,61318.0,61385.0,61429.0,61515.0,61578.0,61642.0,61726.0,61803.0,61864.0,61905.0,61964.0,62052.0,62121.0,62176.0,62261.0,62330.0,62372.0,62442.0,62518.0,62605.0,62692.0,62794.0,62911.0,62982.0,63068.0,63158.0,63233.0,63313.0,63391
1Qb6ETxzM6M,7288.0,7312.0,7352.0,7391.0,7416.0,7443.0,7456.0,7488.0,7524.0,7545.0,7562.0,7593.0,7622.0,7662.0,7728.0,7774.0,7822.0,7868.0,7899.0,7920.0,7935.0,7951.0,7990.0,8001.0,8006.0,8019.0,8047.0,8078.0,8095.0,8130.0,8167.0,8209.0,8233.0,8259.0,8293.0,8312.0,8337.0,8376.0,8397.0,8421.0,8447.0,8468.0,8490.0,8507.0,8530.0,8551.0,8565.0,8580.0,8606.0,8648.0,8674.0,8694.0,8710.0,8724.0,8741.0,8770.0,8793.0,8827.0,8849.0,8865.0,8883.0,8920.0,8962.0,8987.0,9019.0,9045.0,9082.0,9098.0,9115.0,9143.0,9164.0,9176.0,9191.0,9197.0,9212.0,9230.0,9247.0,9260.0,9282.0,9301.0,9322.0,9335.0,9360.0,9394.0,9401.0,9410.0,9421.0,9438.0,9458.0,9471.0,9491.0,9513.0,9534.0,9585.0,9592.0,9599.0,9611.0,9622.0,9644.0,9657.0,9663.0,9675.0,9689.0,9706.0,9723.0,9731.0,9750.0,9764.0,9777.0,9796.0,9823.0,9835.0,9855.0,9869.0,9882.0,9894.0,9907.0,9919.0,9938.0,9953.0,9962.0,9968.0,9977.0,9981.0,9984.0,9990.0,9995.0,10002.0,10012.0,10021.0,10028.0,10037.0,10043.0,10051.0,,,,,,,,,10121.0,10125.0,10140.0,10147.0,10162.0,10173.0,10182.0,10196.0,10201.0,10210.0,10231.0,10238.0,10262.0,10270.0,10275.0,10283.0,10294.0,10300.0,10311.0,10327.0,10337.0,10346.0,10354.0,10369.0,10380.0,10391.0,10398.0,10410.0,10415.0,10425.0,10429.0,10437.0,10444.0,10452.0,10458.0,10465.0,10473.0,10482.0,10488.0,10495.0,10503.0,10518.0,10526.0,10542.0,10549.0,10560.0,10570.0,10580.0,10589
Euvr1wNLK7M,155657.0,156383.0,157085.0,157901.0,158673.0,159480.0,160244.0,161019.0,161807.0,162591.0,163338.0,164026.0,164686.0,165352.0,166024.0,166626.0,167287.0,167818.0,168351.0,168847.0,169432.0,170278.0,171092.0,171615.0,172125.0,172762.0,173541.0,174324.0,175179.0,175866.0,176435.0,177103.0,177709.0,178236.0,178783.0,179325.0,179889.0,180415.0,180849.0,181338.0,181816.0,182299.0,182750.0,183230.0,183624.0,184028.0,184409.0,184900.0,185359.0,185680.0,186125.0,186545.0,186851.0,187219.0,187541.0,187943.0,188283.0,188629.0,188995.0,189373.0,189755.0,190137.0,190449.0,190836.0,191210.0,191598.0,191974.0,192345.0,192776.0,193270.0,193612.0,193982.0,194293.0,194634.0,194943.0,195323.0,195652.0,196032.0,196380.0,196719.0,197046.0,197328.0,197598.0,197903.0,198238.0,198524.0,198770.0,199016.0,199253.0,199548.0,199804.0,200088.0,200344.0,200558.0,200783.0,201077.0,201365.0,201628.0,201930.0,202161.0,202435.0,202666.0,202872.0,203119.0,203403.0,203667.0,203922.0,204159.0,204415.0,204671.0,204894.0,205159.0,205432.0,205654.0,205902.0,206184.0,206399.0,206683.0,206977.0,207264.0,207563.0,207867.0,208140.0,208344.0,208647.0,208889.0,209156.0,209428.0,209680.0,209907.0,210207.0,210431.0,210703.0,210941.0,,,,,,,,,213077.0,213276.0,213491.0,213680.0,213862.0,214056.0,214255.0,214438.0,214659.0,214835.0,215012.0,215199.0,215431.0,215631.0,215804.0,215988.0,216157.0,216332.0,216536.0,216709.0,216913.0,217096.0,217256.0,217464.0,217663.0,217845.0,218077.0,218281.0,218445.0,218644.0,218822.0,219041.0,219251.0,219484.0,219684.0,219868.0,220071.0,220259.0,220536.0,220752.0,221022.0,221239.0,221515.0,221794.0,222054.0,222363.0,222674.0,222981.0,223251
AL3FYa2QF9o,3419.0,3498.0,3586.0,3654.0,3765.0,3823.0,3927.0,4022.0,4148.0,4223.0,4318.0,4404.0,4493.0,4553.0,4653.0,4733.0,4800.0,4868.0,4942.0,5028.0,5107.0,5166.0,5239.0,5306.0,5378.0,5457.0,5544.0,5621.0,5687.0,5767.0,5836.0,5885.0,5957.0,6029.0,6090.0,6185.0,6235.0,6294.0,6333.0,6402.0,6470.0,6563.0,6665.0,6784.0,6842.0,6898.0,6980.0,7062.0,7153.0,7228.0,7312.0,7381.0,7440.0,7535.0,7610.0,7674.0,7776.0,7876.0,7954.0,8025.0,8096.0,8183.0,8260.0,8369.0,8446.0,8514.0,8564.0,8632.0,8701.0,8815.0,8894.0,8970.0,9026.0,9086.0,9151.0,9233.0,9321.0,9414.0,9508.0,9587.0,9653.0,9759.0,9825.0,9894.0,9989.0,10078.0,10150.0,10228.0,10322.0,10406.0,10493.0,10594.0,10693.0,10772.0,10825.0,10888.0,10965.0,11069.0,11152.0,11232.0,11309.0,11352.0,11416.0,11474.0,11558.0,11619.0,11688.0,11747.0,11793.0,11847.0,11903.0,11960.0,12015.0,12076.0,12121.0,12163.0,12199.0,12248.0,12297.0,12349.0,12393.0,12442.0,12482.0,12525.0,12587.0,12635.0,12679.0,12728.0,12770.0,12801.0,12859.0,12887.0,12927.0,12974.0,,,,,,,,,13518.0,13556.0,13596.0,13631.0,13662.0,13722.0,13765.0,13801.0,13840.0,13872.0,13944.0,14008.0,14054.0,14095.0,14146.0,14191.0,14244.0,14293.0,14338.0,14376.0,14412.0,14438.0,14454.0,14498.0,14538.0,14583.0,14623.0,14657.0,14691.0,14724.0,14771.0,14798.0,14854.0,14905.0,14961.0,15005.0,15040.0,15078.0,15129.0,15170.0,15219.0,15278.0,15334.0,15362.0,15415.0,15459.0,15520.0,15574.0,15631
Y2x64p1dOtA,2797.0,2805.0,2824.0,2842.0,2864.0,2882.0,2892.0,2913.0,2935.0,2941.0,2951.0,2960.0,2974.0,2983.0,2992.0,3005.0,3018.0,3026.0,3037.0,3049.0,3070.0,3087.0,3095.0,3113.0,3131.0,3144.0,3149.0,3157.0,3168.0,3181.0,3192.0,3200.0,3221.0,3238.0,3256.0,3268.0,3278.0,3295.0,3311.0,3322.0,3336.0,3344.0,3356.0,3372.0,3392.0,3409.0,3422.0,3432.0,3447.0,3459.0,3476.0,3492.0,3499.0,3506.0,3515.0,3526.0,3540.0,3558.0,3569.0,3576.0,3587.0,3600.0,3610.0,3632.0,3650.0,3663.0,3680.0,3700.0,3717.0,3735.0,3749.0,3757.0,3769.0,3781.0,3794.0,3808.0,3822.0,3842.0,3857.0,3887.0,3896.0,3914.0,3924.0,3940.0,3957.0,3982.0,4005.0,4020.0,4044.0,4063.0,4076.0,4091.0,4110.0,4125.0,4140.0,4160.0,4170.0,4190.0,4214.0,4238.0,4259.0,4277.0,4299.0,4322.0,4333.0,4346.0,4360.0,4382.0,4393.0,4401.0,4409.0,4421.0,4436.0,4454.0,4472.0,4483.0,4505.0,4521.0,4543.0,4557.0,4570.0,4586.0,4602.0,4612.0,4620.0,4632.0,4642.0,4653.0,4661.0,4667.0,4682.0,4698.0,4713.0,4725.0,,,,,,,,,4846.0,4853.0,4867.0,4884.0,4898.0,4920.0,4935.0,4950.0,4964.0,4982.0,4998.0,5014.0,5035.0,5048.0,5056.0,5067.0,5083.0,5097.0,5115.0,5134.0,5141.0,5149.0,5158.0,5171.0,5182.0,5205.0,5218.0,5241.0,5251.0,5258.0,5274.0,5283.0,5303.0,5319.0,5333.0,5345.0,5358.0,5372.0,5384.0,5395.0,5411.0,5423.0,5445.0,5457.0,5473.0,5495.0,5510.0,5533.0,5545
kbEC-AGr9n0,96056843.0,96253462.0,96476626.0,96690436.0,96895631.0,97104197.0,97308501.0,97529867.0,97749259.0,97951723.0,98133414.0,98313661.0,98508610.0,98702460.0,98894881.0,99084099.0,99278864.0,99460840.0,99638405.0,99825238.0,100015258.0,100208445.0,100392268.0,100570523.0,100742229.0,100920090.0,101096171.0,101279569.0,101460149.0,101640663.0,101812952.0,101972865.0,102146790.0,102325559.0,102506197.0,102677711.0,102869973.0,103080622.0,103268849.0,103454444.0,103650955.0,103856521.0,104054634.0,104260076.0,104460861.0,104643451.0,104810806.0,104996441.0,105177398.0,105351731.0,105526899.0,105707434.0,105869292.0,106027815.0,106196576.0,106368117.0,106537780.0,106705987.0,106867955.0,107022495.0,107175197.0,107340424.0,107508107.0,107691662.0,107887024.0,108078779.0,108243052.0,108419912.0,108576365.0,108786381.0,108999678.0,109221558.0,109434466.0,109622035.0,109805029.0,109985953.0,110168163.0,110354687.0,110530836.0,110695901.0,110846355.0,110995473.0,111151385.0,111313416.0,111473291.0,111630364.0,111783787.0,111919678.0,112053294.0,112186662.0,112325228.0,112467029.0,112611599.0,112752467.0,112886101.0,113032737.0,113194319.0,113357409.0,113521391.0,113687478.0,113856132.0,114018038.0,114168700.0,114318128.0,114466040.0,114611724.0,114761622.0,114923601.0,115081538.0,115224938.0,115369217.0,115518894.0,115667306.0,115818897.0,115970479.0,116113489.0,116248354.0,116383954.0,116517963.0,116650677.0,116791134.0,116931132.0,117067924.0,117197398.0,117338997.0,117489153.0,117639462.0,117796186.0,117966067.0,118128595.0,118283273.0,118446065.0,118602400.0,118751063.0,,,,,,,,,120102559.0,120255763.0,120401205.0,120549877.0,120702967.0,120863381.0,121034732.0,121206649.0,121413823.0,121582706.0,121764693.0,121982176.0,122193650.0,122421091.0,122653226.0,122869473.0,123078961.0,123303668.0,123504881.0,123656441.0,123792215.0,123928724.0,124059453.0,124186802.0,124311928.0,124436647.0,124564589.0,124698281.0,124830808.0,124966642.0,125092329.0,125222137.0,125353248.0,125481179.0,125610621.0,125745979.0,125873524.0,125994584.0,126128805.0,126262184.0,126395731.0,126527975.0,126665599.0,126790627.0,126914766.0,127040668.0,127164129.0,127290345.0,127417873
kbEC-AGr9n0,96056843.0,96253462.0,96476626.0,96690436.0,96895631.0,97104197.0,97308501.0,97529867.0,97749259.0,97951723.0,98133414.0,98313661.0,98508610.0,98702460.0,98894881.0,99084099.0,99278864.0,99460840.0,99638405.0,99825238.0,100015258.0,100208445.0,100392268.0,100570523.0,100742229.0,100920090.0,101096171.0,101279569.0,101460149.0,101640663.0,101812952.0,101972865.0,102146790.0,102325559.0,102506197.0,102677711.0,102869973.0,103080622.0,103268849.0,103454444.0,103650955.0,103856521.0,104054634.0,104260076.0,104460861.0,104643451.0,104810806.0,104996441.0,105177398.0,105351731.0,105526899.0,105707434.0,105869292.0,106027815.0,106196576.0,106368117.0,106537780.0,106705987.0,106867955.0,107022495.0,107175197.0,107340424.0,107508107.0,107691662.0,107887024.0,108078779.0,108243052.0,108419912.0,108576365.0,108786381.0,108999678.0,109221558.0,109434466.0,109622035.0,109805029.0,109985953.0,110168163.0,110354687.0,110530836.0,110695901.0,110846355.0,110995473.0,111151385.0,111313416.0,111473291.0,111630364.0,111783787.0,111919678.0,112053294.0,112186662.0,112325228.0,112467029.0,112611599.0,112752467.0,112886101.0,113032737.0,113194319.0,113357409.0,113521391.0,113687478.0,113856132.0,114018038.0,114168700.0,114318128.0,114466040.0,114611724.0,114761622.0,114923601.0,115081538.0,115224938.0,115369217.0,115518894.0,115667306.0,115818897.0,115970479.0,116113489.0,116248354.0,116383954.0,116517963.0,116650677.0,116791134.0,116931132.0,117067924.0,117197398.0,117338997.0,117489153.0,117639462.0,117796186.0,117966067.0,118128595.0,118283273.0,118446065.0,118602400.0,118751063.0,,,,,,,,,120102559.0,120255763.0,120401205.0,120549877.0,120702967.0,120863381.0,121034732.0,121206649.0,121413823.0,121582706.0,121764693.0,121982176.0,122193650.0,122421091.0,122653226.0,122869473.0,123078961.0,123303668.0,123504881.0,123656441.0,123792215.0,123928724.0,124059453.0,124186802.0,124311928.0,124436647.0,124564589.0,124698281.0,124830808.0,124966642.0,125092329.0,125222137.0,125353248.0,125481179.0,125610621.0,125745979.0,125873524.0,125994584.0,126128805.0,126262184.0,126395731.0,126527975.0,126665599.0,126790627.0,126914766.0,127040668.0,127164129.0,127290345.0,127417873
vaGf8fmtBr4,22152873.0,22295851.0,22446564.0,22589853.0,22721559.0,22853590.0,22987379.0,23115433.0,23247152.0,23372407.0,23486257.0,23596168.0,23707655.0,23820365.0,23930030.0,24037415.0,24146250.0,24247782.0,24345689.0,24442463.0,24538908.0,24639460.0,24739594.0,24837547.0,24927168.0,25012913.0,25097466.0,25179429.0,25262043.0,25346280.0,25430982.0,25505406.0,25577506.0,25651212.0,25727365.0,25803630.0,25888933.0,25973117.0,26048764.0,26117812.0,26189257.0,26262715.0,26335418.0,26411521.0,26483211.0,26548830.0,26610162.0,26673023.0,26732133.0,26790110.0,26846961.0,26909146.0,26964397.0,27015509.0,27071669.0,27127913.0,27185145.0,27243248.0,27302983.0,27361674.0,27417350.0,27474570.0,27530995.0,27589457.0,27645046.0,27697850.0,27748707.0,27797789.0,27844009.0,27906538.0,27966294.0,28033006.0,28103795.0,28168013.0,28228794.0,28293818.0,28356368.0,28417108.0,28476930.0,28533519.0,28592199.0,28650234.0,28706411.0,28764266.0,28819947.0,28873389.0,28925608.0,28973905.0,29021150.0,29068066.0,29116312.0,29162682.0,29207190.0,29252958.0,29296033.0,29336763.0,29378730.0,29421987.0,29466764.0,29510552.0,29556846.0,29600157.0,29640616.0,29682487.0,29724680.0,29767665.0,29810825.0,29856434.0,29897711.0,29936576.0,29976338.0,30015698.0,30054072.0,30095114.0,30135921.0,30173091.0,30209110.0,30244649.0,30280721.0,30315114.0,30350628.0,30387219.0,30421397.0,30454792.0,30490928.0,30530498.0,30574077.0,30629979.0,30699066.0,30761026.0,30814599.0,30869626.0,30921090.0,30968298.0,,,,,,,,,31347822.0,31384734.0,31417689.0,31449358.0,31484832.0,31521115.0,31553704.0,31588064.0,31625423.0,31660749.0,31695275.0,31729975.0,31768993.0,31809479.0,31848851.0,31884081.0,31921424.0,31955572.0,31988018.0,32019830.0,32050789.0,32083177.0,32113049.0,32142305.0,32170804.0,32198197.0,32226047.0,32254298.0,32281675.0,32307999.0,32332428.0,32356627.0,32381649.0,32405641.0,32429496.0,32454727.0,32478115.0,32501226.0,32524923.0,32548478.0,32572868.0,32597094.0,32622556.0,32660271.0,32687481.0,32715584.0,32745437.0,32772759.0,32799207
nhkUPX42wuk,4804.0,4805.0,4808.0,4810.0,4812.0,4814.0,4815.0,4815.0,4820.0,4821.0,4826.0,4826.0,4828.0,4830.0,4833.0,4834.0,4837.0,4839.0,4840.0,4844.0,4844.0,4846.0,4848.0,4850.0,4852.0,4855.0,4858.0,4862.0,4863.0,4865.0,4866.0,4866.0,4867.0,4870.0,4872.0,4874.0,4878.0,4881.0,4884.0,4884.0,4888.0,4888.0,4892.0,4895.0,4897.0,4899.0,4897.0,4902.0,4906.0,4910.0,4916.0,4917.0,4919.0,4919.0,4921.0,4924.0,4926.0,4928.0,4929.0,4931.0,4933.0,4947.0,4950.0,4953.0,4956.0,4956.0,4957.0,4958.0,4959.0,4961.0,4964.0,4968.0,4971.0,4971.0,4974.0,4988.0,4994.0,5005.0,5009.0,5016.0,5020.0,5024.0,5026.0,5029.0,5029.0,5031.0,5034.0,5035.0,5039.0,5040.0,5042.0,5045.0,5053.0,5054.0,5060.0,5064.0,5066.0,5075.0,5077.0,5080.0,5082.0,5085.0,5088.0,5088.0,5088.0,5091.0,5091.0,5092.0,5092.0,5094.0,5096.0,5098.0,5098.0,5102.0,5104.0,5106.0,5107.0,5108.0,5109.0,5111.0,5114.0,5116.0,5119.0,5128.0,5129.0,5132.0,5136.0,5137.0,5138.0,5139.0,5141.0,5142.0,5147.0,5155.0,,,,,,,,,5178.0,5179.0,5180.0,5181.0,5185.0,5189.0,5190.0,5194.0,5195.0,5198.0,5200.0,5200.0,5203.0,5204.0,5207.0,5209.0,5210.0,5212.0,5214.0,5215.0,5217.0,5219.0,5221.0,5221.0,5221.0,5223.0,5227.0,5227.0,5229.0,5233.0,5236.0,5242.0,5248.0,5252.0,5254.0,5257.0,5257.0,5260.0,5262.0,5265.0,5266.0,5270.0,5271.0,5273.0,5277.0,5279.0,5282.0,5283.0,5285
GYyJUD6tcfk,322169.0,323351.0,324500.0,325538.0,326881.0,328358.0,329900.0,331559.0,332667.0,333657.0,334594.0,336164.0,337605.0,338527.0,339889.0,340913.0,341648.0,342516.0,343492.0,344659.0,345913.0,347152.0,348119.0,349144.0,349915.0,350764.0,351833.0,352516.0,353393.0,354581.0,355452.0,356259.0,357167.0,358266.0,359461.0,360778.0,362010.0,363085.0,363714.0,364443.0,365372.0,366083.0,366773.0,367581.0,368259.0,368763.0,369415.0,370093.0,370708.0,371529.0,372301.0,372983.0,373509.0,374361.0,375163.0,375865.0,376711.0,377501.0,378335.0,378954.0,379752.0,380518.0,381155.0,382012.0,382740.0,383330.0,383994.0,384732.0,385552.0,388467.0,389959.0,390916.0,391735.0,392371.0,393267.0,394111.0,394835.0,395565.0,396268.0,396825.0,397403.0,397962.0,398501.0,399121.0,399720.0,400348.0,400752.0,401176.0,401691.0,402312.0,402921.0,403536.0,404078.0,404709.0,405258.0,405732.0,406391.0,407042.0,407730.0,408388.0,408844.0,409212.0,409611.0,410141.0,410685.0,411204.0,411684.0,412104.0,412563.0,412999.0,413455.0,413931.0,414324.0,414801.0,415192.0,415532.0,416008.0,416433.0,416858.0,417340.0,417736.0,418071.0,418394.0,418646.0,418925.0,419264.0,419547.0,419929.0,420245.0,420591.0,420944.0,421326.0,421745.0,422206.0,,,,,,,,,425987.0,426343.0,426763.0,427221.0,427622.0,428024.0,428474.0,428814.0,429095.0,429508.0,429991.0,430560.0,430956.0,431481.0,431927.0,432348.0,432830.0,433276.0,433745.0,434087.0,434439.0,434759.0,435035.0,435813.0,437609.0,438071.0,438428.0,438762.0,439064.0,439338.0,439654.0,440109.0,440554.0,440982.0,441333.0,441713.0,442064.0,442528.0,442991.0,443467.0,443958.0,444376.0,444710.0,445113.0,445510.0,446014.0,446497.0,446976.0,447480
dAvDMSPt7BM,4520694.0,4531925.0,4545624.0,4559761.0,4573017.0,4586117.0,4598551.0,4613207.0,4627261.0,4639617.0,4651817.0,4664821.0,4679029.0,4694020.0,4709439.0,4722362.0,4734626.0,4746446.0,4759329.0,4772404.0,4785179.0,4798012.0,4812851.0,4828263.0,4840344.0,4852312.0,4864719.0,4876499.0,4888723.0,4900401.0,4911639.0,4922506.0,4933700.0,4944850.0,4962927.0,4976265.0,4988918.0,5000351.0,5010237.0,5022116.0,5034589.0,5044768.0,5054106.0,5063347.0,5071701.0,5079849.0,5088444.0,5097036.0,5104931.0,5111875.0,5118711.0,5127049.0,5134567.0,5142062.0,5150098.0,5158207.0,5166321.0,5174966.0,5184140.0,5193012.0,5201977.0,5211019.0,5220018.0,5228563.0,5238046.0,5247194.0,5256407.0,5266606.0,5275026.0,5287140.0,5297708.0,5307172.0,5316338.0,5324767.0,5333637.0,5342475.0,5351994.0,5360228.0,5368967.0,5377173.0,5384969.0,5392665.0,5400658.0,5409528.0,5417522.0,5425982.0,5434115.0,5441211.0,5448762.0,5456872.0,5464797.0,5472410.0,5480335.0,5487890.0,5495255.0,5505739.0,5517487.0,5527446.0,5536132.0,5544717.0,5553181.0,5561171.0,5568579.0,5574967.0,5581414.0,5587334.0,5593391.0,5599387.0,5605385.0,5611343.0,5617045.0,5623493.0,5629922.0,5635557.0,5640788.0,5645953.0,5651109.0,5656102.0,5660993.0,5665745.0,5670490.0,5674836.0,5679089.0,5683669.0,5688377.0,5692997.0,5697459.0,5702128.0,5706358.0,5710408.0,5714883.0,5719828.0,5724763.0,5729382.0,,,,,,,,,5773354.0,5777933.0,5782585.0,5786978.0,5791424.0,5796402.0,5801307.0,5806434.0,5812467.0,5818031.0,5823216.0,5828123.0,5833403.0,5839068.0,5844497.0,5849928.0,5854988.0,5860228.0,5866691.0,5872223.0,5877012.0,5881442.0,5886227.0,5891734.0,5897583.0,5903289.0,5908735.0,5913523.0,5918165.0,5922755.0,5927768.0,5932554.0,5937560.0,5942151.0,5946840.0,5951225.0,5955929.0,5960383.0,5964934.0,5969598.0,5974035.0,5978040.0,5982210.0,5986476.0,5990727.0,5994870.0,5999127.0,6003700.0,6008176
reReODNXKko,13283.0,13374.0,13496.0,13621.0,13755.0,13862.0,14028.0,14158.0,14263.0,14413.0,14540.0,14669.0,14822.0,14923.0,15023.0,15117.0,15249.0,15361.0,15439.0,15532.0,15647.0,15746.0,15870.0,15963.0,16038.0,16147.0,16238.0,16318.0,16407.0,16493.0,16601.0,16689.0,16823.0,16941.0,17054.0,17150.0,17248.0,17400.0,17514.0,17589.0,17663.0,17732.0,17841.0,17930.0,18040.0,18111.0,18168.0,18226.0,18326.0,18413.0,18491.0,18580.0,18684.0,18802.0,18903.0,19007.0,19116.0,19201.0,19282.0,19374.0,19434.0,19506.0,19607.0,19690.0,19799.0,19938.0,20064.0,20199.0,20320.0,20431.0,20545.0,20643.0,20747.0,20812.0,20901.0,20953.0,21049.0,21133.0,21225.0,21358.0,21448.0,21552.0,21643.0,21740.0,21848.0,21925.0,22000.0,22086.0,22150.0,22221.0,22295.0,22375.0,22434.0,22554.0,22651.0,22756.0,22858.0,22987.0,23076.0,23233.0,23519.0,23710.0,23872.0,23975.0,24112.0,24225.0,24322.0,24432.0,24544.0,24651.0,24728.0,24811.0,24893.0,24958.0,25052.0,25123.0,25198.0,25277.0,25335.0,25421.0,25489.0,25554.0,25621.0,25675.0,25740.0,25827.0,25907.0,25970.0,26038.0,26082.0,26127.0,26188.0,26243.0,26314.0,,,,,,,,,26792.0,26841.0,26918.0,26976.0,27049.0,27107.0,27144.0,27201.0,27258.0,27301.0,27349.0,27389.0,27427.0,27472.0,27524.0,27576.0,27609.0,27656.0,27707.0,27766.0,27806.0,27860.0,27897.0,27933.0,27969.0,28020.0,28089.0,28128.0,28164.0,28214.0,28265.0,28295.0,28345.0,28377.0,28437.0,28475.0,28516.0,28554.0,28600.0,28658.0,28698.0,28739.0,28782.0,28820.0,28868.0,28902.0,28954.0,29018.0,29066
D03wn7WR4w0,,,,,,,,,,,,,,,,,,,,,,,,,,,,,,,,,,,,,,,,,,,,,,,,,,,,,,,,,,,,,,,,,,,,,,,,,,,,,,,,,,,,,,,,,,,,,,,,,,,,,,,,,,,,,,,,,,,,,,,,,,,,,,,,,,,,,,,,,,,,,,,,,,,,,,,,,,,,,,,,,,,,,,,,,,,,,,,,,,,,,,,,,,,,,,,
7y2F8Tp6eyw,11388.0,11454.0,11555.0,11645.0,11714.0,11787.0,11849.0,11925.0,12003.0,12075.0,12187.0,12248.0,12292.0,12330.0,12396.0,12448.0,12511.0,12564.0,12632.0,12682.0,12725.0,12792.0,12867.0,12912.0,12953.0,13002.0,13044.0,13076.0,13125.0,13158.0,13200.0,13229.0,13269.0,13306.0,13356.0,13396.0,13433.0,13489.0,13531.0,13570.0,13648.0,13701.0,13855.0,13952.0,14006.0,14036.0,14078.0,14118.0,14146.0,14216.0,14285.0,14311.0,14359.0,14386.0,14427.0,14460.0,14479.0,14504.0,14534.0,14568.0,14601.0,14628.0,14673.0,14706.0,14745.0,14790.0,14824.0,14874.0,14900.0,14935.0,14973.0,14998.0,15030.0,15061.0,15100.0,15130.0,15165.0,15186.0,15234.0,15264.0,15290.0,15328.0,15366.0,15391.0,15444.0,15471.0,15498.0,15533.0,15575.0,15639.0,15727.0,15802.0,15896.0,15970.0,16018.0,16055.0,16088.0,16121.0,16175.0,16237.0,16295.0,16339.0,16416.0,16447.0,16485.0,16517.0,16575.0,16616.0,16649.0,16671.0,16694.0,16725.0,16797.0,16827.0,16845.0,16866.0,16893.0,16916.0,16960.0,16992.0,17018.0,17043.0,17068.0,17100.0,17127.0,17163.0,17195.0,17234.0,17267.0,17291.0,17330.0,17360.0,17386.0,17410.0,,,,,,,,,17723.0,17751.0,17778.0,17807.0,17833.0,17856.0,17884.0,17915.0,17946.0,18021.0,18052.0,18076.0,18131.0,18181.0,18211.0,18249.0,18282.0,18322.0,18357.0,18391.0,18420.0,18437.0,18471.0,18503.0,18529.0,18546.0,18583.0,18613.0,18642.0,18675.0,18691.0,18716.0,18740.0,18765.0,18794.0,18825.0,18869.0,18905.0,18930.0,18966.0,18997.0,19038.0,19065.0,19097.0,19149.0,19214.0,19261.0,19301.0,19332
9hHj7GI6xQU,36932.0,36960.0,36990.0,37028.0,37058.0,37085.0,37121.0,37165.0,37188.0,37226.0,37268.0,37293.0,37325.0,37372.0,37416.0,37437.0,37471.0,37504.0,37529.0,37547.0,37560.0,37586.0,37628.0,37669.0,37692.0,37730.0,37760.0,37796.0,37825.0,37841.0,37853.0,37878.0,37895.0,37917.0,37936.0,37963.0,37993.0,38014.0,38028.0,38054.0,38081.0,38106.0,38136.0,38159.0,38184.0,38204.0,38228.0,38247.0,38271.0,38295.0,38317.0,38342.0,38366.0,38378.0,38411.0,38430.0,38457.0,38487.0,38506.0,38527.0,38547.0,38575.0,38591.0,38613.0,38642.0,38674.0,38698.0,38711.0,38735.0,38760.0,38783.0,38811.0,38844.0,38864.0,38895.0,38921.0,38963.0,38990.0,39037.0,39095.0,39130.0,39158.0,39185.0,39211.0,39247.0,39277.0,39292.0,39318.0,39341.0,39376.0,39389.0,39401.0,39421.0,39431.0,39454.0,39479.0,39502.0,39528.0,39545.0,39560.0,39575.0,39596.0,39615.0,39641.0,39665.0,39688.0,39710.0,39731.0,39741.0,39773.0,39782.0,39805.0,39832.0,39847.0,39860.0,39872.0,39888.0,39900.0,39923.0,39940.0,39961.0,39976.0,39988.0,40000.0,40009.0,40019.0,40036.0,40050.0,40076.0,40094.0,40118.0,40132.0,40140.0,40157.0,,,,,,,,,40278.0,40295.0,40317.0,40337.0,40348.0,40360.0,40372.0,40387.0,40401.0,40412.0,40424.0,40438.0,40456.0,40471.0,40476.0,40490.0,40509.0,40517.0,40526.0,40540.0,40548.0,40558.0,40570.0,40581.0,40597.0,40606.0,40646.0,40676.0,40689.0,40705.0,40717.0,40727.0,40746.0,40763.0,40778.0,40796.0,40809.0,40815.0,40828.0,40842.0,40847.0,40860.0,40869.0,40878.0,40883.0,40896.0,40899.0,40906.0,40923
yww6-DdwshY,1006655.0,1006875.0,1007093.0,1007303.0,1007606.0,1007858.0,1008137.0,1008406.0,1008652.0,1008844.0,1009123.0,1009361.0,1009580.0,1009847.0,1010085.0,1010359.0,1010569.0,1010786.0,1010957.0,1011169.0,1011364.0,1011626.0,1011902.0,1012312.0,1012579.0,1012781.0,1013002.0,1013258.0,1013551.0,1013809.0,1013984.0,1014188.0,1014399.0,1014650.0,1014968.0,1015268.0,1015540.0,1015716.0,1015874.0,1016238.0,1016637.0,1017080.0,1017494.0,1017843.0,1018179.0,1018466.0,1018912.0,1019320.0,1019726.0,1020166.0,1020585.0,1021006.0,1021454.0,1021803.0,1022076.0,1022323.0,1022534.0,1022770.0,1022997.0,1023256.0,1023478.0,1023758.0,1024048.0,1024278.0,1024468.0,1024634.0,1024798.0,1025002.0,1025185.0,1025399.0,1025651.0,1025922.0,1026156.0,1026358.0,1026688.0,1027142.0,1027641.0,1028237.0,1028983.0,1029845.0,1030534.0,1031024.0,1031404.0,1032004.0,1032596.0,1033062.0,1033499.0,1033830.0,1034246.0,1034601.0,1034918.0,1035276.0,1035642.0,1036044.0,1036267.0,1036533.0,1036819.0,1037148.0,1037363.0,1037608.0,1037889.0,1038154.0,1038340.0,1038603.0,1038866.0,1039087.0,1039402.0,1039622.0,1039862.0,1040167.0,1040468.0,1040775.0,1041054.0,1041293.0,1041463.0,1041642.0,1041868.0,1042044.0,1042204.0,1042382.0,1042587.0,1042756.0,1042926.0,1043084.0,1043228.0,1043433.0,1043608.0,1043779.0,1043947.0,1044091.0,1044291.0,1044457.0,1044667.0,1044828.0,,,,,,,,,1046449.0,1046599.0,1046750.0,1046924.0,1047106.0,1047263.0,1047435.0,1047570.0,1047724.0,1047898.0,1048063.0,1048276.0,1048465.0,1048600.0,1048742.0,1048870.0,1049006.0,1049140.0,1049285.0,1049475.0,1049604.0,1049733.0,1049837.0,1049969.0,1050102.0,1050279.0,1050419.0,1050569.0,1050674.0,1050784.0,1050961.0,1051104.0,1051243.0,1051387.0,1051546.0,1051709.0,1051823.0,1052014.0,1052194.0,1052351.0,1052493.0,1052650.0,1052793.0,1052927.0,1053072.0,1053235.0,1053397.0,1053568.0,1053718
M3TnAn9uVEI,902652.0,905841.0,909297.0,912609.0,916175.0,919973.0,923475.0,927028.0,931533.0,936002.0,939954.0,943635.0,947450.0,951204.0,954719.0,958035.0,961070.0,964048.0,966973.0,969909.0,973054.0,976070.0,978959.0,981650.0,984252.0,987434.0,990617.0,994515.0,997909.0,1001343.0,1004486.0,1007930.0,1011439.0,1014689.0,1018094.0,1021466.0,1025204.0,1028717.0,1031968.0,1035394.0,1038741.0,1041932.0,1045205.0,1048682.0,1051890.0,1054739.0,1057447.0,1060259.0,1062849.0,1065545.0,1068076.0,1070793.0,1073321.0,1075721.0,1078356.0,1081160.0,1083996.0,1086544.0,1089098.0,1091604.0,1094079.0,1096593.0,1099116.0,1101542.0,1103975.0,1106812.0,1109355.0,1111684.0,1113804.0,1116690.0,1119070.0,1121564.0,1123975.0,1126318.0,1128725.0,1131061.0,1133700.0,1136240.0,1138849.0,1141191.0,1143432.0,1145677.0,1147872.0,1150046.0,1152095.0,1154307.0,1156470.0,1158524.0,1160599.0,1162709.0,1164734.0,1166807.0,1168805.0,1170726.0,1172707.0,1174662.0,1176661.0,1178754.0,1180794.0,1182889.0,1185109.0,1187276.0,1189514.0,1191623.0,1194322.0,1196727.0,1200636.0,1212249.0,1218936.0,1224375.0,1228964.0,1232743.0,1236376.0,1240170.0,1244283.0,1247638.0,1250586.0,1253543.0,1256637.0,1259908.0,1262951.0,1267039.0,1269815.0,1272327.0,1274852.0,1277170.0,1279342.0,1281588.0,1283612.0,1285565.0,1287581.0,1289553.0,1291357.0,1293170.0,,,,,,,,,1310155.0,1311804.0,1313480.0,1315113.0,1316754.0,1318391.0,1320134.0,1321924.0,1323676.0,1325189.0,1326740.0,1328296.0,1330011.0,1331616.0,1333112.0,1334582.0,1336035.0,1337675.0,1339168.0,1340544.0,1341992.0,1343446.0,1344802.0,1346067.0,1347629.0,1349209.0,1350754.0,1352322.0,1354346.0,1355963.0,1357530.0,1359067.0,1360431.0,1361900.0,1363260.0,1364624.0,1365910.0,1367452.0,1368982.0,1370440.0,1372043.0,1373541.0,1374912.0,1376327.0,1377803.0,1379264.0,1380749.0,1382200.0,1383527
8KpvPHcXr1c,17055577.0,17074199.0,17094786.0,17115513.0,17135767.0,17155601.0,17173835.0,17192724.0,17211580.0,17231057.0,17249934.0,17268220.0,17286739.0,17303890.0,17322411.0,17342689.0,17362852.0,17381322.0,17399434.0,17417469.0,17435197.0,17452906.0,17471362.0,17490173.0,17508775.0,17527188.0,17546571.0,17565398.0,17583775.0,17601954.0,17620244.0,17637260.0,17654696.0,17671994.0,17689507.0,17707754.0,17726772.0,17743310.0,17758936.0,17776679.0,17794990.0,17812212.0,17829184.0,17846296.0,17863411.0,17880698.0,17897455.0,17914090.0,17929860.0,17944571.0,17958356.0,17973694.0,17989716.0,18005168.0,18020935.0,18037781.0,18055849.0,18073447.0,18090904.0,18107717.0,18123206.0,18141398.0,18159819.0,18177085.0,18193290.0,18209330.0,18226688.0,18245023.0,18262340.0,18284214.0,18303812.0,18322154.0,18338419.0,18355607.0,18372859.0,18390917.0,18408643.0,18425938.0,18442553.0,18459252.0,18475378.0,18491718.0,18508469.0,18526505.0,18544240.0,18561339.0,18577563.0,18593233.0,18609187.0,18624326.0,18640626.0,18656812.0,18674941.0,18692121.0,18708977.0,18723579.0,18738106.0,18753847.0,18769619.0,18785795.0,18803127.0,18820790.0,18837155.0,18852311.0,18867836.0,18883283.0,18898244.0,18913406.0,18928191.0,18943592.0,18958841.0,18975211.0,18990866.0,19006556.0,19023135.0,19039715.0,19055829.0,19070552.0,19085031.0,19099439.0,19115088.0,19132150.0,19149113.0,19163470.0,19178297.0,19192677.0,19207946.0,19225361.0,19243472.0,19261993.0,19280372.0,19299155.0,19317039.0,19333014.0,,,,,,,,,19483047.0,19503300.0,19522525.0,19543002.0,19565529.0,19594079.0,19624619.0,19654940.0,19685728.0,19709662.0,19734834.0,19765341.0,19798731.0,19835342.0,19866085.0,19896682.0,19922632.0,19951613.0,19979823.0,20001826.0,20020982.0,20039104.0,20055883.0,20072402.0,20088930.0,20105389.0,20122044.0,20138843.0,20154771.0,20170651.0,20186733.0,20202719.0,20218541.0,20235009.0,20251733.0,20267872.0,20284657.0,20301227.0,20318322.0,20334470.0,20351398.0,20368520.0,20385576.0,20401815.0,20417964.0,20434640.0,20451367.0,20468651.0,20486285
8KpvPHcXr1c,17055577.0,17074199.0,17094786.0,17115513.0,17135767.0,17155601.0,17173835.0,17192724.0,17211580.0,17231057.0,17249934.0,17268220.0,17286739.0,17303890.0,17322411.0,17342689.0,17362852.0,17381322.0,17399434.0,17417469.0,17435197.0,17452906.0,17471362.0,17490173.0,17508775.0,17527188.0,17546571.0,17565398.0,17583775.0,17601954.0,17620244.0,17637260.0,17654696.0,17671994.0,17689507.0,17707754.0,17726772.0,17743310.0,17758936.0,17776679.0,17794990.0,17812212.0,17829184.0,17846296.0,17863411.0,17880698.0,17897455.0,17914090.0,17929860.0,17944571.0,17958356.0,17973694.0,17989716.0,18005168.0,18020935.0,18037781.0,18055849.0,18073447.0,18090904.0,18107717.0,18123206.0,18141398.0,18159819.0,18177085.0,18193290.0,18209330.0,18226688.0,18245023.0,18262340.0,18284214.0,18303812.0,18322154.0,18338419.0,18355607.0,18372859.0,18390917.0,18408643.0,18425938.0,18442553.0,18459252.0,18475378.0,18491718.0,18508469.0,18526505.0,18544240.0,18561339.0,18577575.0,18593233.0,18609187.0,18624326.0,18640626.0,18656812.0,18674941.0,18692121.0,18708977.0,18723579.0,18738106.0,18753847.0,18769619.0,18785795.0,18803127.0,18820790.0,18837155.0,18852311.0,18867836.0,18883283.0,18898244.0,18913406.0,18928191.0,18943592.0,18958841.0,18975211.0,18990866.0,19006556.0,19023135.0,19039715.0,19055829.0,19070552.0,19085031.0,19099439.0,19115088.0,19132150.0,19149113.0,19163470.0,19178297.0,19192677.0,19207946.0,19225361.0,19243472.0,19261993.0,19280372.0,19299155.0,19317039.0,19333014.0,,,,,,,,,19483047.0,19503300.0,19522525.0,19543002.0,19565529.0,19594079.0,19624619.0,19654940.0,19685728.0,19709662.0,19734834.0,19765341.0,19798731.0,19835342.0,19866085.0,19896682.0,19922632.0,19951613.0,19979823.0,20001826.0,20020982.0,20039104.0,20055883.0,20072402.0,20088930.0,20105389.0,20122044.0,20138843.0,20154771.0,20170651.0,20186733.0,20202719.0,20218541.0,20235009.0,20251733.0,20267872.0,20284657.0,20301227.0,20318322.0,20334470.0,20351398.0,20368520.0,20385576.0,20401815.0,20417964.0,20434640.0,20451367.0,20468651.0,20486285
HpMIJLnckXk,236887.0,237465.0,238233.0,238825.0,239711.0,240591.0,241899.0,242833.0,243814.0,244449.0,244936.0,245778.0,246693.0,247692.0,248734.0,249605.0,250378.0,251144.0,252023.0,252821.0,253787.0,254753.0,255793.0,256770.0,257556.0,258504.0,259453.0,260316.0,261317.0,262299.0,263064.0,263727.0,264687.0,266150.0,267365.0,268309.0,269264.0,270117.0,270689.0,271525.0,272359.0,273319.0,274365.0,275454.0,276064.0,276615.0,277260.0,277988.0,278646.0,279237.0,279851.0,280515.0,281031.0,281532.0,282129.0,282977.0,283736.0,284296.0,284693.0,285061.0,285639.0,286208.0,286803.0,287329.0,287907.0,288278.0,288604.0,288983.0,289283.0,289706.0,290109.0,290473.0,290841.0,291170.0,291536.0,291976.0,292344.0,292660.0,293056.0,293376.0,293620.0,293948.0,294305.0,294665.0,295053.0,295451.0,295753.0,296046.0,296381.0,296709.0,297024.0,297416.0,297727.0,298026.0,298335.0,298718.0,299065.0,299519.0,300023.0,300427.0,300710.0,300956.0,301331.0,301683.0,302006.0,302339.0,302714.0,303000.0,303306.0,303653.0,303980.0,304243.0,304537.0,304873.0,305188.0,305477.0,305777.0,306091.0,306408.0,306673.0,306959.0,307218.0,307494.0,307768.0,308039.0,308301.0,308566.0,308848.0,309109.0,309354.0,309666.0,309975.0,310337.0,310725.0,,,,,,,,,313559.0,313827.0,314085.0,314361.0,314752.0,315144.0,315507.0,315838.0,316128.0,316412.0,316846.0,317197.0,317640.0,318059.0,318413.0,318737.0,319049.0,319414.0,319711.0,320049.0,320308.0,320572.0,320763.0,321076.0,321455.0,321741.0,322036.0,322383.0,322667.0,322979.0,323322.0,323637.0,324019.0,324389.0,324774.0,325172.0,325525.0,325975.0,326385.0,326849.0,327298.0,327739.0,328107.0,328405.0,328805.0,329209.0,329593.0,329928.0,330275
sTNXFgl-US4,327586.0,331414.0,335600.0,339336.0,343137.0,346763.0,351050.0,354711.0,358204.0,361407.0,364677.0,367834.0,370948.0,374010.0,377086.0,379999.0,382858.0,385591.0,388174.0,390841.0,393873.0,396336.0,398424.0,400605.0,402660.0,404825.0,407445.0,409784.0,412515.0,415073.0,417709.0,419816.0,422031.0,424311.0,426304.0,428713.0,430970.0,432659.0,434254.0,436232.0,438216.0,440233.0,442182.0,444090.0,445620.0,447595.0,449436.0,451303.0,453150.0,454946.0,456520.0,458175.0,459689.0,461358.0,463320.0,465110.0,466861.0,468559.0,470069.0,471495.0,473299.0,475051.0,476884.0,478460.0,480037.0,481472.0,482896.0,484547.0,485766.0,487644.0,489145.0,490543.0,491781.0,493059.0,494445.0,495878.0,497281.0,498561.0,499898.0,501023.0,502152.0,503420.0,504655.0,505833.0,507242.0,508482.0,509456.0,510722.0,511941.0,513139.0,514246.0,515284.0,516387.0,517464.0,518556.0,519583.0,520513.0,521596.0,522687.0,523875.0,524960.0,525949.0,526849.0,527985.0,529161.0,530238.0,531209.0,532082.0,532949.0,533967.0,534965.0,535961.0,536882.0,537660.0,538588.0,539371.0,540424.0,541487.0,542432.0,543735.0,544975.0,546054.0,547172.0,548222.0,549235.0,550243.0,551207.0,552089.0,552834.0,553582.0,554447.0,555332.0,556189.0,557083.0,,,,,,,,,564589.0,565310.0,566077.0,566991.0,567708.0,568758.0,569511.0,570247.0,570986.0,571627.0,572391.0,573314.0,574303.0,575166.0,575889.0,576647.0,577523.0,578391.0,579405.0,580352.0,581281.0,582104.0,583021.0,584140.0,585122.0,586175.0,587207.0,588241.0,589096.0,589904.0,590818.0,591764.0,592851.0,593728.0,594703.0,595609.0,596458.0,597370.0,598315.0,599237.0,600136.0,600950.0,601764.0,602519.0,603470.0,604456.0,605396.0,606375.0,607309
lclAVNOpCHU,341148.0,341545.0,342081.0,342578.0,343119.0,343713.0,344401.0,345241.0,346008.0,346614.0,347281.0,348005.0,348891.0,349965.0,350814.0,351657.0,352338.0,352945.0,353587.0,354180.0,354972.0,355634.0,356353.0,356956.0,357449.0,358028.0,358560.0,359242.0,359841.0,360413.0,360873.0,361330.0,361884.0,362425.0,362950.0,363460.0,364052.0,364547.0,365029.0,365426.0,365943.0,366479.0,366842.0,367306.0,367763.0,368273.0,368597.0,369011.0,369325.0,369757.0,370161.0,370611.0,370965.0,371426.0,371873.0,372248.0,372747.0,373140.0,373542.0,373879.0,374445.0,374845.0,375278.0,375754.0,376162.0,376495.0,376914.0,377249.0,377550.0,377967.0,378402.0,378802.0,379149.0,379439.0,379765.0,380168.0,380604.0,381526.0,382106.0,382653.0,383063.0,383447.0,383827.0,384211.0,384670.0,385091.0,385489.0,385852.0,386163.0,386468.0,386819.0,387177.0,387483.0,387710.0,387981.0,388228.0,388550.0,388862.0,389186.0,389446.0,389661.0,389903.0,390151.0,390392.0,390671.0,390903.0,391136.0,391435.0,391628.0,391892.0,392150.0,392378.0,392638.0,392874.0,393087.0,393317.0,393531.0,393761.0,394001.0,394224.0,394451.0,394690.0,394904.0,395112.0,395346.0,395584.0,395822.0,396059.0,396298.0,396498.0,396727.0,396924.0,397165.0,397489.0,,,,,,,,,400143.0,400363.0,400663.0,400912.0,401212.0,401463.0,401803.0,402068.0,402337.0,402575.0,402815.0,403072.0,403342.0,403590.0,403821.0,404048.0,404270.0,404558.0,404772.0,405042.0,405261.0,405500.0,405733.0,405932.0,406183.0,406412.0,406630.0,406863.0,407073.0,407294.0,407575.0,407893.0,408166.0,408503.0,408816.0,409091.0,409384.0,409735.0,410096.0,410434.0,410777.0,411108.0,411390.0,411614.0,411880.0,412192.0,412517.0,412776.0,413115
2zTqOPTg4Ow,506647.0,507111.0,507623.0,508129.0,508625.0,509166.0,509715.0,510188.0,510756.0,511261.0,511783.0,512488.0,513149.0,513846.0,514483.0,515010.0,515516.0,516075.0,516639.0,517201.0,517729.0,518306.0,519124.0,519691.0,520238.0,520853.0,521549.0,522183.0,522691.0,523237.0,523698.0,524194.0,524659.0,525145.0,525540.0,525958.0,526376.0,526706.0,527159.0,527531.0,527883.0,528243.0,528591.0,528951.0,529284.0,529636.0,530047.0,530399.0,530735.0,531072.0,531458.0,531813.0,532164.0,532569.0,532978.0,533396.0,533716.0,534089.0,534434.0,534863.0,535261.0,535602.0,536005.0,536374.0,536716.0,536962.0,537318.0,537642.0,537894.0,538239.0,538528.0,538800.0,539085.0,539369.0,539640.0,539925.0,540250.0,540535.0,540937.0,541349.0,541732.0,542153.0,542570.0,543047.0,543390.0,543839.0,544200.0,544497.0,544928.0,545366.0,545828.0,546210.0,546672.0,547123.0,547499.0,547876.0,548254.0,548661.0,549086.0,549558.0,549880.0,550268.0,550602.0,551003.0,551416.0,551784.0,552181.0,552518.0,552845.0,553233.0,553621.0,554005.0,554442.0,554796.0,555155.0,555475.0,555828.0,556167.0,556562.0,556921.0,557296.0,557685.0,558014.0,558375.0,558820.0,559139.0,559461.0,559877.0,560153.0,560442.0,560698.0,560935.0,561260.0,561590.0,,,,,,,,,564419.0,564731.0,565052.0,565377.0,565726.0,566042.0,566368.0,566653.0,566949.0,567222.0,567576.0,567810.0,568198.0,568422.0,568653.0,568938.0,569165.0,569428.0,569700.0,570004.0,570330.0,570566.0,570915.0,571221.0,571592.0,571873.0,572145.0,572449.0,572760.0,573000.0,573381.0,573699.0,573949.0,574156.0,574426.0,574683.0,574973.0,575268.0,575571.0,575858.0,576154.0,576394.0,576644.0,576910.0,577263.0,577570.0,577823.0,578115.0,578389
_-atim_5jfY,105369.0,105504.0,105602.0,105749.0,105897.0,106012.0,106167.0,106298.0,106470.0,106633.0,106754.0,106953.0,107139.0,107312.0,107473.0,107647.0,107790.0,107904.0,108035.0,108166.0,108332.0,108487.0,108597.0,108707.0,108839.0,108988.0,109116.0,109234.0,109339.0,109456.0,109531.0,109650.0,109755.0,109859.0,109967.0,110086.0,110187.0,110303.0,110378.0,110503.0,110624.0,110716.0,110841.0,110975.0,111110.0,111250.0,111355.0,111506.0,111638.0,111775.0,111916.0,112020.0,112121.0,112237.0,112377.0,112511.0,112642.0,112774.0,112906.0,113033.0,113151.0,113291.0,113433.0,113587.0,113708.0,113832.0,113970.0,114096.0,114217.0,114405.0,114526.0,114664.0,114781.0,114905.0,115039.0,115175.0,115303.0,115434.0,115602.0,115721.0,115812.0,115949.0,116089.0,116246.0,116380.0,116517.0,116650.0,116764.0,116899.0,117030.0,117205.0,117350.0,117491.0,117635.0,117750.0,117890.0,118053.0,118183.0,118342.0,118519.0,118631.0,118769.0,118917.0,119096.0,119246.0,119395.0,119547.0,119654.0,119772.0,119860.0,119973.0,120068.0,120181.0,120319.0,120432.0,120535.0,120656.0,120746.0,120862.0,120941.0,121068.0,121160.0,121231.0,121335.0,121417.0,121492.0,121572.0,121676.0,121757.0,121822.0,121915.0,122000.0,122079.0,122159.0,,,,,,,,,122939.0,123040.0,123131.0,123247.0,123347.0,123436.0,123525.0,123610.0,123711.0,123779.0,123834.0,123908.0,123989.0,124079.0,124182.0,124282.0,124388.0,124474.0,124576.0,124657.0,124752.0,124859.0,124975.0,125071.0,125148.0,125244.0,125354.0,125433.0,125508.0,125612.0,125693.0,125783.0,125889.0,125953.0,126039.0,126123.0,126201.0,126292.0,126382.0,126472.0,126583.0,126703.0,126803.0,126904.0,127020.0,127125.0,127263.0,127363.0,127449
eN5I0KsgoMI,2224.0,2243.0,2250.0,2256.0,2275.0,2284.0,2303.0,2310.0,2320.0,2328.0,2337.0,2340.0,2343.0,2346.0,2354.0,2361.0,2362.0,2366.0,2377.0,2382.0,2390.0,2395.0,2400.0,2400.0,2405.0,2411.0,2431.0,2437.0,2443.0,2452.0,2453.0,2459.0,2463.0,2469.0,2479.0,2482.0,2489.0,2502.0,2506.0,2510.0,2515.0,2516.0,2521.0,2535.0,2545.0,2551.0,2555.0,2567.0,2575.0,2590.0,2599.0,2603.0,2607.0,2613.0,2618.0,2624.0,2627.0,2630.0,2633.0,2635.0,2641.0,2646.0,2655.0,2659.0,2661.0,2666.0,2674.0,2679.0,2687.0,2694.0,2700.0,2705.0,2709.0,2714.0,2726.0,2728.0,2733.0,2738.0,2742.0,2747.0,2748.0,2751.0,2757.0,2758.0,2759.0,2764.0,2764.0,2771.0,2773.0,2776.0,2778.0,2781.0,2787.0,2792.0,2795.0,2805.0,2806.0,2809.0,2813.0,2819.0,2823.0,2824.0,2829.0,2834.0,2837.0,2838.0,2845.0,2848.0,2855.0,2859.0,2864.0,2868.0,2874.0,2877.0,2883.0,2890.0,2894.0,2909.0,2922.0,2934.0,2937.0,2938.0,2942.0,2946.0,2955.0,2968.0,2976.0,2982.0,2996.0,2997.0,3001.0,3004.0,3006.0,3009.0,,,,,,,,,3053.0,3059.0,3065.0,3072.0,3075.0,3079.0,3083.0,3087.0,3089.0,3095.0,3097.0,3101.0,3111.0,3114.0,3117.0,3122.0,3127.0,3131.0,3136.0,3138.0,3139.0,3145.0,3148.0,3151.0,3155.0,3157.0,3163.0,3164.0,3166.0,3171.0,3174.0,3177.0,3178.0,3183.0,3184.0,3186.0,3191.0,3193.0,3199.0,3205.0,3210.0,3215.0,3220.0,3225.0,3226.0,3231.0,3236.0,3237.0,3239
yWE3n8QMgFE,395320.0,396066.0,396964.0,397774.0,398776.0,399906.0,400860.0,401680.0,402755.0,403743.0,404674.0,405356.0,406065.0,406788.0,407515.0,408258.0,409115.0,410040.0,411387.0,412333.0,413207.0,414000.0,415190.0,415838.0,416364.0,417096.0,417769.0,418721.0,419470.0,420217.0,420856.0,421383.0,421858.0,422326.0,422836.0,423305.0,423926.0,424379.0,424763.0,425212.0,425773.0,426314.0,426803.0,427357.0,427889.0,428334.0,428862.0,429548.0,430126.0,430724.0,431299.0,431939.0,432413.0,433096.0,433838.0,434401.0,434947.0,435420.0,435842.0,436300.0,436874.0,437476.0,438051.0,438588.0,439074.0,439650.0,440148.0,440849.0,441333.0,442048.0,442600.0,443364.0,443986.0,444599.0,445265.0,445921.0,446602.0,447289.0,448232.0,449010.0,449598.0,450352.0,451052.0,451905.0,452817.0,453701.0,454398.0,454967.0,455599.0,456318.0,456998.0,457664.0,458448.0,458964.0,459384.0,459879.0,460374.0,460860.0,461318.0,461856.0,462236.0,462640.0,463101.0,463492.0,464001.0,464432.0,464827.0,465158.0,465479.0,465796.0,466232.0,466620.0,466984.0,467354.0,467725.0,468023.0,468376.0,468733.0,469116.0,469543.0,469868.0,470189.0,470504.0,470854.0,471195.0,471538.0,471870.0,472299.0,472593.0,472804.0,473122.0,473468.0,473864.0,474378.0,,,,,,,,,483421.0,484324.0,485263.0,486276.0,486904.0,488240.0,489197.0,490186.0,491013.0,492066.0,493153.0,493954.0,494839.0,495792.0,496580.0,497271.0,497945.0,498595.0,499352.0,500167.0,500922.0,501662.0,502200.0,502869.0,503555.0,504226.0,505008.0,506025.0,507274.0,508834.0,510985.0,513784.0,516862.0,520194.0,523794.0,527107.0,529920.0,533620.0,537139.0,540286.0,543392.0,546643.0,549415.0,551523.0,554175.0,556653.0,559102.0,561316.0,563383
tS48SnvPFI0,2571580.0,2572193.0,2573060.0,2573939.0,2574720.0,2575497.0,2576236.0,2577116.0,2578096.0,2578833.0,2579524.0,2580275.0,2581047.0,2581862.0,2582762.0,2583420.0,2584220.0,2584989.0,2585686.0,2586635.0,2588154.0,2589452.0,2590764.0,2591938.0,2592816.0,2593724.0,2594730.0,2595670.0,2596878.0,2597844.0,2598785.0,2599505.0,2600380.0,2601110.0,2601870.0,2602859.0,2603582.0,2604331.0,2604974.0,2605695.0,2606503.0,2607689.0,2608638.0,2609576.0,2610390.0,2611120.0,2611987.0,2612960.0,2613797.0,2614742.0,2615471.0,2616156.0,2616704.0,2617350.0,2618031.0,2618620.0,2619153.0,2619618.0,2620098.0,2620620.0,2621169.0,2621748.0,2622184.0,2622655.0,2623044.0,2623532.0,2623964.0,2624488.0,2625001.0,2625610.0,2626107.0,2626593.0,2627128.0,2627665.0,2628146.0,2628607.0,2629195.0,2629658.0,2630138.0,2630641.0,2631147.0,2631588.0,2632030.0,2632467.0,2632953.0,2633476.0,2633863.0,2634235.0,2634591.0,2635053.0,2635473.0,2635939.0,2636381.0,2636825.0,2637179.0,2637564.0,2638002.0,2638433.0,2638864.0,2639366.0,2639828.0,2640269.0,2640779.0,2641257.0,2641807.0,2642220.0,2642703.0,2643072.0,2643496.0,2643888.0,2644290.0,2644702.0,2645113.0,2645530.0,2645922.0,2646315.0,2646637.0,2647032.0,2647543.0,2648191.0,2648758.0,2649278.0,2649751.0,2650316.0,2650817.0,2651411.0,2651939.0,2652526.0,2652987.0,2653481.0,2653985.0,2654379.0,2654788.0,2655146.0,,,,,,,,,2659214.0,2659648.0,2660094.0,2660608.0,2661096.0,2661594.0,2662050.0,2662550.0,2662985.0,2663355.0,2663815.0,2664280.0,2664805.0,2665311.0,2665696.0,2666100.0,2666519.0,2666915.0,2667261.0,2667743.0,2668064.0,2668488.0,2668882.0,2669184.0,2669582.0,2669945.0,2670317.0,2670713.0,2671068.0,2671369.0,2671677.0,2672073.0,2672475.0,2672822.0,2673261.0,2673671.0,2673962.0,2674267.0,2674662.0,2675076.0,2675489.0,2675914.0,2676279.0,2676601.0,2676929.0,2677233.0,2677689.0,2678050.0,2678446
3P9CtCizIR8,319.0,319.0,320.0,321.0,321.0,322.0,323.0,324.0,324.0,324.0,324.0,324.0,324.0,325.0,328.0,328.0,328.0,328.0,328.0,329.0,329.0,330.0,330.0,332.0,332.0,334.0,334.0,335.0,335.0,336.0,336.0,337.0,337.0,337.0,337.0,337.0,339.0,341.0,344.0,344.0,344.0,346.0,346.0,346.0,346.0,346.0,346.0,346.0,347.0,346.0,346.0,346.0,346.0,347.0,347.0,348.0,348.0,351.0,351.0,351.0,351.0,352.0,352.0,352.0,352.0,353.0,354.0,363.0,364.0,368.0,372.0,375.0,375.0,375.0,375.0,375.0,376.0,377.0,377.0,379.0,379.0,379.0,379.0,379.0,379.0,379.0,379.0,379.0,379.0,379.0,379.0,379.0,379.0,379.0,379.0,379.0,379.0,379.0,379.0,379.0,379.0,380.0,380.0,381.0,381.0,382.0,384.0,384.0,384.0,384.0,385.0,385.0,386.0,386.0,387.0,387.0,387.0,387.0,387.0,387.0,389.0,389.0,389.0,389.0,389.0,389.0,390.0,391.0,391.0,392.0,393.0,394.0,394.0,394.0,,,,,,,,,403.0,405.0,409.0,409.0,410.0,410.0,410.0,412.0,412.0,412.0,412.0,412.0,413.0,413.0,413.0,413.0,414.0,414.0,414.0,414.0,415.0,415.0,415.0,416.0,417.0,417.0,417.0,417.0,417.0,417.0,417.0,418.0,418.0,418.0,423.0,424.0,427.0,427.0,428.0,428.0,428.0,428.0,428.0,428.0,429.0,429.0,430.0,431.0,432
0dGB3fS0MXg,399145.0,399920.0,400780.0,401341.0,401802.0,402312.0,402801.0,403262.0,403779.0,404438.0,404995.0,405665.0,406261.0,406836.0,407397.0,407897.0,408354.0,408751.0,409132.0,409603.0,409984.0,410456.0,410890.0,411272.0,411688.0,412094.0,412481.0,412870.0,413289.0,413613.0,413941.0,414369.0,414708.0,415103.0,415465.0,415810.0,416199.0,416538.0,416888.0,417216.0,417592.0,417893.0,418228.0,418530.0,418880.0,419207.0,419549.0,419943.0,420373.0,420899.0,421360.0,421840.0,422269.0,422602.0,422970.0,423278.0,423603.0,423955.0,424342.0,424699.0,424990.0,425349.0,425654.0,425916.0,426187.0,426438.0,426696.0,426975.0,427262.0,427597.0,427858.0,428150.0,428415.0,428670.0,429074.0,429389.0,429698.0,429955.0,430238.0,430491.0,430798.0,431074.0,431356.0,431670.0,431975.0,432234.0,432491.0,432835.0,433204.0,433766.0,434061.0,434382.0,434732.0,435126.0,435490.0,435834.0,436099.0,436312.0,436532.0,436737.0,436956.0,437198.0,437427.0,437662.0,437912.0,438130.0,438379.0,438600.0,438852.0,439102.0,439337.0,439579.0,439785.0,440043.0,440281.0,440593.0,441008.0,441395.0,441748.0,442118.0,442393.0,442665.0,442912.0,443143.0,443391.0,443675.0,443966.0,444291.0,444544.0,444799.0,445059.0,445311.0,445608.0,445877.0,,,,,,,,,448170.0,448431.0,448664.0,448894.0,449111.0,449339.0,449559.0,449796.0,450208.0,450515.0,450818.0,451126.0,451381.0,451716.0,451984.0,452255.0,452559.0,452828.0,453122.0,453387.0,453634.0,453880.0,454115.0,454376.0,454662.0,454953.0,455295.0,455555.0,455817.0,456101.0,456440.0,456804.0,457125.0,457475.0,457791.0,458068.0,458450.0,458810.0,459099.0,459393.0,459708.0,459998.0,460254.0,460515.0,460815.0,461126.0,461419.0,461792.0,462100
B93veLfx3aU,2996223.0,3002175.0,3009606.0,3017258.0,3024631.0,3032036.0,3038356.0,3046290.0,3054503.0,3062462.0,3069757.0,3077174.0,3085293.0,3093921.0,3102826.0,3110831.0,3119128.0,3127890.0,3137080.0,3146156.0,3155085.0,3164035.0,3172560.0,3181175.0,3189437.0,3197350.0,3205771.0,3213632.0,3222176.0,3230556.0,3239216.0,3246826.0,3254701.0,3262235.0,3270163.0,3277669.0,3284868.0,3291838.0,3298823.0,3305680.0,3312908.0,3319784.0,3327355.0,3335248.0,3341605.0,3347291.0,3354224.0,3361455.0,3368127.0,3375004.0,3381383.0,3388543.0,3395384.0,3402239.0,3409368.0,3416041.0,3422269.0,3428422.0,3434405.0,3441445.0,3449138.0,3456472.0,3463614.0,3470640.0,3477479.0,3484026.0,3490721.0,3497626.0,3503100.0,3510741.0,3517536.0,3523956.0,3530375.0,3536207.0,3542605.0,3549041.0,3555504.0,3562090.0,3569022.0,3575450.0,3581277.0,3587354.0,3593757.0,3600573.0,3607069.0,3613104.0,3619059.0,3624456.0,3630229.0,3636660.0,3643152.0,3649364.0,3654686.0,3659752.0,3664693.0,3669688.0,3674926.0,3680309.0,3685701.0,3690821.0,3695937.0,3700718.0,3705426.0,3710682.0,3716198.0,3721719.0,3726983.0,3732068.0,3736874.0,3741625.0,3747000.0,3752337.0,3757467.0,3762873.0,3768283.0,3773310.0,3778757.0,3784324.0,3789856.0,3794855.0,3799921.0,3805188.0,3810062.0,3814969.0,3819955.0,3824459.0,3829042.0,3834128.0,3838735.0,3843162.0,3847951.0,3852890.0,3857719.0,3862391.0,,,,,,,,,3909821.0,3914757.0,3919665.0,3924744.0,3929978.0,3934628.0,3939289.0,3944236.0,3949086.0,3954515.0,3959233.0,3964493.0,3971000.0,3977249.0,3983404.0,3989049.0,3994821.0,3999662.0,4005285.0,4010674.0,4015373.0,4019982.0,4024760.0,4029314.0,4034456.0,4039842.0,4045068.0,4049928.0,4054577.0,4059124.0,4063889.0,4068840.0,4073918.0,4078850.0,4083623.0,4088315.0,4092912.0,4097704.0,4102894.0,4108050.0,4113253.0,4118155.0,4122848.0,4127335.0,4132129.0,4137142.0,4142037.0,4146963.0,4151718
r1tdMcs-eZ0,869481.0,871036.0,872767.0,874479.0,876061.0,877722.0,879413.0,880987.0,882570.0,884182.0,885718.0,887370.0,889002.0,890945.0,892723.0,894319.0,895792.0,897277.0,898647.0,899913.0,901287.0,902760.0,904227.0,905506.0,906794.0,908015.0,909328.0,910793.0,912294.0,913832.0,915389.0,916864.0,918372.0,919916.0,921472.0,923092.0,924746.0,926122.0,927421.0,928844.0,930118.0,931514.0,932831.0,934326.0,935724.0,937089.0,938235.0,939449.0,940909.0,942964.0,944751.0,946672.0,948340.0,949911.0,951851.0,953430.0,955035.0,956493.0,957907.0,959298.0,960690.0,961966.0,963308.0,964625.0,965878.0,966990.0,967961.0,969250.0,970192.0,971347.0,972285.0,973322.0,974262.0,975200.0,976169.0,977100.0,978087.0,979049.0,980023.0,980915.0,981703.0,982552.0,983426.0,984275.0,985038.0,985936.0,986767.0,987565.0,988244.0,989018.0,989738.0,990467.0,991142.0,992047.0,992892.0,993790.0,994605.0,995366.0,996082.0,996855.0,997589.0,998310.0,998964.0,999577.0,1000262.0,1000958.0,1001590.0,1002294.0,1003001.0,1003598.0,1004292.0,1004870.0,1005507.0,1006202.0,1006934.0,1007574.0,1008203.0,1008763.0,1009475.0,1010114.0,1010695.0,1011228.0,1011955.0,1012513.0,1013110.0,1013703.0,1014288.0,1014877.0,1015508.0,1016140.0,1016696.0,1017204.0,1017757.0,1018322.0,,,,,,,,,1023178.0,1023790.0,1024358.0,1024866.0,1025417.0,1025913.0,1026530.0,1026984.0,1027565.0,1028091.0,1028603.0,1029176.0,1029825.0,1030408.0,1030968.0,1031502.0,1032058.0,1032575.0,1033137.0,1033735.0,1034280.0,1034831.0,1035441.0,1036009.0,1036596.0,1037092.0,1037659.0,1038209.0,1038683.0,1039255.0,1039716.0,1040192.0,1040824.0,1041280.0,1041713.0,1042170.0,1042640.0,1043042.0,1043498.0,1043921.0,1044445.0,1044965.0,1045566.0,1046034.0,1046540.0,1047069.0,1047472.0,1047931.0,1048419
EdoIoUDXPwM,99542.0,99814.0,100070.0,100296.0,100516.0,100753.0,100985.0,101232.0,101484.0,101752.0,101982.0,102246.0,102516.0,102756.0,103006.0,103259.0,103541.0,103745.0,103988.0,104213.0,104467.0,104691.0,104955.0,105193.0,105440.0,105636.0,105870.0,106074.0,106347.0,106603.0,106810.0,107036.0,107318.0,107501.0,107754.0,108049.0,108261.0,108523.0,108773.0,109087.0,109381.0,109673.0,109936.0,110276.0,110693.0,110980.0,111228.0,111572.0,111848.0,112134.0,112445.0,112670.0,112933.0,113311.0,113647.0,113985.0,114336.0,114697.0,115041.0,115388.0,115741.0,116099.0,116468.0,116766.0,117052.0,117264.0,117476.0,117703.0,117957.0,118231.0,118514.0,118719.0,119079.0,119335.0,119563.0,119810.0,120072.0,120335.0,120620.0,120852.0,121039.0,121297.0,121510.0,121779.0,122006.0,122265.0,122532.0,122718.0,122957.0,123146.0,123415.0,123693.0,123914.0,124137.0,124306.0,124429.0,124639.0,124825.0,125024.0,125240.0,125403.0,125587.0,125730.0,125910.0,126106.0,126293.0,126428.0,126587.0,126732.0,126926.0,127106.0,127250.0,127442.0,127624.0,127831.0,127975.0,128148.0,128334.0,128485.0,128692.0,128832.0,128899.0,129038.0,129183.0,129307.0,129472.0,129616.0,129807.0,129962.0,130102.0,130247.0,130400.0,130543.0,130696.0,,,,,,,,,132361.0,132546.0,132705.0,132906.0,133068.0,133241.0,133392.0,133567.0,133741.0,133888.0,134045.0,134210.0,134407.0,134535.0,134716.0,134879.0,135063.0,135236.0,135409.0,135582.0,135739.0,135936.0,136076.0,136238.0,136381.0,136554.0,136718.0,136909.0,137053.0,137206.0,137338.0,137492.0,137646.0,137788.0,137945.0,138092.0,138255.0,138432.0,138609.0,138776.0,138929.0,139116.0,139275.0,139405.0,139573.0,139735.0,139910.0,140119.0,140248
ddDQUOCx5UA,82802.0,83115.0,83468.0,83760.0,84066.0,84366.0,84635.0,84928.0,85187.0,85467.0,85718.0,85973.0,86215.0,86497.0,86802.0,87080.0,87357.0,87582.0,87862.0,88066.0,88238.0,88469.0,88680.0,88866.0,89063.0,89242.0,89506.0,89717.0,89947.0,90175.0,90367.0,90578.0,90784.0,90951.0,91187.0,91443.0,91812.0,92107.0,92339.0,92591.0,92859.0,93102.0,93310.0,93568.0,93832.0,94017.0,94207.0,94413.0,94596.0,94762.0,94920.0,95113.0,95258.0,95413.0,95580.0,95741.0,95958.0,96120.0,96568.0,96791.0,97012.0,97220.0,97408.0,97591.0,97736.0,97947.0,98098.0,98251.0,98423.0,98571.0,98748.0,98882.0,99122.0,99276.0,99418.0,99560.0,99710.0,99867.0,100005.0,100147.0,100317.0,100471.0,100625.0,100785.0,100958.0,101125.0,101299.0,101451.0,101626.0,101813.0,102008.0,102185.0,102370.0,102531.0,102708.0,102840.0,103016.0,103167.0,103357.0,103509.0,103639.0,103805.0,103989.0,104158.0,104316.0,104463.0,104640.0,104821.0,104983.0,105151.0,105287.0,105455.0,105609.0,105733.0,105889.0,105997.0,106112.0,106215.0,106348.0,106481.0,106600.0,106716.0,106822.0,106916.0,107048.0,107165.0,107262.0,107372.0,107472.0,107576.0,107698.0,107806.0,107917.0,108063.0,,,,,,,,,109338.0,109472.0,109625.0,109770.0,109946.0,110091.0,110229.0,110349.0,110483.0,110625.0,110752.0,110882.0,111008.0,111143.0,111303.0,111421.0,111560.0,111684.0,111832.0,111950.0,112072.0,112188.0,112331.0,112445.0,112581.0,112710.0,112810.0,112906.0,113001.0,113090.0,113198.0,113307.0,113402.0,113494.0,113577.0,113656.0,113729.0,113850.0,113944.0,114062.0,114146.0,114255.0,114351.0,114439.0,114562.0,114643.0,114776.0,114857.0,114966
j6wcuAcS7QE,254711.0,256207.0,258705.0,260435.0,262516.0,265035.0,267398.0,269441.0,272854.0,275691.0,279130.0,282121.0,286430.0,289576.0,292878.0,296315.0,297979.0,301119.0,304371.0,307712.0,311610.0,315715.0,318949.0,322775.0,326603.0,330234.0,330476.0,331222.0,332795.0,334222.0,356703.0,356856.0,356985.0,357087.0,357232.0,357361.0,357508.0,357676.0,357810.0,357959.0,358113.0,358254.0,358370.0,358509.0,358647.0,358763.0,358882.0,359013.0,359122.0,359213.0,359318.0,359444.0,359541.0,359655.0,359776.0,359894.0,360005.0,360143.0,360285.0,360437.0,360578.0,360751.0,360912.0,361061.0,361191.0,361350.0,361478.0,361650.0,361874.0,362189.0,362462.0,363973.0,367005.0,370217.0,375082.0,376916.0,377518.0,385822.0,390132.0,393921.0,396643.0,400276.0,404819.0,406875.0,411951.0,412296.0,412483.0,412677.0,412870.0,413024.0,413174.0,413347.0,413531.0,413707.0,413870.0,414064.0,414297.0,414488.0,414689.0,414883.0,415075.0,415272.0,415461.0,415650.0,415815.0,416011.0,416217.0,416415.0,416610.0,416770.0,416989.0,417266.0,417564.0,417850.0,418152.0,418408.0,418651.0,418957.0,419259.0,419482.0,419760.0,420032.0,420112.0,420331.0,420576.0,420841.0,421078.0,421338.0,421590.0,421824.0,422079.0,422288.0,422557.0,422847.0,,,,,,,,,425532.0,425862.0,426281.0,426576.0,426944.0,427210.0,427522.0,427805.0,428173.0,428499.0,428830.0,429160.0,429454.0,429863.0,430170.0,430483.0,430782.0,431059.0,431419.0,431737.0,432100.0,432450.0,432800.0,433084.0,433332.0,433582.0,433880.0,434188.0,434447.0,434759.0,435019.0,435305.0,435626.0,436036.0,436396.0,436521.0,436934.0,437076.0,437205.0,437318.0,437594.0,437820.0,438084.0,438320.0,438580.0,438896.0,439212.0,439477.0,439826
paDBr03iiTc,75677.0,75750.0,75857.0,75951.0,76009.0,76072.0,76133.0,76194.0,76248.0,76310.0,76389.0,76446.0,76497.0,76608.0,76804.0,76948.0,77068.0,77181.0,77264.0,77360.0,77434.0,77492.0,77576.0,77659.0,77748.0,77820.0,77882.0,77931.0,77989.0,78059.0,78114.0,78212.0,78285.0,78362.0,78449.0,78504.0,78554.0,78621.0,78696.0,78772.0,78898.0,78969.0,79052.0,79105.0,79174.0,79268.0,79354.0,79474.0,79545.0,79616.0,79682.0,79752.0,79816.0,79881.0,79949.0,80020.0,80077.0,80213.0,80275.0,80363.0,80429.0,80499.0,80577.0,80630.0,80698.0,80755.0,80819.0,80864.0,80912.0,80972.0,81017.0,81081.0,81140.0,81199.0,81253.0,81296.0,81350.0,81405.0,81477.0,81542.0,81625.0,81698.0,81753.0,81824.0,81899.0,81967.0,82028.0,82110.0,82165.0,82239.0,82282.0,82334.0,82373.0,82426.0,82484.0,82527.0,82562.0,82591.0,82639.0,82691.0,82758.0,82816.0,82855.0,82880.0,82915.0,82955.0,82998.0,83054.0,83120.0,83160.0,83197.0,83233.0,83267.0,83304.0,83348.0,83404.0,83429.0,83468.0,83500.0,83530.0,83582.0,83641.0,83697.0,83768.0,83824.0,83900.0,83972.0,84086.0,84163.0,84275.0,84348.0,84412.0,84502.0,84591.0,,,,,,,,,85197.0,85269.0,85312.0,85343.0,85380.0,85415.0,85445.0,85473.0,85526.0,85561.0,85595.0,85620.0,85651.0,85686.0,85726.0,85752.0,85779.0,85806.0,85839.0,85862.0,85880.0,85910.0,85936.0,85950.0,85971.0,85983.0,86008.0,86044.0,86090.0,86117.0,86152.0,86192.0,86218.0,86243.0,86269.0,86291.0,86318.0,86354.0,86380.0,86398.0,86448.0,86595.0,86673.0,86720.0,86755.0,86796.0,86817.0,86835.0,86866
i0jE5ybKoxw,1818.0,1822.0,1824.0,1827.0,1829.0,1833.0,1835.0,1838.0,1841.0,1842.0,1843.0,1847.0,1851.0,1857.0,1857.0,1859.0,1861.0,1863.0,1868.0,1869.0,1871.0,1873.0,1873.0,1873.0,1874.0,1878.0,1885.0,1891.0,1897.0,1904.0,1906.0,1910.0,1911.0,1912.0,1918.0,1920.0,1924.0,1927.0,1929.0,1934.0,1935.0,1938.0,1940.0,1941.0,1942.0,1944.0,1948.0,1947.0,1949.0,1951.0,1951.0,1951.0,1952.0,1956.0,1958.0,1960.0,1960.0,1962.0,1962.0,1963.0,1967.0,1968.0,1971.0,1973.0,1975.0,1975.0,1975.0,1975.0,1976.0,1979.0,1983.0,1985.0,1986.0,1988.0,1989.0,1994.0,1997.0,1998.0,2003.0,2004.0,2005.0,2010.0,2010.0,2012.0,2014.0,2017.0,2017.0,2017.0,2023.0,2026.0,2029.0,2030.0,2036.0,2040.0,2042.0,2046.0,2051.0,2055.0,2058.0,2061.0,2061.0,2061.0,2061.0,2063.0,2063.0,2066.0,2071.0,2073.0,2075.0,2076.0,2077.0,2078.0,2080.0,2080.0,2081.0,2081.0,2082.0,2082.0,2085.0,2087.0,2088.0,2089.0,2093.0,2095.0,2100.0,2102.0,2105.0,2108.0,2109.0,2110.0,2111.0,2111.0,2112.0,2113.0,,,,,,,,,2123.0,2123.0,2124.0,2127.0,2128.0,2129.0,2133.0,2133.0,2133.0,2135.0,2136.0,2137.0,2138.0,2139.0,2139.0,2139.0,2142.0,2142.0,2144.0,2145.0,2145.0,2146.0,2145.0,2147.0,2148.0,2149.0,2150.0,2151.0,2151.0,2151.0,2153.0,2154.0,2154.0,2155.0,2156.0,2157.0,2157.0,2158.0,2158.0,2158.0,2158.0,2161.0,2161.0,2162.0,2163.0,2163.0,2163.0,2163.0,2164
AxCkfMBTlAg,1810729.0,1811307.0,1811926.0,1812528.0,1813059.0,1813709.0,1814337.0,1815051.0,1815771.0,1816497.0,1817108.0,1817617.0,1818316.0,1819052.0,1819763.0,1820406.0,1821092.0,1821621.0,1822186.0,1822883.0,1823522.0,1824132.0,1824764.0,1825350.0,1825929.0,1826472.0,1827135.0,1827839.0,1828455.0,1829043.0,1829631.0,1830195.0,1830753.0,1831289.0,1831891.0,1832462.0,1833096.0,1833612.0,1834116.0,1834670.0,1835364.0,1836450.0,1837407.0,1838258.0,1839035.0,1839658.0,1840310.0,1841117.0,1841907.0,1842587.0,1843292.0,1843921.0,1844520.0,1845013.0,1845679.0,1846354.0,1847087.0,1847826.0,1848507.0,1849255.0,1849883.0,1850725.0,1851505.0,1852239.0,1853030.0,1853663.0,1854237.0,1854808.0,1855481.0,1856462.0,1858340.0,1860391.0,1862089.0,1863266.0,1864274.0,1865349.0,1866359.0,1867460.0,1868494.0,1869479.0,1870317.0,1871010.0,1871879.0,1872729.0,1873582.0,1874412.0,1875193.0,1876072.0,1877011.0,1877932.0,1878847.0,1879841.0,1880729.0,1881538.0,1882383.0,1883155.0,1884058.0,1884886.0,1885591.0,1886383.0,1887163.0,1887897.0,1888544.0,1889207.0,1889826.0,1890454.0,1891114.0,1891736.0,1892275.0,1892780.0,1893415.0,1893968.0,1894572.0,1895106.0,1895738.0,1896270.0,1896729.0,1897363.0,1898031.0,1898606.0,1899093.0,1899626.0,1900178.0,1900589.0,1901187.0,1901784.0,1902395.0,1902983.0,1903549.0,1904078.0,1904525.0,1905053.0,1905580.0,1906068.0,,,,,,,,,1910482.0,1910928.0,1911396.0,1911951.0,1912520.0,1913112.0,1913699.0,1914263.0,1914803.0,1915326.0,1915966.0,1916623.0,1917259.0,1918049.0,1918758.0,1919407.0,1920175.0,1920993.0,1921777.0,1922376.0,1922930.0,1923419.0,1923910.0,1924376.0,1924903.0,1925430.0,1925902.0,1926576.0,1927382.0,1928266.0,1928995.0,1929753.0,1930446.0,1931118.0,1931787.0,1932410.0,1933006.0,1933537.0,1934134.0,1934763.0,1935289.0,1935839.0,1936280.0,1936688.0,1937060.0,1937491.0,1938004.0,1938484.0,1938942
A8BEQJbuKdo,2094.0,2116.0,2134.0,2144.0,2160.0,2184.0,2211.0,2231.0,2234.0,2252.0,2263.0,2275.0,2285.0,2297.0,2306.0,2312.0,2317.0,2331.0,2340.0,2346.0,2352.0,2355.0,2356.0,2358.0,2359.0,2359.0,2362.0,2364.0,2364.0,2365.0,2365.0,2369.0,2370.0,2376.0,2379.0,2384.0,2387.0,2387.0,2390.0,2391.0,2392.0,2393.0,2393.0,2393.0,2396.0,2398.0,2400.0,2402.0,2403.0,2405.0,2407.0,2407.0,2409.0,2409.0,2411.0,2413.0,2414.0,2414.0,2416.0,2417.0,2417.0,2418.0,2419.0,2420.0,2420.0,2420.0,2421.0,2421.0,2421.0,2422.0,2423.0,2423.0,2423.0,2423.0,2424.0,2425.0,2426.0,2426.0,2426.0,2426.0,2426.0,2427.0,2427.0,2429.0,2429.0,2429.0,2431.0,2432.0,2432.0,2432.0,2432.0,2432.0,2433.0,2434.0,2435.0,2436.0,2439.0,2440.0,2440.0,2441.0,2441.0,2442.0,2442.0,2443.0,2443.0,2443.0,2443.0,2443.0,2444.0,2444.0,2444.0,2445.0,2445.0,2446.0,2446.0,2446.0,2446.0,2447.0,2447.0,2447.0,2447.0,2448.0,2448.0,2448.0,2448.0,2448.0,2449.0,2449.0,2449.0,2450.0,2450.0,2450.0,2451.0,2452.0,,,,,,,,,2454.0,2454.0,2454.0,2454.0,2454.0,2455.0,2455.0,2455.0,2455.0,2455.0,2455.0,2455.0,2455.0,2455.0,2455.0,2455.0,2455.0,2455.0,2455.0,2455.0,2456.0,2457.0,2470.0,2472.0,2480.0,2480.0,2480.0,2480.0,2483.0,2484.0,2485.0,2487.0,2487.0,2487.0,2488.0,2490.0,2490.0,2492.0,2494.0,2494.0,2494.0,2494.0,2494.0,2495.0,2496.0,2496.0,2498.0,2498.0,2498
P7L4r3x09R8,1574777.0,1581783.0,1589951.0,1598521.0,1606851.0,1616005.0,1624688.0,1631068.0,1639481.0,1647076.0,1653676.0,1659341.0,1664964.0,1670804.0,1677748.0,1685397.0,1692023.0,1697711.0,1703832.0,1710616.0,1718352.0,1727745.0,1737703.0,1746071.0,1753767.0,1760357.0,1767262.0,1774307.0,1781083.0,1787345.0,1793153.0,1798650.0,1804952.0,1811203.0,1816670.0,1822617.0,1828490.0,1834233.0,1839922.0,1844774.0,1849714.0,1856083.0,1862376.0,1869017.0,1875094.0,1881488.0,1888632.0,1896679.0,1904940.0,1911341.0,1918103.0,1927250.0,1934711.0,1942754.0,1951281.0,1958402.0,1965529.0,1974410.0,1983863.0,1991303.0,1997198.0,2004284.0,2011103.0,2018542.0,2023848.0,2028727.0,2034376.0,2041181.0,2047518.0,2053970.0,2059718.0,2064987.0,2069763.0,2073830.0,2078680.0,2084076.0,2089564.0,2094090.0,2099422.0,2104466.0,2109177.0,2114337.0,2120359.0,2127182.0,2133058.0,2139103.0,2144263.0,2149022.0,2154968.0,2161202.0,2167776.0,2174198.0,2181148.0,2187047.0,2192380.0,2198733.0,2204549.0,2210830.0,2217124.0,2222906.0,2227371.0,2231769.0,2236650.0,2242643.0,2248740.0,2254800.0,2260820.0,2266291.0,2271678.0,2277098.0,2282513.0,2287842.0,2292741.0,2297560.0,2302017.0,2305965.0,2310780.0,2315550.0,2320624.0,2325559.0,2329904.0,2333733.0,2337229.0,2340929.0,2344558.0,2348303.0,2351989.0,2355977.0,2359829.0,2363351.0,2367326.0,2371952.0,2376678.0,2380992.0,,,,,,,,,2417284.0,2421536.0,2425811.0,2429954.0,2433821.0,2437257.0,2440832.0,2444346.0,2447938.0,2451099.0,2454270.0,2457799.0,2461531.0,2465146.0,2468900.0,2471793.0,2474997.0,2478451.0,2481848.0,2485361.0,2489060.0,2492726.0,2496079.0,2499502.0,2503007.0,2506564.0,2510479.0,2514162.0,2517568.0,2520594.0,2523976.0,2527768.0,2531546.0,2535125.0,2538915.0,2542527.0,2545915.0,2549375.0,2552980.0,2556709.0,2560396.0,2564474.0,2568411.0,2571931.0,2575767.0,2580013.0,2584177.0,2588356.0,2592870
mOHtbmf--8I,2315.0,2322.0,2329.0,2340.0,2344.0,2354.0,2361.0,2373.0,2383.0,2393.0,2400.0,2404.0,2408.0,2419.0,2425.0,2432.0,2441.0,2443.0,2450.0,2454.0,2468.0,2475.0,2484.0,2492.0,2497.0,2509.0,2516.0,2523.0,2529.0,2535.0,2544.0,2552.0,2561.0,2568.0,2575.0,2587.0,2591.0,2598.0,2604.0,2614.0,2617.0,2629.0,2634.0,2638.0,2647.0,2657.0,2665.0,2672.0,2678.0,2685.0,2691.0,2696.0,2697.0,2705.0,2716.0,2722.0,2738.0,2742.0,2748.0,2753.0,2764.0,2774.0,2780.0,2788.0,2794.0,2804.0,2810.0,2815.0,2821.0,2826.0,2834.0,2841.0,2850.0,2859.0,2860.0,2867.0,2879.0,2883.0,2892.0,2896.0,2897.0,2904.0,2908.0,2911.0,2912.0,2915.0,2917.0,2921.0,2933.0,2938.0,2942.0,2948.0,2953.0,2959.0,2967.0,2968.0,2976.0,2979.0,2980.0,2982.0,2983.0,2986.0,2988.0,2991.0,2993.0,2997.0,3004.0,3007.0,3010.0,3012.0,3014.0,3016.0,3020.0,3021.0,3026.0,3028.0,3029.0,3030.0,3034.0,3038.0,3040.0,3043.0,3047.0,3049.0,3055.0,3057.0,3060.0,3062.0,3068.0,3069.0,3072.0,3076.0,3078.0,3082.0,,,,,,,,,3101.0,3101.0,3103.0,3104.0,3106.0,3107.0,3108.0,3111.0,3113.0,3114.0,3115.0,3120.0,3121.0,3123.0,3126.0,3128.0,3131.0,3132.0,3132.0,3133.0,3134.0,3137.0,3140.0,3140.0,3144.0,3145.0,3145.0,3148.0,3149.0,3150.0,3154.0,3156.0,3158.0,3160.0,3161.0,3161.0,3163.0,3164.0,3165.0,3169.0,3171.0,3172.0,3174.0,3175.0,3175.0,3179.0,3182.0,3182.0,3182
Uhsa0oPdIv8,1521.0,1528.0,1536.0,1542.0,1544.0,1551.0,1557.0,1563.0,1569.0,1578.0,1587.0,1597.0,1606.0,1617.0,1626.0,1631.0,1635.0,1640.0,1643.0,1646.0,1659.0,1665.0,1673.0,1686.0,1690.0,1696.0,1704.0,1706.0,1709.0,1717.0,1726.0,1730.0,1734.0,1737.0,1739.0,1747.0,1751.0,1763.0,1773.0,1776.0,1785.0,1791.0,1795.0,1805.0,1808.0,1811.0,1817.0,1820.0,1823.0,1829.0,1831.0,1834.0,1839.0,1843.0,1851.0,1858.0,1863.0,1865.0,1872.0,1877.0,1887.0,1896.0,1904.0,1909.0,1914.0,1921.0,1927.0,1931.0,1936.0,1942.0,1947.0,1956.0,1963.0,1972.0,1977.0,1984.0,1992.0,1999.0,2002.0,2011.0,2015.0,2018.0,2019.0,2021.0,2027.0,2030.0,2032.0,2035.0,2037.0,2038.0,2040.0,2047.0,2054.0,2056.0,2056.0,2058.0,2061.0,2064.0,2068.0,2075.0,2077.0,2080.0,2082.0,2083.0,2086.0,2090.0,2097.0,2102.0,2110.0,2112.0,2116.0,2118.0,2122.0,2125.0,2128.0,2130.0,2131.0,2131.0,2132.0,2135.0,2136.0,2142.0,2144.0,2152.0,2159.0,2160.0,2161.0,2162.0,2164.0,2166.0,2167.0,2168.0,2171.0,2175.0,,,,,,,,,2191.0,2192.0,2192.0,2194.0,2196.0,2196.0,2198.0,2204.0,2215.0,2224.0,2229.0,2234.0,2234.0,2237.0,2243.0,2249.0,2251.0,2252.0,2257.0,2260.0,2264.0,2266.0,2267.0,2268.0,2269.0,2274.0,2277.0,2277.0,2277.0,2280.0,2287.0,2289.0,2291.0,2293.0,2297.0,2298.0,2299.0,2300.0,2300.0,2303.0,2306.0,2306.0,2307.0,2309.0,2310.0,2313.0,2316.0,2316.0,2322
yILL4huky70,13847.0,13933.0,14021.0,14085.0,14171.0,14252.0,14330.0,14410.0,14459.0,14541.0,14587.0,14656.0,14745.0,14822.0,14901.0,14969.0,15039.0,15146.0,15246.0,15307.0,15376.0,15443.0,15504.0,15552.0,15603.0,15676.0,15740.0,15802.0,15864.0,15932.0,15982.0,16037.0,16105.0,16186.0,16241.0,16306.0,16354.0,16428.0,16498.0,16535.0,16583.0,16632.0,16692.0,16756.0,16794.0,16848.0,16912.0,16974.0,17011.0,17063.0,17106.0,17140.0,17185.0,17229.0,17272.0,17305.0,17349.0,17405.0,17449.0,17489.0,17523.0,17562.0,17618.0,17659.0,17711.0,17758.0,17794.0,17846.0,17883.0,17938.0,17982.0,18048.0,18101.0,18147.0,18180.0,18217.0,18279.0,18338.0,18394.0,18430.0,18463.0,18505.0,18535.0,18586.0,18628.0,18668.0,18694.0,18723.0,18766.0,18811.0,18848.0,18884.0,18940.0,18987.0,19027.0,19095.0,19139.0,19176.0,19217.0,19251.0,19274.0,19294.0,19345.0,19376.0,19412.0,19456.0,19500.0,19539.0,19572.0,19595.0,19628.0,19654.0,19682.0,19716.0,19738.0,19761.0,19796.0,19826.0,19861.0,19897.0,19928.0,19951.0,19978.0,20013.0,20041.0,20068.0,20112.0,20150.0,20179.0,20219.0,20251.0,20286.0,20347.0,20400.0,,,,,,,,,20792.0,20829.0,20864.0,20914.0,20954.0,21011.0,21052.0,21083.0,21148.0,21229.0,21295.0,21363.0,21423.0,21476.0,21531.0,21581.0,21657.0,21705.0,21775.0,21823.0,21879.0,21914.0,21944.0,21980.0,22028.0,22059.0,22109.0,22164.0,22188.0,22217.0,22262.0,22299.0,22343.0,22383.0,22426.0,22470.0,22530.0,22565.0,22619.0,22668.0,22726.0,22758.0,22782.0,22820.0,22860.0,22922.0,22965.0,23001.0,23050
JMyCargFq_0,207811.0,209458.0,210982.0,211811.0,212632.0,213340.0,214008.0,214704.0,215420.0,216226.0,216989.0,218073.0,218847.0,219671.0,220430.0,221007.0,221615.0,222171.0,222655.0,223229.0,223810.0,224450.0,224980.0,225498.0,226035.0,226758.0,227789.0,228754.0,229793.0,230880.0,231684.0,232384.0,233123.0,233798.0,234375.0,234928.0,235511.0,236005.0,236427.0,237008.0,237527.0,237973.0,238418.0,238905.0,239369.0,239769.0,242917.0,243389.0,243825.0,244232.0,246226.0,246604.0,246983.0,247297.0,247651.0,248056.0,248412.0,248796.0,249196.0,249698.0,250179.0,250677.0,251128.0,251574.0,251966.0,252351.0,252696.0,253139.0,253528.0,254028.0,254401.0,254851.0,255168.0,255563.0,255930.0,256360.0,256751.0,257151.0,257497.0,257901.0,258286.0,258640.0,258956.0,259324.0,259720.0,260048.0,260376.0,260720.0,261046.0,261391.0,261745.0,262106.0,262429.0,262812.0,263176.0,263542.0,263957.0,264326.0,264655.0,264966.0,265269.0,265512.0,265794.0,266067.0,266427.0,266741.0,267054.0,267355.0,267634.0,267984.0,268326.0,268649.0,268966.0,269290.0,269602.0,269877.0,270225.0,270542.0,270883.0,271229.0,271608.0,271913.0,272183.0,272419.0,272721.0,273010.0,273335.0,273648.0,273975.0,274275.0,274584.0,274912.0,275306.0,275608.0,,,,,,,,,279011.0,279323.0,279662.0,280017.0,280367.0,280750.0,281075.0,281365.0,281799.0,282096.0,282495.0,282831.0,283207.0,283595.0,283901.0,284336.0,284707.0,285120.0,285494.0,285868.0,286250.0,286584.0,286883.0,287211.0,287567.0,287893.0,288249.0,288540.0,288836.0,289182.0,289486.0,289804.0,290127.0,290499.0,290820.0,291169.0,291460.0,291802.0,292117.0,292524.0,292908.0,293347.0,293698.0,294079.0,294423.0,294827.0,295231.0,295638.0,296018
B93veLfx3aU,2996223.0,3002175.0,3009606.0,3017258.0,3024631.0,3032036.0,3038356.0,3046290.0,3054503.0,3062462.0,3069757.0,3077174.0,3085293.0,3093921.0,3102826.0,3110831.0,3119128.0,3127890.0,3137080.0,3146156.0,3155085.0,3164035.0,3172560.0,3181175.0,3189437.0,3197350.0,3205771.0,3213632.0,3222176.0,3230556.0,3239216.0,3246826.0,3254701.0,3262235.0,3270163.0,3277669.0,3284868.0,3291838.0,3298823.0,3305680.0,3312908.0,3319784.0,3327355.0,3335248.0,3341605.0,3347291.0,3354224.0,3361455.0,3368127.0,3375004.0,3381383.0,3388543.0,3395384.0,3402239.0,3409368.0,3416041.0,3422269.0,3428422.0,3434405.0,3441445.0,3449138.0,3456472.0,3463614.0,3470640.0,3477479.0,3484026.0,3490721.0,3497626.0,3503100.0,3510741.0,3517536.0,3523956.0,3530375.0,3536207.0,3542605.0,3549041.0,3555504.0,3562090.0,3569022.0,3575450.0,3581277.0,3587354.0,3593757.0,3600573.0,3607069.0,3613104.0,3619059.0,3624456.0,3630229.0,3636660.0,3643152.0,3649364.0,3654686.0,3659752.0,3664693.0,3669688.0,3674926.0,3680309.0,3685701.0,3690821.0,3695937.0,3700718.0,3705426.0,3710682.0,3716198.0,3721719.0,3726983.0,3732068.0,3736862.0,3741625.0,3747000.0,3752337.0,3757467.0,3762873.0,3768283.0,3773310.0,3778757.0,3784324.0,3789856.0,3794855.0,3799921.0,3805188.0,3810062.0,3814969.0,3819955.0,3824459.0,3829042.0,3834128.0,3838735.0,3843162.0,3847951.0,3852890.0,3857719.0,3862391.0,,,,,,,,,3909821.0,3914757.0,3919665.0,3924744.0,3929978.0,3934628.0,3939289.0,3944236.0,3949086.0,3954515.0,3959233.0,3964493.0,3971000.0,3977249.0,3983404.0,3989049.0,3994821.0,3999662.0,4005285.0,4010674.0,4015373.0,4019982.0,4024760.0,4029314.0,4034456.0,4039842.0,4045068.0,4049928.0,4054577.0,4059124.0,4063889.0,4068840.0,4073918.0,4078850.0,4083623.0,4088315.0,4092912.0,4097704.0,4102894.0,4108050.0,4113253.0,4118155.0,4122848.0,4127335.0,4132129.0,4137142.0,4142037.0,4146963.0,4151718
PCNlo5g4FRU,14358.0,14360.0,14361.0,14362.0,14366.0,14367.0,14372.0,14373.0,14373.0,14375.0,14377.0,14379.0,14381.0,14384.0,14386.0,14389.0,14390.0,14390.0,14392.0,14392.0,14392.0,14395.0,14395.0,14396.0,14396.0,14397.0,14399.0,14400.0,14402.0,14403.0,14404.0,14407.0,14408.0,14409.0,14410.0,14410.0,14411.0,14413.0,14415.0,14418.0,14419.0,14419.0,14419.0,14422.0,14438.0,14451.0,14458.0,14460.0,14465.0,14468.0,14469.0,14472.0,14473.0,14476.0,14476.0,14478.0,14478.0,14479.0,14480.0,14481.0,14481.0,14482.0,14482.0,14483.0,14484.0,14485.0,14487.0,14490.0,14491.0,14491.0,14491.0,14491.0,14492.0,14492.0,14492.0,14493.0,14496.0,14496.0,14499.0,14502.0,14502.0,14502.0,14502.0,14502.0,14502.0,14502.0,14504.0,14504.0,14506.0,14507.0,14508.0,14509.0,14509.0,14509.0,14509.0,14509.0,14509.0,14513.0,14514.0,14514.0,14514.0,14514.0,14516.0,14517.0,14517.0,14519.0,14520.0,14521.0,14524.0,14524.0,14525.0,14525.0,14525.0,14525.0,14526.0,14526.0,14526.0,14527.0,14528.0,14528.0,14529.0,14530.0,14530.0,14530.0,14530.0,14530.0,14531.0,14532.0,14532.0,14533.0,14533.0,14534.0,14535.0,14535.0,,,,,,,,,14539.0,14541.0,14541.0,14542.0,14543.0,14544.0,14545.0,14545.0,14546.0,14546.0,14546.0,14547.0,14549.0,14549.0,14550.0,14554.0,14554.0,14554.0,14554.0,14555.0,14555.0,14556.0,14557.0,14558.0,14558.0,14558.0,14558.0,14559.0,14559.0,14559.0,14559.0,14559.0,14559.0,14559.0,14559.0,14559.0,14559.0,14559.0,14559.0,14559.0,14559.0,14561.0,14561.0,14562.0,14562.0,14562.0,14563.0,14563.0,14563
S-VLzICd2FE,4290900.0,4301426.0,4313201.0,4324991.0,4336536.0,4348168.0,4358793.0,4369988.0,4381688.0,4393482.0,4405162.0,4416022.0,4426829.0,4437528.0,4448897.0,4460082.0,4470710.0,4480827.0,4491098.0,4501684.0,4511970.0,4522845.0,4536920.0,4549285.0,4559800.0,4570438.0,4580291.0,4589803.0,4600452.0,4610339.0,4618864.0,4626673.0,4635322.0,4644262.0,4653046.0,4661877.0,4672151.0,4680482.0,4687799.0,4695647.0,4703557.0,4710772.0,4717943.0,4724766.0,4731655.0,4738251.0,4744353.0,4751119.0,4757493.0,4763618.0,4769514.0,4776332.0,4782667.0,4788786.0,4795285.0,4801627.0,4807852.0,4814573.0,4821216.0,4827703.0,4834508.0,4841073.0,4847334.0,4853800.0,4859895.0,4865907.0,4872004.0,4878097.0,4883576.0,4890189.0,4896845.0,4903210.0,4909732.0,4916695.0,4923700.0,4931371.0,4937723.0,4944022.0,4951282.0,4958023.0,4964734.0,4971539.0,4978375.0,4985117.0,4992361.0,4999652.0,5006150.0,5011899.0,5018250.0,5024457.0,5031292.0,5037901.0,5045422.0,5052995.0,5059759.0,5066153.0,5072251.0,5078433.0,5084743.0,5091034.0,5097672.0,5104477.0,5110841.0,5117251.0,5123351.0,5130140.0,5136802.0,5143256.0,5149557.0,5155736.0,5161981.0,5168220.0,5174526.0,5180875.0,5186785.0,5192588.0,5198468.0,5204144.0,5210034.0,5215411.0,5221204.0,5226812.0,5232100.0,5237143.0,5242307.0,5247570.0,5252977.0,5258565.0,5263981.0,5269116.0,5274274.0,5279536.0,5284901.0,5290126.0,,,,,,,,,5340693.0,5346074.0,5351515.0,5357215.0,5363453.0,5370470.0,5378493.0,5386165.0,5393627.0,5399012.0,5404352.0,5410210.0,5416236.0,5422684.0,5428798.0,5435021.0,5440885.0,5447492.0,5453362.0,5458213.0,5463061.0,5468170.0,5471760.0,5479046.0,5484313.0,5489369.0,5494424.0,5499610.0,5504667.0,5509757.0,5514612.0,5519669.0,5524709.0,5529579.0,5534489.0,5539462.0,5544374.0,5548963.0,5553874.0,5558904.0,5564113.0,5569128.0,5574371.0,5579263.0,5584274.0,5589218.0,5594245.0,5599257.0,5604034
eKUspIkf-GA,811687.0,814360.0,816910.0,819148.0,821862.0,824399.0,827136.0,830010.0,832832.0,835851.0,838926.0,841931.0,845165.0,848560.0,851850.0,855767.0,859174.0,862087.0,865430.0,868652.0,871901.0,875166.0,878182.0,880403.0,882405.0,884790.0,887420.0,889921.0,892364.0,894656.0,896773.0,898729.0,900997.0,903396.0,905718.0,908049.0,910470.0,912402.0,914328.0,916334.0,918409.0,920581.0,922842.0,925256.0,927210.0,929065.0,931217.0,933525.0,935657.0,937774.0,939889.0,942659.0,944637.0,946701.0,948672.0,950623.0,952569.0,954587.0,956515.0,958197.0,959889.0,961747.0,963626.0,965758.0,967858.0,969859.0,971806.0,974045.0,976010.0,978506.0,980720.0,982612.0,984537.0,986357.0,988337.0,990593.0,992904.0,994998.0,998022.0,1002232.0,1005826.0,1008536.0,1010881.0,1013485.0,1016016.0,1018759.0,1021363.0,1023317.0,1025749.0,1028088.0,1030277.0,1032569.0,1034826.0,1037183.0,1039515.0,1041907.0,1044344.0,1047014.0,1049557.0,1052029.0,1054281.0,1056651.0,1059178.0,1061913.0,1064640.0,1067541.0,1070397.0,1072677.0,1074725.0,1077664.0,1080643.0,1083386.0,1086058.0,1088731.0,1091141.0,1093439.0,1095617.0,1097826.0,1100233.0,1102585.0,1104857.0,1106986.0,1108790.0,1110808.0,1112825.0,1115075.0,1117411.0,1120639.0,1123751.0,1126313.0,1128811.0,1131530.0,1134517.0,1137189.0,,,,,,,,,1159484.0,1161754.0,1164302.0,1166850.0,1169451.0,1172108.0,1174268.0,1176195.0,1178367.0,1180573.0,1183031.0,1185672.0,1188455.0,1191058.0,1193164.0,1195110.0,1197306.0,1199618.0,1202091.0,1204302.0,1206328.0,1208252.0,1210232.0,1212661.0,1215082.0,1217370.0,1219712.0,1223322.0,1227244.0,1230734.0,1233208.0,1235683.0,1238134.0,1240349.0,1242414.0,1244399.0,1246363.0,1248662.0,1251311.0,1253614.0,1256148.0,1258522.0,1260760.0,1262830.0,1265215.0,1267958.0,1270565.0,1273204.0,1275829
bewXzQ3nlY4,7590.0,7599.0,7619.0,7626.0,7634.0,7641.0,7649.0,7658.0,7668.0,7672.0,7684.0,7689.0,7699.0,7715.0,7727.0,7738.0,7750.0,7762.0,7773.0,7775.0,7787.0,7801.0,7815.0,7828.0,7840.0,7859.0,7866.0,7876.0,7886.0,7896.0,7911.0,7916.0,7925.0,7933.0,7940.0,7943.0,7948.0,7955.0,7962.0,7971.0,7975.0,7977.0,7977.0,7986.0,7995.0,7995.0,7999.0,8002.0,8009.0,8017.0,8019.0,8024.0,8028.0,8034.0,8036.0,8042.0,8049.0,8057.0,8062.0,8072.0,8080.0,8084.0,8094.0,8106.0,8113.0,8122.0,8129.0,8136.0,8141.0,8145.0,8152.0,8156.0,8157.0,8161.0,8169.0,8173.0,8177.0,8178.0,8180.0,8183.0,8185.0,8191.0,8194.0,8196.0,8202.0,8206.0,8212.0,8216.0,8219.0,8222.0,8224.0,8227.0,8235.0,8238.0,8242.0,8246.0,8249.0,8252.0,8259.0,8261.0,8265.0,8272.0,8275.0,8279.0,8282.0,8285.0,8287.0,8291.0,8300.0,8305.0,8310.0,8319.0,8327.0,8343.0,8349.0,8356.0,8365.0,8376.0,8384.0,8392.0,8397.0,8398.0,8411.0,8418.0,8421.0,8418.0,8421.0,8428.0,8434.0,8437.0,8445.0,8450.0,8454.0,8459.0,,,,,,,,,8520.0,8531.0,8538.0,8549.0,8556.0,8562.0,8575.0,8592.0,8604.0,8609.0,8621.0,8641.0,8646.0,8651.0,8655.0,8661.0,8667.0,8673.0,8678.0,8682.0,8687.0,8690.0,8696.0,8699.0,8702.0,8704.0,8716.0,8722.0,8728.0,8733.0,8734.0,8736.0,8737.0,8737.0,8742.0,8746.0,8749.0,8751.0,8756.0,8755.0,8759.0,8769.0,8775.0,8784.0,8786.0,8790.0,8793.0,8797.0,8800
-DBuQz_sEZ4,11607.0,11652.0,11692.0,11722.0,11748.0,11786.0,11819.0,11860.0,11887.0,11927.0,11955.0,11985.0,12011.0,12047.0,12090.0,12121.0,12142.0,12160.0,12185.0,12208.0,12231.0,12260.0,12287.0,12315.0,12342.0,12367.0,12398.0,12411.0,12431.0,12447.0,12467.0,12493.0,12514.0,12530.0,12553.0,12567.0,12585.0,12600.0,12612.0,12630.0,12656.0,12669.0,12696.0,12719.0,12741.0,12760.0,12775.0,12788.0,12803.0,12815.0,12835.0,12851.0,12868.0,12879.0,12891.0,12916.0,12933.0,12949.0,12973.0,12996.0,13056.0,13070.0,13107.0,13144.0,13174.0,13194.0,13214.0,13247.0,13271.0,13288.0,13303.0,13316.0,13337.0,13341.0,13360.0,13373.0,13383.0,13424.0,13443.0,13484.0,13494.0,13516.0,13542.0,13569.0,13595.0,13612.0,13624.0,13644.0,13675.0,13695.0,13721.0,13750.0,13785.0,13805.0,13817.0,13834.0,13848.0,13862.0,13878.0,13890.0,13921.0,13942.0,13954.0,13966.0,13981.0,14003.0,14019.0,14042.0,14054.0,14065.0,14087.0,14118.0,14138.0,14144.0,14155.0,14170.0,14191.0,14202.0,14214.0,14226.0,14248.0,14263.0,14275.0,14287.0,14300.0,14315.0,14329.0,14343.0,14361.0,14372.0,14386.0,14410.0,14430.0,14436.0,,,,,,,,,14577.0,14591.0,14610.0,14629.0,14643.0,14653.0,14663.0,14678.0,14693.0,14714.0,14725.0,14743.0,14755.0,14778.0,14792.0,14805.0,14820.0,14828.0,14847.0,14869.0,14894.0,14933.0,14949.0,15003.0,15650.0,15851.0,15885.0,15912.0,15950.0,15975.0,16024.0,16042.0,16076.0,16100.0,16128.0,16158.0,16174.0,16192.0,16207.0,16228.0,16250.0,16270.0,16288.0,16307.0,16319.0,16334.0,16360.0,16369.0,16387
x7LGOdRkZTk,15000.0,15023.0,15052.0,15072.0,15104.0,15125.0,15148.0,15160.0,15191.0,15212.0,15242.0,15263.0,15287.0,15308.0,15325.0,15348.0,15377.0,15391.0,15403.0,15434.0,15457.0,15480.0,15495.0,15519.0,15541.0,15561.0,15578.0,15611.0,15640.0,15652.0,15673.0,15704.0,15730.0,15759.0,15777.0,15793.0,15816.0,15840.0,15867.0,15900.0,15934.0,15964.0,15985.0,15997.0,16006.0,16035.0,16051.0,16074.0,16131.0,16157.0,16190.0,16219.0,16236.0,16256.0,16291.0,16323.0,16370.0,16414.0,16433.0,16454.0,16478.0,16501.0,16526.0,16553.0,16597.0,16617.0,16651.0,16673.0,16693.0,16723.0,16756.0,16775.0,16806.0,16832.0,16854.0,16871.0,16895.0,16914.0,16937.0,16969.0,16990.0,17015.0,17032.0,17051.0,17074.0,17090.0,17108.0,17121.0,17137.0,17159.0,17189.0,17216.0,17238.0,17261.0,17283.0,17301.0,17310.0,17327.0,17346.0,17367.0,17392.0,17427.0,17456.0,17489.0,17514.0,17541.0,17572.0,17603.0,17626.0,17663.0,17680.0,17710.0,17732.0,17766.0,17791.0,17812.0,17832.0,17855.0,17877.0,17892.0,17920.0,17933.0,17957.0,17984.0,18000.0,18016.0,18036.0,18067.0,18097.0,18126.0,18151.0,18164.0,18191.0,18208.0,,,,,,,,,18353.0,18370.0,18389.0,18410.0,18426.0,18440.0,18471.0,18494.0,18519.0,18545.0,18563.0,18585.0,18611.0,18625.0,18653.0,18674.0,18699.0,18724.0,18753.0,18766.0,18788.0,18798.0,18813.0,18829.0,18850.0,18870.0,18894.0,18918.0,18934.0,18950.0,18964.0,18986.0,19001.0,19017.0,19038.0,19048.0,19060.0,19070.0,19087.0,19100.0,19120.0,19129.0,19143.0,19165.0,19182.0,19197.0,19205.0,19222.0,19240
r4aDVKIPurQ,17649.0,17684.0,17724.0,17777.0,17808.0,17850.0,17884.0,17920.0,17954.0,18003.0,18057.0,18099.0,18147.0,18195.0,18228.0,18275.0,18310.0,18357.0,18393.0,18436.0,18476.0,18516.0,18573.0,18630.0,18690.0,18742.0,18778.0,18823.0,18866.0,18904.0,18934.0,18977.0,19016.0,19046.0,19081.0,19119.0,19149.0,19186.0,19235.0,19262.0,19295.0,19319.0,19357.0,19395.0,19435.0,19463.0,19495.0,19520.0,19546.0,19577.0,19603.0,19676.0,19708.0,19757.0,19792.0,19823.0,19871.0,19921.0,19969.0,20010.0,20046.0,20074.0,20102.0,20141.0,20174.0,20218.0,20254.0,20279.0,20313.0,20354.0,20390.0,20430.0,20464.0,20487.0,20525.0,20549.0,20574.0,20599.0,20640.0,20666.0,20700.0,20730.0,20752.0,20774.0,20802.0,20831.0,20867.0,20903.0,20925.0,20941.0,20968.0,20995.0,21020.0,21054.0,21106.0,21146.0,21180.0,21210.0,21251.0,21292.0,21330.0,21370.0,21395.0,21438.0,21471.0,21497.0,21529.0,21543.0,21571.0,21607.0,21640.0,21677.0,21698.0,21724.0,21751.0,21792.0,21813.0,21850.0,21895.0,21933.0,21966.0,21997.0,22032.0,22074.0,22098.0,22134.0,22159.0,22202.0,22248.0,22280.0,22333.0,22379.0,22414.0,22455.0,,,,,,,,,22756.0,22789.0,22827.0,22847.0,22865.0,22879.0,22905.0,22936.0,22966.0,23016.0,23056.0,23108.0,23160.0,23205.0,23235.0,23268.0,23308.0,23350.0,23378.0,23398.0,23420.0,23436.0,23462.0,23480.0,23507.0,23524.0,23544.0,23578.0,23597.0,23619.0,23643.0,23658.0,23699.0,23721.0,23735.0,23761.0,23792.0,23810.0,23862.0,23895.0,23937.0,23975.0,24015.0,24045.0,24099.0,24258.0,24319.0,24361.0,24390
OxIcVgtrH0M,111818.0,112208.0,112559.0,112819.0,113070.0,113323.0,113665.0,113921.0,114249.0,114543.0,114746.0,115057.0,115321.0,115562.0,115789.0,116024.0,116261.0,116471.0,116721.0,116913.0,117151.0,117385.0,117684.0,117889.0,118126.0,118297.0,118539.0,118720.0,118886.0,119107.0,119339.0,119558.0,119785.0,120014.0,120216.0,120420.0,120690.0,120892.0,121094.0,121261.0,121433.0,121633.0,121829.0,122032.0,122206.0,122357.0,122504.0,122673.0,122859.0,123028.0,123267.0,123414.0,123556.0,123752.0,123927.0,124121.0,124341.0,124525.0,124716.0,124901.0,125076.0,125261.0,125434.0,125635.0,125858.0,126022.0,126213.0,126415.0,126595.0,126816.0,127020.0,127218.0,127384.0,127580.0,127780.0,128011.0,128220.0,128427.0,128699.0,128931.0,129091.0,129344.0,129598.0,129775.0,129988.0,130187.0,130384.0,130556.0,130724.0,130887.0,131046.0,131206.0,131377.0,131640.0,131787.0,131952.0,132106.0,132299.0,132561.0,132764.0,133026.0,133267.0,133629.0,134043.0,134725.0,135212.0,135821.0,136489.0,137171.0,137711.0,138150.0,138623.0,139004.0,139465.0,139949.0,140248.0,140573.0,140867.0,141139.0,141549.0,141858.0,142128.0,142488.0,142835.0,143151.0,143617.0,143945.0,144379.0,144867.0,145293.0,145732.0,146224.0,146649.0,147003.0,,,,,,,,,150538.0,150777.0,151063.0,151389.0,151631.0,151932.0,152305.0,152605.0,152876.0,153187.0,153495.0,153819.0,154130.0,154422.0,154657.0,154977.0,155232.0,155504.0,155798.0,156031.0,156355.0,156577.0,156790.0,157051.0,157273.0,157542.0,157729.0,157980.0,158180.0,158353.0,158595.0,158839.0,159096.0,159290.0,159569.0,159793.0,160021.0,160220.0,160476.0,160731.0,160923.0,161118.0,161365.0,161576.0,161878.0,162123.0,162373.0,162682.0,162976
FF7_YRh4Jyw,148301.0,148717.0,149101.0,149430.0,149960.0,150458.0,150899.0,151284.0,151661.0,152017.0,152359.0,152656.0,153011.0,153384.0,153776.0,154044.0,154343.0,154628.0,154925.0,155290.0,155650.0,155992.0,156259.0,156514.0,156720.0,156989.0,157369.0,157817.0,158205.0,158697.0,159049.0,159389.0,159773.0,160141.0,160420.0,160716.0,161081.0,161340.0,161638.0,162101.0,162592.0,163236.0,163762.0,164169.0,164654.0,165070.0,165893.0,166744.0,167552.0,168066.0,168467.0,168893.0,169336.0,169979.0,170507.0,171005.0,171438.0,171946.0,172426.0,172783.0,173234.0,173655.0,174067.0,174437.0,174881.0,175301.0,175614.0,176027.0,176328.0,176772.0,177164.0,177521.0,177821.0,178105.0,178462.0,178735.0,179095.0,179426.0,179697.0,180018.0,180270.0,180574.0,180878.0,181227.0,181553.0,181854.0,182172.0,182470.0,182759.0,183112.0,183445.0,183801.0,184118.0,184373.0,184688.0,184976.0,185309.0,185614.0,185930.0,186239.0,186513.0,186801.0,187115.0,187392.0,187698.0,188009.0,188364.0,188680.0,188995.0,189269.0,189623.0,189968.0,190253.0,190545.0,190795.0,191001.0,191278.0,191514.0,191818.0,192088.0,192318.0,192527.0,192768.0,193046.0,193275.0,193496.0,193718.0,193971.0,194156.0,194365.0,194628.0,194802.0,195051.0,195289.0,,,,,,,,,197473.0,197709.0,197929.0,198170.0,198389.0,198652.0,198853.0,199089.0,199303.0,199510.0,199734.0,199970.0,200202.0,200429.0,200615.0,200757.0,200979.0,201197.0,201443.0,201691.0,201956.0,202224.0,202452.0,202671.0,202931.0,203173.0,203427.0,203717.0,203910.0,204140.0,204359.0,204652.0,204881.0,205078.0,205318.0,205496.0,205710.0,205907.0,206189.0,206451.0,206767.0,207025.0,207295.0,207584.0,207791.0,208078.0,208333.0,208604.0,208797
11L1XQ9eZzM,69675.0,70243.0,71003.0,71659.0,72314.0,73076.0,73895.0,74857.0,75794.0,76458.0,77081.0,77779.0,78551.0,79113.0,79649.0,80200.0,80749.0,81238.0,81818.0,82347.0,83022.0,83600.0,84355.0,85014.0,85637.0,86034.0,86459.0,86798.0,87124.0,87524.0,87850.0,88141.0,88373.0,88638.0,88886.0,89155.0,89422.0,89677.0,89957.0,90184.0,90420.0,90688.0,90973.0,91259.0,91519.0,91726.0,91945.0,92166.0,92377.0,92674.0,92948.0,93215.0,93415.0,93595.0,93785.0,93972.0,94297.0,94684.0,95109.0,95374.0,95619.0,95936.0,96203.0,96486.0,96794.0,97028.0,97223.0,97455.0,97619.0,97850.0,98074.0,98306.0,98524.0,98696.0,98873.0,99074.0,99220.0,99416.0,99584.0,99727.0,99886.0,100055.0,100258.0,100465.0,100875.0,101416.0,101750.0,102021.0,102282.0,102661.0,102945.0,103245.0,103508.0,103756.0,103984.0,104198.0,104438.0,104649.0,104895.0,105090.0,105281.0,105507.0,105759.0,106055.0,106371.0,106706.0,106985.0,107236.0,107427.0,107784.0,108035.0,108255.0,108488.0,108740.0,108995.0,109185.0,109454.0,109714.0,109992.0,110247.0,110449.0,110644.0,110846.0,111025.0,111167.0,111340.0,111503.0,111707.0,111924.0,112096.0,112375.0,112587.0,112808.0,112994.0,,,,,,,,,116097.0,116358.0,116649.0,116936.0,117287.0,117690.0,117996.0,118226.0,118472.0,118841.0,119192.0,119627.0,119983.0,120427.0,120830.0,121131.0,121528.0,121872.0,122201.0,122589.0,122898.0,123221.0,123463.0,123701.0,123975.0,124214.0,124531.0,124819.0,125037.0,125227.0,125469.0,125758.0,126070.0,126291.0,126550.0,126767.0,126945.0,127169.0,127393.0,127672.0,127893.0,128196.0,128487.0,128702.0,128933.0,129176.0,129474.0,129741.0,130024
e-FVN-RQOGo,1329603.0,1331231.0,1333013.0,1335142.0,1337243.0,1339486.0,1342103.0,1345487.0,1348401.0,1350973.0,1353648.0,1356483.0,1359722.0,1363092.0,1365831.0,1368314.0,1370808.0,1372989.0,1374981.0,1376932.0,1379000.0,1380870.0,1382930.0,1384879.0,1386653.0,1388451.0,1390189.0,1391981.0,1393544.0,1394973.0,1396412.0,1397952.0,1399393.0,1400918.0,1402421.0,1403865.0,1405257.0,1406649.0,1408048.0,1409496.0,1410809.0,1412061.0,1413392.0,1414872.0,1416142.0,1417335.0,1418563.0,1419985.0,1421283.0,1422478.0,1423657.0,1424949.0,1426007.0,1427129.0,1428298.0,1429396.0,1430486.0,1431649.0,1432657.0,1433793.0,1434975.0,1436222.0,1437323.0,1438465.0,1439508.0,1440440.0,1441428.0,1442593.0,1443555.0,1444826.0,1445923.0,1447143.0,1448111.0,1449071.0,1449937.0,1450813.0,1451625.0,1452998.0,1454337.0,1455425.0,1456296.0,1457234.0,1458132.0,1459678.0,1524527.0,1525563.0,1526293.0,1527095.0,1527975.0,1528749.0,1529591.0,1530378.0,1531322.0,1532134.0,1532911.0,1533615.0,1534396.0,1535186.0,1535988.0,1536722.0,1537436.0,1538180.0,1538893.0,1539650.0,1540451.0,1541164.0,1541931.0,1542620.0,1543272.0,1543929.0,1544653.0,1545381.0,1546053.0,1546724.0,1547398.0,1548020.0,1548605.0,1549230.0,1549837.0,1550498.0,1551144.0,1551750.0,1552281.0,1552852.0,1553383.0,1554101.0,1554880.0,1555554.0,1556159.0,1556805.0,1557293.0,1557905.0,1558541.0,1559327.0,,,,,,,,,1566064.0,1566750.0,1567585.0,1568420.0,1569465.0,1570548.0,1571708.0,1572716.0,1574229.0,1575408.0,1576333.0,1577343.0,1578109.0,1579128.0,1580109.0,1581157.0,1582232.0,1583365.0,1584342.0,1585015.0,1585654.0,1586277.0,1586713.0,1587322.0,1587875.0,1588513.0,1589079.0,1589670.0,1590229.0,1590723.0,1591257.0,1591984.0,1592660.0,1593274.0,1593986.0,1594768.0,1595483.0,1596174.0,1597017.0,1597865.0,1598553.0,1599238.0,1599898.0,1600437.0,1601020.0,1601718.0,1602332.0,1603053.0,1603700
-bG79y0_x8M,34635.0,34651.0,34672.0,34688.0,34708.0,34745.0,34771.0,34804.0,34838.0,34860.0,34889.0,34920.0,34957.0,34979.0,34994.0,35020.0,35041.0,35066.0,35087.0,35107.0,35128.0,35145.0,35165.0,35190.0,35216.0,35238.0,35276.0,35309.0,35340.0,35366.0,35385.0,35401.0,35430.0,35454.0,35482.0,35499.0,35526.0,35557.0,35577.0,35612.0,35630.0,35654.0,35668.0,35687.0,35707.0,35723.0,35736.0,35772.0,35794.0,35804.0,35820.0,35828.0,35852.0,35880.0,35907.0,35925.0,35943.0,35965.0,35986.0,36018.0,36035.0,36061.0,36080.0,36095.0,36118.0,36138.0,36169.0,36185.0,36203.0,36216.0,36234.0,36252.0,36267.0,36278.0,36300.0,36341.0,36368.0,36383.0,36412.0,36430.0,36446.0,36474.0,36488.0,36508.0,36532.0,36544.0,36561.0,36582.0,36594.0,36606.0,36632.0,36660.0,36680.0,36694.0,36717.0,36736.0,36751.0,36762.0,36789.0,36807.0,36829.0,36846.0,36863.0,36877.0,36890.0,36902.0,36924.0,36945.0,36962.0,36978.0,36994.0,37013.0,37028.0,37057.0,37078.0,37093.0,37113.0,37138.0,37148.0,37166.0,37181.0,37194.0,37213.0,37228.0,37246.0,37258.0,37277.0,37301.0,37316.0,37328.0,37347.0,37365.0,37376.0,37392.0,,,,,,,,,37631.0,37655.0,37688.0,37720.0,37757.0,37804.0,37829.0,37841.0,37867.0,37894.0,37919.0,37949.0,37968.0,37989.0,38011.0,38033.0,38061.0,38085.0,38111.0,38128.0,38161.0,38175.0,38199.0,38223.0,38247.0,38273.0,38296.0,38316.0,38335.0,38361.0,38392.0,38417.0,38446.0,38471.0,38496.0,38514.0,38533.0,38552.0,38568.0,38585.0,38599.0,38620.0,38641.0,38658.0,38686.0,38716.0,38743.0,38764.0,38782
VNeiFeUa4kw,1411894.0,1412828.0,1413599.0,1414574.0,1415192.0,1415800.0,1416511.0,1417440.0,1418418.0,1419433.0,1420280.0,1421195.0,1421939.0,1422546.0,1423307.0,1423880.0,1424453.0,1425095.0,1425595.0,1426168.0,1426992.0,1427789.0,1428331.0,1428885.0,1429361.0,1429887.0,1430515.0,1431075.0,1431650.0,1432120.0,1432743.0,1433397.0,1434027.0,1434548.0,1435182.0,1435711.0,1436434.0,1437044.0,1437757.0,1438318.0,1438896.0,1439642.0,1440275.0,1441007.0,1441698.0,1442301.0,1442901.0,1443541.0,1444110.0,1444679.0,1445206.0,1445841.0,1446449.0,1447068.0,1447600.0,1448201.0,1448748.0,1449195.0,1449791.0,1450385.0,1450839.0,1451291.0,1451838.0,1452283.0,1452929.0,1453620.0,1454167.0,1454700.0,1455206.0,1455838.0,1456300.0,1456797.0,1457247.0,1457948.0,1458260.0,1458806.0,1459244.0,1459803.0,1460329.0,1461023.0,1461547.0,1461994.0,1462381.0,1462954.0,1463450.0,1463916.0,1464534.0,1464939.0,1465744.0,1466205.0,1466443.0,1466800.0,1467431.0,1468026.0,1468785.0,1469229.0,1469805.0,1470297.0,1470713.0,1471266.0,1471786.0,1472312.0,1472801.0,1473408.0,1473943.0,1474358.0,1474861.0,1475421.0,1475934.0,1476382.0,1476784.0,1477139.0,1477604.0,1477950.0,1478345.0,1478631.0,1478984.0,1479443.0,1480018.0,1480397.0,1480774.0,1481264.0,1481627.0,1482036.0,1482487.0,1482818.0,1483173.0,1483611.0,1484029.0,1484302.0,1484778.0,1485156.0,1485486.0,1485791.0,,,,,,,,,1489088.0,1489502.0,1489903.0,1490455.0,1490950.0,1491595.0,1491934.0,1492480.0,1492952.0,1493406.0,1493736.0,1494269.0,1494725.0,1495238.0,1495639.0,1496202.0,1496499.0,1496873.0,1497299.0,1497823.0,1498143.0,1498513.0,1498943.0,1499295.0,1499691.0,1500026.0,1500443.0,1500854.0,1501196.0,1501629.0,1502028.0,1502381.0,1502748.0,1503016.0,1503340.0,1503764.0,1504161.0,1504487.0,1504708.0,1505162.0,1505501.0,1505930.0,1506325.0,1506622.0,1507040.0,1507512.0,1507941.0,1508352.0,1508788
uDNDIhXZoVs,3917.0,3920.0,3924.0,3929.0,3935.0,3941.0,3944.0,3945.0,3948.0,3954.0,3957.0,3961.0,3964.0,3972.0,3979.0,3980.0,3982.0,3989.0,3994.0,3998.0,4002.0,4005.0,4009.0,4012.0,4021.0,4028.0,4034.0,4038.0,4041.0,4044.0,4044.0,4048.0,4051.0,4056.0,4057.0,4061.0,4060.0,4070.0,4071.0,4077.0,4081.0,4084.0,4086.0,4087.0,4091.0,4096.0,4099.0,4101.0,4105.0,4110.0,4113.0,4115.0,4121.0,4126.0,4136.0,4139.0,4143.0,4146.0,4150.0,4154.0,4161.0,4166.0,4168.0,4172.0,4176.0,4176.0,4181.0,4182.0,4183.0,4187.0,4189.0,4193.0,4196.0,4202.0,4205.0,4218.0,4223.0,4228.0,4229.0,4232.0,4233.0,4240.0,4243.0,4243.0,4248.0,4253.0,4252.0,4254.0,4258.0,4260.0,4261.0,4263.0,4267.0,4271.0,4275.0,4280.0,4283.0,4286.0,4289.0,4289.0,4290.0,4292.0,4298.0,4299.0,4299.0,4301.0,4305.0,4314.0,4316.0,4319.0,4319.0,4320.0,4323.0,4323.0,4324.0,4324.0,4327.0,4329.0,4330.0,4330.0,4333.0,4334.0,4336.0,4341.0,4347.0,4349.0,4349.0,4351.0,4354.0,4358.0,4359.0,4361.0,4362.0,4362.0,,,,,,,,,4374.0,4375.0,4380.0,4382.0,4385.0,4389.0,4395.0,4397.0,4402.0,4405.0,4407.0,4413.0,4415.0,4421.0,4426.0,4429.0,4435.0,4437.0,4441.0,4443.0,4445.0,4447.0,4450.0,4452.0,4453.0,4454.0,4458.0,4458.0,4461.0,4463.0,4463.0,4465.0,4466.0,4470.0,4470.0,4471.0,4471.0,4473.0,4475.0,4477.0,4479.0,4481.0,4482.0,4487.0,4491.0,4491.0,4492.0,4494.0,4496
bgAsczH4-ps,124699.0,124855.0,124994.0,125103.0,125285.0,125439.0,125632.0,125805.0,125949.0,126087.0,126188.0,126295.0,126430.0,126589.0,126733.0,126864.0,126998.0,127162.0,127286.0,127483.0,127742.0,128001.0,128246.0,128445.0,128563.0,128704.0,128818.0,128960.0,129126.0,129238.0,129365.0,129471.0,129631.0,129775.0,129934.0,130058.0,130176.0,130293.0,130440.0,130569.0,130683.0,130812.0,130951.0,131049.0,131160.0,131273.0,131367.0,131468.0,131598.0,131732.0,131876.0,131996.0,132083.0,132231.0,132361.0,132504.0,132667.0,132765.0,132875.0,133003.0,133160.0,133292.0,133459.0,133620.0,133739.0,133871.0,133983.0,134104.0,134242.0,134461.0,134653.0,134829.0,134942.0,135051.0,135176.0,135275.0,135436.0,135542.0,135682.0,135819.0,135905.0,136013.0,136144.0,136278.0,136412.0,136550.0,136668.0,136757.0,136875.0,137001.0,137132.0,137267.0,137432.0,137540.0,137650.0,137770.0,137901.0,138014.0,138181.0,138307.0,138416.0,138525.0,138635.0,138783.0,138910.0,139031.0,139167.0,139292.0,139390.0,139515.0,139689.0,139857.0,140062.0,140233.0,140344.0,140468.0,140582.0,140733.0,140891.0,141081.0,141203.0,141315.0,141414.0,141545.0,141691.0,141861.0,142014.0,142131.0,142214.0,142290.0,142378.0,142502.0,142621.0,142730.0,,,,,,,,,143908.0,143981.0,144107.0,144241.0,144392.0,144539.0,144672.0,144798.0,144903.0,145030.0,145151.0,145304.0,145452.0,145588.0,145688.0,145769.0,145892.0,146005.0,146126.0,146267.0,146384.0,146490.0,146594.0,146674.0,146800.0,146845.0,147121.0,147244.0,147344.0,147440.0,147552.0,147672.0,147792.0,147917.0,148008.0,148091.0,148156.0,148253.0,148336.0,148441.0,148537.0,148628.0,148705.0,148765.0,148873.0,148940.0,149032.0,149116.0,149200
kXG-oD12g0U,1686769.0,1689443.0,1693159.0,1696000.0,1698544.0,1700372.0,1705994.0,1710504.0,1714690.0,1716615.0,1721055.0,1728123.0,1736131.0,1744156.0,1752419.0,1760194.0,1767326.0,1774211.0,1783745.0,1793658.0,1802373.0,1811419.0,1819345.0,1824929.0,1831268.0,1839262.0,1846775.0,1853217.0,1859807.0,1866593.0,1871579.0,1876639.0,1882764.0,1889483.0,1895349.0,1898247.0,1901269.0,1908872.0,1914687.0,1917865.0,1920605.0,1926854.0,1929823.0,1931956.0,1937900.0,1943069.0,1947947.0,1951774.0,1955102.0,1958269.0,1961845.0,1964162.0,1966673.0,1969559.0,1973137.0,1976943.0,1981189.0,1987152.0,1992361.0,1996629.0,2001175.0,2006564.0,2012133.0,2018479.0,2022111.0,2024940.0,2028456.0,2031428.0,2034134.0,2037603.0,2041445.0,2044238.0,2046575.0,2048743.0,2051920.0,2055507.0,2058469.0,2061119.0,2064788.0,2067673.0,2070511.0,2073757.0,2077519.0,2081858.0,2085759.0,2089629.0,2092529.0,2094706.0,2098029.0,2101068.0,2104455.0,2107802.0,2110950.0,2113696.0,2115971.0,2119324.0,2122658.0,2126485.0,2130754.0,2135119.0,2139046.0,2142207.0,2146177.0,2150582.0,2154968.0,2159144.0,2163263.0,2166525.0,2169801.0,2173681.0,2177299.0,2181493.0,2185045.0,2188374.0,2191278.0,2193930.0,2197272.0,2200739.0,2204091.0,2206957.0,2209621.0,2212057.0,2214009.0,2215547.0,2217397.0,2219453.0,2221315.0,2223511.0,2225450.0,2227041.0,2228979.0,2230993.0,2233002.0,2234729.0,,,,,,,,,2255640.0,2257767.0,2260522.0,2263349.0,2265717.0,2268270.0,2270650.0,2272793.0,2274605.0,2277289.0,2279988.0,2282657.0,2285460.0,2288247.0,2290498.0,2292458.0,2294905.0,2297744.0,2300706.0,2303725.0,2306773.0,2309403.0,2311863.0,2314638.0,2317561.0,2320446.0,2323432.0,2326304.0,2328717.0,2330909.0,2333753.0,2336991.0,2340538.0,2343787.0,2346942.0,2349402.0,2351621.0,2354363.0,2357246.0,2360266.0,2363014.0,2366092.0,2368737.0,2370735.0,2373311.0,2376043.0,2378615.0,2381004.0,2383387
x7LfHZ5ohb4,853.0,853.0,854.0,855.0,856.0,858.0,861.0,862.0,862.0,863.0,864.0,865.0,867.0,868.0,868.0,869.0,868.0,868.0,868.0,869.0,869.0,870.0,870.0,872.0,873.0,873.0,874.0,876.0,879.0,879.0,881.0,882.0,882.0,880.0,881.0,881.0,882.0,884.0,885.0,889.0,889.0,890.0,892.0,893.0,896.0,898.0,899.0,903.0,904.0,904.0,905.0,905.0,907.0,908.0,908.0,909.0,909.0,910.0,911.0,912.0,913.0,917.0,919.0,920.0,921.0,927.0,929.0,932.0,936.0,938.0,940.0,942.0,943.0,944.0,946.0,946.0,947.0,947.0,947.0,948.0,950.0,953.0,953.0,953.0,953.0,953.0,953.0,954.0,954.0,956.0,958.0,958.0,957.0,957.0,958.0,959.0,959.0,959.0,961.0,961.0,961.0,962.0,964.0,964.0,966.0,966.0,969.0,969.0,971.0,971.0,973.0,974.0,975.0,977.0,980.0,980.0,981.0,981.0,981.0,983.0,983.0,983.0,983.0,984.0,984.0,985.0,985.0,985.0,985.0,987.0,988.0,988.0,988.0,988.0,,,,,,,,,995.0,995.0,995.0,995.0,996.0,998.0,998.0,999.0,999.0,1001.0,1002.0,1002.0,1002.0,1003.0,1003.0,1005.0,1006.0,1008.0,1009.0,1009.0,1009.0,1009.0,1009.0,1010.0,1010.0,1010.0,1010.0,1011.0,1011.0,1012.0,1013.0,1014.0,1014.0,1015.0,1017.0,1017.0,1017.0,1017.0,1017.0,1018.0,1020.0,1020.0,1021.0,1022.0,1024.0,1024.0,1023.0,1023.0,1023
VeVMxJfMcLk,2166.0,2180.0,2193.0,2210.0,2222.0,2234.0,2243.0,2256.0,2266.0,2270.0,2278.0,2282.0,2288.0,2304.0,2314.0,2331.0,2339.0,2352.0,2356.0,2365.0,2379.0,2392.0,2412.0,2423.0,2431.0,2441.0,2446.0,2452.0,2455.0,2465.0,2469.0,2476.0,2483.0,2490.0,2495.0,2496.0,2499.0,2509.0,2513.0,2520.0,2522.0,2560.0,2613.0,2643.0,2629.0,2639.0,2634.0,2638.0,2645.0,2648.0,2653.0,2656.0,2661.0,2669.0,2675.0,2679.0,2685.0,2693.0,2698.0,2706.0,2710.0,2716.0,2728.0,2736.0,2741.0,2746.0,2753.0,2769.0,2786.0,2800.0,2840.0,2861.0,2874.0,2885.0,2894.0,2906.0,2919.0,2929.0,2938.0,2950.0,2955.0,2966.0,2972.0,2976.0,2987.0,2997.0,3006.0,3018.0,3027.0,3036.0,3039.0,3047.0,3055.0,3069.0,3077.0,3083.0,3091.0,3098.0,3107.0,3116.0,3130.0,3139.0,3144.0,3153.0,3158.0,3164.0,3174.0,3178.0,3183.0,3189.0,3191.0,3195.0,3199.0,3206.0,3210.0,3215.0,3222.0,3225.0,3228.0,3232.0,3232.0,3238.0,3242.0,3249.0,3264.0,3278.0,3291.0,3297.0,3308.0,3314.0,3325.0,3336.0,3348.0,3361.0,,,,,,,,,3492.0,3499.0,3513.0,3523.0,3527.0,3543.0,3555.0,3572.0,3581.0,3593.0,3605.0,3617.0,3631.0,3637.0,3648.0,3656.0,3669.0,3684.0,3702.0,3714.0,3719.0,3725.0,3737.0,3746.0,3752.0,3758.0,3767.0,3774.0,3785.0,3793.0,3803.0,3809.0,3816.0,3833.0,3837.0,3846.0,3854.0,3865.0,3869.0,3878.0,3886.0,3903.0,3910.0,3921.0,3931.0,3939.0,3948.0,3953.0,3962
4YHDorf7Wss,386851.0,391488.0,396494.0,401399.0,407384.0,413467.0,419374.0,425574.0,432206.0,438820.0,444958.0,450844.0,457368.0,463706.0,470490.0,477369.0,482838.0,487818.0,493051.0,497936.0,502549.0,507013.0,511497.0,515131.0,518471.0,521938.0,525646.0,529097.0,532565.0,535710.0,538716.0,541450.0,544545.0,547698.0,550668.0,553575.0,556495.0,559193.0,561992.0,564648.0,567113.0,569700.0,572050.0,574591.0,576904.0,579115.0,581572.0,584116.0,586430.0,588774.0,591076.0,593317.0,595145.0,597382.0,599877.0,602222.0,604470.0,606504.0,608389.0,610451.0,612484.0,614590.0,616866.0,618901.0,620790.0,622546.0,624297.0,626120.0,627439.0,629820.0,631685.0,633673.0,635737.0,637386.0,639340.0,641192.0,642989.0,644971.0,646923.0,648762.0,650508.0,652545.0,654682.0,656806.0,658967.0,661168.0,663250.0,665031.0,666900.0,668885.0,670787.0,672659.0,674526.0,676203.0,677680.0,679261.0,681004.0,682713.0,684349.0,686022.0,687688.0,689102.0,690757.0,692311.0,693970.0,695467.0,697360.0,698922.0,700418.0,702065.0,703805.0,705591.0,707273.0,708866.0,710370.0,711728.0,713045.0,714776.0,716456.0,718082.0,719663.0,721227.0,722811.0,724328.0,725695.0,727111.0,728613.0,730298.0,731624.0,732877.0,734323.0,735910.0,737424.0,738802.0,,,,,,,,,751362.0,752796.0,754122.0,755483.0,756840.0,758038.0,759126.0,760481.0,761662.0,762976.0,764212.0,765694.0,767197.0,768611.0,769836.0,771043.0,772499.0,773954.0,775413.0,776833.0,778117.0,779432.0,780646.0,781924.0,783197.0,784714.0,786224.0,787580.0,788880.0,790076.0,791575.0,792946.0,794341.0,795672.0,796895.0,798015.0,799106.0,800230.0,801529.0,802645.0,804036.0,805505.0,806939.0,808204.0,809558.0,810952.0,812158.0,813624.0,815058
0x3gZRV_w3Q,804129.0,807690.0,810785.0,814954.0,818818.0,822591.0,826231.0,833358.0,839928.0,845660.0,850274.0,856381.0,863745.0,867539.0,872569.0,879081.0,884275.0,887826.0,893280.0,898829.0,903817.0,909202.0,915123.0,919295.0,922664.0,928083.0,934331.0,941360.0,948383.0,955519.0,960051.0,963744.0,970033.0,975881.0,980800.0,986119.0,991708.0,995351.0,998488.0,1003513.0,1007456.0,1011471.0,1015507.0,1019195.0,1021702.0,1023942.0,1027793.0,1030736.0,1033789.0,1037694.0,1041567.0,1043493.0,1045553.0,1048591.0,1051870.0,1054323.0,1056553.0,1059053.0,1061070.0,1062370.0,1064981.0,1069728.0,1074558.0,1076575.0,1078318.0,1079652.0,1081237.0,1084116.0,1086901.0,1089774.0,1092826.0,1096143.0,1099249.0,1101645.0,1104268.0,1106793.0,1110126.0,1113344.0,1115780.0,1119039.0,1121455.0,1125012.0,1127944.0,1131266.0,1134486.0,1138400.0,1141693.0,1144699.0,1148658.0,1152706.0,1156178.0,1159371.0,1163169.0,1167041.0,1169788.0,1173429.0,1177368.0,1181181.0,1184318.0,1187255.0,1189699.0,1191815.0,1195208.0,1197822.0,1200131.0,1202167.0,1204388.0,1206239.0,1207810.0,1210868.0,1214023.0,1217522.0,1221055.0,1223816.0,1226044.0,1227986.0,1231371.0,1234711.0,1237959.0,1240596.0,1242523.0,1244669.0,1246495.0,1248090.0,1250093.0,1252704.0,1255292.0,1258828.0,1261776.0,1264307.0,1267790.0,1271731.0,1275624.0,1278760.0,,,,,,,,,1305089.0,1307071.0,1310195.0,1313327.0,1315972.0,1318981.0,1321946.0,1324418.0,1327120.0,1330439.0,1333975.0,1337154.0,1340574.0,1344003.0,1346607.0,1349294.0,1352599.0,1356616.0,1360131.0,1364137.0,1367874.0,1370482.0,1372980.0,1377311.0,1382097.0,1386735.0,1391721.0,1397544.0,1401283.0,1404304.0,1409277.0,1414993.0,1420704.0,1425410.0,1429949.0,1433492.0,1436051.0,1439860.0,1444149.0,1448236.0,1452533.0,1457194.0,1461455.0,1464338.0,1469246.0,1474591.0,1480153.0,1485920.0,1491375
yBBJS-R0wcI,2386097.0,2388094.0,2390394.0,2392676.0,2394784.0,2397207.0,2399502.0,2402195.0,2404682.0,2407236.0,2409775.0,2411950.0,2414459.0,2416930.0,2419615.0,2422112.0,2424725.0,2427188.0,2429336.0,2431476.0,2434034.0,2436630.0,2439395.0,2442255.0,2444758.0,2446784.0,2448672.0,2450524.0,2452387.0,2454294.0,2456394.0,2458302.0,2460267.0,2462208.0,2464240.0,2466168.0,2468368.0,2470256.0,2471926.0,2473431.0,2475111.0,2476663.0,2478281.0,2480017.0,2481764.0,2483423.0,2484983.0,2486532.0,2488099.0,2489476.0,2490798.0,2492322.0,2493791.0,2495270.0,2496995.0,2498737.0,2500554.0,2502400.0,2504892.0,2507257.0,2509155.0,2511151.0,2512907.0,2514606.0,2516324.0,2517835.0,2519219.0,2520617.0,2521841.0,2523484.0,2525019.0,2526690.0,2528009.0,2529254.0,2530282.0,2531430.0,2532741.0,2534067.0,2535658.0,2537010.0,2538427.0,2539763.0,2541008.0,2542368.0,2543646.0,2545036.0,2546250.0,2547355.0,2548346.0,2549364.0,2550429.0,2551462.0,2552439.0,2553579.0,2554802.0,2555875.0,2556929.0,2557853.0,2558928.0,2559987.0,2561261.0,2562529.0,2563701.0,2564941.0,2566251.0,2567516.0,2568783.0,2570152.0,2571469.0,2572696.0,2573975.0,2575225.0,2576288.0,2577178.0,2578084.0,2578861.0,2579655.0,2580386.0,2581161.0,2581918.0,2582721.0,2583517.0,2584384.0,2585325.0,2586375.0,2587551.0,2588643.0,2589752.0,2590805.0,2591927.0,2592843.0,2593776.0,2594728.0,2595750.0,,,,,,,,,2604180.0,2605143.0,2605903.0,2606732.0,2607561.0,2608445.0,2609153.0,2609883.0,2610682.0,2611401.0,2612090.0,2612782.0,2613560.0,2614393.0,2615224.0,2616034.0,2616847.0,2617609.0,2618278.0,2618974.0,2619601.0,2620235.0,2621049.0,2621679.0,2622320.0,2623029.0,2623739.0,2624418.0,2625138.0,2625864.0,2626439.0,2627051.0,2627614.0,2628119.0,2628635.0,2629180.0,2629769.0,2630253.0,2630824.0,2631356.0,2631898.0,2632402.0,2632928.0,2633487.0,2634033.0,2634479.0,2635028.0,2635560.0,2636091
YWH_Hv16d-o,10235.0,10295.0,10373.0,10435.0,10521.0,10585.0,10655.0,10713.0,10787.0,10839.0,10885.0,10966.0,11021.0,11085.0,11142.0,11184.0,11240.0,11290.0,11352.0,11399.0,11449.0,11522.0,11616.0,11668.0,11704.0,11753.0,11795.0,11846.0,11881.0,11934.0,11981.0,12024.0,12064.0,12114.0,12157.0,12198.0,12240.0,12297.0,12332.0,12418.0,12464.0,12519.0,12592.0,12667.0,12708.0,12749.0,12806.0,12856.0,12906.0,12965.0,13037.0,13072.0,13112.0,13142.0,13192.0,13227.0,13274.0,13327.0,13381.0,13428.0,13504.0,13561.0,13614.0,13654.0,13702.0,13734.0,13769.0,13804.0,13850.0,13903.0,13949.0,13976.0,14017.0,14053.0,14103.0,14139.0,14172.0,14203.0,14257.0,14293.0,14351.0,14408.0,14492.0,14549.0,14604.0,14673.0,14736.0,14778.0,14837.0,14896.0,14952.0,14998.0,15061.0,15112.0,15149.0,15178.0,15245.0,15294.0,15332.0,15393.0,15419.0,15470.0,15530.0,15592.0,15638.0,15677.0,15721.0,15748.0,15800.0,15856.0,15901.0,15943.0,16002.0,16080.0,16120.0,16174.0,16222.0,16268.0,16309.0,16362.0,16397.0,16421.0,16452.0,16477.0,16514.0,16543.0,16577.0,16629.0,16660.0,16706.0,16740.0,16794.0,16826.0,16849.0,,,,,,,,,17230.0,17270.0,17309.0,17353.0,17397.0,17454.0,17491.0,17523.0,17564.0,17614.0,17658.0,17706.0,17753.0,17792.0,17854.0,17892.0,17943.0,17984.0,18017.0,18068.0,18114.0,18157.0,18198.0,18228.0,18274.0,18307.0,18339.0,18391.0,18430.0,18468.0,18508.0,18553.0,18589.0,18631.0,18655.0,18682.0,18724.0,18772.0,18800.0,18832.0,18883.0,18928.0,18973.0,19007.0,19035.0,19074.0,19119.0,19155.0,19197
ZXAcTToLy_Y,5303264.0,5328897.0,5356376.0,5382204.0,5408320.0,5435822.0,5460444.0,5485049.0,5518981.0,5552139.0,5579920.0,5607109.0,5635833.0,5661410.0,5686616.0,5709570.0,5730286.0,5748451.0,5766571.0,5785136.0,5805059.0,5824923.0,5843394.0,5859256.0,5874345.0,5890518.0,5909117.0,5926775.0,5945172.0,5963290.0,5980137.0,5995417.0,6010750.0,6027318.0,6042909.0,6058116.0,6073323.0,6087079.0,6099512.0,6112281.0,6126223.0,6139952.0,6153313.0,6167302.0,6179748.0,6191185.0,6202410.0,6214939.0,6226871.0,6238246.0,6248795.0,6259321.0,6268774.0,6278728.0,6290704.0,6301625.0,6312783.0,6324277.0,6335446.0,6346335.0,6356745.0,6368309.0,6379868.0,6391121.0,6402090.0,6412446.0,6422299.0,6432062.0,6441653.0,6453639.0,6464917.0,6475648.0,6485346.0,6494791.0,6504144.0,6514745.0,6524885.0,6534337.0,6544000.0,6553080.0,6561807.0,6570690.0,6580538.0,6590118.0,6599792.0,6610111.0,6619347.0,6628230.0,6636757.0,6645945.0,6656053.0,6666322.0,6675774.0,6684495.0,6692703.0,6701052.0,6710821.0,6720139.0,6729599.0,6739483.0,6748267.0,6756056.0,6763462.0,6771855.0,6779684.0,6787495.0,6795160.0,6802462.0,6809666.0,6817276.0,6825284.0,6833174.0,6840863.0,6848224.0,6855024.0,6861636.0,6868860.0,6876574.0,6884076.0,6890992.0,6897841.0,6904050.0,6909815.0,6916151.0,6923422.0,6930353.0,6937521.0,6944866.0,6951816.0,6958295.0,6965010.0,6972518.0,6979269.0,6986069.0,,,,,,,,,7077215.0,7085635.0,7094123.0,7103024.0,7111556.0,7120181.0,7127914.0,7134771.0,7141451.0,7148275.0,7156052.0,7163243.0,7170758.0,7177920.0,7184438.0,7190661.0,7196928.0,7204042.0,7211045.0,7217666.0,7224182.0,7230086.0,7235533.0,7241562.0,7248120.0,7254215.0,7260459.0,7266557.0,7272198.0,7278015.0,7283750.0,7290139.0,7296151.0,7302236.0,7307728.0,7313825.0,7319582.0,7325560.0,7332011.0,7338269.0,7344539.0,7350383.0,7355769.0,7360896.0,7366384.0,7372343.0,7378182.0,7383982.0,7390052
FvSvoZatrtw,5066.0,5105.0,5143.0,5185.0,5224.0,5269.0,5302.0,5341.0,5378.0,5418.0,5453.0,5480.0,5512.0,5543.0,5580.0,5604.0,5643.0,5670.0,5701.0,5721.0,5749.0,5798.0,5826.0,5857.0,5871.0,5900.0,5930.0,5950.0,5984.0,6019.0,6049.0,6072.0,6088.0,6111.0,6128.0,6152.0,6187.0,6219.0,6248.0,6275.0,6316.0,6359.0,6392.0,6434.0,6463.0,6491.0,6521.0,6549.0,6578.0,6606.0,6638.0,6677.0,6708.0,6733.0,6769.0,6788.0,6810.0,6844.0,6870.0,6887.0,6917.0,6958.0,7001.0,7045.0,7087.0,7116.0,7138.0,7165.0,7184.0,7214.0,7233.0,7254.0,7282.0,7312.0,7334.0,7365.0,7395.0,7426.0,7450.0,7484.0,7508.0,7544.0,7564.0,7594.0,7629.0,7661.0,7682.0,7698.0,7728.0,7759.0,7776.0,7811.0,7842.0,7872.0,7908.0,7931.0,7969.0,8009.0,8044.0,8081.0,8107.0,8125.0,8156.0,8178.0,8215.0,8249.0,8274.0,8299.0,8326.0,8355.0,8387.0,8434.0,8454.0,8480.0,8497.0,8514.0,8534.0,8567.0,8589.0,8610.0,8633.0,8651.0,8670.0,8688.0,8717.0,8731.0,8750.0,8772.0,8793.0,8808.0,8833.0,8853.0,8877.0,8910.0,,,,,,,,,9134.0,9150.0,9179.0,9211.0,9234.0,9255.0,9270.0,9278.0,9301.0,9328.0,9340.0,9360.0,9384.0,9396.0,9414.0,9427.0,9445.0,9457.0,9469.0,9477.0,9496.0,9506.0,9516.0,9520.0,9530.0,9544.0,9550.0,9564.0,9576.0,9587.0,9592.0,9607.0,9619.0,9636.0,9647.0,9659.0,9667.0,9733.0,9729.0,9745.0,9756.0,9743.0,9756.0,9762.0,9776.0,9793.0,9806.0,9821.0,9836
srD07LVWxBw,1617.0,1622.0,1624.0,1625.0,1626.0,1636.0,1641.0,1650.0,1654.0,1660.0,1664.0,1669.0,1673.0,1688.0,1692.0,1698.0,1705.0,1712.0,1717.0,1721.0,1725.0,1726.0,1733.0,1738.0,1739.0,1747.0,1754.0,1757.0,1763.0,1767.0,1771.0,1772.0,1779.0,1780.0,1780.0,1782.0,1787.0,1790.0,1792.0,1794.0,1797.0,1801.0,1806.0,1811.0,1818.0,1822.0,1825.0,1828.0,1830.0,1834.0,1840.0,1841.0,1844.0,1845.0,1847.0,1852.0,1856.0,1859.0,1871.0,1871.0,1876.0,1878.0,1880.0,1883.0,1884.0,1887.0,1890.0,1894.0,1898.0,1899.0,1905.0,1905.0,1906.0,1909.0,1915.0,1918.0,1925.0,1934.0,1944.0,1947.0,1966.0,1993.0,1997.0,2001.0,2003.0,2007.0,2017.0,2019.0,2024.0,2027.0,2031.0,2040.0,2053.0,2059.0,2061.0,2063.0,2066.0,2069.0,2072.0,2073.0,2073.0,2078.0,2082.0,2088.0,2094.0,2099.0,2106.0,2113.0,2115.0,2119.0,2124.0,2126.0,2132.0,2132.0,2136.0,2143.0,2151.0,2152.0,2154.0,2158.0,2163.0,2164.0,2166.0,2169.0,2174.0,2181.0,2184.0,2188.0,2195.0,2197.0,2200.0,2205.0,2206.0,2209.0,,,,,,,,,2258.0,2264.0,2272.0,2281.0,2290.0,2292.0,2295.0,2296.0,2300.0,2306.0,2313.0,2316.0,2319.0,2323.0,2326.0,2330.0,2332.0,2332.0,2334.0,2337.0,2341.0,2343.0,2348.0,2352.0,2355.0,2357.0,2361.0,2363.0,2364.0,2365.0,2366.0,2368.0,2370.0,2370.0,2374.0,2379.0,2381.0,2386.0,2391.0,2396.0,2398.0,2403.0,2413.0,2415.0,2420.0,2423.0,2425.0,2427.0,2430
LfoIQZf9Hqs,6021711.0,6039136.0,6056534.0,6073341.0,6091642.0,6110712.0,6128782.0,6146293.0,6166018.0,6185401.0,6203364.0,6221818.0,6241727.0,6262481.0,6283367.0,6303390.0,6321818.0,6339062.0,6357779.0,6377214.0,6395839.0,6414193.0,6435227.0,6456345.0,6473347.0,6490484.0,6507519.0,6524445.0,6542120.0,6559695.0,6574752.0,6588254.0,6603381.0,6619278.0,6637325.0,6653183.0,6669556.0,6684923.0,6699327.0,6715540.0,6732334.0,6747755.0,6761888.0,6777343.0,6792886.0,6806894.0,6821387.0,6837007.0,6852182.0,6866240.0,6879942.0,6893927.0,6906792.0,6920731.0,6934438.0,6948907.0,6963488.0,6977547.0,6990912.0,7004271.0,7017833.0,7032000.0,7045761.0,7059230.0,7071727.0,7082888.0,7093601.0,7105819.0,7115270.0,7129243.0,7142525.0,7155089.0,7166136.0,7177456.0,7189433.0,7202229.0,7214903.0,7227548.0,7241276.0,7253794.0,7265111.0,7277397.0,7290527.0,7303830.0,7316747.0,7330616.0,7343150.0,7354564.0,7367513.0,7380850.0,7393709.0,7405992.0,7419359.0,7431565.0,7442934.0,7455260.0,7469191.0,7482599.0,7495287.0,7508825.0,7523804.0,7535837.0,7548536.0,7561148.0,7573724.0,7586465.0,7598762.0,7610307.0,7621125.0,7633175.0,7644982.0,7657291.0,7669121.0,7681237.0,7692466.0,7702880.0,7714635.0,7727066.0,7739623.0,7750745.0,7761924.0,7772632.0,7782913.0,7794735.0,7806695.0,7817856.0,7829059.0,7841024.0,7852637.0,7863102.0,7874126.0,7886809.0,7899272.0,7911152.0,,,,,,,,,8015838.0,8026573.0,8037193.0,8047849.0,8058061.0,8068653.0,8079004.0,8088464.0,8098212.0,8108238.0,8118381.0,8128338.0,8139565.0,8150409.0,8160922.0,8170219.0,8180148.0,8190522.0,8201453.0,8212000.0,8222408.0,8232124.0,8241180.0,8251525.0,8262237.0,8273425.0,8284396.0,8295030.0,8305025.0,8314550.0,8325328.0,8336559.0,8347423.0,8357411.0,8367526.0,8376999.0,8386046.0,8395634.0,8405256.0,8415305.0,8424845.0,8435451.0,8445295.0,8454505.0,8464695.0,8475028.0,8484663.0,8495180.0,8505233
a33CCHb86co,65560.0,66053.0,66468.0,66911.0,67287.0,67691.0,68089.0,68530.0,68901.0,69234.0,69555.0,69874.0,70196.0,70527.0,70865.0,71172.0,71474.0,71739.0,72002.0,72324.0,72618.0,72918.0,73228.0,73540.0,73799.0,74107.0,74432.0,74746.0,75030.0,75364.0,75623.0,75849.0,76123.0,76372.0,76607.0,76908.0,77167.0,77426.0,77663.0,77899.0,78213.0,78472.0,78764.0,79157.0,79552.0,79878.0,80105.0,80390.0,80598.0,80832.0,81035.0,81261.0,81464.0,81705.0,81965.0,82232.0,82450.0,82723.0,82932.0,83179.0,83366.0,83576.0,83812.0,84012.0,84200.0,84392.0,84564.0,84800.0,84973.0,85197.0,85449.0,85688.0,85880.0,86065.0,86287.0,86521.0,86778.0,86973.0,87193.0,87398.0,87558.0,87736.0,87942.0,88136.0,88331.0,88523.0,88709.0,88865.0,89073.0,89305.0,89506.0,89682.0,89881.0,90037.0,90202.0,90355.0,90636.0,90858.0,91087.0,91281.0,91465.0,91609.0,91792.0,91983.0,92130.0,92359.0,92560.0,92797.0,92972.0,93176.0,93352.0,93532.0,93803.0,94038.0,94221.0,94365.0,94530.0,94691.0,94890.0,95066.0,95254.0,95392.0,95555.0,95704.0,95887.0,96073.0,96256.0,96414.0,96535.0,96667.0,96798.0,96979.0,97133.0,97324.0,,,,,,,,,98686.0,98820.0,98988.0,99126.0,99303.0,99475.0,99656.0,99766.0,99909.0,100072.0,100253.0,100455.0,100677.0,100851.0,100990.0,101146.0,101346.0,101525.0,101723.0,101878.0,101994.0,102152.0,102293.0,102470.0,102662.0,102850.0,103006.0,103168.0,103295.0,103407.0,103552.0,103743.0,103912.0,104089.0,104250.0,104395.0,104575.0,104712.0,104865.0,105039.0,105177.0,105339.0,105457.0,105627.0,105782.0,106089.0,106355.0,106539.0,106698
rbeLnRZAiI4,38870.0,39239.0,39624.0,39997.0,40326.0,40682.0,40975.0,41426.0,41840.0,42329.0,42829.0,43216.0,43620.0,43989.0,44372.0,44838.0,45291.0,45609.0,45850.0,46148.0,46489.0,46879.0,47292.0,47645.0,48036.0,48458.0,48885.0,49344.0,49873.0,50366.0,50798.0,51304.0,51772.0,52354.0,53026.0,53714.0,54370.0,55000.0,55497.0,55978.0,56580.0,57165.0,57737.0,58317.0,58897.0,59553.0,60211.0,60867.0,61585.0,62387.0,63075.0,63775.0,64321.0,64916.0,65645.0,66303.0,66956.0,67629.0,68349.0,68969.0,69592.0,70341.0,71083.0,71832.0,72698.0,73433.0,74159.0,74780.0,75292.0,76026.0,76713.0,77389.0,78169.0,78872.0,79511.0,80159.0,80809.0,81338.0,82150.0,82965.0,83616.0,84167.0,84830.0,85342.0,85890.0,86506.0,87158.0,87708.0,88379.0,88772.0,89560.0,90055.0,90643.0,91314.0,91913.0,92526.0,93097.0,93616.0,94274.0,94946.0,95718.0,96463.0,97295.0,97993.0,98692.0,99389.0,100018.0,100692.0,101202.0,101695.0,102213.0,102753.0,103211.0,103740.0,104241.0,104681.0,105151.0,105668.0,106241.0,106757.0,107278.0,107824.0,108347.0,108838.0,109328.0,109817.0,110330.0,110916.0,111314.0,111769.0,112167.0,112628.0,113112.0,113502.0,,,,,,,,,117664.0,118179.0,118691.0,119270.0,119747.0,120204.0,120754.0,121193.0,121645.0,122102.0,122609.0,123111.0,123663.0,124092.0,124639.0,125174.0,125675.0,126241.0,126858.0,127495.0,128038.0,128673.0,129321.0,129945.0,130602.0,131286.0,131910.0,132514.0,133043.0,133606.0,134123.0,134634.0,135237.0,135712.0,136205.0,136749.0,137241.0,137721.0,138287.0,138989.0,139721.0,140407.0,141070.0,141659.0,142289.0,142940.0,143531.0,144127.0,144889
DCKT1OSGegc,8624.0,8653.0,8698.0,8745.0,8781.0,8815.0,8857.0,8931.0,8988.0,9023.0,9062.0,9086.0,9133.0,9180.0,9218.0,9255.0,9295.0,9331.0,9356.0,9375.0,9408.0,9444.0,9485.0,9525.0,9565.0,9605.0,9636.0,9668.0,9703.0,9733.0,9757.0,9788.0,9826.0,9878.0,9953.0,10005.0,10054.0,10091.0,10118.0,10157.0,10204.0,10249.0,10290.0,10336.0,10370.0,10415.0,10456.0,10497.0,10525.0,10575.0,10616.0,10680.0,10720.0,10761.0,10794.0,10834.0,10885.0,10950.0,11005.0,11063.0,11117.0,11172.0,11217.0,11271.0,11330.0,11384.0,11422.0,11483.0,11513.0,11570.0,11592.0,11616.0,11648.0,11671.0,11715.0,11749.0,11779.0,11807.0,11833.0,11869.0,11899.0,11926.0,11953.0,11976.0,12015.0,12043.0,12074.0,12100.0,12131.0,12169.0,12204.0,12236.0,12268.0,12300.0,12319.0,12340.0,12368.0,12391.0,12425.0,12450.0,12487.0,12519.0,12549.0,12578.0,12612.0,12628.0,12666.0,12693.0,12716.0,12735.0,12769.0,12793.0,12823.0,12841.0,12873.0,12901.0,12944.0,12982.0,13010.0,13028.0,13046.0,13069.0,13089.0,13114.0,13162.0,13203.0,13226.0,13263.0,13299.0,13354.0,13379.0,13408.0,13451.0,13486.0,,,,,,,,,13792.0,13836.0,13887.0,13921.0,13969.0,14015.0,14081.0,14148.0,14235.0,14286.0,14328.0,14356.0,14393.0,14429.0,14458.0,14480.0,14503.0,14529.0,14557.0,14596.0,14622.0,14649.0,14674.0,14706.0,14723.0,14766.0,14781.0,14803.0,14834.0,14871.0,14898.0,14931.0,14959.0,14973.0,14995.0,15017.0,15039.0,15063.0,15091.0,15137.0,15169.0,15204.0,15231.0,15264.0,15285.0,15312.0,15348.0,15373.0,15400
l0FN57qRc3I,65310.0,65890.0,66508.0,67264.0,67841.0,68446.0,69040.0,69898.0,70544.0,71245.0,72016.0,72651.0,73288.0,74028.0,74626.0,75260.0,76009.0,76589.0,77063.0,77649.0,78262.0,78878.0,79522.0,80227.0,80833.0,81410.0,82036.0,82613.0,83298.0,83871.0,84431.0,85011.0,85657.0,86388.0,87249.0,88233.0,89177.0,90003.0,90633.0,91313.0,92099.0,92912.0,93652.0,94284.0,94974.0,95816.0,96763.0,97672.0,98442.0,99224.0,99991.0,100768.0,101406.0,101992.0,102720.0,103459.0,104200.0,104865.0,105597.0,106297.0,107107.0,107919.0,108767.0,109593.0,110377.0,111214.0,111959.0,112628.0,113185.0,113888.0,114611.0,115347.0,116033.0,116666.0,117239.0,117868.0,118449.0,118949.0,119540.0,120118.0,120677.0,121194.0,121706.0,122131.0,122530.0,123050.0,123592.0,124034.0,124647.0,124982.0,125599.0,125977.0,126493.0,126950.0,127410.0,128002.0,128419.0,128908.0,129422.0,129959.0,130466.0,131095.0,131821.0,132473.0,133099.0,133624.0,134122.0,134712.0,135197.0,135674.0,136132.0,136642.0,137099.0,137634.0,138230.0,138726.0,139186.0,139620.0,140053.0,140522.0,140963.0,141495.0,142018.0,142426.0,142869.0,143301.0,143682.0,144129.0,144574.0,145099.0,145550.0,146040.0,146589.0,147062.0,,,,,,,,,151659.0,152252.0,152694.0,153182.0,153567.0,154017.0,154503.0,154907.0,155372.0,155843.0,156355.0,156937.0,157437.0,157888.0,158417.0,158927.0,159494.0,160059.0,160640.0,161221.0,161795.0,162271.0,162879.0,163316.0,163823.0,164460.0,165051.0,165578.0,166017.0,166438.0,166904.0,167307.0,167739.0,168096.0,168549.0,168941.0,169332.0,169697.0,170118.0,170772.0,171353.0,172096.0,172812.0,173334.0,173814.0,174325.0,174810.0,175304.0,176262
IozC1HHvkRk,3855.0,3856.0,3856.0,3857.0,3860.0,3861.0,3861.0,3862.0,3863.0,3862.0,3863.0,3865.0,3865.0,3866.0,3866.0,3866.0,3868.0,3870.0,3873.0,3878.0,3880.0,3882.0,3884.0,3887.0,3889.0,3892.0,3892.0,3893.0,3893.0,3893.0,3894.0,3894.0,3895.0,3896.0,3897.0,3897.0,3899.0,3901.0,3901.0,3903.0,3906.0,3906.0,3907.0,3907.0,3909.0,3909.0,3909.0,3911.0,3911.0,3912.0,3912.0,3915.0,3916.0,3917.0,3918.0,3919.0,3920.0,3920.0,3921.0,3925.0,3924.0,3924.0,3925.0,3925.0,3925.0,3925.0,3926.0,3927.0,3927.0,3929.0,3929.0,3929.0,3930.0,3930.0,3930.0,3931.0,3931.0,3931.0,3933.0,3935.0,3935.0,3936.0,3936.0,3936.0,3939.0,3940.0,3940.0,3941.0,3941.0,3943.0,3943.0,3947.0,3947.0,3950.0,3950.0,3950.0,3953.0,3955.0,3955.0,3955.0,3956.0,3956.0,3958.0,3958.0,3960.0,3960.0,3960.0,3961.0,3963.0,3965.0,3966.0,3968.0,3968.0,3968.0,3968.0,3969.0,3970.0,3970.0,3970.0,3970.0,3970.0,3970.0,3971.0,3972.0,3972.0,3972.0,3973.0,3973.0,3974.0,3974.0,3975.0,3975.0,3977.0,3978.0,,,,,,,,,3980.0,3980.0,3980.0,3980.0,3980.0,3980.0,3980.0,3984.0,3985.0,3985.0,3985.0,3986.0,3987.0,3988.0,3988.0,3990.0,3990.0,3991.0,3991.0,3991.0,3991.0,3992.0,3993.0,3993.0,3993.0,3993.0,3993.0,3993.0,3993.0,3993.0,3993.0,3993.0,3993.0,3993.0,3994.0,3995.0,3995.0,3997.0,3997.0,3997.0,3998.0,3997.0,3998.0,3998.0,3998.0,3998.0,3999.0,3999.0,4000
7f-huvfmPWo,4876.0,4907.0,4946.0,4978.0,5033.0,5085.0,5138.0,5194.0,5249.0,5280.0,5310.0,5348.0,5383.0,5414.0,5445.0,5482.0,5518.0,5546.0,5596.0,5633.0,5678.0,5718.0,5750.0,5778.0,5814.0,5837.0,5866.0,5891.0,5909.0,5947.0,5976.0,6005.0,6024.0,6043.0,6062.0,6087.0,6099.0,6116.0,6136.0,6158.0,6175.0,6188.0,6203.0,6220.0,6235.0,6256.0,6271.0,6282.0,6294.0,6304.0,6319.0,6328.0,6336.0,6344.0,6351.0,6363.0,6379.0,6395.0,6410.0,6422.0,6426.0,6438.0,6455.0,6470.0,6484.0,6492.0,6506.0,6509.0,6517.0,6530.0,6540.0,6552.0,6563.0,6577.0,6592.0,6607.0,6617.0,6634.0,6656.0,6669.0,6678.0,6689.0,6701.0,6714.0,6729.0,6748.0,6769.0,6783.0,6796.0,6811.0,6824.0,6836.0,6854.0,6869.0,6880.0,6889.0,6904.0,6939.0,6963.0,6995.0,7014.0,7031.0,7060.0,7077.0,7102.0,7130.0,7156.0,7169.0,7178.0,7194.0,7212.0,7235.0,7258.0,7274.0,7291.0,7304.0,7331.0,7349.0,7366.0,7380.0,7397.0,7412.0,7423.0,7429.0,7437.0,7445.0,7461.0,7480.0,7484.0,7490.0,7497.0,7506.0,7520.0,7525.0,,,,,,,,,7618.0,7630.0,7649.0,7657.0,7672.0,7690.0,7711.0,7723.0,7741.0,7757.0,7773.0,7789.0,7789.0,7789.0,7789.0,7789.0,7789.0,7789.0,7789.0,7789.0,7789.0,7789.0,7789.0,7789.0,7789.0,7789.0,7789.0,7789.0,7789.0,7789.0,7789.0,7789.0,7789.0,7789.0,7789.0,7789.0,7789.0,7789.0,7789.0,7789.0,7789.0,7789.0,7789.0,7789.0,7789.0,7789.0,7789.0,7789.0,7789
1AhQGtlTqiE,299694.0,300006.0,300345.0,300680.0,300984.0,301379.0,301925.0,302682.0,303397.0,304098.0,304717.0,305310.0,305933.0,306567.0,307387.0,308157.0,308803.0,309502.0,310107.0,310819.0,311424.0,311927.0,312436.0,313158.0,313752.0,314268.0,314794.0,315286.0,315878.0,316310.0,316743.0,317193.0,317555.0,318096.0,318613.0,319116.0,319627.0,320006.0,320366.0,320712.0,321143.0,321481.0,321830.0,322110.0,322417.0,322728.0,322977.0,323784.0,324555.0,325051.0,325490.0,325828.0,326131.0,326489.0,326882.0,327163.0,327496.0,327805.0,328141.0,328435.0,328727.0,328997.0,329275.0,329591.0,329882.0,330197.0,330435.0,330726.0,330950.0,331274.0,331574.0,331827.0,332101.0,332347.0,332615.0,332961.0,333277.0,333565.0,333819.0,334072.0,334308.0,334580.0,334818.0,335120.0,335367.0,335690.0,336024.0,336268.0,336590.0,336864.0,337117.0,337454.0,337766.0,338027.0,338253.0,338508.0,338751.0,339020.0,339266.0,339515.0,339708.0,339944.0,340230.0,340483.0,340729.0,340968.0,341228.0,341478.0,341694.0,341919.0,342176.0,342463.0,342768.0,343134.0,343381.0,343644.0,343879.0,344127.0,344404.0,344677.0,344951.0,345154.0,345374.0,345623.0,345808.0,346034.0,346354.0,346656.0,346905.0,347110.0,347372.0,347576.0,347870.0,348109.0,,,,,,,,,350550.0,350805.0,351066.0,351397.0,351695.0,351979.0,352269.0,352580.0,352861.0,353158.0,353386.0,353670.0,353942.0,354231.0,354445.0,354630.0,354869.0,355069.0,355278.0,355517.0,355711.0,355916.0,356116.0,356302.0,356479.0,356652.0,356868.0,357086.0,357321.0,357521.0,357709.0,357916.0,358154.0,358339.0,358536.0,358761.0,358930.0,359140.0,359347.0,359575.0,359791.0,360074.0,360271.0,360453.0,360654.0,360831.0,360999.0,361169.0,361382
AwBog8QqYyw,258867.0,259402.0,259933.0,260439.0,261082.0,261576.0,262073.0,262597.0,263200.0,263689.0,264160.0,264671.0,265092.0,265651.0,266280.0,267005.0,267530.0,267982.0,268610.0,269156.0,269806.0,270370.0,271035.0,271666.0,272188.0,272943.0,273621.0,274267.0,274955.0,275717.0,276306.0,277046.0,277678.0,278337.0,278976.0,279602.0,280260.0,280670.0,281094.0,281667.0,282195.0,282758.0,283298.0,283768.0,284148.0,284574.0,285031.0,285443.0,285925.0,286392.0,286807.0,287206.0,287573.0,287956.0,288360.0,288732.0,289164.0,289679.0,290235.0,290613.0,291094.0,291726.0,292349.0,293172.0,293931.0,294647.0,295249.0,295947.0,296647.0,297842.0,298600.0,299245.0,299766.0,300230.0,300687.0,301408.0,302072.0,302600.0,303064.0,303598.0,304113.0,304735.0,305431.0,306237.0,307043.0,307948.0,308564.0,309046.0,309658.0,310237.0,310778.0,311405.0,312063.0,312721.0,313238.0,313930.0,314498.0,315884.0,317621.0,318726.0,319457.0,320157.0,320858.0,321640.0,322483.0,323402.0,324328.0,325062.0,325685.0,326401.0,327184.0,327773.0,328454.0,329122.0,329667.0,330175.0,330808.0,331494.0,332222.0,333167.0,333838.0,334379.0,334892.0,335382.0,335901.0,336402.0,336927.0,337614.0,338136.0,338637.0,339217.0,339809.0,340569.0,341459.0,,,,,,,,,353550.0,354548.0,356195.0,357960.0,359926.0,362208.0,363981.0,365770.0,367338.0,369807.0,372232.0,374819.0,377224.0,378998.0,380766.0,382210.0,383885.0,385628.0,387210.0,388184.0,389080.0,389984.0,390989.0,392055.0,393312.0,394414.0,395565.0,396664.0,397812.0,399276.0,402187.0,405190.0,408954.0,412157.0,415427.0,418222.0,421241.0,424985.0,427681.0,430751.0,434001.0,436813.0,439339.0,441617.0,445030.0,447941.0,450358.0,453312.0,455615
faPzDGLwD6M,580163.0,584458.0,589501.0,594110.0,598444.0,602974.0,607453.0,611728.0,615905.0,620356.0,625080.0,629043.0,632682.0,636914.0,641097.0,645019.0,648562.0,651986.0,656012.0,659467.0,663476.0,667271.0,670836.0,674156.0,677121.0,680319.0,683615.0,686769.0,690057.0,694038.0,697586.0,700622.0,703851.0,707187.0,709804.0,712953.0,716217.0,718846.0,721027.0,723866.0,726654.0,729424.0,731883.0,734210.0,736608.0,739107.0,741787.0,744463.0,747229.0,749622.0,751826.0,754084.0,756368.0,758973.0,761672.0,764002.0,766441.0,768791.0,770844.0,773474.0,776838.0,779753.0,782661.0,785225.0,787472.0,789621.0,791623.0,793940.0,796036.0,798743.0,800838.0,802862.0,804892.0,806728.0,808939.0,811367.0,813963.0,816544.0,819039.0,821446.0,823278.0,825306.0,827132.0,829667.0,831837.0,833778.0,835494.0,837337.0,839199.0,841188.0,843375.0,845320.0,847687.0,849777.0,851761.0,853877.0,856072.0,858381.0,861091.0,863759.0,866321.0,868568.0,870986.0,873334.0,875871.0,878343.0,880796.0,882990.0,884977.0,887470.0,890118.0,892685.0,894812.0,896956.0,898812.0,900558.0,902754.0,905042.0,907353.0,909632.0,911967.0,914119.0,916365.0,918192.0,920501.0,922696.0,924775.0,926948.0,928980.0,930999.0,933275.0,935661.0,938252.0,940723.0,,,,,,,,,958689.0,960171.0,961993.0,963797.0,965602.0,967329.0,968908.0,970517.0,972217.0,973937.0,975767.0,977594.0,979450.0,981143.0,982593.0,984165.0,985779.0,987541.0,989504.0,991413.0,993185.0,994738.0,996443.0,998280.0,1000359.0,1002267.0,1004250.0,1005993.0,1007719.0,1009478.0,1011170.0,1012932.0,1014638.0,1016302.0,1017832.0,1019288.0,1020804.0,1022265.0,1023922.0,1025329.0,1026876.0,1028338.0,1029697.0,1030893.0,1032484.0,1033976.0,1035503.0,1037028.0,1038461
hfLc4cePnFA,12004.0,12079.0,12153.0,12232.0,12310.0,12375.0,12453.0,12544.0,12611.0,12655.0,12729.0,12799.0,12870.0,12948.0,13038.0,13104.0,13213.0,13282.0,13363.0,13428.0,13517.0,13591.0,13688.0,13743.0,13795.0,13854.0,13925.0,13965.0,14035.0,14096.0,14146.0,14209.0,14249.0,14288.0,14328.0,14377.0,14432.0,14483.0,14527.0,14584.0,14662.0,14719.0,14804.0,14873.0,14915.0,14960.0,15003.0,15078.0,15121.0,15165.0,15217.0,15266.0,15287.0,15322.0,15363.0,15394.0,15433.0,15471.0,15486.0,15514.0,15553.0,15596.0,15627.0,15661.0,15705.0,15730.0,15774.0,15819.0,15867.0,15888.0,15917.0,15937.0,15980.0,16003.0,16024.0,16047.0,16070.0,16109.0,16137.0,16173.0,16191.0,16214.0,16250.0,16277.0,16292.0,16325.0,16364.0,16386.0,16417.0,16449.0,16466.0,16505.0,16534.0,16559.0,16582.0,16609.0,16634.0,16669.0,16714.0,16767.0,16801.0,16837.0,16880.0,16930.0,16959.0,17004.0,17043.0,17072.0,17094.0,17126.0,17150.0,17181.0,17248.0,17288.0,17313.0,17291.0,17324.0,17367.0,17430.0,17467.0,17497.0,17523.0,17549.0,17573.0,17584.0,17599.0,17620.0,17642.0,17662.0,17679.0,17719.0,17757.0,17784.0,17813.0,,,,,,,,,18008.0,18032.0,18044.0,18066.0,18083.0,18106.0,18127.0,18150.0,18172.0,18188.0,18206.0,18235.0,18259.0,18287.0,18304.0,18331.0,18355.0,18372.0,18399.0,18422.0,18462.0,18496.0,18514.0,18543.0,18569.0,18594.0,18616.0,18636.0,18645.0,18664.0,18681.0,18703.0,18724.0,18739.0,18765.0,18784.0,18804.0,18829.0,18854.0,18880.0,18898.0,18926.0,18943.0,18969.0,18992.0,19006.0,19027.0,19052.0,19076
A-EcTULDu8Q,616564.0,616683.0,616780.0,616854.0,616966.0,617052.0,617177.0,617302.0,617406.0,617499.0,617599.0,617701.0,617819.0,617923.0,618039.0,618151.0,618236.0,618339.0,618434.0,618540.0,618652.0,618805.0,618964.0,619071.0,619171.0,619289.0,619427.0,619570.0,619703.0,619875.0,619983.0,620082.0,620196.0,620296.0,620421.0,620538.0,620665.0,620755.0,620848.0,620948.0,621072.0,621210.0,621327.0,621430.0,621512.0,621605.0,621689.0,621800.0,621911.0,622020.0,622146.0,622253.0,622315.0,622408.0,622493.0,622612.0,622742.0,622833.0,622902.0,622963.0,623100.0,623222.0,623381.0,623528.0,623624.0,623720.0,623780.0,623877.0,623982.0,624128.0,624243.0,624331.0,624407.0,624511.0,624591.0,624682.0,624782.0,624875.0,624958.0,625051.0,625138.0,625225.0,625311.0,625412.0,625504.0,625599.0,625669.0,625714.0,625803.0,625885.0,625940.0,625998.0,626069.0,626139.0,626203.0,626259.0,626317.0,626386.0,626460.0,626528.0,626571.0,626622.0,626679.0,626731.0,626783.0,626849.0,626921.0,626971.0,627040.0,627098.0,627147.0,627206.0,627248.0,627307.0,627348.0,627393.0,627443.0,627493.0,627558.0,627608.0,627658.0,627699.0,627737.0,627804.0,627848.0,627890.0,627939.0,627987.0,628045.0,628083.0,628119.0,628163.0,628220.0,628264.0,,,,,,,,,628766.0,628825.0,628874.0,628909.0,628948.0,628981.0,629010.0,629046.0,629094.0,629134.0,629173.0,629218.0,629267.0,629303.0,629336.0,629375.0,629423.0,629467.0,629524.0,629570.0,629614.0,629654.0,629706.0,629757.0,629819.0,629875.0,629924.0,629992.0,630041.0,630095.0,630147.0,630193.0,630243.0,630301.0,630359.0,630397.0,630459.0,630507.0,630569.0,630629.0,630687.0,630744.0,630809.0,630857.0,630914.0,630976.0,631023.0,631090.0,631142
yZVaz1LbC28,3227180.0,3227357.0,3227583.0,3227818.0,3228027.0,3228261.0,3228430.0,3228679.0,3228901.0,3229176.0,3229389.0,3229636.0,3229951.0,3230188.0,3230456.0,3230727.0,3230974.0,3231203.0,3231415.0,3231658.0,3231846.0,3232054.0,3232316.0,3232555.0,3232762.0,3232955.0,3233152.0,3233373.0,3233556.0,3233731.0,3233947.0,3234126.0,3234269.0,3234410.0,3234549.0,3234687.0,3234804.0,3234940.0,3235080.0,3235202.0,3235341.0,3235480.0,3235603.0,3235747.0,3235875.0,3235977.0,3236107.0,3236234.0,3236358.0,3236495.0,3236614.0,3236752.0,3236896.0,3237003.0,3237129.0,3237270.0,3237410.0,3237548.0,3237679.0,3237787.0,3237917.0,3238028.0,3238141.0,3238250.0,3238355.0,3238486.0,3238647.0,3238715.0,3238813.0,3238946.0,3239037.0,3239138.0,3239213.0,3239302.0,3239407.0,3239505.0,3239587.0,3239677.0,3239759.0,3239830.0,3239899.0,3240015.0,3240203.0,3240425.0,3240563.0,3240639.0,3240730.0,3240802.0,3240870.0,3240954.0,3241021.0,3241086.0,3241139.0,3241178.0,3241236.0,3241289.0,3241331.0,3241401.0,3241465.0,3241507.0,3241559.0,3241616.0,3241676.0,3241733.0,3241794.0,3241835.0,3241880.0,3241919.0,3241963.0,3242002.0,3242072.0,3242162.0,3242248.0,3242485.0,3242788.0,3243014.0,3243246.0,3243574.0,3244075.0,3244346.0,3244462.0,3244502.0,3244557.0,3244599.0,3244651.0,3244676.0,3244723.0,3244754.0,3244798.0,3244853.0,3244882.0,3244911.0,3244955.0,3245023.0,,,,,,,,,3245333.0,3245363.0,3245387.0,3245409.0,3245447.0,3245482.0,3245502.0,3245532.0,3245563.0,3245597.0,3245623.0,3245648.0,3245684.0,3245718.0,3245745.0,3245777.0,3245796.0,3245820.0,3245844.0,3245863.0,3245882.0,3245907.0,3245932.0,3245953.0,3245974.0,3245998.0,3246029.0,3246056.0,3246086.0,3246110.0,3246136.0,3246173.0,3246199.0,3246231.0,3246261.0,3246288.0,3246318.0,3246342.0,3246363.0,3246388.0,3246415.0,3246437.0,3246454.0,3246485.0,3246501.0,3246514.0,3246551.0,3246584.0,3246613
q84KnMzsM5E,23395.0,23421.0,23441.0,23465.0,23489.0,23517.0,23544.0,23569.0,23597.0,23619.0,23649.0,23660.0,23681.0,23705.0,23734.0,23762.0,23796.0,23821.0,23845.0,23880.0,23898.0,23920.0,23959.0,23973.0,23988.0,24006.0,24021.0,24033.0,24056.0,24074.0,24086.0,24095.0,24113.0,24126.0,24145.0,24159.0,24178.0,24195.0,24217.0,24232.0,24255.0,24270.0,24283.0,24293.0,24306.0,24328.0,24343.0,24358.0,24375.0,24388.0,24404.0,24418.0,24426.0,24441.0,24451.0,24460.0,24472.0,24482.0,24503.0,24521.0,24532.0,24547.0,24561.0,24570.0,24575.0,24587.0,24622.0,24647.0,24661.0,24691.0,24707.0,24723.0,24728.0,24735.0,24745.0,24754.0,24766.0,24772.0,24788.0,24793.0,24800.0,24809.0,24817.0,24827.0,24836.0,24847.0,24859.0,24870.0,24878.0,24895.0,24902.0,24908.0,24919.0,24926.0,24934.0,24944.0,24952.0,24962.0,24976.0,24987.0,24995.0,25001.0,25012.0,25022.0,25028.0,25036.0,25042.0,25046.0,25059.0,25064.0,25074.0,25081.0,25086.0,25091.0,25099.0,25107.0,25118.0,25125.0,25135.0,25140.0,25149.0,25155.0,25167.0,25176.0,25180.0,25189.0,25200.0,25209.0,25211.0,25221.0,25234.0,25251.0,25261.0,25272.0,,,,,,,,,25354.0,25358.0,25362.0,25371.0,25384.0,25389.0,25398.0,25404.0,25409.0,25415.0,25429.0,25437.0,25445.0,25452.0,25454.0,25464.0,25474.0,25486.0,25493.0,25499.0,25518.0,25534.0,25545.0,25557.0,25568.0,25585.0,25605.0,25612.0,25630.0,25644.0,25651.0,25662.0,25673.0,25678.0,25692.0,25704.0,25714.0,25720.0,25730.0,25746.0,25755.0,25767.0,25772.0,25774.0,25779.0,25791.0,25799.0,25811.0,25826
vjHn_9fybAE,16074.0,16101.0,16147.0,16188.0,16240.0,16284.0,16333.0,16375.0,16434.0,16509.0,16618.0,16684.0,16783.0,16855.0,16903.0,16954.0,17000.0,17043.0,17086.0,17120.0,17175.0,17210.0,17256.0,17310.0,17344.0,17376.0,17416.0,17463.0,17508.0,17552.0,17599.0,17642.0,17674.0,17706.0,17741.0,17780.0,17837.0,17905.0,17948.0,17983.0,18023.0,18073.0,18119.0,18159.0,18213.0,18258.0,18287.0,18337.0,18372.0,18413.0,18444.0,18481.0,18508.0,18545.0,18583.0,18617.0,18642.0,18666.0,18690.0,18717.0,18749.0,18776.0,18817.0,18846.0,18880.0,18914.0,18933.0,18962.0,18979.0,19019.0,19045.0,19076.0,19105.0,19134.0,19163.0,19189.0,19221.0,19248.0,19276.0,19291.0,19327.0,19346.0,19372.0,19410.0,19433.0,19466.0,19482.0,19510.0,19529.0,19546.0,19579.0,19603.0,19629.0,19648.0,19665.0,19688.0,19708.0,19735.0,19762.0,19791.0,19817.0,19832.0,19862.0,19893.0,19914.0,19929.0,19951.0,19973.0,19991.0,20006.0,20025.0,20050.0,20072.0,20100.0,20128.0,20148.0,20173.0,20197.0,20216.0,20232.0,20250.0,20273.0,20292.0,20314.0,20333.0,20357.0,20371.0,20410.0,20435.0,20456.0,20482.0,20507.0,20523.0,20553.0,,,,,,,,,20739.0,20760.0,20776.0,20793.0,20816.0,20828.0,20845.0,20855.0,20874.0,20900.0,20915.0,20929.0,20950.0,20960.0,20979.0,20988.0,21006.0,21021.0,21051.0,21071.0,21093.0,21105.0,21123.0,21134.0,21156.0,21172.0,21182.0,21205.0,21233.0,21247.0,21264.0,21282.0,21295.0,21307.0,21324.0,21333.0,21346.0,21360.0,21370.0,21381.0,21393.0,21405.0,21420.0,21432.0,21441.0,21451.0,21472.0,21487.0,21508
HdJYRz0AL4c,1549968.0,1554232.0,1558456.0,1562692.0,1567226.0,1572177.0,1577360.0,1582116.0,1587854.0,1593809.0,1598973.0,1603731.0,1608366.0,1612692.0,1617019.0,1620640.0,1624197.0,1627735.0,1631115.0,1634947.0,1639161.0,1643131.0,1646957.0,1650377.0,1653875.0,1663136.0,1669427.0,1679791.0,1687089.0,1693313.0,1694733.0,1701210.0,1709305.0,1717473.0,1725243.0,1733017.0,1754478.0,1774793.0,1787710.0,1798907.0,1809001.0,1818111.0,1826451.0,1834985.0,1842931.0,1849788.0,1856921.0,1864134.0,1870801.0,1877068.0,1883067.0,1889078.0,1894659.0,1900378.0,1906941.0,1913207.0,1919193.0,1924948.0,1930770.0,1936617.0,1942020.0,1947809.0,1953650.0,1958875.0,1964369.0,1969570.0,1974996.0,1980391.0,1985305.0,1991308.0,1997061.0,2002560.0,2008396.0,2014138.0,2019473.0,2024885.0,2030421.0,2035936.0,2042183.0,2047718.0,2052644.0,2057733.0,2062747.0,2067998.0,2072920.0,2077958.0,2083006.0,2087736.0,2092621.0,2097283.0,2101699.0,2106688.0,2111737.0,2116970.0,2122253.0,2127367.0,2132484.0,2137462.0,2142278.0,2147323.0,2152578.0,2157866.0,2163316.0,2168241.0,2173817.0,2178884.0,2183876.0,2192157.0,2198219.0,2204602.0,2210842.0,2216646.0,2222003.0,2227511.0,2232838.0,2237700.0,2242386.0,2247301.0,2252026.0,2256707.0,2262530.0,2273799.0,2281464.0,2288149.0,2294574.0,2301150.0,2307375.0,2313712.0,2320238.0,2326513.0,2332312.0,2337873.0,2343256.0,2348210.0,,,,,,,,,2406677.0,2412421.0,2418067.0,2423172.0,2428323.0,2433229.0,2437956.0,2443024.0,2448024.0,2452818.0,2457654.0,2462107.0,2466878.0,2471298.0,2476096.0,2480602.0,2485222.0,2490238.0,2495373.0,2500187.0,2504936.0,2510216.0,2515290.0,2519869.0,2525179.0,2530220.0,2535089.0,2540820.0,2548545.0,2554622.0,2560226.0,2566017.0,2572204.0,2577729.0,2582634.0,2587078.0,2591794.0,2596677.0,2601686.0,2606416.0,2611220.0,2615739.0,2619885.0,2624342.0,2628681.0,2633131.0,2637930.0,2642816.0,2647343
e3qk4rsA3j4,71259.0,71792.0,72408.0,73039.0,73580.0,74154.0,74573.0,75120.0,75630.0,76285.0,76797.0,77180.0,77635.0,78042.0,78472.0,78925.0,79305.0,79621.0,79986.0,80398.0,80832.0,81336.0,81972.0,82351.0,82698.0,83150.0,83783.0,84288.0,84836.0,85380.0,85943.0,86460.0,87057.0,87654.0,88292.0,88816.0,89633.0,90386.0,90768.0,91170.0,91580.0,92007.0,92567.0,93099.0,93777.0,94250.0,94779.0,95212.0,95606.0,96098.0,96599.0,97284.0,98584.0,99281.0,99744.0,100217.0,100678.0,101084.0,101612.0,102077.0,102596.0,103165.0,103667.0,104103.0,104686.0,105225.0,105572.0,105983.0,106544.0,107360.0,107995.0,108526.0,108923.0,109324.0,109881.0,110548.0,111184.0,111780.0,112699.0,113535.0,114066.0,114505.0,115006.0,115523.0,116181.0,116887.0,117440.0,117932.0,118455.0,118953.0,119517.0,120086.0,120577.0,121043.0,121462.0,121891.0,122316.0,122693.0,123189.0,123682.0,124175.0,124586.0,125001.0,125440.0,125918.0,126358.0,126807.0,127295.0,127777.0,128249.0,128686.0,129245.0,129867.0,130321.0,130772.0,131207.0,131651.0,132245.0,132783.0,133457.0,133975.0,134558.0,135007.0,135536.0,136117.0,136739.0,137265.0,137839.0,138250.0,138627.0,139112.0,139582.0,140112.0,140568.0,,,,,,,,,145019.0,145337.0,145764.0,146245.0,146693.0,147319.0,147801.0,148214.0,148596.0,149067.0,149624.0,150136.0,150725.0,151297.0,151759.0,152124.0,152712.0,153337.0,154136.0,154812.0,155303.0,155720.0,156163.0,156568.0,157009.0,157423.0,157839.0,158244.0,158654.0,159024.0,159421.0,159839.0,160285.0,160706.0,161188.0,161553.0,161899.0,162373.0,162792.0,163326.0,163799.0,164216.0,164629.0,164989.0,165492.0,166042.0,166614.0,167192.0,167733
q7m-FB1WJEk,86849.0,87043.0,87253.0,87384.0,87582.0,87816.0,88055.0,88237.0,88485.0,88688.0,88898.0,89099.0,89282.0,89495.0,89675.0,89898.0,90040.0,90169.0,90312.0,90464.0,90572.0,90732.0,90871.0,91059.0,91174.0,91296.0,91430.0,91580.0,91702.0,91868.0,92016.0,92123.0,92256.0,92408.0,92561.0,92689.0,92817.0,92938.0,93051.0,93192.0,93329.0,93444.0,93589.0,93716.0,93838.0,93954.0,94063.0,94199.0,94304.0,94451.0,94550.0,94676.0,94792.0,94908.0,95030.0,95131.0,95235.0,95366.0,95460.0,95559.0,95740.0,95849.0,95949.0,96086.0,96285.0,96407.0,96524.0,96664.0,96765.0,96927.0,97074.0,97213.0,97327.0,97452.0,97572.0,97709.0,97874.0,98010.0,98145.0,98251.0,98378.0,98522.0,98699.0,98860.0,99039.0,99199.0,99307.0,99408.0,99558.0,99707.0,99890.0,100081.0,100215.0,100391.0,100521.0,100678.0,100824.0,101022.0,101227.0,101394.0,101548.0,101704.0,101885.0,102084.0,102336.0,102568.0,102790.0,102953.0,103123.0,103312.0,103595.0,103875.0,104078.0,104349.0,104692.0,105018.0,105244.0,105542.0,105797.0,106127.0,106326.0,106519.0,106690.0,106867.0,107020.0,107159.0,107320.0,107510.0,107660.0,107788.0,107922.0,108095.0,108237.0,108464.0,,,,,,,,,110011.0,110133.0,110318.0,110490.0,110678.0,110881.0,111087.0,111308.0,111430.0,111570.0,111782.0,111956.0,112149.0,112252.0,112387.0,112519.0,112684.0,112828.0,112985.0,113140.0,113279.0,113426.0,113530.0,113688.0,113922.0,114138.0,114334.0,114520.0,114726.0,114883.0,115060.0,115231.0,115420.0,115569.0,115725.0,115872.0,116015.0,116262.0,116455.0,116670.0,116798.0,116995.0,117144.0,117271.0,117455.0,117659.0,117815.0,118000.0,118150
mWlOZ78kxJc,31786.0,31941.0,32091.0,32254.0,32486.0,32709.0,32906.0,33068.0,33249.0,33390.0,33559.0,33741.0,33901.0,34051.0,34192.0,34358.0,34506.0,34609.0,34745.0,34913.0,35012.0,35160.0,35271.0,35374.0,35477.0,35612.0,35708.0,35832.0,35962.0,36076.0,36145.0,36201.0,36317.0,36387.0,36498.0,36575.0,36728.0,36886.0,36986.0,37077.0,37160.0,37242.0,37335.0,37428.0,37497.0,37573.0,37644.0,37711.0,37785.0,37840.0,37956.0,38034.0,38105.0,38181.0,38260.0,38323.0,38375.0,38429.0,38489.0,38551.0,38615.0,38662.0,38724.0,38796.0,38883.0,38965.0,39040.0,39108.0,39161.0,39262.0,39365.0,39424.0,39506.0,39569.0,39652.0,39697.0,39788.0,39885.0,40051.0,40156.0,40242.0,40298.0,40355.0,40419.0,40509.0,40580.0,40635.0,40681.0,40748.0,40818.0,40846.0,40868.0,40903.0,40941.0,40979.0,41008.0,41031.0,41058.0,41074.0,41105.0,41134.0,41158.0,41183.0,41212.0,41226.0,41252.0,41276.0,41301.0,41345.0,41373.0,41401.0,41425.0,41450.0,41474.0,41490.0,41514.0,41531.0,41543.0,41578.0,41606.0,41635.0,41659.0,41683.0,41705.0,41726.0,41745.0,41776.0,41804.0,41843.0,41865.0,41892.0,41914.0,41934.0,41971.0,,,,,,,,,42218.0,42259.0,42294.0,42320.0,42349.0,42380.0,42410.0,42436.0,42474.0,42492.0,42517.0,42542.0,42559.0,42592.0,42613.0,42643.0,42677.0,42696.0,42721.0,42751.0,42773.0,42805.0,42837.0,42891.0,42910.0,42951.0,42977.0,43009.0,43039.0,43076.0,43149.0,43186.0,43219.0,43240.0,43261.0,43293.0,43326.0,43340.0,43354.0,43386.0,43396.0,43411.0,43426.0,43437.0,43458.0,43475.0,43501.0,43517.0,43536
TjV5DBGcWOM,9561.0,9575.0,9589.0,9605.0,9617.0,9634.0,9656.0,9679.0,9694.0,9705.0,9722.0,9738.0,9761.0,9778.0,9802.0,9816.0,9837.0,9878.0,9903.0,9934.0,9953.0,9968.0,9985.0,10009.0,10025.0,10034.0,10039.0,10046.0,10058.0,10070.0,10090.0,10112.0,10131.0,10144.0,10156.0,10169.0,10180.0,10190.0,10202.0,10231.0,10238.0,10254.0,10264.0,10273.0,10288.0,10301.0,10317.0,10331.0,10344.0,10351.0,10370.0,10386.0,10400.0,10418.0,10431.0,10438.0,10448.0,10466.0,10472.0,10487.0,10496.0,10507.0,10520.0,10527.0,10535.0,10544.0,10558.0,10572.0,10580.0,10599.0,10602.0,10612.0,10617.0,10630.0,10631.0,10641.0,10643.0,10652.0,10661.0,10672.0,10695.0,10701.0,10715.0,10722.0,10730.0,10740.0,10748.0,10767.0,10778.0,10790.0,10807.0,10825.0,10836.0,10851.0,10862.0,10871.0,10879.0,10891.0,10903.0,10920.0,10966.0,11004.0,11030.0,11056.0,11075.0,11099.0,11118.0,11128.0,11147.0,11157.0,11166.0,11175.0,11193.0,11203.0,11221.0,11254.0,11270.0,11280.0,11294.0,11316.0,11332.0,11351.0,11373.0,11389.0,11405.0,11435.0,11445.0,11475.0,11510.0,11543.0,11565.0,11589.0,11616.0,11635.0,,,,,,,,,11805.0,11827.0,11845.0,11854.0,11890.0,11917.0,11937.0,11972.0,11996.0,12033.0,12057.0,12114.0,12142.0,12167.0,12201.0,12247.0,12282.0,12303.0,12332.0,12361.0,12377.0,12403.0,12428.0,12442.0,12454.0,12475.0,12489.0,12502.0,12524.0,12543.0,12565.0,12574.0,12601.0,12611.0,12628.0,12642.0,12651.0,12657.0,12662.0,12679.0,12695.0,12713.0,12725.0,12738.0,12757.0,12774.0,12788.0,12806.0,12826
EtzrSHUkFVg,15680.0,15714.0,15759.0,15788.0,15835.0,15865.0,15900.0,15925.0,15957.0,16002.0,16040.0,16084.0,16140.0,16176.0,16215.0,16251.0,16298.0,16337.0,16368.0,16405.0,16448.0,16483.0,16517.0,16546.0,16574.0,16603.0,16651.0,16697.0,16735.0,16771.0,16811.0,16853.0,16902.0,16937.0,16979.0,17018.0,17041.0,17100.0,17138.0,17176.0,17218.0,17263.0,17300.0,17349.0,17374.0,17420.0,17469.0,17521.0,17563.0,17599.0,17639.0,17673.0,17701.0,17739.0,17790.0,17833.0,17878.0,17912.0,17944.0,17993.0,18033.0,18057.0,18097.0,18141.0,18188.0,18232.0,18272.0,18300.0,18327.0,18363.0,18408.0,18439.0,18480.0,18502.0,18529.0,18559.0,18581.0,18621.0,18644.0,18666.0,18700.0,18719.0,18754.0,18775.0,18797.0,18823.0,18852.0,18882.0,18906.0,18945.0,18972.0,18998.0,19033.0,19071.0,19090.0,19116.0,19145.0,19182.0,19204.0,19231.0,19268.0,19296.0,19323.0,19350.0,19380.0,19398.0,19422.0,19433.0,19457.0,19472.0,19492.0,19520.0,19540.0,19559.0,19577.0,19610.0,19634.0,19663.0,19695.0,19725.0,19749.0,19764.0,19793.0,19816.0,19829.0,19852.0,19871.0,19897.0,19924.0,19951.0,19983.0,20008.0,20033.0,20078.0,,,,,,,,,20425.0,20478.0,20520.0,20564.0,20605.0,20645.0,20677.0,20710.0,20748.0,20797.0,20829.0,20892.0,20962.0,21006.0,21042.0,21078.0,21124.0,21150.0,21202.0,21236.0,21264.0,21293.0,21323.0,21346.0,21385.0,21405.0,21439.0,21462.0,21480.0,21516.0,21550.0,21577.0,21625.0,21655.0,21689.0,21724.0,21753.0,21782.0,21824.0,21855.0,21891.0,21931.0,21963.0,21986.0,22033.0,22064.0,22091.0,22123.0,22141
0cxShBAycgw,32235.0,32281.0,32339.0,32415.0,32481.0,32566.0,32642.0,32705.0,32786.0,32876.0,32949.0,33032.0,33096.0,33195.0,33281.0,33374.0,33460.0,33548.0,33616.0,33665.0,33738.0,33810.0,33878.0,33932.0,33977.0,34023.0,34124.0,34191.0,34242.0,34319.0,34376.0,34425.0,34488.0,34547.0,34599.0,34665.0,34737.0,34799.0,34845.0,34877.0,34925.0,34969.0,35006.0,35076.0,35118.0,35162.0,35213.0,35267.0,35312.0,35369.0,35437.0,35484.0,35540.0,35594.0,35649.0,35718.0,35784.0,35839.0,35884.0,35921.0,35994.0,36060.0,36099.0,36138.0,36187.0,36234.0,36284.0,36329.0,36353.0,36407.0,36453.0,36502.0,36539.0,36579.0,36623.0,36682.0,36736.0,36786.0,36842.0,36883.0,36935.0,36984.0,37049.0,37110.0,37156.0,37221.0,37258.0,37290.0,37352.0,37413.0,37463.0,37509.0,37551.0,37622.0,37665.0,37723.0,37768.0,37810.0,37880.0,37970.0,38058.0,38157.0,38301.0,38378.0,38480.0,38588.0,38660.0,38722.0,38770.0,38835.0,38917.0,38967.0,39016.0,39085.0,39169.0,39218.0,39306.0,39378.0,39443.0,39525.0,39593.0,39669.0,39727.0,39785.0,39834.0,39901.0,39969.0,40071.0,40168.0,40251.0,40344.0,40453.0,40520.0,40611.0,,,,,,,,,41271.0,41320.0,41380.0,41418.0,41498.0,41564.0,41691.0,41773.0,41845.0,41939.0,42012.0,42095.0,42185.0,42278.0,42375.0,42458.0,42558.0,42657.0,42752.0,42808.0,42872.0,42930.0,42977.0,43025.0,43076.0,43135.0,43181.0,43226.0,43300.0,43346.0,43413.0,43456.0,43527.0,43581.0,43654.0,43718.0,43829.0,43900.0,43990.0,44046.0,44115.0,44190.0,44245.0,44299.0,44362.0,44420.0,44517.0,44567.0,44651
LYyrCJTBc9w,9488.0,9512.0,9539.0,9571.0,9605.0,9655.0,9686.0,9715.0,9741.0,9772.0,9803.0,9839.0,9861.0,9883.0,9898.0,9919.0,9941.0,9961.0,9993.0,10018.0,10049.0,10088.0,10100.0,10120.0,10137.0,10160.0,10184.0,10206.0,10226.0,10241.0,10258.0,10271.0,10300.0,10332.0,10366.0,10387.0,10403.0,10422.0,10440.0,10468.0,10479.0,10510.0,10533.0,10553.0,10569.0,10589.0,10602.0,10625.0,10649.0,10668.0,10679.0,10700.0,10713.0,10725.0,10737.0,10750.0,10769.0,10788.0,10801.0,10819.0,10835.0,10851.0,10868.0,10890.0,10907.0,10920.0,10947.0,10960.0,10968.0,10979.0,11000.0,11023.0,11036.0,11049.0,11055.0,11068.0,11097.0,11115.0,11132.0,11140.0,11157.0,11169.0,11192.0,11223.0,11243.0,11251.0,11269.0,11285.0,11307.0,11320.0,11334.0,11350.0,11366.0,11389.0,11395.0,11401.0,11423.0,11439.0,11458.0,11484.0,11514.0,11559.0,11589.0,11623.0,11646.0,11675.0,11721.0,11741.0,11769.0,11800.0,11830.0,11843.0,11865.0,11882.0,11909.0,11928.0,11956.0,11973.0,11997.0,12015.0,12032.0,12053.0,12066.0,12083.0,12121.0,12151.0,12177.0,12212.0,12261.0,12303.0,12320.0,12349.0,12385.0,12405.0,,,,,,,,,12691.0,12722.0,12751.0,12773.0,12958.0,13050.0,13135.0,13225.0,13317.0,13428.0,13516.0,13722.0,13912.0,14048.0,14195.0,14338.0,14474.0,14634.0,14777.0,14889.0,14996.0,15092.0,15161.0,15258.0,15343.0,15465.0,15591.0,15697.0,15798.0,15878.0,15967.0,16059.0,16145.0,16229.0,16316.0,16405.0,16532.0,16634.0,16710.0,16780.0,16858.0,16937.0,17018.0,17065.0,17123.0,17177.0,17261.0,17316.0,17380
Q26G1oYmokU,14517.0,14584.0,14669.0,14751.0,14830.0,14916.0,14993.0,15073.0,15134.0,15228.0,15285.0,15351.0,15442.0,15516.0,15582.0,15657.0,15740.0,15812.0,15892.0,15961.0,16033.0,16091.0,16164.0,16222.0,16296.0,16361.0,16447.0,16552.0,16670.0,16779.0,16881.0,16957.0,17059.0,17161.0,17276.0,17370.0,17469.0,17560.0,17639.0,17719.0,17800.0,17888.0,17967.0,18046.0,18125.0,18187.0,18245.0,18325.0,18411.0,18511.0,18591.0,18659.0,18718.0,18792.0,18876.0,18974.0,19076.0,19165.0,19241.0,19304.0,19366.0,19447.0,19521.0,19588.0,19652.0,19724.0,19763.0,19834.0,19882.0,19938.0,20008.0,20064.0,20120.0,20189.0,20251.0,20335.0,20422.0,20490.0,20559.0,20647.0,20704.0,20794.0,20862.0,20929.0,20992.0,21074.0,21125.0,21180.0,21238.0,21289.0,21364.0,21445.0,21524.0,21580.0,21649.0,21731.0,21781.0,21837.0,21902.0,22000.0,22066.0,22114.0,22180.0,22259.0,22306.0,22344.0,22395.0,22458.0,22488.0,22552.0,22602.0,22663.0,22711.0,22756.0,22815.0,22857.0,22907.0,22978.0,23019.0,23098.0,23148.0,23200.0,23261.0,23306.0,23360.0,23416.0,23481.0,23546.0,23629.0,23685.0,23774.0,23861.0,23965.0,24047.0,,,,,,,,,24878.0,24945.0,25021.0,25079.0,25224.0,25369.0,25516.0,25625.0,25745.0,25898.0,26067.0,26252.0,26452.0,26678.0,26878.0,27049.0,27241.0,27460.0,27646.0,27782.0,27883.0,28005.0,28103.0,28192.0,28289.0,28414.0,28514.0,28611.0,28726.0,28812.0,28893.0,29001.0,29100.0,29214.0,29312.0,29415.0,29496.0,29589.0,29671.0,29757.0,29868.0,29993.0,30131.0,30217.0,30330.0,30432.0,30566.0,30702.0,30831
ZI6yioD546w,4723.0,4729.0,4737.0,4754.0,4762.0,4766.0,4781.0,4786.0,4795.0,4808.0,4823.0,4831.0,4836.0,4844.0,4859.0,4868.0,4891.0,4903.0,4931.0,4945.0,4954.0,4969.0,4977.0,4985.0,4992.0,5010.0,5018.0,5026.0,5035.0,5042.0,5043.0,5053.0,5066.0,5081.0,5083.0,5095.0,5109.0,5116.0,5124.0,5130.0,5135.0,5149.0,5157.0,5164.0,5171.0,5181.0,5189.0,5192.0,5205.0,5217.0,5229.0,5239.0,5246.0,5252.0,5263.0,5273.0,5278.0,5287.0,5296.0,5299.0,5309.0,5316.0,5322.0,5328.0,5330.0,5334.0,5343.0,5347.0,5351.0,5354.0,5359.0,5363.0,5372.0,5378.0,5386.0,5400.0,5406.0,5411.0,5420.0,5427.0,5439.0,5447.0,5456.0,5461.0,5464.0,5470.0,5478.0,5486.0,5495.0,5504.0,5518.0,5523.0,5530.0,5540.0,5547.0,5553.0,5564.0,5577.0,5585.0,5594.0,5598.0,5606.0,5614.0,5626.0,5632.0,5636.0,5644.0,5649.0,5655.0,5662.0,5671.0,5675.0,5676.0,5682.0,5687.0,5688.0,5696.0,5705.0,5711.0,5717.0,5723.0,5729.0,5736.0,5741.0,5747.0,5754.0,5758.0,5765.0,5777.0,5790.0,5799.0,5809.0,5819.0,5824.0,,,,,,,,,5875.0,5880.0,5884.0,5889.0,5901.0,5908.0,5915.0,5918.0,5925.0,5929.0,5935.0,5946.0,5951.0,5959.0,5964.0,5970.0,5973.0,5979.0,5983.0,5990.0,6005.0,6012.0,6016.0,6022.0,6036.0,6041.0,6049.0,6056.0,6069.0,6080.0,6088.0,6097.0,6111.0,6121.0,6133.0,6132.0,6144.0,6147.0,6156.0,6159.0,6164.0,6171.0,6181.0,6184.0,6187.0,6191.0,6198.0,6206.0,6214
TamDOXponnM,14737180.0,14766135.0,14797874.0,14829168.0,14863067.0,14901886.0,14934928.0,14971333.0,15006062.0,15039352.0,15074188.0,15108055.0,15143172.0,15177848.0,15212078.0,15245145.0,15278872.0,15310813.0,15342888.0,15374124.0,15403166.0,15434147.0,15465334.0,15496501.0,15523436.0,15549976.0,15580230.0,15608894.0,15636826.0,15664278.0,15690125.0,15712440.0,15737342.0,15763867.0,15789526.0,15815335.0,15848435.0,15877272.0,15901635.0,15934144.0,15963424.0,15990259.0,16017906.0,16044181.0,16072092.0,16097805.0,16122132.0,16145486.0,16166623.0,16187505.0,16208150.0,16233834.0,16258488.0,16282541.0,16307414.0,16330286.0,16352657.0,16375919.0,16400088.0,16424451.0,16450086.0,16477391.0,16504916.0,16529323.0,16552747.0,16575799.0,16598718.0,16620451.0,16641876.0,16667465.0,16688571.0,16708594.0,16730398.0,16752236.0,16773089.0,16794028.0,16814454.0,16836208.0,16860943.0,16883473.0,16903655.0,16923660.0,16944372.0,16966173.0,16987399.0,17009821.0,17031187.0,17051834.0,17071544.0,17091165.0,17111064.0,17130890.0,17151445.0,17171453.0,17190504.0,17208358.0,17225925.0,17244888.0,17264187.0,17284932.0,17305312.0,17327245.0,17347693.0,17367836.0,17388322.0,17409139.0,17427788.0,17447819.0,17467814.0,17486367.0,17504155.0,17522455.0,17541062.0,17559220.0,17578651.0,17598263.0,17617117.0,17636228.0,17654920.0,17672395.0,17690416.0,17710021.0,17729808.0,17748203.0,17764754.0,17783061.0,17800812.0,17821728.0,17842828.0,17862347.0,17880979.0,17900896.0,17921684.0,17940637.0,,,,,,,,,18113476.0,18131818.0,18151137.0,18173783.0,18196903.0,18224335.0,18251325.0,18280554.0,18308386.0,18326947.0,18346216.0,18369069.0,18390768.0,18419290.0,18442688.0,18466268.0,18487316.0,18511521.0,18532430.0,18548947.0,18564983.0,18581922.0,18598345.0,18613231.0,18627764.0,18642330.0,18656572.0,18671500.0,18686022.0,18700365.0,18713514.0,18726707.0,18739686.0,18752883.0,18765253.0,18778307.0,18791889.0,18804516.0,18818133.0,18831880.0,18845408.0,18859351.0,18873219.0,18886469.0,18899257.0,18911833.0,18925129.0,18938622.0,18951835
VKO0n5YXoas,923019.0,934177.0,947750.0,961606.0,973113.0,983939.0,1000281.0,1016388.0,1026365.0,1034827.0,1039413.0,1048386.0,1061468.0,1072175.0,1081851.0,1089276.0,1097110.0,1105214.0,1114437.0,1124749.0,1132224.0,1139232.0,1147148.0,1159593.0,1171031.0,1182740.0,1191983.0,1197928.0,1207083.0,1218493.0,1227887.0,1234863.0,1246981.0,1260734.0,1272181.0,1282714.0,1293849.0,1310752.0,1329658.0,1339241.0,1349576.0,1365988.0,1381973.0,1398879.0,1408115.0,1423596.0,1444618.0,1467074.0,1483174.0,1506928.0,1529433.0,1550863.0,1566491.0,1582775.0,1591368.0,1602698.0,1613718.0,1622422.0,1631127.0,1640241.0,1651004.0,1663154.0,1675542.0,1687380.0,1700503.0,1714837.0,1722401.0,1734996.0,1743897.0,1756682.0,1764267.0,1771578.0,1779697.0,1787539.0,1798610.0,1810812.0,1820901.0,1834288.0,1851038.0,1862834.0,1871657.0,1881092.0,1890920.0,1901272.0,1912567.0,1924388.0,1934476.0,1941363.0,1948478.0,1955996.0,1964324.0,1973270.0,1983124.0,1992491.0,2001065.0,2012511.0,2022782.0,2031423.0,2040374.0,2049373.0,2056942.0,2064158.0,2071592.0,2079385.0,2086792.0,2094357.0,2100786.0,2108459.0,2116274.0,2123480.0,2130427.0,2137047.0,2143513.0,2150882.0,2157471.0,2163282.0,2170205.0,2177656.0,2185532.0,2192988.0,2199235.0,2205770.0,2211425.0,2217019.0,2224647.0,2232346.0,2239277.0,2247482.0,2253663.0,2258633.0,2264008.0,2270736.0,2278069.0,2284185.0,,,,,,,,,2346385.0,2352623.0,2359301.0,2366988.0,2373933.0,2380305.0,2385689.0,2391504.0,2397666.0,2403327.0,2409025.0,2414442.0,2419892.0,2425387.0,2430486.0,2434657.0,2439434.0,2444077.0,2449033.0,2454336.0,2459601.0,2464719.0,2469744.0,2475338.0,2481089.0,2487552.0,2494800.0,2502282.0,2508773.0,2514719.0,2521745.0,2528614.0,2535635.0,2539498.0,2543208.0,2546420.0,2549787.0,2553200.0,2556657.0,2559911.0,2562790.0,2565680.0,2568717.0,2571143.0,2574148.0,2577391.0,2580717.0,2583967.0,2587124
XdILxfXVPBE,847.0,847.0,847.0,849.0,849.0,849.0,851.0,851.0,852.0,854.0,854.0,854.0,854.0,855.0,855.0,856.0,856.0,860.0,860.0,861.0,861.0,861.0,862.0,863.0,867.0,867.0,868.0,869.0,869.0,873.0,875.0,879.0,880.0,882.0,883.0,885.0,890.0,895.0,897.0,899.0,899.0,901.0,902.0,905.0,905.0,908.0,908.0,908.0,910.0,911.0,917.0,918.0,918.0,921.0,922.0,924.0,924.0,927.0,928.0,931.0,932.0,933.0,934.0,935.0,936.0,936.0,936.0,936.0,936.0,938.0,940.0,940.0,941.0,941.0,942.0,942.0,944.0,948.0,949.0,951.0,951.0,951.0,951.0,951.0,951.0,952.0,952.0,952.0,954.0,955.0,955.0,955.0,955.0,959.0,959.0,959.0,959.0,959.0,959.0,959.0,959.0,961.0,961.0,961.0,961.0,962.0,963.0,964.0,967.0,968.0,968.0,968.0,969.0,970.0,970.0,970.0,971.0,972.0,974.0,977.0,987.0,991.0,991.0,992.0,993.0,996.0,997.0,997.0,998.0,1001.0,1004.0,1004.0,1004.0,1007.0,,,,,,,,,1009.0,1009.0,1009.0,1010.0,1010.0,1010.0,1010.0,1011.0,1013.0,1014.0,1014.0,1015.0,1015.0,1015.0,1015.0,1015.0,1016.0,1016.0,1017.0,1017.0,1018.0,1018.0,1019.0,1019.0,1020.0,1020.0,1023.0,1025.0,1025.0,1027.0,1028.0,1029.0,1030.0,1032.0,1032.0,1032.0,1032.0,1032.0,1033.0,1034.0,1034.0,1036.0,1036.0,1036.0,1036.0,1038.0,1039.0,1039.0,1039
Muk8F3K8uCE,3569.0,3586.0,3599.0,3609.0,3613.0,3624.0,3638.0,3644.0,3651.0,3664.0,3678.0,3686.0,3696.0,3705.0,3713.0,3723.0,3730.0,3743.0,3754.0,3762.0,3775.0,3792.0,3801.0,3811.0,3818.0,3828.0,3834.0,3839.0,3846.0,3857.0,3869.0,3884.0,3898.0,3904.0,3914.0,3928.0,3940.0,3947.0,3960.0,3973.0,3978.0,3981.0,4001.0,4016.0,4030.0,4041.0,4054.0,4065.0,4074.0,4086.0,4092.0,4099.0,4107.0,4119.0,4127.0,4144.0,4149.0,4155.0,4161.0,4164.0,4170.0,4180.0,4187.0,4192.0,4196.0,4203.0,4212.0,4221.0,4232.0,4237.0,4240.0,4246.0,4248.0,4252.0,4258.0,4268.0,4282.0,4292.0,4299.0,4306.0,4308.0,4317.0,4326.0,4334.0,4350.0,4360.0,4365.0,4371.0,4379.0,4383.0,4388.0,4392.0,4395.0,4405.0,4406.0,4413.0,4420.0,4430.0,4438.0,4442.0,4445.0,4454.0,4461.0,4469.0,4478.0,4488.0,4492.0,4499.0,4512.0,4524.0,4531.0,4536.0,4540.0,4544.0,4550.0,4558.0,4563.0,4571.0,4577.0,4587.0,4590.0,4598.0,4606.0,4607.0,4615.0,4620.0,4628.0,4635.0,4640.0,4646.0,4654.0,4665.0,4671.0,4680.0,,,,,,,,,4741.0,4746.0,4750.0,4757.0,4761.0,4770.0,4778.0,4780.0,4785.0,4787.0,4794.0,4805.0,4815.0,4831.0,4844.0,4861.0,4878.0,4884.0,4894.0,4909.0,4913.0,4918.0,4921.0,4928.0,4938.0,4945.0,4947.0,4955.0,4959.0,4963.0,4968.0,4972.0,4977.0,4985.0,4994.0,4998.0,5000.0,5003.0,5016.0,5024.0,5028.0,5033.0,5038.0,5043.0,5050.0,5062.0,5072.0,5083.0,5090
g90DxFzbtDE,15411.0,15428.0,15439.0,15450.0,15467.0,15490.0,15514.0,15524.0,15534.0,15541.0,15547.0,15556.0,15630.0,15658.0,15669.0,15678.0,15686.0,15695.0,15700.0,15705.0,15711.0,15715.0,15720.0,15722.0,15728.0,15730.0,15734.0,15738.0,15739.0,15743.0,15749.0,15754.0,15757.0,15760.0,15762.0,15764.0,15768.0,15771.0,15775.0,15787.0,15790.0,15793.0,15799.0,15807.0,15813.0,15816.0,15819.0,15825.0,15831.0,15837.0,15838.0,15840.0,15845.0,15851.0,15854.0,15854.0,15855.0,15855.0,15857.0,15859.0,15864.0,15864.0,15865.0,15867.0,15870.0,15871.0,15873.0,15874.0,15878.0,15884.0,15886.0,15889.0,15893.0,15897.0,15901.0,15903.0,15905.0,15905.0,15905.0,15908.0,15909.0,15910.0,15912.0,15914.0,15914.0,15918.0,15920.0,15924.0,15924.0,15925.0,15926.0,15928.0,15934.0,15935.0,15936.0,15937.0,15938.0,15938.0,15938.0,15939.0,15943.0,15945.0,15951.0,15955.0,15956.0,15962.0,15965.0,15967.0,15968.0,15969.0,15971.0,15973.0,15974.0,15978.0,15980.0,15982.0,15983.0,15983.0,15983.0,15987.0,15991.0,15996.0,15996.0,16002.0,16004.0,16007.0,16010.0,16012.0,16014.0,16019.0,16021.0,16022.0,16024.0,16025.0,,,,,,,,,16048.0,16052.0,16054.0,16060.0,16066.0,16070.0,16071.0,16076.0,16077.0,16078.0,16080.0,16082.0,16084.0,16086.0,16087.0,16088.0,16094.0,16096.0,16097.0,16097.0,16098.0,16101.0,16103.0,16105.0,16105.0,16107.0,16110.0,16114.0,16118.0,16119.0,16119.0,16122.0,16124.0,16125.0,16127.0,16129.0,16130.0,16133.0,16134.0,16136.0,16138.0,16139.0,16142.0,16145.0,16149.0,16150.0,16151.0,16151.0,16159
WWaFTtsYcy4,358358.0,359953.0,361437.0,362964.0,364566.0,366345.0,367887.0,369440.0,371200.0,372840.0,374784.0,376419.0,378434.0,381015.0,383932.0,386597.0,388894.0,391009.0,393692.0,396302.0,398404.0,400805.0,403456.0,405766.0,407430.0,409996.0,412425.0,415369.0,418737.0,421852.0,423836.0,425863.0,427863.0,429721.0,431799.0,433787.0,435470.0,437148.0,438438.0,440545.0,442560.0,444226.0,445773.0,447386.0,449114.0,451074.0,452992.0,455279.0,457475.0,459443.0,461339.0,462891.0,464282.0,466037.0,468072.0,469960.0,471668.0,473548.0,475264.0,476759.0,478389.0,480273.0,482165.0,484098.0,485875.0,487264.0,488693.0,490325.0,491706.0,493856.0,495520.0,496949.0,498441.0,499730.0,501474.0,503185.0,505014.0,506668.0,508196.0,509642.0,510894.0,512417.0,513811.0,515314.0,516843.0,518694.0,520238.0,521442.0,523235.0,524991.0,526590.0,528364.0,529880.0,531306.0,532443.0,534116.0,535735.0,537418.0,539016.0,540470.0,542055.0,543576.0,545219.0,547023.0,548674.0,550589.0,552112.0,553647.0,554918.0,556568.0,558335.0,560016.0,561692.0,563276.0,564754.0,565943.0,567493.0,568991.0,570682.0,572986.0,574876.0,576894.0,578610.0,579822.0,581083.0,582279.0,583610.0,585035.0,586215.0,587525.0,589112.0,590596.0,592039.0,593602.0,,,,,,,,,607615.0,608897.0,610419.0,611936.0,613342.0,614962.0,616372.0,617687.0,619044.0,620603.0,622183.0,623742.0,625523.0,627149.0,628676.0,629870.0,631451.0,633107.0,635094.0,636539.0,637944.0,638997.0,640354.0,641724.0,643097.0,644906.0,646799.0,648779.0,650285.0,651740.0,653461.0,655608.0,657522.0,659380.0,661334.0,663055.0,664608.0,666343.0,667923.0,669953.0,671893.0,673637.0,675163.0,676667.0,678497.0,680280.0,682118.0,684006.0,686022
wfi1NY5hejg,66.0,66.0,66.0,66.0,66.0,66.0,66.0,66.0,66.0,66.0,66.0,66.0,66.0,66.0,66.0,66.0,66.0,66.0,66.0,66.0,66.0,66.0,66.0,66.0,66.0,66.0,66.0,66.0,66.0,66.0,66.0,66.0,66.0,66.0,66.0,66.0,66.0,66.0,66.0,66.0,66.0,66.0,66.0,66.0,66.0,66.0,66.0,66.0,66.0,66.0,66.0,66.0,66.0,66.0,66.0,66.0,66.0,66.0,66.0,66.0,66.0,66.0,66.0,66.0,66.0,66.0,66.0,66.0,66.0,66.0,66.0,66.0,66.0,66.0,66.0,66.0,66.0,66.0,66.0,66.0,66.0,66.0,66.0,66.0,66.0,66.0,66.0,66.0,66.0,66.0,66.0,66.0,66.0,66.0,66.0,66.0,66.0,66.0,66.0,66.0,66.0,66.0,66.0,66.0,66.0,66.0,66.0,66.0,66.0,66.0,66.0,66.0,66.0,66.0,66.0,66.0,66.0,66.0,66.0,66.0,66.0,66.0,66.0,66.0,66.0,66.0,66.0,66.0,66.0,66.0,66.0,66.0,66.0,66.0,,,,,,,,,66.0,67.0,67.0,67.0,67.0,67.0,67.0,67.0,67.0,67.0,67.0,67.0,67.0,67.0,67.0,67.0,67.0,67.0,67.0,67.0,67.0,67.0,67.0,67.0,67.0,67.0,67.0,67.0,67.0,67.0,67.0,67.0,67.0,67.0,67.0,67.0,67.0,67.0,67.0,67.0,67.0,67.0,67.0,67.0,67.0,67.0,67.0,67.0,67
ho2fFgQ4mNY,2878.0,2886.0,2896.0,2903.0,2909.0,2920.0,2928.0,2933.0,2941.0,2948.0,2956.0,2963.0,2973.0,2975.0,2985.0,2993.0,3002.0,3011.0,3020.0,3030.0,3039.0,3049.0,3060.0,3073.0,3084.0,3098.0,3110.0,3116.0,3134.0,3144.0,3171.0,3190.0,3205.0,3219.0,3239.0,3247.0,3258.0,3275.0,3279.0,3285.0,3288.0,3296.0,3299.0,3305.0,3307.0,3312.0,3318.0,3323.0,3329.0,3336.0,3341.0,3342.0,3346.0,3348.0,3360.0,3366.0,3370.0,3371.0,3372.0,3376.0,3382.0,3387.0,3386.0,3388.0,3389.0,3392.0,3393.0,3394.0,3399.0,3404.0,3407.0,3409.0,3411.0,3412.0,3414.0,3419.0,3421.0,3427.0,3433.0,3433.0,3438.0,3442.0,3445.0,3446.0,3450.0,3450.0,3452.0,3457.0,3463.0,3467.0,3470.0,3472.0,3478.0,3484.0,3486.0,3490.0,3496.0,3503.0,3510.0,3511.0,3512.0,3516.0,3518.0,3526.0,3530.0,3535.0,3537.0,3547.0,3552.0,3558.0,3562.0,3565.0,3570.0,3573.0,3578.0,3582.0,3584.0,3584.0,3588.0,3597.0,3608.0,3616.0,3620.0,3627.0,3629.0,3634.0,3640.0,3641.0,3642.0,3644.0,3647.0,3652.0,3653.0,3656.0,,,,,,,,,3690.0,3695.0,3701.0,3704.0,3708.0,3711.0,3714.0,3717.0,3720.0,3726.0,3730.0,3733.0,3737.0,3738.0,3741.0,3745.0,3746.0,3752.0,3755.0,3757.0,3758.0,3764.0,3767.0,3772.0,3778.0,3779.0,3779.0,3779.0,3779.0,3782.0,3787.0,3788.0,3790.0,3792.0,3797.0,3798.0,3798.0,3804.0,3814.0,3816.0,3817.0,3823.0,3824.0,3826.0,3830.0,3831.0,3833.0,3838.0,3840
JPUtMj-U4rw,143416.0,143808.0,144169.0,144463.0,144895.0,145295.0,145646.0,146034.0,146367.0,146721.0,146988.0,147429.0,147898.0,148272.0,148665.0,149151.0,149483.0,149827.0,150226.0,150594.0,150967.0,151294.0,151690.0,152002.0,152258.0,152613.0,152961.0,153405.0,153786.0,154214.0,154593.0,154891.0,155261.0,155611.0,156051.0,156793.0,157310.0,157802.0,158327.0,158875.0,159521.0,160005.0,160428.0,160820.0,161240.0,161530.0,161916.0,162257.0,162576.0,162828.0,163128.0,163341.0,163539.0,163755.0,164018.0,164273.0,164540.0,164773.0,164983.0,165177.0,165436.0,165679.0,165923.0,166113.0,166385.0,166612.0,166790.0,166976.0,167139.0,167362.0,167595.0,167790.0,167966.0,168129.0,168315.0,168575.0,168832.0,169053.0,169251.0,169414.0,169543.0,169740.0,169926.0,170126.0,170337.0,170500.0,170690.0,170863.0,171047.0,171285.0,171444.0,171632.0,171806.0,171993.0,172151.0,172361.0,172568.0,172771.0,172986.0,173170.0,173327.0,173506.0,173696.0,173918.0,174096.0,174309.0,174492.0,174651.0,174809.0,174992.0,175154.0,175365.0,175555.0,175738.0,175906.0,176051.0,176225.0,176407.0,176576.0,176748.0,176915.0,177054.0,177172.0,177300.0,177454.0,177623.0,177782.0,177945.0,178107.0,178238.0,178367.0,178523.0,178647.0,178812.0,,,,,,,,,180136.0,180270.0,180449.0,180636.0,180794.0,180975.0,181135.0,181266.0,181405.0,181554.0,181727.0,181904.0,182120.0,182332.0,182470.0,182603.0,182772.0,182918.0,183080.0,183220.0,183335.0,183453.0,183540.0,183675.0,183836.0,183998.0,184168.0,184297.0,184414.0,184516.0,184663.0,184801.0,184901.0,185043.0,185151.0,185265.0,185367.0,185488.0,185617.0,185768.0,185918.0,186035.0,186140.0,186251.0,186370.0,186515.0,186623.0,186760.0,186884
uHNZvTItgi0,9862.0,10051.0,10158.0,10253.0,10336.0,10386.0,10455.0,10501.0,10547.0,10591.0,10642.0,10697.0,10719.0,10754.0,10794.0,10829.0,10851.0,10893.0,10922.0,10954.0,10989.0,11008.0,11054.0,11083.0,11102.0,11130.0,11166.0,11194.0,11221.0,11255.0,11280.0,11298.0,11320.0,11350.0,11384.0,11405.0,11426.0,11463.0,11491.0,11517.0,11543.0,11569.0,11610.0,11633.0,11659.0,11688.0,11716.0,11748.0,11788.0,11830.0,11857.0,11886.0,11919.0,11942.0,11971.0,12000.0,12023.0,12050.0,12065.0,12091.0,12130.0,12171.0,12207.0,12238.0,12268.0,12295.0,12318.0,12347.0,12373.0,12408.0,12432.0,12464.0,12494.0,12526.0,12554.0,12583.0,12615.0,12639.0,12666.0,12692.0,12725.0,12753.0,12776.0,12801.0,12831.0,12859.0,12872.0,12908.0,12940.0,12962.0,12996.0,13021.0,13053.0,13068.0,13078.0,13111.0,13131.0,13147.0,13167.0,13202.0,13225.0,13254.0,13283.0,13301.0,13341.0,13368.0,13384.0,13404.0,13440.0,13458.0,13473.0,13496.0,13511.0,13528.0,13536.0,13554.0,13563.0,13582.0,13595.0,13616.0,13638.0,13654.0,13671.0,13695.0,13712.0,13733.0,13758.0,13783.0,13802.0,13819.0,13843.0,13862.0,13879.0,13901.0,,,,,,,,,14113.0,14146.0,14168.0,14199.0,14228.0,14249.0,14271.0,14282.0,14306.0,14342.0,14357.0,14382.0,14418.0,14443.0,14471.0,14488.0,14514.0,14541.0,14569.0,14591.0,14615.0,14629.0,14642.0,14670.0,14694.0,14728.0,14761.0,14785.0,14805.0,14822.0,14851.0,14872.0,14902.0,14926.0,14941.0,14969.0,14989.0,15007.0,15036.0,15055.0,15072.0,15088.0,15100.0,15115.0,15131.0,15156.0,15182.0,15206.0,15225
rkOymL7H63E,47971.0,48023.0,48084.0,48157.0,48228.0,48278.0,48356.0,48433.0,48506.0,48565.0,48604.0,48658.0,48728.0,48788.0,48835.0,48879.0,48939.0,48984.0,49021.0,49092.0,49145.0,49194.0,49271.0,49326.0,49385.0,49420.0,49469.0,49518.0,49573.0,49636.0,49690.0,49757.0,49831.0,49891.0,49938.0,49986.0,50030.0,50097.0,50154.0,50209.0,50275.0,50360.0,50421.0,50493.0,50545.0,50609.0,50672.0,50735.0,50787.0,50840.0,50898.0,50950.0,50990.0,51044.0,51099.0,51152.0,51216.0,51262.0,51312.0,51357.0,51425.0,51485.0,51535.0,51616.0,51652.0,51712.0,51755.0,51809.0,51851.0,51908.0,51960.0,52008.0,52054.0,52102.0,52161.0,52219.0,52259.0,52323.0,52379.0,52433.0,52497.0,52558.0,52618.0,52677.0,52751.0,52809.0,52848.0,52896.0,52945.0,52995.0,53062.0,53127.0,53193.0,53242.0,53317.0,53379.0,53425.0,53495.0,53554.0,53608.0,53659.0,53696.0,53746.0,53802.0,53852.0,53914.0,53993.0,54035.0,54102.0,54148.0,54202.0,54254.0,54304.0,54364.0,54420.0,54461.0,54518.0,54560.0,54622.0,54686.0,54740.0,54782.0,54830.0,54882.0,54921.0,54951.0,55005.0,55055.0,55089.0,55125.0,55170.0,55214.0,55253.0,55302.0,,,,,,,,,55746.0,55791.0,55837.0,55880.0,55926.0,55959.0,56027.0,56066.0,56126.0,56169.0,56211.0,56243.0,56288.0,56326.0,56356.0,56394.0,56427.0,56469.0,56518.0,56548.0,56594.0,56633.0,56675.0,56718.0,56763.0,56808.0,56852.0,56913.0,56955.0,57013.0,57068.0,57117.0,57167.0,57205.0,57237.0,57269.0,57306.0,57346.0,57390.0,57426.0,57461.0,57495.0,57526.0,57564.0,57593.0,57633.0,57700.0,57751.0,57794
i4sgBpuC5lk,211591.0,212066.0,212566.0,212986.0,213469.0,213908.0,214398.0,214801.0,215247.0,215905.0,216467.0,217087.0,217852.0,218433.0,219075.0,219924.0,220571.0,221246.0,221952.0,222664.0,223195.0,223930.0,224671.0,225274.0,225673.0,226096.0,226531.0,226979.0,227314.0,227779.0,228163.0,228511.0,228934.0,229392.0,229732.0,230206.0,230717.0,231310.0,231676.0,232085.0,232488.0,232886.0,233459.0,234043.0,234506.0,234871.0,235264.0,235652.0,236093.0,236492.0,236873.0,237255.0,237578.0,237892.0,238253.0,238613.0,238983.0,239406.0,239783.0,240239.0,240626.0,241046.0,241379.0,241770.0,242080.0,242449.0,242753.0,243061.0,243282.0,243635.0,243956.0,244290.0,244585.0,244861.0,245145.0,245376.0,245803.0,246211.0,246575.0,246939.0,247201.0,247491.0,247826.0,248158.0,248454.0,248741.0,249078.0,249339.0,249589.0,249952.0,250340.0,250728.0,251015.0,251359.0,251704.0,251999.0,252339.0,252686.0,252945.0,253242.0,253501.0,253743.0,254021.0,254249.0,254571.0,254845.0,255130.0,255446.0,255717.0,256045.0,256396.0,256756.0,257222.0,257692.0,257954.0,258321.0,258647.0,258957.0,259228.0,259603.0,259857.0,260123.0,260372.0,260606.0,260927.0,261210.0,261369.0,261694.0,261935.0,262220.0,262505.0,262830.0,263148.0,263594.0,,,,,,,,,266256.0,266469.0,266715.0,266945.0,267204.0,267413.0,267635.0,267901.0,268109.0,268326.0,268513.0,268676.0,268907.0,269083.0,269326.0,269519.0,269688.0,269905.0,270099.0,270366.0,270666.0,270938.0,271222.0,271479.0,271722.0,271989.0,272222.0,272446.0,272646.0,272873.0,273141.0,273419.0,273683.0,273886.0,274134.0,274365.0,274629.0,274865.0,275133.0,275435.0,275646.0,275928.0,276201.0,276399.0,276642.0,276903.0,277176.0,277462.0,277770
s0jkEgYXSjo,340259.0,343155.0,346361.0,349380.0,352374.0,355431.0,358256.0,360985.0,363418.0,365758.0,368145.0,370481.0,372735.0,375073.0,377294.0,379385.0,381440.0,383213.0,385086.0,386988.0,388868.0,390625.0,392232.0,393783.0,395120.0,396612.0,398347.0,399869.0,401763.0,403275.0,404821.0,406256.0,407744.0,409380.0,410908.0,412677.0,414400.0,415921.0,417247.0,418808.0,420295.0,421770.0,423089.0,424278.0,425451.0,426534.0,427776.0,429203.0,430313.0,431538.0,432614.0,433724.0,434832.0,435942.0,437106.0,438220.0,439296.0,440535.0,441599.0,442592.0,443648.0,444983.0,446596.0,447707.0,448604.0,449681.0,450797.0,452056.0,453119.0,454451.0,455449.0,456521.0,457311.0,458264.0,459202.0,460263.0,461088.0,461923.0,462769.0,463542.0,464343.0,465154.0,465972.0,466794.0,467576.0,468296.0,468943.0,469496.0,470262.0,471035.0,471787.0,472450.0,473075.0,473812.0,474454.0,475162.0,475782.0,476617.0,477379.0,478061.0,478701.0,479313.0,479951.0,480662.0,481387.0,482127.0,482949.0,483566.0,484251.0,484892.0,485589.0,486368.0,487086.0,487683.0,488309.0,488999.0,489727.0,490367.0,491013.0,491680.0,492350.0,492886.0,493334.0,493825.0,494375.0,494955.0,495556.0,496128.0,496776.0,497333.0,497865.0,498356.0,498897.0,499367.0,,,,,,,,,503833.0,504357.0,504852.0,505377.0,505930.0,506589.0,507047.0,507546.0,507903.0,508393.0,508927.0,509412.0,510034.0,510527.0,511114.0,511607.0,512117.0,512662.0,513252.0,513815.0,514411.0,515008.0,515576.0,516250.0,516995.0,517617.0,518203.0,518859.0,519370.0,519858.0,520427.0,521025.0,521657.0,522128.0,522671.0,523136.0,523681.0,524170.0,524697.0,525367.0,525883.0,526553.0,527717.0,529060.0,530020.0,530577.0,531104.0,531649.0,532156
Ubz6C2t_FFM,20715477.0,20743860.0,20776012.0,20808507.0,20841109.0,20873901.0,20901445.0,20931525.0,20964234.0,20997530.0,21030388.0,21060241.0,21090516.0,21125223.0,21159934.0,21194331.0,21228396.0,21260092.0,21290109.0,21320265.0,21350468.0,21381736.0,21412182.0,21444556.0,21475457.0,21506267.0,21537766.0,21569398.0,21601732.0,21635863.0,21667300.0,21694632.0,21722234.0,21752142.0,21781412.0,21810601.0,21839466.0,21865916.0,21892709.0,21922854.0,21953728.0,21985112.0,22017652.0,22051475.0,22082479.0,22111905.0,22144527.0,22179950.0,22213942.0,22247063.0,22279686.0,22314719.0,22346347.0,22380871.0,22414034.0,22448554.0,22483476.0,22516333.0,22547887.0,22581151.0,22615083.0,22652122.0,22688825.0,22731220.0,22770933.0,22807112.0,22844466.0,22885615.0,22921667.0,22966037.0,23004288.0,23044141.0,23087579.0,23125642.0,23162549.0,23197794.0,23232926.0,23267712.0,23304657.0,23338140.0,23367342.0,23397721.0,23427420.0,23458169.0,23488454.0,23519032.0,23546898.0,23573920.0,23599522.0,23625115.0,23652437.0,23679303.0,23706114.0,23733836.0,23760205.0,23785732.0,23811567.0,23839775.0,23867938.0,23895850.0,23924938.0,23954848.0,23982824.0,24012080.0,24042751.0,24074115.0,24104191.0,24133893.0,24161116.0,24187888.0,24216256.0,24244664.0,24271556.0,24300170.0,24329529.0,24357172.0,24387090.0,24415470.0,24444426.0,24473346.0,24503552.0,24535723.0,24567080.0,24598951.0,24630557.0,24661864.0,24694147.0,24730819.0,24763554.0,24793474.0,24823513.0,24855314.0,24886662.0,24916247.0,,,,,,,,,25163114.0,25188552.0,25213782.0,25239257.0,25266561.0,25292806.0,25321518.0,25349592.0,25377215.0,25400904.0,25426412.0,25453408.0,25480133.0,25510600.0,25539087.0,25566968.0,25592552.0,25620833.0,25645225.0,25667663.0,25690276.0,25713481.0,25735096.0,25757246.0,25781721.0,25807224.0,25832511.0,25858124.0,25883139.0,25907344.0,25931647.0,25955869.0,25981654.0,26008664.0,26035423.0,26063659.0,26091567.0,26118621.0,26146899.0,26175531.0,26204287.0,26232539.0,26260196.0,26287635.0,26315289.0,26342209.0,26368537.0,26394353.0,26420132
_UwS-Iox8gw,281377.0,282999.0,284657.0,286046.0,287709.0,289347.0,291112.0,292905.0,294700.0,296317.0,297838.0,299460.0,301014.0,302639.0,304240.0,305633.0,306838.0,308127.0,309439.0,310769.0,311959.0,313266.0,314574.0,315667.0,316636.0,317663.0,319122.0,320395.0,321590.0,322997.0,324182.0,325263.0,326515.0,327813.0,328999.0,330180.0,331416.0,332561.0,333539.0,334582.0,335663.0,336792.0,338007.0,339120.0,340241.0,341409.0,342341.0,343533.0,344648.0,345849.0,346989.0,348119.0,348955.0,350051.0,351040.0,351914.0,352907.0,353979.0,354906.0,355718.0,356654.0,357548.0,358460.0,359333.0,360156.0,360862.0,361533.0,362296.0,363032.0,363901.0,364764.0,365564.0,366281.0,366916.0,367700.0,368481.0,369263.0,370202.0,371073.0,371841.0,372472.0,373440.0,374217.0,375105.0,375978.0,376870.0,377600.0,378336.0,379175.0,379919.0,380691.0,381484.0,382449.0,383215.0,383868.0,384859.0,385474.0,386598.0,387520.0,388688.0,389589.0,390417.0,391150.0,392058.0,393152.0,394202.0,395156.0,396565.0,398154.0,400072.0,402027.0,403795.0,405581.0,407327.0,408933.0,410283.0,411783.0,413439.0,415004.0,416439.0,417723.0,418997.0,420203.0,421378.0,422593.0,423851.0,425309.0,426510.0,427664.0,428729.0,429804.0,430846.0,431943.0,433279.0,,,,,,,,,444646.0,445622.0,446712.0,447773.0,448843.0,449824.0,450737.0,451701.0,452650.0,453591.0,454571.0,455591.0,456692.0,457696.0,458732.0,459633.0,460689.0,461796.0,462877.0,463792.0,464730.0,465660.0,466457.0,467363.0,468295.0,469239.0,470057.0,471204.0,472117.0,472970.0,473887.0,474887.0,475888.0,476922.0,478013.0,479019.0,479867.0,480765.0,481876.0,482920.0,483922.0,485010.0,486047.0,487144.0,488062.0,489147.0,490095.0,490920.0,491894
U4xXdtFFNck,50042.0,50219.0,50380.0,50600.0,50773.0,50975.0,51219.0,51397.0,51601.0,51823.0,51994.0,52189.0,52367.0,52578.0,52782.0,52990.0,53237.0,53392.0,53553.0,53752.0,53911.0,54084.0,54261.0,54415.0,54576.0,54763.0,54942.0,55138.0,55327.0,55522.0,55747.0,56005.0,56262.0,56490.0,56691.0,56882.0,57073.0,57309.0,57526.0,57773.0,57965.0,58171.0,58381.0,58638.0,58909.0,59128.0,59368.0,59613.0,59829.0,60021.0,60213.0,60387.0,60571.0,60743.0,60932.0,61144.0,61314.0,61483.0,61692.0,61902.0,62064.0,62277.0,62490.0,62669.0,62840.0,62968.0,63123.0,63266.0,63396.0,63585.0,63747.0,63903.0,64070.0,64247.0,64383.0,64513.0,64713.0,64888.0,65035.0,65186.0,65356.0,65523.0,65685.0,65867.0,66036.0,66222.0,66386.0,66509.0,66682.0,66876.0,67015.0,67165.0,67354.0,67494.0,67683.0,67870.0,68028.0,68216.0,68358.0,68492.0,68642.0,68797.0,68973.0,69162.0,69336.0,69529.0,69679.0,69890.0,70072.0,70231.0,70388.0,70510.0,70640.0,70757.0,70870.0,71018.0,71147.0,71274.0,71392.0,71542.0,71657.0,71772.0,71911.0,72016.0,72126.0,72261.0,72379.0,72591.0,72771.0,72920.0,73038.0,73201.0,73342.0,73485.0,,,,,,,,,74897.0,75025.0,75138.0,75275.0,75398.0,75532.0,75637.0,75748.0,75862.0,75987.0,76117.0,76250.0,76359.0,76463.0,76552.0,76663.0,76796.0,76906.0,77030.0,77161.0,77275.0,77381.0,77493.0,77592.0,77769.0,77880.0,77985.0,78118.0,78229.0,78349.0,78471.0,78586.0,78704.0,78820.0,78891.0,78963.0,79015.0,79118.0,79186.0,79276.0,79347.0,79428.0,79520.0,79595.0,79684.0,79744.0,79827.0,79889.0,79963
qtTs8OtiN38,,,,,,,,,,,,,,,,,,,,,,,,,,,,,,,,,,,,,,,,,,,,,,,,,,,,,,,,,,,,,,,,,,,,,,,,,,,,,,,,,,,,,,,,,,,,,,,,,,,,,,,,,,,,,,,,,,,,,,,,,,,,,,,,,,,,,,,,,,,,,,,,,,,,,,,,,,,,,,,,,,,,,,,,,,,,,,,,,,,,,,,,,,,,,,,
zO3Xqbwpt8w,43944.0,44024.0,44141.0,44266.0,44373.0,44492.0,44620.0,44740.0,44903.0,45027.0,45142.0,45260.0,45392.0,45576.0,45731.0,45893.0,46062.0,46223.0,46358.0,46529.0,46702.0,46844.0,46987.0,47158.0,47319.0,47453.0,47640.0,47799.0,47955.0,48123.0,48272.0,48405.0,48556.0,48741.0,48863.0,49036.0,49224.0,49364.0,49488.0,49626.0,49780.0,49919.0,50070.0,50208.0,50348.0,50483.0,50656.0,50816.0,51048.0,51405.0,51788.0,52070.0,52335.0,52569.0,52819.0,53105.0,53376.0,53616.0,53881.0,54108.0,54376.0,54635.0,54854.0,55250.0,55695.0,56032.0,56340.0,56582.0,56780.0,57059.0,57283.0,57535.0,57769.0,57967.0,58170.0,58334.0,58532.0,58709.0,58887.0,59061.0,59271.0,59461.0,59638.0,59823.0,60010.0,60185.0,60348.0,60541.0,60733.0,60949.0,61139.0,61318.0,61493.0,61734.0,61911.0,62131.0,62317.0,62508.0,62706.0,62927.0,63144.0,63317.0,63525.0,63742.0,63903.0,64129.0,64316.0,64472.0,64621.0,64781.0,64946.0,65104.0,65284.0,65452.0,65629.0,65791.0,65968.0,66139.0,66303.0,66433.0,66611.0,66743.0,66864.0,67031.0,67174.0,67308.0,67438.0,67606.0,67787.0,67930.0,68055.0,68221.0,68375.0,68567.0,,,,,,,,,70110.0,70259.0,70386.0,70527.0,70689.0,70835.0,70991.0,71116.0,71212.0,71348.0,71509.0,71618.0,71787.0,71919.0,72089.0,72201.0,72355.0,72507.0,72658.0,72794.0,72936.0,73095.0,73247.0,73398.0,73553.0,73708.0,73888.0,74042.0,74184.0,74322.0,74488.0,74676.0,74897.0,75070.0,75285.0,75456.0,75613.0,75758.0,75924.0,76117.0,76305.0,76506.0,76654.0,76798.0,76938.0,77092.0,77272.0,77447.0,77598
SKXEWMMOb2c,1734.0,1740.0,1744.0,1747.0,1750.0,1752.0,1756.0,1759.0,1761.0,1767.0,1773.0,1778.0,1781.0,1786.0,1788.0,1793.0,1797.0,1799.0,1800.0,1803.0,1807.0,1815.0,1819.0,1821.0,1822.0,1826.0,1826.0,1830.0,1831.0,1832.0,1835.0,1837.0,1842.0,1844.0,1847.0,1850.0,1857.0,1861.0,1862.0,1868.0,1870.0,1875.0,1878.0,1883.0,1891.0,1894.0,1896.0,1898.0,1897.0,1896.0,1900.0,1903.0,1905.0,1909.0,1913.0,1913.0,1919.0,1920.0,1922.0,1926.0,1926.0,1926.0,1929.0,1932.0,1934.0,1936.0,1936.0,1938.0,1938.0,1941.0,1946.0,1947.0,1950.0,1957.0,1957.0,1960.0,1965.0,1969.0,1975.0,1974.0,1977.0,1981.0,1982.0,1986.0,1989.0,1992.0,1994.0,1997.0,1998.0,2000.0,2004.0,2004.0,2010.0,2017.0,2021.0,2021.0,2024.0,2027.0,2033.0,2036.0,2039.0,2043.0,2045.0,2048.0,2052.0,2057.0,2061.0,2063.0,2063.0,2064.0,2068.0,2075.0,2078.0,2080.0,2083.0,2085.0,2090.0,2091.0,2097.0,2098.0,2101.0,2103.0,2104.0,2106.0,2106.0,2109.0,2114.0,2119.0,2119.0,2121.0,2123.0,2129.0,2131.0,2135.0,,,,,,,,,2165.0,2166.0,2172.0,2175.0,2183.0,2185.0,2185.0,2187.0,2188.0,2189.0,2190.0,2192.0,2192.0,2194.0,2196.0,2196.0,2199.0,2202.0,2213.0,2214.0,2215.0,2216.0,2221.0,2222.0,2225.0,2227.0,2229.0,2233.0,2233.0,2234.0,2235.0,2237.0,2238.0,2242.0,2244.0,2247.0,2250.0,2251.0,2255.0,2255.0,2255.0,2259.0,2262.0,2267.0,2268.0,2269.0,2272.0,2276.0,2279
oDk8qWwGsHM,601910.0,604503.0,607332.0,609968.0,612972.0,616114.0,618573.0,620722.0,623460.0,625948.0,627964.0,631214.0,633740.0,636010.0,638571.0,641068.0,643904.0,646174.0,648793.0,651511.0,654042.0,656486.0,658781.0,660617.0,662040.0,663561.0,665592.0,667491.0,669444.0,671336.0,672771.0,674753.0,676632.0,678164.0,680094.0,681917.0,683789.0,685636.0,687122.0,688648.0,690446.0,692266.0,694315.0,696161.0,698005.0,699439.0,701812.0,704031.0,706037.0,708070.0,710191.0,712149.0,713880.0,715814.0,717471.0,719155.0,720885.0,722639.0,724382.0,725792.0,727344.0,728856.0,730623.0,732033.0,733632.0,735124.0,736472.0,738226.0,739728.0,741673.0,743741.0,745569.0,747328.0,748749.0,750293.0,751770.0,753216.0,754521.0,756217.0,758000.0,759741.0,761932.0,764013.0,766173.0,768144.0,770039.0,771741.0,772893.0,774595.0,776332.0,777804.0,779492.0,781687.0,783397.0,784645.0,786215.0,787652.0,788940.0,790197.0,791707.0,793037.0,794297.0,795848.0,797486.0,799232.0,801132.0,802585.0,803885.0,805049.0,806372.0,807741.0,809258.0,810654.0,812112.0,813257.0,814401.0,815522.0,816828.0,818134.0,819497.0,820662.0,821801.0,822772.0,823927.0,824997.0,826260.0,827292.0,828663.0,829946.0,830970.0,832275.0,833722.0,835323.0,836821.0,,,,,,,,,847939.0,848989.0,849977.0,851043.0,852141.0,853238.0,854209.0,855115.0,855960.0,857274.0,858471.0,859819.0,861137.0,862393.0,863620.0,864715.0,865791.0,867019.0,868043.0,869305.0,870341.0,871435.0,872575.0,873825.0,874888.0,875961.0,877070.0,878200.0,879147.0,880049.0,881024.0,882065.0,883137.0,884118.0,885273.0,886263.0,887136.0,888163.0,889272.0,890374.0,891537.0,892745.0,893864.0,894711.0,896008.0,897633.0,899022.0,900378.0,901612
ahEVtg_2DiA,30108.0,30844.0,31407.0,32198.0,33132.0,33910.0,34670.0,35412.0,36189.0,36939.0,37632.0,38010.0,38354.0,38685.0,38951.0,39307.0,39714.0,40012.0,40281.0,40642.0,41144.0,41553.0,42017.0,42391.0,42660.0,43034.0,43355.0,43772.0,44079.0,44408.0,44701.0,44870.0,45139.0,45355.0,45674.0,45967.0,46214.0,46425.0,46621.0,46834.0,47045.0,47294.0,47524.0,47714.0,47940.0,48083.0,48301.0,48553.0,48829.0,49049.0,49222.0,49434.0,49627.0,49818.0,50089.0,50314.0,50534.0,50753.0,50935.0,51101.0,51292.0,51557.0,51753.0,51942.0,52102.0,52213.0,52375.0,52536.0,52678.0,52865.0,53070.0,53264.0,53413.0,53550.0,53730.0,53888.0,54073.0,54270.0,54502.0,54741.0,54996.0,55211.0,55457.0,55675.0,55939.0,56200.0,56501.0,56723.0,57056.0,57428.0,57807.0,58133.0,58415.0,58653.0,58855.0,59087.0,59324.0,59617.0,59874.0,60224.0,60519.0,60743.0,61080.0,61370.0,61704.0,62054.0,62401.0,62733.0,63055.0,63391.0,63742.0,64098.0,64427.0,64722.0,64950.0,65128.0,65322.0,65556.0,65815.0,66097.0,66353.0,66542.0,66725.0,66904.0,67093.0,67297.0,67519.0,67718.0,67897.0,68085.0,68294.0,68487.0,68794.0,69032.0,,,,,,,,,71474.0,71718.0,71981.0,72304.0,72562.0,72803.0,73056.0,73320.0,73544.0,73767.0,74085.0,74362.0,74673.0,74959.0,75223.0,75414.0,75709.0,76038.0,76346.0,76631.0,76915.0,77205.0,77427.0,77695.0,77948.0,78271.0,78601.0,78918.0,79146.0,79384.0,79626.0,79921.0,80165.0,80459.0,80755.0,81038.0,81262.0,81491.0,81778.0,82052.0,82297.0,82562.0,82744.0,82947.0,83212.0,83476.0,83733.0,83985.0,84269
vHJRU06ago4,46152.0,46681.0,47211.0,47630.0,48276.0,48891.0,49479.0,50173.0,50884.0,51534.0,52215.0,53080.0,53891.0,54816.0,55515.0,56256.0,56890.0,57387.0,57951.0,58617.0,59388.0,59996.0,60646.0,61122.0,61519.0,61995.0,62458.0,62997.0,63417.0,63859.0,64166.0,64481.0,64878.0,65276.0,65659.0,66052.0,66452.0,66732.0,67007.0,67319.0,67725.0,68107.0,68541.0,68916.0,69326.0,69658.0,69958.0,70448.0,70893.0,71238.0,71669.0,72054.0,72299.0,72794.0,73343.0,73952.0,74568.0,75143.0,75573.0,76052.0,76757.0,77575.0,78382.0,79065.0,79693.0,80256.0,80734.0,81451.0,81821.0,82601.0,83248.0,83839.0,84344.0,84760.0,85405.0,86011.0,86478.0,86853.0,87187.0,87610.0,88010.0,88500.0,88917.0,89289.0,89610.0,89929.0,90248.0,90480.0,90737.0,91158.0,91536.0,92006.0,92414.0,92801.0,93037.0,93347.0,93734.0,94055.0,94460.0,94803.0,95142.0,95394.0,95660.0,95948.0,96248.0,96658.0,97063.0,97498.0,97821.0,98168.0,98491.0,98871.0,99228.0,99642.0,99947.0,100167.0,100396.0,100652.0,100981.0,101361.0,101686.0,102017.0,102294.0,102553.0,102854.0,103113.0,103363.0,103641.0,103874.0,104133.0,104351.0,104605.0,104896.0,105355.0,,,,,,,,,110841.0,111492.0,112414.0,113122.0,113762.0,114454.0,115161.0,115728.0,116392.0,117397.0,118247.0,119338.0,120365.0,121453.0,122088.0,122744.0,123742.0,124699.0,125623.0,126170.0,126710.0,127195.0,127605.0,128036.0,128477.0,128863.0,129350.0,129844.0,130244.0,130614.0,131071.0,131607.0,132085.0,132651.0,133238.0,133712.0,134058.0,134586.0,135190.0,135678.0,136160.0,136684.0,137181.0,137548.0,138106.0,138640.0,139201.0,139635.0,140230
ZlQGxT4OYx0,119788.0,119816.0,119836.0,119852.0,119871.0,119887.0,119901.0,119922.0,119935.0,119954.0,119976.0,119999.0,120012.0,120023.0,120035.0,120057.0,120079.0,120096.0,120119.0,120132.0,120152.0,120186.0,120222.0,120254.0,120278.0,120293.0,120309.0,120320.0,120339.0,120353.0,120374.0,120392.0,120404.0,120413.0,120430.0,120447.0,120465.0,120478.0,120487.0,120500.0,120523.0,120532.0,120554.0,120569.0,120581.0,120601.0,120620.0,120632.0,120645.0,120656.0,120682.0,120691.0,120710.0,120720.0,120734.0,120749.0,120761.0,120772.0,120786.0,120797.0,120818.0,120828.0,120835.0,120851.0,120864.0,120872.0,120886.0,120899.0,120908.0,120918.0,120928.0,120944.0,120965.0,120981.0,120997.0,121012.0,121025.0,121042.0,121064.0,121074.0,121089.0,121102.0,121118.0,121134.0,121148.0,121158.0,121175.0,121193.0,121206.0,121216.0,121221.0,121224.0,121232.0,121239.0,121246.0,121254.0,121268.0,121280.0,121288.0,121297.0,121307.0,121319.0,121326.0,121331.0,121344.0,121355.0,121360.0,121371.0,121384.0,121396.0,121401.0,121414.0,121422.0,121433.0,121441.0,121451.0,121460.0,121466.0,121478.0,121495.0,121499.0,121512.0,121522.0,121530.0,121537.0,121543.0,121546.0,121554.0,121571.0,121583.0,121588.0,121591.0,121597.0,121598.0,,,,,,,,,121659.0,121667.0,121675.0,121684.0,121689.0,121697.0,121702.0,121704.0,121713.0,121725.0,121744.0,121755.0,121763.0,121764.0,121775.0,121788.0,121792.0,121801.0,121811.0,121820.0,121824.0,121827.0,121835.0,121845.0,121855.0,121861.0,121869.0,121880.0,121887.0,121895.0,121911.0,121918.0,121922.0,121927.0,121937.0,121940.0,121949.0,121958.0,121969.0,121984.0,121998.0,122005.0,122020.0,122029.0,122034.0,122048.0,122062.0,122070.0,122088
VMYDoWj59qo,1138.0,1138.0,1139.0,1141.0,1144.0,1147.0,1148.0,1149.0,1149.0,1149.0,1149.0,1151.0,1151.0,1151.0,1152.0,1152.0,1152.0,1152.0,1153.0,1153.0,1153.0,1156.0,1157.0,1158.0,1158.0,1158.0,1158.0,1158.0,1159.0,1160.0,1160.0,1160.0,1161.0,1162.0,1163.0,1163.0,1163.0,1163.0,1165.0,1165.0,1166.0,1166.0,1167.0,1167.0,1167.0,1169.0,1169.0,1169.0,1170.0,1172.0,1171.0,1171.0,1172.0,1173.0,1173.0,1173.0,1173.0,1173.0,1173.0,1173.0,1174.0,1174.0,1174.0,1175.0,1176.0,1176.0,1176.0,1176.0,1177.0,1177.0,1177.0,1177.0,1177.0,1177.0,1177.0,1178.0,1179.0,1181.0,1183.0,1183.0,1185.0,1186.0,1186.0,1186.0,1186.0,1186.0,1187.0,1188.0,1189.0,1189.0,1189.0,1189.0,1190.0,1191.0,1191.0,1192.0,1192.0,1193.0,1193.0,1193.0,1193.0,1194.0,1194.0,1194.0,1194.0,1193.0,1193.0,1193.0,1193.0,1193.0,1193.0,1193.0,1193.0,1195.0,1195.0,1195.0,1196.0,1197.0,1197.0,1197.0,1198.0,1198.0,1198.0,1198.0,1198.0,1198.0,1198.0,1198.0,1198.0,1198.0,1198.0,1199.0,1201.0,1201.0,,,,,,,,,1202.0,1202.0,1202.0,1202.0,1202.0,1202.0,1202.0,1202.0,1202.0,1202.0,1202.0,1202.0,1203.0,1203.0,1203.0,1203.0,1204.0,1204.0,1205.0,1205.0,1205.0,1206.0,1206.0,1206.0,1206.0,1206.0,1206.0,1206.0,1206.0,1206.0,1206.0,1206.0,1207.0,1207.0,1207.0,1207.0,1207.0,1207.0,1208.0,1209.0,1212.0,1212.0,1212.0,1213.0,1213.0,1213.0,1214.0,1214.0,1214
QBf1XRP0Lqg,78264.0,78293.0,78337.0,78371.0,78406.0,78440.0,78463.0,78502.0,78520.0,78555.0,78571.0,78597.0,78621.0,78653.0,78672.0,78690.0,78713.0,78735.0,78764.0,78783.0,78803.0,78843.0,78903.0,78937.0,78963.0,78988.0,79006.0,79026.0,79047.0,79066.0,79080.0,79100.0,79107.0,79122.0,79140.0,79161.0,79175.0,79186.0,79199.0,79213.0,79229.0,79237.0,79250.0,79263.0,79277.0,79288.0,79305.0,79318.0,79331.0,79352.0,79367.0,79377.0,79391.0,79395.0,79405.0,79420.0,79426.0,79439.0,79450.0,79462.0,79466.0,79480.0,79486.0,79508.0,79518.0,79531.0,79535.0,79542.0,79555.0,79568.0,79576.0,79583.0,79593.0,79603.0,79615.0,79659.0,79691.0,79727.0,79764.0,79786.0,79826.0,79854.0,79885.0,79925.0,79969.0,80009.0,80058.0,80088.0,80125.0,80137.0,80138.0,80140.0,80147.0,80147.0,80155.0,80162.0,80165.0,80169.0,80172.0,80175.0,80182.0,80187.0,80193.0,80198.0,80204.0,80212.0,80215.0,80217.0,80223.0,80227.0,80231.0,80235.0,80241.0,80243.0,80255.0,80261.0,80266.0,80278.0,80281.0,80283.0,80285.0,80289.0,80298.0,80301.0,80303.0,80306.0,80310.0,80315.0,80320.0,80331.0,80335.0,80340.0,80341.0,80343.0,,,,,,,,,80378.0,80382.0,80386.0,80394.0,80399.0,80408.0,80414.0,80419.0,80425.0,80436.0,80450.0,80463.0,80470.0,80477.0,80488.0,80492.0,80494.0,80497.0,80500.0,80508.0,80510.0,80511.0,80513.0,80519.0,80522.0,80531.0,80531.0,80538.0,80543.0,80545.0,80548.0,80551.0,80554.0,80554.0,80568.0,80576.0,80582.0,80585.0,80589.0,80592.0,80596.0,80599.0,80603.0,80608.0,80612.0,80621.0,80630.0,80635.0,80647
bY2JgNSFEG0,7291844.0,7293986.0,7296253.0,7298699.0,7300966.0,7303345.0,7305518.0,7307982.0,7310592.0,7313130.0,7315471.0,7317697.0,7319958.0,7322037.0,7324282.0,7326559.0,7328805.0,7330876.0,7333062.0,7334974.0,7336974.0,7339056.0,7341034.0,7343056.0,7345017.0,7346903.0,7348879.0,7350629.0,7352250.0,7353886.0,7355530.0,7357029.0,7358657.0,7360160.0,7361763.0,7363403.0,7365214.0,7367096.0,7368920.0,7370596.0,7372372.0,7374092.0,7375713.0,7377332.0,7379039.0,7380587.0,7382144.0,7383864.0,7385465.0,7387093.0,7388571.0,7389974.0,7391393.0,7392922.0,7394417.0,7395847.0,7397260.0,7398575.0,7399943.0,7401516.0,7403037.0,7404456.0,7405971.0,7407499.0,7409089.0,7410595.0,7411965.0,7413346.0,7414602.0,7416088.0,7417621.0,7419288.0,7421254.0,7423285.0,7425175.0,7427054.0,7428844.0,7430361.0,7431914.0,7433601.0,7435151.0,7436550.0,7437964.0,7439448.0,7440787.0,7442186.0,7443595.0,7444813.0,7446155.0,7447527.0,7448696.0,7449778.0,7450979.0,7452163.0,7453361.0,7454417.0,7455340.0,7456502.0,7457609.0,7458619.0,7459693.0,7460997.0,7462218.0,7463229.0,7464297.0,7465283.0,7466331.0,7467368.0,7468454.0,7469500.0,7470441.0,7471310.0,7472256.0,7473322.0,7474517.0,7475722.0,7476717.0,7477657.0,7478612.0,7479591.0,7480611.0,7481795.0,7482925.0,7483963.0,7484900.0,7485884.0,7486824.0,7487818.0,7488840.0,7489964.0,7491063.0,7492151.0,7493168.0,7494073.0,,,,,,,,,7503330.0,7504354.0,7505349.0,7506393.0,7507393.0,7508725.0,7510831.0,7512509.0,7514218.0,7515834.0,7517330.0,7518749.0,7520531.0,7522109.0,7523620.0,7525085.0,7526509.0,7527710.0,7529035.0,7530264.0,7531369.0,7532419.0,7533502.0,7534516.0,7535608.0,7536552.0,7537552.0,7538610.0,7539753.0,7540818.0,7541852.0,7542874.0,7543915.0,7544833.0,7545708.0,7546574.0,7547445.0,7548235.0,7549080.0,7549941.0,7550822.0,7551700.0,7552549.0,7553417.0,7554280.0,7555119.0,7555978.0,7556915.0,7557890
ir9hOiVn768,193.0,193.0,194.0,194.0,194.0,194.0,195.0,195.0,195.0,195.0,195.0,195.0,195.0,195.0,195.0,195.0,195.0,195.0,195.0,196.0,196.0,196.0,196.0,196.0,197.0,197.0,199.0,199.0,202.0,210.0,213.0,218.0,224.0,226.0,229.0,229.0,229.0,229.0,230.0,230.0,230.0,232.0,232.0,232.0,232.0,232.0,233.0,233.0,233.0,234.0,235.0,235.0,235.0,235.0,235.0,235.0,236.0,236.0,236.0,237.0,237.0,237.0,238.0,238.0,238.0,238.0,239.0,239.0,239.0,239.0,239.0,239.0,239.0,242.0,245.0,245.0,245.0,245.0,245.0,246.0,247.0,247.0,247.0,247.0,247.0,247.0,247.0,247.0,247.0,247.0,247.0,247.0,247.0,247.0,247.0,247.0,247.0,247.0,247.0,247.0,247.0,247.0,247.0,247.0,247.0,248.0,248.0,248.0,248.0,248.0,248.0,248.0,248.0,252.0,252.0,252.0,252.0,252.0,252.0,252.0,252.0,252.0,252.0,252.0,252.0,252.0,252.0,252.0,252.0,252.0,253.0,253.0,253.0,253.0,,,,,,,,,255.0,255.0,255.0,256.0,256.0,256.0,257.0,257.0,257.0,257.0,257.0,257.0,257.0,257.0,257.0,257.0,257.0,257.0,257.0,257.0,257.0,257.0,257.0,257.0,257.0,257.0,258.0,258.0,258.0,258.0,258.0,258.0,258.0,258.0,258.0,258.0,258.0,258.0,258.0,258.0,258.0,258.0,258.0,258.0,258.0,258.0,258.0,258.0,258
NV_FhT9P4N4,1102.0,1107.0,1116.0,1117.0,1120.0,1122.0,1123.0,1125.0,1126.0,1132.0,1134.0,1134.0,1136.0,1136.0,1139.0,1141.0,1148.0,1154.0,1152.0,1155.0,1155.0,1156.0,1158.0,1160.0,1161.0,1162.0,1162.0,1166.0,1168.0,1169.0,1169.0,1170.0,1170.0,1171.0,1173.0,1175.0,1176.0,1178.0,1179.0,1179.0,1180.0,1179.0,1180.0,1182.0,1183.0,1183.0,1187.0,1189.0,1194.0,1195.0,1195.0,1196.0,1197.0,1201.0,1205.0,1212.0,1214.0,1216.0,1217.0,1220.0,1221.0,1223.0,1226.0,1228.0,1232.0,1235.0,1235.0,1235.0,1235.0,1235.0,1236.0,1240.0,1240.0,1240.0,1240.0,1241.0,1244.0,1244.0,1247.0,1249.0,1250.0,1256.0,1259.0,1262.0,1263.0,1265.0,1266.0,1268.0,1278.0,1278.0,1278.0,1278.0,1283.0,1289.0,1293.0,1297.0,1301.0,1304.0,1314.0,1314.0,1314.0,1317.0,1317.0,1319.0,1320.0,1324.0,1324.0,1326.0,1329.0,1330.0,1331.0,1333.0,1334.0,1335.0,1341.0,1342.0,1342.0,1344.0,1346.0,1346.0,1346.0,1348.0,1348.0,1348.0,1349.0,1350.0,1350.0,1352.0,1354.0,1354.0,1360.0,1362.0,1365.0,1368.0,,,,,,,,,1375.0,1376.0,1376.0,1377.0,1377.0,1377.0,1377.0,1380.0,1381.0,1382.0,1382.0,1382.0,1382.0,1382.0,1382.0,1382.0,1382.0,1382.0,1382.0,1382.0,1382.0,1382.0,1382.0,1382.0,1382.0,1382.0,1382.0,1382.0,1382.0,1382.0,1382.0,1382.0,1382.0,1382.0,1382.0,1382.0,1382.0,1382.0,1382.0,1382.0,1382.0,1382.0,1382.0,1382.0,1382.0,1382.0,1382.0,1382.0,1382
kkx_S5PH5zw,1051274.0,1066622.0,1084559.0,1103181.0,1122419.0,1141959.0,1154595.0,1178602.0,1195300.0,1212466.0,1227674.0,1243574.0,1258235.0,1262118.0,1262618.0,1263196.0,1263759.0,1264396.0,1264962.0,1265540.0,1266175.0,1266881.0,1267519.0,1268120.0,1268714.0,1269333.0,1269865.0,1270430.0,1271026.0,1271626.0,1272345.0,1273065.0,1273659.0,1274275.0,1274889.0,1275559.0,1276238.0,1276896.0,1277517.0,1278126.0,1278710.0,1279323.0,1279962.0,1280514.0,1281057.0,1281663.0,1282291.0,1282892.0,1283381.0,1283908.0,1284478.0,1284990.0,1285435.0,1285855.0,1286242.0,1286650.0,1287106.0,1287516.0,1287940.0,1288371.0,1288733.0,1289129.0,1289513.0,1289958.0,1290433.0,1291248.0,1291604.0,1291891.0,1291998.0,1292472.0,1292822.0,1292949.0,1293276.0,1293615.0,1294243.0,1295093.0,1295911.0,1296676.0,1297447.0,1298238.0,1298995.0,1299798.0,1300599.0,1301490.0,1302230.0,1302970.0,1303744.0,1304337.0,1304812.0,1305281.0,1305796.0,1306293.0,1306757.0,1307202.0,1307645.0,1308105.0,1308547.0,1308953.0,1309451.0,1309901.0,1310340.0,1310819.0,1311278.0,1311813.0,1312268.0,1312748.0,1313184.0,1313514.0,1313749.0,1313877.0,1314157.0,1314391.0,1314609.0,1314771.0,1314900.0,1315081.0,1315260.0,1315462.0,1315655.0,1315856.0,1316050.0,1316212.0,1316410.0,1316645.0,1316885.0,1317097.0,1317210.0,1317396.0,1317568.0,1317765.0,1317931.0,1318080.0,1318219.0,1318351.0,,,,,,,,,1319682.0,1319797.0,1319915.0,1320076.0,1320265.0,1320416.0,1320543.0,1320702.0,1320848.0,1320978.0,1321128.0,1321319.0,1321463.0,1321654.0,1321824.0,1322037.0,1322244.0,1322431.0,1322618.0,1322795.0,1323027.0,1323184.0,1323393.0,1323558.0,1323718.0,1323867.0,1324042.0,1324188.0,1324314.0,1324446.0,1324582.0,1324695.0,1324836.0,1324945.0,1325048.0,1325175.0,1325294.0,1325405.0,1325522.0,1325667.0,1325766.0,1325876.0,1325984.0,1326094.0,1326217.0,1326321.0,1326402.0,1326511.0,1326645
Lo8pkle6Nnw,4643.0,4665.0,4681.0,4703.0,4718.0,4778.0,4787.0,4809.0,4832.0,4848.0,4890.0,4903.0,4921.0,4935.0,4953.0,4984.0,5008.0,5023.0,5031.0,5048.0,5064.0,5088.0,5132.0,5199.0,5223.0,5265.0,5342.0,5353.0,5456.0,5483.0,5503.0,5506.0,5520.0,5535.0,5559.0,5567.0,5589.0,5607.0,5617.0,5652.0,5693.0,5731.0,5755.0,5782.0,5834.0,5854.0,5888.0,5944.0,5986.0,6078.0,6104.0,6220.0,6261.0,6324.0,6332.0,6355.0,6400.0,6451.0,6461.0,6535.0,6553.0,6561.0,6596.0,6626.0,6685.0,6724.0,6784.0,6837.0,6845.0,6959.0,7063.0,7124.0,7151.0,7190.0,7028.0,7108.0,7159.0,7195.0,7239.0,7307.0,7320.0,7352.0,7363.0,7405.0,7424.0,7469.0,7492.0,7497.0,7530.0,7552.0,7592.0,7642.0,7657.0,7667.0,7705.0,7709.0,7717.0,7750.0,7773.0,7857.0,7871.0,7905.0,7916.0,7929.0,7948.0,7957.0,7988.0,8010.0,8025.0,8036.0,8044.0,8093.0,8103.0,8121.0,8134.0,8168.0,8227.0,8245.0,8255.0,8278.0,8284.0,8292.0,8311.0,8316.0,8326.0,8361.0,8375.0,8384.0,8407.0,8427.0,8441.0,8467.0,8482.0,8496.0,,,,,,,,,8645.0,8651.0,8657.0,8695.0,8708.0,8717.0,8770.0,8786.0,8793.0,8801.0,8831.0,8837.0,8842.0,8850.0,8862.0,8878.0,8884.0,8899.0,8906.0,8918.0,8925.0,8949.0,8957.0,8960.0,8978.0,8984.0,8997.0,9026.0,9032.0,9035.0,9052.0,9061.0,9069.0,9087.0,9118.0,9129.0,9155.0,9168.0,9172.0,9178.0,9192.0,9231.0,9232.0,9237.0,9253.0,9270.0,9300.0,9308.0,9321
oZJ3qBZtkUE,774018.0,774105.0,774168.0,774236.0,774301.0,774394.0,774480.0,774588.0,774681.0,774769.0,774848.0,774946.0,775065.0,775179.0,775274.0,775351.0,775426.0,775507.0,775611.0,775694.0,775764.0,775848.0,775931.0,775990.0,776056.0,776116.0,776193.0,776266.0,776350.0,776436.0,776516.0,776605.0,776667.0,776710.0,776773.0,776856.0,776924.0,776987.0,777044.0,777111.0,777172.0,777232.0,777281.0,777331.0,777382.0,777431.0,777538.0,777799.0,777980.0,778106.0,778247.0,778389.0,778507.0,778606.0,778714.0,778818.0,778923.0,779005.0,779097.0,779175.0,779250.0,779319.0,779405.0,779470.0,779545.0,779613.0,779675.0,779730.0,779780.0,779838.0,779899.0,779944.0,779990.0,780040.0,780083.0,780143.0,780201.0,780254.0,780304.0,780365.0,780404.0,780468.0,780519.0,780597.0,780682.0,780947.0,781158.0,781282.0,781382.0,781463.0,781574.0,781649.0,781762.0,781827.0,781890.0,781970.0,782023.0,782074.0,782131.0,782188.0,782224.0,782267.0,782305.0,782335.0,782374.0,782403.0,782444.0,782477.0,782495.0,782528.0,782554.0,782590.0,782627.0,782663.0,782697.0,782732.0,782755.0,782774.0,782806.0,782836.0,782864.0,782885.0,782928.0,782950.0,782974.0,783016.0,783055.0,783090.0,783132.0,783168.0,783191.0,783220.0,783242.0,783254.0,,,,,,,,,783525.0,783551.0,783582.0,783610.0,783638.0,783657.0,783680.0,783697.0,783724.0,783758.0,783795.0,783822.0,783858.0,783893.0,783923.0,783943.0,783972.0,784001.0,784029.0,784055.0,784083.0,784108.0,784130.0,784156.0,784177.0,784193.0,784213.0,784239.0,784266.0,784289.0,784313.0,784335.0,784370.0,784394.0,784422.0,784445.0,784466.0,784499.0,784527.0,784547.0,784581.0,784621.0,784670.0,784714.0,784734.0,784764.0,784804.0,784834.0,784868
ZDBZijxwnzg,151.0,152.0,153.0,154.0,155.0,157.0,158.0,159.0,160.0,162.0,163.0,163.0,163.0,164.0,164.0,164.0,164.0,165.0,165.0,165.0,165.0,165.0,165.0,167.0,167.0,168.0,,,,,,,,,,,,,,,,,,,,,,,,,,,,,,,,,,,,,,,,,,,,,,,,,,,,,,,,,,,,,,,,,,,,,,,,,,,,,,,,,,,,,,,,,,,,,,,,,,,,,,,,,,,,,,,,,,,,,,,,,,,,,,,,,,,,,,,,,,,,,,,,,,,,,,,,,,,,,,,,,,,,,
nJNR51KfaPE,518659.0,518738.0,518832.0,518943.0,519045.0,519138.0,519249.0,519347.0,519460.0,519570.0,519644.0,519747.0,519839.0,519927.0,520033.0,520102.0,520177.0,520236.0,520311.0,520370.0,520436.0,520510.0,520583.0,520640.0,520738.0,520812.0,520891.0,520960.0,521045.0,521115.0,521182.0,521247.0,521283.0,521340.0,521407.0,521491.0,521573.0,521638.0,521705.0,521777.0,521828.0,521900.0,521983.0,522066.0,522115.0,522178.0,522225.0,522290.0,522371.0,522436.0,522514.0,522584.0,522651.0,522712.0,522763.0,522828.0,522904.0,522968.0,523058.0,523234.0,523317.0,523407.0,523490.0,523539.0,523608.0,523689.0,523770.0,523842.0,523907.0,523979.0,524046.0,524104.0,524165.0,524220.0,524291.0,524359.0,524419.0,524498.0,524545.0,524602.0,524657.0,524720.0,524773.0,524836.0,524902.0,524961.0,525033.0,525083.0,525137.0,525210.0,525247.0,525312.0,525354.0,525389.0,525451.0,525502.0,525542.0,525567.0,525624.0,525669.0,525716.0,525767.0,525834.0,525891.0,525951.0,526001.0,526050.0,526093.0,526130.0,526178.0,526229.0,526293.0,526377.0,526457.0,526529.0,526578.0,526607.0,526657.0,526700.0,526746.0,526789.0,526831.0,526887.0,526947.0,526989.0,527033.0,527072.0,527109.0,527157.0,527205.0,527261.0,527299.0,527351.0,527387.0,,,,,,,,,527790.0,527853.0,527890.0,527943.0,527990.0,528030.0,528060.0,528105.0,528155.0,528209.0,528246.0,528284.0,528338.0,528393.0,528440.0,528494.0,528539.0,528576.0,528623.0,528658.0,528701.0,528734.0,528767.0,528795.0,528843.0,528872.0,528902.0,528926.0,528957.0,528992.0,529019.0,529045.0,529079.0,529113.0,529133.0,529164.0,529203.0,529243.0,529274.0,529297.0,529323.0,529366.0,529397.0,529429.0,529469.0,529491.0,529529.0,529560.0,529592
IUaBNUpiIsM,1758.0,1760.0,1763.0,1764.0,1767.0,1771.0,1771.0,1771.0,1773.0,1775.0,1777.0,1779.0,1781.0,1781.0,1783.0,1783.0,1784.0,1784.0,1785.0,1787.0,1787.0,1788.0,1793.0,1793.0,1794.0,1796.0,1796.0,1798.0,1799.0,1799.0,1801.0,1803.0,1804.0,1804.0,1804.0,1804.0,1807.0,1808.0,1811.0,1812.0,1812.0,1814.0,1815.0,1817.0,1816.0,1816.0,1817.0,1820.0,1823.0,1825.0,1826.0,1828.0,1830.0,1832.0,1834.0,1836.0,1838.0,1840.0,1842.0,1851.0,1853.0,1854.0,1854.0,1854.0,1855.0,1856.0,1858.0,1859.0,1859.0,1860.0,1861.0,1861.0,1864.0,1865.0,1866.0,1867.0,1870.0,1870.0,1873.0,1875.0,1877.0,1878.0,1878.0,1879.0,1880.0,1881.0,1884.0,1884.0,1885.0,1887.0,1889.0,1891.0,1893.0,1897.0,1898.0,1901.0,1902.0,1903.0,1903.0,1904.0,1906.0,1909.0,1909.0,1910.0,1911.0,1912.0,1914.0,1917.0,1918.0,1918.0,1919.0,1921.0,1922.0,1923.0,1926.0,1928.0,1930.0,1930.0,1930.0,1932.0,1932.0,1932.0,1932.0,1935.0,1935.0,1937.0,1937.0,1938.0,1940.0,1944.0,1944.0,1944.0,1945.0,1948.0,,,,,,,,,1950.0,1950.0,1952.0,1952.0,1954.0,1955.0,1956.0,1957.0,1958.0,1958.0,1960.0,1960.0,1961.0,1963.0,1965.0,1968.0,1968.0,1970.0,1970.0,1970.0,1970.0,1970.0,1970.0,1970.0,1970.0,1970.0,1970.0,1970.0,1972.0,1974.0,1978.0,1980.0,1980.0,1982.0,1982.0,1982.0,1984.0,1986.0,1986.0,1986.0,1987.0,1988.0,1989.0,1989.0,1989.0,1991.0,1994.0,1996.0,1996
eeiutFQZ5ho,142730.0,142815.0,142900.0,142965.0,143049.0,143126.0,143206.0,143257.0,143315.0,143372.0,143431.0,143478.0,143524.0,143578.0,143627.0,143685.0,143761.0,143819.0,143871.0,143928.0,143986.0,144035.0,144088.0,144128.0,144162.0,144213.0,144250.0,144293.0,144338.0,144373.0,144415.0,144445.0,144479.0,144516.0,144538.0,144575.0,144622.0,144663.0,144708.0,144753.0,144790.0,144827.0,144870.0,144910.0,144968.0,145019.0,145065.0,145098.0,145135.0,145182.0,145213.0,145253.0,145291.0,145333.0,145361.0,145399.0,145429.0,145457.0,145483.0,145517.0,145542.0,145570.0,145608.0,145642.0,145660.0,145688.0,145710.0,145737.0,145763.0,145798.0,145825.0,145846.0,145874.0,145902.0,145935.0,145964.0,145992.0,146016.0,146043.0,146074.0,146098.0,146126.0,146144.0,146171.0,146198.0,146223.0,146251.0,146276.0,146291.0,146317.0,146339.0,146356.0,146386.0,146403.0,146424.0,146441.0,146464.0,146478.0,146498.0,146515.0,146539.0,146555.0,146563.0,146574.0,146596.0,146616.0,146628.0,146645.0,146661.0,146673.0,146695.0,146709.0,146721.0,146743.0,146763.0,146791.0,146808.0,146819.0,146833.0,146845.0,146855.0,146872.0,146895.0,146908.0,146915.0,146937.0,146952.0,146968.0,146986.0,147002.0,147026.0,147041.0,147049.0,147063.0,,,,,,,,,147226.0,147247.0,147259.0,147273.0,147289.0,147303.0,147317.0,147336.0,147352.0,147360.0,147378.0,147389.0,147405.0,147429.0,147445.0,147458.0,147476.0,147489.0,147506.0,147525.0,147539.0,147551.0,147561.0,147574.0,147581.0,147594.0,147604.0,147624.0,147631.0,147646.0,147657.0,147677.0,147690.0,147703.0,147718.0,147734.0,147749.0,147759.0,147771.0,147778.0,147786.0,147800.0,147812.0,147828.0,147843.0,147858.0,147869.0,147886.0,147897
8YnbkzmpDqk,5689419.0,5689770.0,5690207.0,5690630.0,5691086.0,5691512.0,5691855.0,5692211.0,5692548.0,5692915.0,5693253.0,5693591.0,5693938.0,5694336.0,5694754.0,5695149.0,5695455.0,5695804.0,5696145.0,5696459.0,5696807.0,5697138.0,5697520.0,5697836.0,5698223.0,5698463.0,5698785.0,5699102.0,5699455.0,5699815.0,5700108.0,5700389.0,5700684.0,5701003.0,5701325.0,5701654.0,5702015.0,5702551.0,5703068.0,5703475.0,5703923.0,5704294.0,5704682.0,5705059.0,5705433.0,5705650.0,5705955.0,5706287.0,5706591.0,5706942.0,5707229.0,5707597.0,5707930.0,5708212.0,5708548.0,5708886.0,5709326.0,5709670.0,5709982.0,5710241.0,5710557.0,5710846.0,5711129.0,5711421.0,5711720.0,5711996.0,5712213.0,5712526.0,5712776.0,5713116.0,5713361.0,5713719.0,5713967.0,5714258.0,5714546.0,5714871.0,5715179.0,5715468.0,5715808.0,5716074.0,5716340.0,5716587.0,5716886.0,5717152.0,5717416.0,5717691.0,5717900.0,5718132.0,5718370.0,5718625.0,5718864.0,5719141.0,5719393.0,5719662.0,5719885.0,5720150.0,5720499.0,5720987.0,5721359.0,5721652.0,5721995.0,5722303.0,5722615.0,5722910.0,5723218.0,5723534.0,5723824.0,5724100.0,5724417.0,5724732.0,5724974.0,5725242.0,5725458.0,5725750.0,5726030.0,5726331.0,5726646.0,5726945.0,5727214.0,5727492.0,5727747.0,5728033.0,5728372.0,5728596.0,5728878.0,5729141.0,5729349.0,5729561.0,5729827.0,5730074.0,5730314.0,5730574.0,5730771.0,5730990.0,,,,,,,,,5732933.0,5733178.0,5733373.0,5733596.0,5733772.0,5733929.0,5734077.0,5734221.0,5734408.0,5734575.0,5734734.0,5734917.0,5735136.0,5735301.0,5735495.0,5735646.0,5735837.0,5735983.0,5736194.0,5736361.0,5736512.0,5736681.0,5736853.0,5737044.0,5737218.0,5737366.0,5737533.0,5737648.0,5737812.0,5738002.0,5738160.0,5738299.0,5738437.0,5738585.0,5738713.0,5738832.0,5738950.0,5739062.0,5739207.0,5739339.0,5739480.0,5739627.0,5739802.0,5739950.0,5740089.0,5740217.0,5740369.0,5740492.0,5740625
V99KzVltcDY,16030.0,16061.0,16106.0,16143.0,16190.0,16221.0,16273.0,16316.0,16354.0,16390.0,16426.0,16470.0,16514.0,16555.0,16600.0,16634.0,16672.0,16704.0,16746.0,16770.0,16808.0,16848.0,16881.0,16905.0,16944.0,16987.0,17021.0,17065.0,17104.0,17149.0,17176.0,17202.0,17242.0,17274.0,17321.0,17360.0,17415.0,17483.0,17512.0,17554.0,17586.0,17625.0,17653.0,17679.0,17717.0,17744.0,17778.0,17825.0,17861.0,17877.0,17909.0,17939.0,17967.0,17987.0,18013.0,18054.0,18088.0,18122.0,18147.0,18184.0,18218.0,18239.0,18256.0,18271.0,18307.0,18327.0,18341.0,18371.0,18385.0,18427.0,18453.0,18480.0,18499.0,18528.0,18554.0,18580.0,18609.0,18633.0,18658.0,18677.0,18706.0,18732.0,18760.0,18795.0,18821.0,18850.0,18906.0,18946.0,18978.0,19003.0,19041.0,19072.0,19113.0,19144.0,19174.0,19200.0,19270.0,19402.0,19467.0,19523.0,19595.0,19648.0,19698.0,19754.0,19778.0,19827.0,19871.0,19912.0,19957.0,19996.0,20041.0,20075.0,20107.0,20155.0,20197.0,20228.0,20268.0,20304.0,20320.0,20340.0,20363.0,20389.0,20451.0,20482.0,20515.0,20552.0,20590.0,20629.0,20654.0,20686.0,20707.0,20738.0,20766.0,20802.0,,,,,,,,,21048.0,21083.0,21104.0,21141.0,21169.0,21193.0,21217.0,21240.0,21269.0,21287.0,21316.0,21343.0,21374.0,21410.0,21438.0,21460.0,21490.0,21531.0,21560.0,21595.0,21623.0,21650.0,21682.0,21715.0,21741.0,21784.0,21819.0,21848.0,21872.0,21900.0,21930.0,21950.0,21984.0,22018.0,22063.0,22094.0,22119.0,22145.0,22171.0,22204.0,22246.0,22284.0,22323.0,22360.0,22390.0,22425.0,22463.0,22484.0,22520
CKfsUNKMy7I,3373878.0,3375151.0,3376411.0,3377681.0,3378874.0,3379973.0,3381205.0,3382378.0,3383660.0,3385064.0,3386330.0,3387577.0,3388794.0,3390012.0,3391310.0,3392525.0,3393825.0,3394949.0,3396164.0,3397353.0,3398434.0,3399670.0,3400820.0,3401797.0,3402839.0,3403911.0,3405167.0,3406516.0,3407720.0,3408781.0,3409942.0,3411040.0,3412197.0,3413348.0,3414416.0,3415538.0,3416598.0,3417591.0,3418657.0,3419606.0,3420621.0,3421650.0,3422768.0,3423873.0,3425068.0,3426212.0,3427250.0,3428438.0,3429602.0,3430635.0,3431608.0,3432539.0,3433471.0,3434461.0,3435591.0,3436520.0,3437535.0,3438498.0,3439497.0,3440442.0,3441320.0,3442192.0,3443108.0,3444039.0,3444926.0,3445795.0,3446731.0,3447743.0,3448900.0,3451228.0,3452864.0,3454215.0,3455298.0,3456501.0,3457647.0,3458678.0,3459785.0,3460850.0,3462049.0,3463119.0,3464213.0,3465279.0,3466345.0,3467359.0,3468407.0,3469383.0,3470343.0,3471337.0,3472359.0,3473362.0,3474348.0,3475200.0,3476075.0,3477005.0,3477909.0,3478749.0,3479791.0,3480797.0,3481685.0,3482528.0,3483458.0,3484329.0,3485140.0,3485999.0,3486994.0,3487869.0,3488771.0,3489731.0,3490699.0,3491742.0,3492732.0,3493627.0,3494470.0,3495343.0,3496343.0,3497521.0,3498551.0,3499632.0,3500690.0,3501732.0,3502760.0,3503885.0,3504987.0,3506221.0,3507437.0,3508581.0,3509719.0,3511037.0,3512364.0,3513577.0,3514840.0,3516063.0,3517268.0,3518468.0,,,,,,,,,3529840.0,3531121.0,3532278.0,3533493.0,3534687.0,3535868.0,3537202.0,3538450.0,3539700.0,3540693.0,3541947.0,3542929.0,3544297.0,3545434.0,3546539.0,3547628.0,3548742.0,3550046.0,3551187.0,3552291.0,3553469.0,3554658.0,3555810.0,3557020.0,3558086.0,3559212.0,3560355.0,3561583.0,3562746.0,3563802.0,3564845.0,3565953.0,3566982.0,3568041.0,3569034.0,3569984.0,3570861.0,3571733.0,3572635.0,3573575.0,3574548.0,3575352.0,3576247.0,3577161.0,3578012.0,3578897.0,3579750.0,3580606.0,3581482
zsUiginWJXM,9850.0,10041.0,10146.0,10636.0,11641.0,13378.0,13694.0,14428.0,15475.0,15924.0,15732.0,16224.0,16952.0,18127.0,19181.0,19944.0,20740.0,21478.0,22267.0,23084.0,23844.0,24455.0,24877.0,25258.0,25813.0,26321.0,26524.0,26542.0,26551.0,26561.0,26576.0,26587.0,26597.0,26618.0,26641.0,26645.0,26656.0,26667.0,26682.0,26699.0,26705.0,26730.0,26748.0,26756.0,26763.0,26772.0,26781.0,26795.0,26813.0,26828.0,26832.0,26834.0,26838.0,26848.0,26853.0,26861.0,26872.0,26879.0,26888.0,26899.0,26909.0,26914.0,26919.0,26928.0,26938.0,26943.0,26950.0,26980.0,27022.0,27075.0,27091.0,27104.0,27118.0,27124.0,27140.0,27150.0,27168.0,27171.0,27180.0,27187.0,27198.0,27208.0,27222.0,27226.0,27238.0,27252.0,27262.0,27270.0,27275.0,27282.0,27286.0,27295.0,27303.0,27306.0,27316.0,27323.0,27325.0,27333.0,27334.0,27338.0,27345.0,27348.0,27358.0,27364.0,27368.0,27372.0,27383.0,27389.0,27393.0,27399.0,27405.0,27409.0,27415.0,27428.0,27438.0,27455.0,27462.0,27469.0,27475.0,27485.0,27492.0,27499.0,27506.0,27513.0,27514.0,27519.0,27522.0,27529.0,27533.0,27539.0,27551.0,27560.0,27573.0,27589.0,,,,,,,,,27641.0,27649.0,27652.0,27654.0,27656.0,27657.0,27662.0,27675.0,27676.0,27682.0,27686.0,27695.0,27699.0,27706.0,27717.0,27719.0,27723.0,27728.0,27732.0,27739.0,27747.0,27749.0,27753.0,27758.0,27768.0,27774.0,27781.0,27786.0,27789.0,27790.0,27793.0,27801.0,27804.0,27809.0,27811.0,27812.0,27815.0,27823.0,27826.0,27831.0,27835.0,27840.0,27843.0,27846.0,27852.0,27858.0,27861.0,27868.0,27871
zA0kX7V5x30,177266.0,177789.0,178405.0,179010.0,179596.0,180524.0,181515.0,182279.0,182859.0,183458.0,183997.0,184458.0,185025.0,185480.0,185948.0,186441.0,187005.0,187486.0,187919.0,188354.0,188775.0,189272.0,189746.0,190166.0,190633.0,191035.0,191400.0,191870.0,192333.0,192773.0,193185.0,193642.0,194111.0,194527.0,194980.0,195413.0,195944.0,196521.0,197026.0,197470.0,197902.0,198271.0,198812.0,199294.0,199738.0,200172.0,200507.0,200852.0,201177.0,201596.0,201874.0,202251.0,202590.0,202918.0,203191.0,203555.0,203911.0,204284.0,204588.0,204974.0,205223.0,205503.0,205852.0,206209.0,206569.0,206908.0,207153.0,207503.0,207747.0,208129.0,208422.0,208755.0,209069.0,209319.0,209688.0,210034.0,210348.0,210719.0,211138.0,211481.0,211777.0,212159.0,212472.0,212757.0,213035.0,213390.0,213632.0,213946.0,214262.0,214554.0,215031.0,215401.0,215787.0,216122.0,216400.0,216757.0,217131.0,217466.0,217848.0,218196.0,218510.0,218796.0,219124.0,219403.0,219729.0,220116.0,220543.0,220987.0,221310.0,221657.0,221992.0,222234.0,222551.0,222841.0,223121.0,223461.0,223756.0,224040.0,224384.0,224682.0,224967.0,225269.0,225541.0,225824.0,226191.0,226504.0,226881.0,227166.0,227570.0,227859.0,228157.0,228433.0,228664.0,228983.0,,,,,,,,,231647.0,231921.0,232160.0,232427.0,232697.0,233015.0,233259.0,233501.0,233763.0,234058.0,234336.0,234583.0,234873.0,235125.0,235417.0,235736.0,236060.0,236348.0,236621.0,236883.0,237147.0,237446.0,237709.0,238024.0,238327.0,238613.0,238877.0,239134.0,239412.0,239685.0,239996.0,240244.0,240531.0,240794.0,241044.0,241263.0,241537.0,241798.0,242066.0,242377.0,242673.0,242924.0,243159.0,243448.0,243723.0,243988.0,244265.0,244553.0,244856
BKOiJ6Cxoy8,10531426.0,10532273.0,10533001.0,10534243.0,10535891.0,10537807.0,10538607.0,10539314.0,10540062.0,10541146.0,10542743.0,10544646.0,10546954.0,10549511.0,10552042.0,10554982.0,10558177.0,10561165.0,10563981.0,10566661.0,10569321.0,10571854.0,10574237.0,10576518.0,10578798.0,10581113.0,10583027.0,10584946.0,10586224.0,10587511.0,10588553.0,10589760.0,10590860.0,10592119.0,10593296.0,10594716.0,10595934.0,10597044.0,10598120.0,10599142.0,10600281.0,10601589.0,10603122.0,10604530.0,10605883.0,10607141.0,10608345.0,10609569.0,10610855.0,10612100.0,10613259.0,10614372.0,10615437.0,10616601.0,10617737.0,10618928.0,10620104.0,10621271.0,10622447.0,10623575.0,10624526.0,10625559.0,10626653.0,10627753.0,10628967.0,10630122.0,10631154.0,10632365.0,10633231.0,10634709.0,10635804.0,10636961.0,10638094.0,10639202.0,10640250.0,10641457.0,10642537.0,10643652.0,10644755.0,10645836.0,10646896.0,10647892.0,10650578.0,10651708.0,10652815.0,10654059.0,10655151.0,10656317.0,10657461.0,10658517.0,10659662.0,10660788.0,10661941.0,10663135.0,10664312.0,10665273.0,10666281.0,10667321.0,10668481.0,10669561.0,10670758.0,10671943.0,10673057.0,10674112.0,10675111.0,10676150.0,10677281.0,10678426.0,10679585.0,10680625.0,10681788.0,10682878.0,10683866.0,10684937.0,10686086.0,10687167.0,10688236.0,10689277.0,10690207.0,10691359.0,10692532.0,10693762.0,10694845.0,10695828.0,10696733.0,10697645.0,10698579.0,10699568.0,10700489.0,10701494.0,10702353.0,10703251.0,10704086.0,10704955.0,,,,,,,,,10712796.0,10713754.0,10714636.0,10715589.0,10716570.0,10717558.0,10718709.0,10719777.0,10720738.0,10721778.0,10722834.0,10723890.0,10724897.0,10725900.0,10726841.0,10727707.0,10728510.0,10729420.0,10730248.0,10731050.0,10731848.0,10732659.0,10733392.0,10734180.0,10734859.0,10735645.0,10736365.0,10737037.0,10737684.0,10738367.0,10739002.0,10739610.0,10740267.0,10740891.0,10741484.0,10742175.0,10742828.0,10743526.0,10744167.0,10744846.0,10745476.0,10746101.0,10746791.0,10747375.0,10747991.0,10748586.0,10749205.0,10749867.0,10750445
iE8YIT5xx1Y,29128.0,29227.0,29361.0,29472.0,29600.0,29714.0,29819.0,29949.0,30187.0,30546.0,30773.0,30994.0,31162.0,31290.0,31387.0,31495.0,31593.0,31673.0,31760.0,31840.0,31915.0,31977.0,32041.0,32125.0,32193.0,32266.0,32342.0,32404.0,32478.0,32543.0,32592.0,32653.0,32728.0,32796.0,32876.0,32930.0,33010.0,33054.0,33120.0,33164.0,33214.0,33272.0,33325.0,33383.0,33459.0,33519.0,33579.0,33658.0,33709.0,33756.0,33800.0,33853.0,33897.0,33952.0,34017.0,34083.0,34139.0,34197.0,34250.0,34303.0,34351.0,34404.0,34451.0,34501.0,34551.0,34593.0,34636.0,34693.0,34746.0,34805.0,34862.0,34910.0,34965.0,35007.0,35045.0,35108.0,35148.0,35199.0,35242.0,35285.0,35342.0,35386.0,35435.0,35492.0,35530.0,35584.0,35623.0,35685.0,35721.0,35756.0,35793.0,35814.0,35858.0,35892.0,35930.0,35969.0,36023.0,36065.0,36096.0,36131.0,36158.0,36197.0,36230.0,36261.0,36305.0,36351.0,36393.0,36437.0,36482.0,36519.0,36561.0,36599.0,36624.0,36653.0,36694.0,36734.0,36786.0,36827.0,36857.0,36908.0,36954.0,36990.0,37039.0,37077.0,37112.0,37144.0,37179.0,37212.0,37250.0,37276.0,37318.0,37350.0,37408.0,37434.0,,,,,,,,,37790.0,37835.0,37864.0,37899.0,37940.0,37977.0,38020.0,38057.0,38083.0,38125.0,38170.0,38221.0,38261.0,38318.0,38367.0,38399.0,38438.0,38482.0,38521.0,38556.0,38607.0,38639.0,38682.0,38716.0,38773.0,38821.0,38852.0,38888.0,38934.0,38977.0,39013.0,39049.0,39095.0,39137.0,39192.0,39262.0,39293.0,39336.0,39398.0,39450.0,39514.0,39563.0,39610.0,39665.0,39701.0,39733.0,39776.0,39820.0,39854
S7ehuBG-OP4,826283.0,828715.0,831639.0,834127.0,836198.0,838759.0,841227.0,843717.0,846270.0,848631.0,850837.0,852891.0,855267.0,857754.0,860327.0,862753.0,865196.0,867560.0,869652.0,871824.0,874055.0,876538.0,878901.0,881841.0,884374.0,886328.0,888652.0,891064.0,893544.0,896157.0,898497.0,900474.0,902677.0,905142.0,907438.0,909643.0,911927.0,914157.0,916100.0,918106.0,920684.0,923874.0,927081.0,930207.0,933755.0,936747.0,939290.0,942236.0,945025.0,947429.0,949715.0,952110.0,954557.0,956779.0,959521.0,962327.0,965182.0,968114.0,970700.0,973262.0,975265.0,977817.0,980182.0,982289.0,984393.0,986555.0,988193.0,989888.0,991763.0,994771.0,998460.0,1002567.0,1005372.0,1007401.0,1009389.0,1011650.0,1013848.0,1015778.0,1017857.0,1019568.0,1021093.0,1022466.0,1024025.0,1025597.0,1027241.0,1028825.0,1030330.0,1031825.0,1033408.0,1034989.0,1036692.0,1038291.0,1039847.0,1041506.0,1043329.0,1044862.0,1046436.0,1048006.0,1049459.0,1050789.0,1052407.0,1053659.0,1054950.0,1056346.0,1057629.0,1059046.0,1060321.0,1061504.0,1062770.0,1063978.0,1065317.0,1066685.0,1067981.0,1069011.0,1070168.0,1071231.0,1072225.0,1073312.0,1074586.0,1075807.0,1076828.0,1077926.0,1078916.0,1079785.0,1081133.0,1082343.0,1083521.0,1084957.0,1086159.0,1087238.0,1088297.0,1089475.0,1090630.0,1091688.0,,,,,,,,,1102109.0,1103148.0,1104200.0,1105292.0,1106305.0,1107299.0,1108282.0,1109248.0,1110181.0,1110980.0,1111990.0,1112818.0,1113755.0,1114577.0,1115684.0,1116563.0,1117486.0,1118544.0,1119815.0,1121080.0,1122201.0,1123341.0,1124437.0,1125442.0,1126349.0,1127598.0,1128671.0,1129914.0,1131365.0,1132758.0,1134279.0,1135933.0,1137348.0,1138914.0,1140574.0,1142334.0,1143923.0,1145361.0,1147252.0,1149208.0,1151064.0,1152858.0,1154478.0,1156054.0,1157555.0,1159018.0,1160523.0,1161940.0,1163536
UUFJlUy5aA4,5213362.0,5227886.0,5243886.0,5260558.0,5277376.0,5294968.0,5310589.0,5326793.0,5342609.0,5358676.0,5373956.0,5389041.0,5405674.0,5421599.0,5438167.0,5453785.0,5468901.0,5483472.0,5497484.0,5512738.0,5526661.0,5540861.0,5555132.0,5569527.0,5583009.0,5596369.0,5610771.0,5625369.0,5639445.0,5652527.0,5664791.0,5676580.0,5689197.0,5701759.0,5714353.0,5726784.0,5738904.0,5750577.0,5761958.0,5773361.0,5785385.0,5797505.0,5809488.0,5821565.0,5833116.0,5844488.0,5855046.0,5866658.0,5876998.0,5886565.0,5896432.0,5906784.0,5917010.0,5927611.0,5939832.0,5951779.0,5963438.0,5974531.0,5985277.0,5996098.0,6006373.0,6017300.0,6028022.0,6037298.0,6046522.0,6055462.0,6064342.0,6072505.0,6080669.0,6091794.0,6101991.0,6112283.0,6121994.0,6131003.0,6139332.0,6148582.0,6157997.0,6167087.0,6176574.0,6185768.0,6194612.0,6203004.0,6211648.0,6220871.0,6230391.0,6239799.0,6249042.0,6258192.0,6267494.0,6276571.0,6286163.0,6295383.0,6304561.0,6314256.0,6323955.0,6333582.0,6343151.0,6352128.0,6360869.0,6369331.0,6377525.0,6386025.0,6393993.0,6401909.0,6409974.0,6418319.0,6426284.0,6434715.0,6443065.0,6451061.0,6458978.0,6466913.0,6474915.0,6482904.0,6491386.0,6500378.0,6508845.0,6518053.0,6526745.0,6534653.0,6541906.0,6549127.0,6556635.0,6564003.0,6572088.0,6580805.0,6589046.0,6597673.0,6606471.0,6615257.0,6623826.0,6632000.0,6640330.0,6648010.0,,,,,,,,,6717378.0,6725043.0,6732450.0,6739536.0,6746727.0,6753522.0,6760322.0,6767379.0,6775440.0,6782897.0,6790360.0,6797215.0,6804247.0,6811552.0,6820111.0,6827993.0,6835067.0,6842278.0,6849412.0,6856271.0,6862985.0,6870109.0,6877051.0,6883746.0,6890860.0,6897860.0,6904357.0,6911787.0,6919074.0,6926698.0,6933577.0,6940823.0,6948448.0,6955956.0,6963727.0,6971516.0,6979388.0,6986778.0,6994633.0,7001823.0,7008744.0,7015885.0,7022730.0,7029300.0,7035802.0,7042354.0,7048990.0,7055823.0,7062692
Gim17pWLWRs,8550374.0,8552338.0,8554612.0,8556733.0,8558762.0,8560533.0,8561983.0,8563376.0,8564661.0,8565911.0,8567113.0,8568189.0,8569205.0,8570337.0,8571761.0,8572926.0,8574065.0,8575293.0,8576353.0,8577284.0,8578271.0,8579341.0,8580200.0,8581031.0,8581808.0,8582570.0,8583308.0,8584074.0,8584763.0,8585441.0,8586155.0,8586768.0,8587364.0,8587887.0,8588535.0,8589114.0,8589860.0,8590476.0,8591058.0,8591644.0,8592275.0,8592897.0,8593542.0,8594145.0,8594680.0,8595169.0,8595831.0,,8596787.0,8644364.0,8721713.0,8811018.0,8908154.0,8998051.0,9089225.0,9183885.0,9295547.0,9402407.0,9504619.0,9605806.0,9708209.0,9804738.0,9898505.0,9984970.0,10074545.0,10164566.0,10249976.0,10343118.0,10428418.0,10434930.0,10436138.0,10438353.0,10440740.0,10443032.0,10445031.0,10447037.0,10448817.0,10450635.0,10452168.0,10453741.0,10455197.0,10456323.0,10457460.0,10458597.0,10459771.0,10460832.0,10461824.0,10462780.0,10463760.0,10464693.0,10465646.0,10466444.0,10467292.0,10468095.0,10468895.0,10469720.0,10470405.0,10471096.0,10471818.0,10472433.0,10473217.0,10473976.0,10474612.0,10475210.0,10475873.0,10476630.0,10477298.0,10477982.0,10478854.0,10479583.0,10480203.0,10480833.0,10481367.0,10481904.0,10482466.0,10482997.0,10483438.0,10483844.0,10484295.0,10484799.0,10485223.0,10485656.0,10486085.0,10486516.0,10486942.0,10487350.0,10487803.0,10488316.0,10488881.0,10489419.0,10489906.0,10490344.0,10490776.0,10491204.0,,,,,,,,,10494943.0,10495347.0,10495687.0,10496059.0,10496407.0,10496854.0,10497255.0,10497662.0,10498105.0,10498498.0,10498908.0,10499298.0,10499687.0,10500158.0,10500585.0,10500961.0,10501333.0,10501730.0,10502090.0,10502434.0,10502776.0,10503156.0,10503534.0,10503849.0,10504133.0,10504443.0,10504753.0,10505060.0,10505337.0,10505653.0,10506019.0,10506304.0,10506607.0,10506899.0,10507158.0,10507441.0,10507726.0,10508020.0,10508291.0,10508579.0,10508881.0,10509186.0,10509445.0,10509782.0,10510097.0,10510379.0,10510646.0,10510933.0,10511197
ctEuMgQYulQ,7164.0,7178.0,7205.0,7218.0,7233.0,7245.0,7264.0,7284.0,7297.0,7317.0,7332.0,7356.0,7382.0,7412.0,7430.0,7450.0,7470.0,7480.0,7495.0,7506.0,7520.0,7537.0,7552.0,7587.0,7602.0,7615.0,7626.0,7643.0,7658.0,7683.0,7694.0,7709.0,7731.0,7745.0,7765.0,7778.0,7802.0,7812.0,7829.0,7838.0,7853.0,7863.0,7883.0,7899.0,7915.0,7929.0,7965.0,7996.0,8033.0,8067.0,8120.0,8156.0,8215.0,8270.0,8326.0,8364.0,8402.0,8443.0,8481.0,8496.0,8542.0,8569.0,8594.0,8638.0,8678.0,8695.0,8717.0,8762.0,8809.0,8839.0,8872.0,8909.0,8943.0,8978.0,9015.0,9035.0,9061.0,9094.0,9115.0,9144.0,9175.0,9204.0,9229.0,9248.0,9291.0,9326.0,9342.0,9365.0,9390.0,9405.0,9422.0,9433.0,9459.0,9469.0,9481.0,9501.0,9522.0,9538.0,9555.0,9578.0,9595.0,9609.0,9623.0,9635.0,9649.0,9658.0,9667.0,9679.0,9690.0,9702.0,9715.0,9730.0,9744.0,9754.0,9766.0,9779.0,9784.0,9793.0,9802.0,9816.0,9827.0,9843.0,9855.0,9868.0,9879.0,9892.0,9905.0,9909.0,9919.0,9936.0,9943.0,9950.0,9964.0,9973.0,,,,,,,,,10071.0,10085.0,10100.0,10109.0,10115.0,10126.0,10133.0,10150.0,10155.0,10165.0,10177.0,10188.0,10196.0,10207.0,10214.0,10220.0,10223.0,10231.0,10236.0,10242.0,10246.0,10253.0,10258.0,10268.0,10285.0,10301.0,10315.0,10322.0,10326.0,10331.0,10342.0,10354.0,10364.0,10378.0,10387.0,10394.0,10402.0,10415.0,10424.0,10432.0,10453.0,10473.0,10478.0,10489.0,10505.0,10518.0,10526.0,10534.0,10543
3pL6ryHF0pI,5879.0,5937.0,6034.0,6048.0,6115.0,6183.0,6287.0,6357.0,6407.0,6460.0,6498.0,6538.0,6584.0,6617.0,6633.0,6660.0,6679.0,6710.0,6738.0,6764.0,6796.0,6826.0,6848.0,6884.0,6902.0,6923.0,6949.0,6968.0,7000.0,7031.0,7057.0,7083.0,7113.0,7141.0,7161.0,7186.0,7220.0,7241.0,7272.0,7291.0,7313.0,7331.0,7357.0,7375.0,7414.0,7432.0,7482.0,7525.0,7595.0,7648.0,7724.0,7794.0,7880.0,7958.0,8038.0,8094.0,8150.0,8215.0,8258.0,8290.0,8357.0,8409.0,8441.0,8504.0,8566.0,8617.0,8645.0,8718.0,8766.0,8812.0,8851.0,8906.0,8960.0,9005.0,9053.0,9095.0,9130.0,9187.0,9222.0,9271.0,9323.0,9360.0,9395.0,9433.0,9479.0,9513.0,9547.0,9577.0,9601.0,9623.0,9652.0,9672.0,9702.0,9720.0,9738.0,9774.0,9811.0,9829.0,9861.0,9891.0,9911.0,9934.0,9948.0,9973.0,9996.0,10008.0,10026.0,10037.0,10052.0,10068.0,10094.0,10118.0,10138.0,10166.0,10190.0,10210.0,10237.0,10264.0,10280.0,10309.0,10341.0,10358.0,10371.0,10385.0,10407.0,10429.0,10454.0,10472.0,10494.0,10517.0,10536.0,10550.0,10585.0,10611.0,,,,,,,,,10812.0,10826.0,10842.0,10874.0,10887.0,10904.0,10916.0,10939.0,10962.0,10973.0,10998.0,11010.0,11030.0,11040.0,11048.0,11060.0,11068.0,11078.0,11085.0,11101.0,11116.0,11126.0,11137.0,11151.0,11177.0,11200.0,11216.0,11225.0,11238.0,11251.0,11265.0,11284.0,11301.0,11319.0,11336.0,11348.0,11360.0,11374.0,11395.0,11408.0,11430.0,11448.0,11462.0,11470.0,11485.0,11503.0,11523.0,11545.0,11553
OawX90ELl0A,14244.0,14267.0,14299.0,14311.0,14334.0,14362.0,14387.0,14412.0,14448.0,14467.0,14488.0,14516.0,14536.0,14563.0,14581.0,14606.0,14626.0,14648.0,14667.0,14693.0,14705.0,14732.0,14759.0,14780.0,14805.0,14832.0,14866.0,14888.0,14902.0,14925.0,14954.0,14985.0,15007.0,15025.0,15040.0,15060.0,15072.0,15089.0,15106.0,15115.0,15134.0,15150.0,15158.0,15183.0,15202.0,15220.0,15236.0,15257.0,15275.0,15305.0,15341.0,15368.0,15395.0,15413.0,15433.0,15446.0,15461.0,15482.0,15507.0,15531.0,15553.0,15574.0,15593.0,15612.0,15644.0,15674.0,15693.0,15719.0,15746.0,15775.0,15790.0,15809.0,15831.0,15847.0,15868.0,15879.0,15899.0,15913.0,15928.0,15951.0,15964.0,15976.0,15982.0,15995.0,16003.0,16013.0,16025.0,16037.0,16053.0,16070.0,16085.0,16100.0,16118.0,16138.0,16150.0,16166.0,16181.0,16205.0,16220.0,16237.0,16249.0,16262.0,16276.0,16296.0,16312.0,16328.0,16343.0,16352.0,16367.0,16389.0,16408.0,16431.0,16449.0,16460.0,16488.0,16525.0,16544.0,16579.0,16602.0,16626.0,16651.0,16678.0,16713.0,16750.0,16776.0,16801.0,16815.0,16827.0,16854.0,16873.0,16894.0,16910.0,16933.0,16949.0,,,,,,,,,17091.0,17102.0,17112.0,17118.0,17136.0,17152.0,17158.0,17172.0,17188.0,17207.0,17222.0,17236.0,17264.0,17274.0,17283.0,17301.0,17317.0,17331.0,17347.0,17372.0,17389.0,17404.0,17430.0,17447.0,17461.0,17486.0,17507.0,17522.0,17538.0,17557.0,17580.0,17593.0,17607.0,17620.0,17641.0,17656.0,17680.0,17699.0,17724.0,17747.0,17766.0,17787.0,17813.0,17821.0,17839.0,17854.0,17868.0,17887.0,17896
X2blHAOzTYg,400464.0,403152.0,406146.0,408553.0,410552.0,412169.0,414005.0,416577.0,418994.0,421352.0,422858.0,424127.0,425412.0,427097.0,429614.0,432798.0,435196.0,437177.0,439300.0,441122.0,442850.0,444480.0,445941.0,446959.0,447765.0,448639.0,450089.0,452124.0,453850.0,455972.0,457713.0,458718.0,460021.0,461381.0,462307.0,463061.0,463708.0,464245.0,464607.0,465177.0,465721.0,466263.0,466616.0,467018.0,467392.0,467655.0,468075.0,468666.0,469252.0,469862.0,470432.0,470882.0,471251.0,471766.0,472470.0,473268.0,474013.0,474727.0,475220.0,475603.0,476315.0,476906.0,477480.0,478243.0,478868.0,479624.0,480446.0,480965.0,481320.0,481803.0,482462.0,483098.0,483614.0,484109.0,484651.0,485374.0,486095.0,486976.0,487752.0,488526.0,489257.0,490258.0,491065.0,491932.0,492814.0,494006.0,495071.0,495550.0,496110.0,496894.0,497728.0,498473.0,499277.0,499924.0,500346.0,500898.0,501601.0,502149.0,502840.0,503726.0,504529.0,505168.0,505876.0,506833.0,507667.0,508735.0,509978.0,510823.0,511324.0,511889.0,512623.0,513231.0,513796.0,514336.0,514892.0,515312.0,515920.0,516431.0,517011.0,517577.0,518058.0,518620.0,519074.0,519415.0,519859.0,520270.0,520752.0,521252.0,521744.0,522232.0,522769.0,523300.0,523846.0,524454.0,,,,,,,,,530033.0,530445.0,530920.0,531458.0,532004.0,532507.0,533026.0,533399.0,533851.0,534282.0,534886.0,535510.0,536011.0,536445.0,536818.0,537102.0,537495.0,537935.0,538434.0,538935.0,539626.0,540161.0,540720.0,541319.0,541796.0,542333.0,542795.0,543384.0,543931.0,544425.0,544986.0,545588.0,546229.0,546892.0,547623.0,548228.0,548697.0,549393.0,549996.0,550716.0,551309.0,552007.0,552642.0,553146.0,553633.0,554089.0,554632.0,555152.0,555763
Ss9HjaT_oMs,46226.0,46386.0,46552.0,46680.0,46834.0,47031.0,47203.0,47365.0,47538.0,47699.0,47804.0,47964.0,48147.0,48304.0,48470.0,48634.0,48797.0,48919.0,49091.0,49212.0,49377.0,49505.0,49649.0,49749.0,49874.0,50004.0,50117.0,50246.0,50371.0,50499.0,50615.0,50697.0,50814.0,50938.0,51036.0,51152.0,51274.0,51371.0,51449.0,51575.0,51653.0,51777.0,51861.0,51961.0,52073.0,52143.0,52245.0,52341.0,52444.0,52530.0,52644.0,52719.0,52790.0,52863.0,52928.0,53008.0,53078.0,53173.0,53259.0,53309.0,53397.0,53467.0,53561.0,53653.0,53758.0,53856.0,53932.0,54045.0,54132.0,54264.0,54380.0,54473.0,54562.0,54644.0,54754.0,54830.0,54932.0,55029.0,55130.0,55226.0,55311.0,55404.0,55479.0,55560.0,55653.0,55735.0,55822.0,55899.0,55973.0,56050.0,56135.0,56212.0,56284.0,56368.0,56459.0,56571.0,56657.0,56751.0,56828.0,56912.0,56999.0,57072.0,57156.0,57232.0,57322.0,57437.0,57533.0,57630.0,57728.0,57811.0,57906.0,57995.0,58081.0,58185.0,58320.0,58408.0,58504.0,58602.0,58693.0,58805.0,58893.0,58976.0,59059.0,59122.0,59185.0,59239.0,59318.0,59386.0,59484.0,59561.0,59640.0,59715.0,59798.0,59855.0,,,,,,,,,60396.0,60439.0,60489.0,60538.0,60584.0,60632.0,60690.0,60732.0,60789.0,60839.0,60900.0,60954.0,61012.0,61091.0,61149.0,61184.0,61233.0,61299.0,61347.0,61399.0,61459.0,61506.0,61557.0,61593.0,61637.0,61681.0,61720.0,61772.0,61830.0,61876.0,61941.0,62003.0,62063.0,62114.0,62178.0,62251.0,62315.0,62371.0,62432.0,62501.0,62563.0,62617.0,62651.0,62688.0,62727.0,62775.0,62826.0,62870.0,62915
4yskOyyQuZg,85918.0,88269.0,90695.0,92408.0,94465.0,97116.0,98697.0,100518.0,102079.0,103631.0,104857.0,106153.0,107563.0,109152.0,111035.0,112691.0,113895.0,115034.0,116291.0,117477.0,118555.0,119739.0,121044.0,122134.0,122929.0,123954.0,124984.0,125915.0,127023.0,128173.0,129074.0,129549.0,130200.0,130935.0,131644.0,132321.0,132968.0,133576.0,134075.0,134666.0,135365.0,136080.0,136701.0,137280.0,137877.0,138457.0,139024.0,139677.0,140236.0,141222.0,142059.0,142715.0,143233.0,143869.0,144623.0,145312.0,145897.0,146874.0,147701.0,148238.0,148871.0,149619.0,150238.0,151139.0,152140.0,152826.0,153561.0,154390.0,155086.0,155928.0,156826.0,157503.0,158154.0,158533.0,159315.0,160302.0,161075.0,161822.0,162490.0,163097.0,163525.0,164019.0,164700.0,165253.0,165915.0,166690.0,167526.0,168028.0,168590.0,169457.0,170123.0,171175.0,172330.0,173239.0,173974.0,174865.0,175749.0,176707.0,177493.0,178183.0,178984.0,179553.0,180198.0,181020.0,182180.0,183166.0,183907.0,184476.0,184993.0,185687.0,186455.0,187087.0,187780.0,188584.0,189317.0,189731.0,190557.0,191414.0,192395.0,193235.0,193725.0,194344.0,194821.0,195381.0,195934.0,196448.0,196876.0,197427.0,197900.0,198413.0,199009.0,199651.0,200269.0,200913.0,,,,,,,,,206273.0,206574.0,207095.0,207667.0,208134.0,208835.0,209428.0,209893.0,210433.0,211012.0,211789.0,212592.0,213520.0,214342.0,215025.0,215584.0,216276.0,217101.0,217816.0,218524.0,219152.0,219739.0,220308.0,220953.0,221511.0,222120.0,222762.0,223417.0,223917.0,224340.0,225016.0,225598.0,226297.0,226842.0,227338.0,227937.0,228370.0,228978.0,229528.0,230150.0,230732.0,231310.0,231795.0,232211.0,232687.0,233119.0,233574.0,234150.0,234756
a_0oh_RoGcw,2256633.0,2257158.0,2257695.0,2258270.0,2258820.0,2259336.0,2259842.0,2260354.0,2260838.0,2261355.0,2261872.0,2262305.0,2262828.0,2263327.0,2263862.0,2264412.0,2264954.0,2265464.0,2265911.0,2266361.0,2266773.0,2267291.0,2267816.0,2268281.0,2268727.0,2269149.0,2269627.0,2270057.0,2270493.0,2270895.0,2271304.0,2271744.0,2272152.0,2272589.0,2272985.0,2273342.0,2273740.0,2274106.0,2274528.0,2274989.0,2275402.0,2275871.0,2276237.0,2276673.0,2277066.0,2277431.0,2277772.0,2278189.0,2278655.0,2279087.0,2279560.0,2280101.0,2280564.0,2281127.0,2281711.0,2282176.0,2282621.0,2283232.0,2283757.0,2284221.0,2284631.0,2285120.0,2285544.0,2286062.0,2286528.0,2286964.0,2287435.0,2287813.0,2288139.0,2288552.0,2288908.0,2289273.0,2289661.0,2290051.0,2290387.0,2290790.0,2291163.0,2291548.0,2291887.0,2292240.0,2292613.0,2292944.0,2293221.0,2293593.0,2293966.0,2294319.0,2294648.0,2295061.0,2295414.0,2295749.0,2296037.0,2296343.0,2296636.0,2296920.0,2297255.0,2297590.0,2297918.0,2298268.0,2298536.0,2298837.0,2299129.0,2299431.0,2299719.0,2300047.0,2300380.0,2300697.0,2301004.0,2301293.0,2301556.0,2301836.0,2302086.0,2302335.0,2302623.0,2302964.0,2303302.0,2303582.0,2303875.0,2304208.0,2304509.0,2304780.0,2305075.0,2305410.0,2305684.0,2305930.0,2306203.0,2306483.0,2306780.0,2307062.0,2307382.0,2307636.0,2307879.0,2308135.0,2308389.0,2308643.0,,,,,,,,,2311052.0,2311328.0,2311584.0,2311881.0,2312154.0,2312437.0,2312689.0,2312934.0,2313193.0,2313459.0,2313752.0,2313998.0,2314230.0,2314468.0,2314732.0,2315048.0,2315283.0,2315594.0,2315925.0,2316222.0,2316461.0,2316741.0,2316975.0,2317170.0,2317414.0,2317633.0,2317899.0,2318171.0,2318415.0,2318669.0,2318899.0,2319105.0,2319352.0,2319555.0,2319789.0,2320032.0,2320263.0,2320591.0,2320931.0,2321263.0,2322069.0,2322968.0,2323933.0,2324664.0,2325390.0,2326147.0,2326555.0,2326904.0,2327278
DiLtjUIDzSU,105264.0,105429.0,105640.0,105875.0,106113.0,106364.0,106562.0,106734.0,106946.0,107219.0,107452.0,107645.0,107842.0,108029.0,108233.0,108468.0,108667.0,108904.0,109098.0,109324.0,109559.0,109853.0,110121.0,110317.0,110486.0,110722.0,110960.0,111156.0,111399.0,111616.0,111790.0,111972.0,112148.0,112291.0,112490.0,112670.0,112834.0,112991.0,113130.0,113287.0,113407.0,113543.0,113723.0,113926.0,114072.0,114226.0,114378.0,114561.0,114706.0,114838.0,114947.0,115113.0,115236.0,115345.0,115525.0,115666.0,115837.0,116003.0,116172.0,116344.0,116544.0,116744.0,116956.0,117156.0,117321.0,117482.0,117623.0,117792.0,117929.0,118096.0,118243.0,118395.0,118582.0,118722.0,118884.0,119040.0,119232.0,119403.0,119552.0,119736.0,119897.0,120072.0,120197.0,120377.0,120545.0,120713.0,120868.0,121003.0,121142.0,121307.0,121472.0,121654.0,121809.0,121974.0,122122.0,122282.0,122421.0,122573.0,122724.0,122869.0,122992.0,123117.0,123265.0,123395.0,123522.0,123662.0,123782.0,123919.0,124043.0,124164.0,124298.0,124445.0,124577.0,124699.0,124825.0,124929.0,125022.0,125142.0,125278.0,125426.0,125565.0,125694.0,125796.0,125916.0,126032.0,126185.0,126326.0,126488.0,126600.0,126711.0,126837.0,126963.0,127118.0,127224.0,,,,,,,,,128415.0,128547.0,128704.0,128838.0,129040.0,129248.0,129426.0,129576.0,129747.0,129880.0,130066.0,130252.0,130481.0,130701.0,130908.0,131099.0,131308.0,131477.0,131658.0,131845.0,132007.0,132163.0,132306.0,132522.0,132712.0,132941.0,133145.0,133322.0,133478.0,133633.0,133823.0,134012.0,134147.0,134302.0,134426.0,134555.0,134679.0,134825.0,134999.0,135180.0,135380.0,135563.0,135685.0,135843.0,135978.0,136183.0,136406.0,136565.0,136737
yHFc4BMmcIU,58730.0,59787.0,60928.0,61963.0,63557.0,65022.0,66479.0,68170.0,69739.0,71003.0,72146.0,73450.0,74820.0,75822.0,77579.0,80080.0,81836.0,82960.0,84147.0,85302.0,86185.0,87088.0,87932.0,88610.0,89128.0,89780.0,90519.0,91222.0,91933.0,92684.0,93311.0,93934.0,94787.0,95612.0,96251.0,96884.0,97491.0,98067.0,98511.0,99166.0,99734.0,100283.0,100850.0,101471.0,101968.0,102350.0,102918.0,103576.0,104040.0,104532.0,105003.0,105319.0,105625.0,106065.0,106413.0,106726.0,106991.0,107385.0,107717.0,107981.0,108336.0,108664.0,108985.0,109332.0,109705.0,110045.0,110315.0,110616.0,110861.0,111124.0,111393.0,111666.0,111891.0,112104.0,112373.0,112590.0,112845.0,113149.0,113443.0,113677.0,113869.0,114169.0,114402.0,114685.0,114937.0,115232.0,115493.0,115684.0,115903.0,116150.0,116365.0,116527.0,116720.0,116919.0,117090.0,117301.0,117514.0,117753.0,117982.0,118150.0,118418.0,118599.0,118811.0,119035.0,119297.0,119554.0,119766.0,120017.0,120197.0,120391.0,120597.0,120840.0,121105.0,121328.0,121554.0,121762.0,122059.0,122387.0,122615.0,122850.0,123163.0,123231.0,123480.0,123671.0,123944.0,124179.0,124376.0,124585.0,124757.0,124953.0,125142.0,125358.0,125540.0,125747.0,,,,,,,,,127805.0,127980.0,128166.0,128335.0,128517.0,128731.0,128905.0,129058.0,129253.0,129398.0,129586.0,129802.0,130029.0,130266.0,130495.0,130663.0,130868.0,131039.0,131228.0,131406.0,131571.0,131731.0,131878.0,132057.0,132230.0,132410.0,132574.0,132773.0,132962.0,133131.0,133338.0,133548.0,133752.0,133945.0,134140.0,134323.0,134493.0,134707.0,134917.0,135135.0,135335.0,135521.0,135735.0,135903.0,136092.0,136267.0,136450.0,136659.0,136822
YJOJ-TcAjzA,17032.0,17091.0,17194.0,17272.0,17341.0,17415.0,17474.0,17537.0,17594.0,17651.0,17704.0,17766.0,17835.0,17917.0,17980.0,18049.0,18118.0,18174.0,18244.0,18320.0,18372.0,18429.0,18510.0,18572.0,18647.0,18708.0,18768.0,18822.0,18891.0,18962.0,19029.0,19080.0,19148.0,19227.0,19329.0,19396.0,19481.0,19557.0,19642.0,19730.0,19799.0,19880.0,19969.0,20065.0,20139.0,20196.0,20255.0,20339.0,20397.0,20493.0,20594.0,20650.0,20729.0,20821.0,20906.0,20978.0,21049.0,21155.0,21238.0,21310.0,21380.0,21451.0,21510.0,21570.0,21634.0,21737.0,21822.0,21900.0,21959.0,22021.0,22079.0,22130.0,22169.0,22220.0,22264.0,22313.0,22358.0,22415.0,22471.0,22522.0,22560.0,22603.0,22659.0,22706.0,22753.0,22804.0,22851.0,22892.0,22918.0,22955.0,23005.0,23040.0,23092.0,23147.0,23190.0,23223.0,23269.0,23313.0,23357.0,23398.0,23433.0,23461.0,23503.0,23545.0,23602.0,23631.0,23672.0,23711.0,23742.0,23779.0,23826.0,23876.0,23912.0,23950.0,23982.0,24015.0,24056.0,24110.0,24157.0,24193.0,24231.0,24270.0,24328.0,24374.0,24424.0,24472.0,24516.0,24572.0,24614.0,24687.0,24740.0,24791.0,24827.0,24881.0,,,,,,,,,25189.0,25209.0,25242.0,25280.0,25305.0,25340.0,25380.0,25425.0,25490.0,25532.0,25589.0,25630.0,25660.0,25692.0,25721.0,25760.0,25792.0,25827.0,25877.0,25915.0,25951.0,25987.0,26033.0,26072.0,26110.0,26149.0,26189.0,26244.0,26278.0,26321.0,26374.0,26420.0,26477.0,26532.0,26568.0,26617.0,26659.0,26714.0,26771.0,26818.0,26864.0,26924.0,26969.0,27024.0,27069.0,27118.0,27176.0,27243.0,27304
DIT8hUXiQas,47207.0,47364.0,47585.0,47762.0,47972.0,48134.0,48322.0,48547.0,48716.0,48898.0,49069.0,49183.0,49295.0,49454.0,49594.0,49747.0,49903.0,50073.0,50230.0,50360.0,50482.0,50608.0,50756.0,50885.0,51056.0,51184.0,51364.0,51725.0,52060.0,52298.0,52506.0,52662.0,52846.0,52999.0,53154.0,53289.0,53459.0,53576.0,53683.0,53797.0,53909.0,54012.0,54126.0,54219.0,54339.0,54456.0,54535.0,54632.0,54706.0,54811.0,54912.0,54975.0,55050.0,55122.0,55208.0,55289.0,55384.0,55479.0,55563.0,55668.0,55747.0,55818.0,55919.0,55992.0,56073.0,56190.0,56279.0,56375.0,56475.0,56566.0,56663.0,56728.0,56797.0,56874.0,56940.0,57014.0,57084.0,57138.0,57197.0,57250.0,57301.0,57340.0,57391.0,57453.0,57506.0,57578.0,57625.0,57700.0,57759.0,57802.0,57848.0,57906.0,57955.0,57999.0,58047.0,58085.0,58110.0,58145.0,58175.0,58221.0,58270.0,58326.0,58363.0,58407.0,58463.0,58515.0,58560.0,58615.0,58676.0,58715.0,58756.0,58785.0,58813.0,58845.0,58891.0,58931.0,58976.0,59009.0,59067.0,59110.0,59146.0,59177.0,59205.0,59243.0,59277.0,59317.0,59349.0,59377.0,59401.0,59432.0,59462.0,59497.0,59524.0,59546.0,,,,,,,,,59807.0,59839.0,59860.0,59886.0,59927.0,59959.0,59989.0,60007.0,60030.0,60052.0,60072.0,60096.0,60121.0,60154.0,60164.0,60198.0,60216.0,60243.0,60268.0,60302.0,60334.0,60362.0,60401.0,60445.0,60475.0,60493.0,60526.0,60561.0,60583.0,60608.0,60634.0,60668.0,60697.0,60721.0,60746.0,60767.0,60820.0,60849.0,60896.0,60932.0,60963.0,61009.0,61042.0,61067.0,61099.0,61131.0,61169.0,61190.0,61209
DIT8hUXiQas,47207.0,47352.0,47585.0,47762.0,47972.0,48154.0,48322.0,48547.0,48716.0,48898.0,49069.0,49174.0,49295.0,49458.0,49594.0,49748.0,49903.0,50073.0,50230.0,50360.0,50482.0,50608.0,50756.0,50885.0,51056.0,51184.0,51364.0,51725.0,52060.0,52298.0,52506.0,52655.0,52841.0,52999.0,53156.0,53289.0,53459.0,53573.0,53683.0,53796.0,53907.0,54014.0,54126.0,54219.0,54339.0,54456.0,54535.0,54632.0,54706.0,54811.0,54912.0,54975.0,55050.0,55122.0,55208.0,55296.0,55384.0,55479.0,55562.0,55668.0,55748.0,55818.0,55916.0,55992.0,56073.0,56190.0,56280.0,56375.0,56475.0,56566.0,56663.0,56728.0,56797.0,56874.0,56940.0,57014.0,57084.0,57138.0,57197.0,57250.0,57301.0,57341.0,57391.0,57453.0,57506.0,57576.0,57625.0,57700.0,57758.0,57802.0,57848.0,57906.0,57955.0,57999.0,58047.0,58084.0,58110.0,58145.0,58175.0,58221.0,58271.0,58325.0,58362.0,58405.0,58463.0,58515.0,58566.0,58615.0,58676.0,58717.0,58756.0,58785.0,58813.0,58845.0,58891.0,58931.0,58976.0,59009.0,59068.0,59110.0,59146.0,59178.0,59207.0,59242.0,59277.0,59317.0,59349.0,59380.0,59403.0,59432.0,59461.0,59497.0,59524.0,59546.0,,,,,,,,,59807.0,59839.0,59860.0,59885.0,59918.0,59956.0,59989.0,60007.0,60030.0,60051.0,60072.0,60096.0,60121.0,60151.0,60163.0,60198.0,60216.0,60244.0,60270.0,60302.0,60334.0,60363.0,60401.0,60445.0,60475.0,60493.0,60526.0,60561.0,60583.0,60608.0,60634.0,60668.0,60697.0,60721.0,60746.0,60767.0,60820.0,60842.0,60896.0,60932.0,60965.0,61009.0,61040.0,61066.0,61099.0,61131.0,61169.0,61190.0,61209
B4mLKcVIERs,39890049.0,39919607.0,39952032.0,39983345.0,40010595.0,40035736.0,40060456.0,40086232.0,40113522.0,40144103.0,40173305.0,40196861.0,40221357.0,40245392.0,40270249.0,40295127.0,40324043.0,40351922.0,40375962.0,40399901.0,40424994.0,40449507.0,40473737.0,40501124.0,40526814.0,40550406.0,40573319.0,40597261.0,40622356.0,40648792.0,40678785.0,40706867.0,40733079.0,40758426.0,40783779.0,40809277.0,40834289.0,40861481.0,40889377.0,40913063.0,40936337.0,40959156.0,40981779.0,41004936.0,41029874.0,41054861.0,41078078.0,41100519.0,41121550.0,41141939.0,41162408.0,41187255.0,41209317.0,41231676.0,41257568.0,41283776.0,41310086.0,41334219.0,41357775.0,41380387.0,41402484.0,41425516.0,41448630.0,41472036.0,41494708.0,41516347.0,41538053.0,41558965.0,41576922.0,41600645.0,41620538.0,41641281.0,41662138.0,41682771.0,41708211.0,41731375.0,41753851.0,41774948.0,41796660.0,41819809.0,41843736.0,41864848.0,41884766.0,41904240.0,41923641.0,41944011.0,41966586.0,41988355.0,42007196.0,42024992.0,42043085.0,42061750.0,42081782.0,42103296.0,42125136.0,42141943.0,42158069.0,42175513.0,42193454.0,42211050.0,42230991.0,42252487.0,42270457.0,42286320.0,42302232.0,42317750.0,42333936.0,42353102.0,42372695.0,42390654.0,42408607.0,42427144.0,42444545.0,42461263.0,42479762.0,42497946.0,42513993.0,42530344.0,42546332.0,42561376.0,42577691.0,42594855.0,42612331.0,42628272.0,42643952.0,42659807.0,42675592.0,42691839.0,42708523.0,42724146.0,42737751.0,42752881.0,42768755.0,42784418.0,,,,,,,,,42943808.0,42962761.0,42978833.0,42994837.0,43010899.0,43026875.0,43041221.0,43057440.0,43075790.0,43091051.0,43105590.0,43119513.0,43136046.0,43151481.0,43168329.0,43185026.0,43199223.0,43213021.0,43228011.0,43242890.0,43257489.0,43274524.0,43290987.0,43305483.0,43319548.0,43334476.0,43349250.0,43365004.0,43382285.0,43399557.0,43414897.0,43430466.0,43445886.0,43461299.0,43476915.0,43495237.0,43514550.0,43532059.0,43550722.0,43569539.0,43588838.0,43608326.0,43629991.0,43650836.0,43669951.0,43689500.0,43708929.0,43728959.0,43749473
qTtDGGJ5pQY,525010.0,526031.0,527119.0,528125.0,529090.0,530063.0,530931.0,531872.0,532873.0,533855.0,534877.0,535731.0,536590.0,537466.0,538371.0,539243.0,539900.0,540692.0,541436.0,542246.0,542956.0,543675.0,544284.0,545012.0,545422.0,546000.0,546480.0,547029.0,547658.0,548160.0,548610.0,549065.0,549539.0,549987.0,550336.0,550795.0,551233.0,551592.0,551999.0,552434.0,552866.0,553319.0,553726.0,554120.0,554432.0,554867.0,555332.0,555817.0,556199.0,556652.0,557020.0,557412.0,557777.0,558140.0,558548.0,558999.0,559400.0,559740.0,560082.0,560394.0,560714.0,561020.0,561440.0,561843.0,562189.0,562471.0,562772.0,563050.0,563320.0,563622.0,563955.0,564265.0,564559.0,564822.0,565131.0,565363.0,565624.0,565896.0,566104.0,566314.0,566569.0,566868.0,567120.0,567412.0,567686.0,567974.0,568210.0,568503.0,568747.0,569072.0,569286.0,569576.0,569836.0,570129.0,570462.0,570738.0,571018.0,571231.0,571431.0,571698.0,571925.0,572137.0,572466.0,572709.0,572999.0,573229.0,573423.0,573614.0,573807.0,574025.0,574268.0,574447.0,574630.0,574786.0,574934.0,575101.0,575261.0,575417.0,575608.0,575834.0,576017.0,576162.0,576280.0,576413.0,576608.0,576729.0,576850.0,577002.0,577156.0,577300.0,577423.0,577535.0,577671.0,577817.0,,,,,,,,,579133.0,579317.0,579442.0,579539.0,579653.0,579795.0,579892.0,580012.0,580124.0,580247.0,580347.0,580484.0,580580.0,580709.0,580831.0,580936.0,581030.0,581120.0,581211.0,581288.0,581397.0,581515.0,581652.0,581748.0,581828.0,581933.0,582025.0,582104.0,582205.0,582329.0,582423.0,582516.0,582631.0,582721.0,582810.0,582944.0,583091.0,583230.0,583344.0,583444.0,583557.0,583662.0,583748.0,583844.0,583908.0,584002.0,584095.0,584188.0,584270
5YaMkFDDpF0,1435237.0,1436636.0,1438143.0,1439770.0,1441014.0,1442220.0,1443295.0,1444330.0,1445438.0,1446709.0,1448105.0,1449216.0,1450200.0,1451178.0,1452237.0,1453444.0,1454807.0,1456083.0,1457136.0,1458160.0,1459161.0,1460279.0,1461258.0,1462341.0,1463382.0,1464272.0,1465077.0,1465960.0,1466882.0,1467810.0,1468738.0,1469635.0,1470482.0,1471263.0,1472077.0,1472811.0,1473634.0,1474429.0,1475349.0,1476071.0,1476786.0,1477473.0,1478199.0,1478972.0,1479779.0,1480548.0,1481257.0,1481984.0,1482692.0,1483414.0,1484142.0,1485002.0,1485799.0,1486681.0,1487657.0,1488632.0,1489615.0,1490533.0,1491516.0,1492541.0,1493531.0,1494462.0,1495346.0,1496231.0,1497072.0,1498114.0,1498943.0,1499828.0,1500599.0,1501638.0,1502480.0,1503228.0,1503994.0,1504811.0,1505858.0,1506547.0,1507185.0,1507926.0,1508572.0,1509286.0,1510061.0,1510639.0,1511208.0,1511803.0,1512368.0,1512936.0,1513537.0,1514184.0,1514698.0,1515187.0,1515712.0,1516188.0,1516656.0,1517185.0,1517805.0,1518253.0,1518642.0,1519110.0,1519596.0,1520067.0,1520649.0,1521245.0,1521727.0,1522155.0,1522548.0,1522936.0,1523437.0,1523963.0,1524567.0,1525167.0,1525839.0,1526350.0,1526804.0,1527234.0,1527759.0,1528322.0,1528814.0,1529331.0,1529923.0,1530360.0,1530908.0,1531502.0,1532049.0,1532531.0,1533021.0,1533511.0,1534177.0,1537389.0,1539107.0,1540583.0,1541840.0,1543012.0,1544104.0,1545051.0,,,,,,,,,1553322.0,1553845.0,1554278.0,1554694.0,1555104.0,1555450.0,1555836.0,1556293.0,1556931.0,1557429.0,1557903.0,1558363.0,1558912.0,1559351.0,1559876.0,1560383.0,1560978.0,1561456.0,1562055.0,1562502.0,1562980.0,1563457.0,1563977.0,1564334.0,1564729.0,1565207.0,1565596.0,1565967.0,1566460.0,1566898.0,1567350.0,1567708.0,1568138.0,1568545.0,1568886.0,1569310.0,1569736.0,1570139.0,1570534.0,1570945.0,1571320.0,1571734.0,1572152.0,1572618.0,1572986.0,1573385.0,1573746.0,1574226.0,1574629
Mt9SBZam4X4,28059594.0,28083619.0,28110964.0,28140082.0,28167344.0,28193907.0,28218314.0,28246692.0,28273727.0,28299771.0,28326789.0,28351065.0,28375743.0,28401169.0,28425289.0,28447970.0,28471443.0,28494240.0,28516251.0,28536559.0,28557288.0,28579447.0,28600003.0,28620486.0,28640712.0,28661097.0,28682408.0,28703282.0,28723525.0,28745323.0,28767224.0,28786902.0,28806016.0,28825215.0,28846146.0,28869692.0,28894797.0,28919163.0,28941611.0,28963190.0,28984774.0,29006455.0,29030609.0,29054946.0,29077081.0,29097541.0,29116028.0,29133944.0,29149485.0,29165406.0,29183649.0,29202534.0,29219871.0,29236002.0,29252569.0,29268766.0,29285899.0,29304407.0,29321807.0,29338433.0,29353136.0,29368131.0,29383527.0,29398981.0,29414762.0,29431093.0,29448355.0,29464993.0,29477932.0,29494896.0,29509029.0,29523741.0,29538587.0,29553174.0,29567317.0,29580928.0,29596195.0,29611713.0,29626285.0,29640232.0,29654447.0,29669515.0,29684985.0,29700188.0,29714971.0,29729338.0,29743586.0,29757398.0,29771062.0,29785245.0,29799401.0,29812427.0,29825445.0,29838667.0,29851495.0,29864761.0,29879624.0,29894240.0,29908798.0,29922168.0,29935791.0,29949328.0,29962152.0,29975375.0,29988888.0,30002622.0,30016890.0,30032074.0,30047817.0,30060872.0,30074303.0,30086875.0,30099322.0,30111335.0,30124135.0,30136965.0,30150631.0,30166197.0,30179516.0,30192201.0,30204882.0,30218937.0,30232524.0,30244453.0,30256063.0,30268577.0,30281319.0,30295902.0,30310544.0,30324812.0,30338487.0,30351976.0,30365278.0,30378145.0,,,,,,,,,30496630.0,30510127.0,30521963.0,30534058.0,30546736.0,30558929.0,30570872.0,30582625.0,30594346.0,30604433.0,30614909.0,30625192.0,30636643.0,30648094.0,30659978.0,30671387.0,30682038.0,30693428.0,30704871.0,30716692.0,30727684.0,30740446.0,30753173.0,30764453.0,30774849.0,30785791.0,30797061.0,30808727.0,30819933.0,30831280.0,30842093.0,30853604.0,30865586.0,30876772.0,30887826.0,30897987.0,30908491.0,30917542.0,30926767.0,30936407.0,30945862.0,30955368.0,30965367.0,30975073.0,30984108.0,30992955.0,31001942.0,31010995.0,31019970
8LFBHvukzN4,3730709.0,3731020.0,3731345.0,3731719.0,3732078.0,3732511.0,3732885.0,3733255.0,3733645.0,3734058.0,3734416.0,3734834.0,3735232.0,3735661.0,3736129.0,3736512.0,3736863.0,3737279.0,3737686.0,3738181.0,3738580.0,3739027.0,3739417.0,3739774.0,3740116.0,3740522.0,3740986.0,3741351.0,3741716.0,3742124.0,3742548.0,3742955.0,3743278.0,3743581.0,3743981.0,3744424.0,3744805.0,3745179.0,3745560.0,3745928.0,3746274.0,3746664.0,3747116.0,3747551.0,3747877.0,3748172.0,3748558.0,3748987.0,3749405.0,3749829.0,3750139.0,3750445.0,3750759.0,3751044.0,3751292.0,3751637.0,3751913.0,3752164.0,3752437.0,3752750.0,3753029.0,3753345.0,3753631.0,3753900.0,3754228.0,3754508.0,3754792.0,3755064.0,3755349.0,3755696.0,3756029.0,3756355.0,3756670.0,3756920.0,3757371.0,3757882.0,3758436.0,3758824.0,3759420.0,3760066.0,3760521.0,3761108.0,3761585.0,3762109.0,3762670.0,3763181.0,3763618.0,3764020.0,3764538.0,3764958.0,3765396.0,3765895.0,3766325.0,3766818.0,3767223.0,3767628.0,3768030.0,3768498.0,3768993.0,3769424.0,3769822.0,3770169.0,3770551.0,3770944.0,3771358.0,3771677.0,3772030.0,3772398.0,3772755.0,3773165.0,3773568.0,3774037.0,3774378.0,3774819.0,3775124.0,3775512.0,3775903.0,3776293.0,3776750.0,3777097.0,3777400.0,3777737.0,3778015.0,3778323.0,3778668.0,3779086.0,3779404.0,3779759.0,3780032.0,3780328.0,3780609.0,3780909.0,3781219.0,3781503.0,,,,,,,,,3784353.0,3784685.0,3784947.0,3785279.0,3785652.0,3786069.0,3786454.0,3786764.0,3787081.0,3787518.0,3787893.0,3788293.0,3788735.0,3789087.0,3789468.0,3789762.0,3790135.0,3790505.0,3790859.0,3791277.0,3791630.0,3792007.0,3792418.0,3792842.0,3793296.0,3793715.0,3794186.0,3794578.0,3794893.0,3795253.0,3795597.0,3796006.0,3796479.0,3796800.0,3797156.0,3797479.0,3797745.0,3798058.0,3798443.0,3798815.0,3799232.0,3799690.0,3800019.0,3800320.0,3800631.0,3800976.0,3801339.0,3801682.0,3802024
F8eK4IO_wnI,1279.0,1374.0,1460.0,1527.0,1605.0,1681.0,1737.0,1805.0,1886.0,1940.0,2028.0,2112.0,2345.0,2460.0,2573.0,2658.0,2738.0,2822.0,2897.0,2995.0,3096.0,3166.0,3239.0,3305.0,3397.0,3448.0,3525.0,3592.0,3668.0,3775.0,3857.0,3950.0,4023.0,4085.0,4160.0,4229.0,4309.0,4363.0,4406.0,4436.0,4489.0,4549.0,4625.0,4717.0,4798.0,4892.0,4930.0,4995.0,5037.0,5073.0,5133.0,5233.0,5275.0,5342.0,5395.0,5438.0,5501.0,5548.0,5606.0,5693.0,5739.0,5772.0,5808.0,5855.0,5935.0,6011.0,6069.0,6122.0,6184.0,6278.0,6371.0,6423.0,6474.0,6509.0,6553.0,6627.0,6725.0,6766.0,6825.0,6875.0,6917.0,6972.0,7011.0,7053.0,7087.0,7129.0,7166.0,7216.0,7256.0,7290.0,7321.0,7365.0,7449.0,7511.0,7558.0,7584.0,7627.0,7661.0,7694.0,7731.0,7764.0,7789.0,7814.0,7836.0,7862.0,7895.0,7918.0,7939.0,7964.0,7979.0,8010.0,8042.0,8064.0,8087.0,8116.0,8135.0,8148.0,8168.0,8189.0,8203.0,8222.0,8233.0,8253.0,8258.0,8273.0,8298.0,8315.0,8335.0,8354.0,8367.0,8380.0,8392.0,8408.0,8420.0,,,,,,,,,8597.0,8618.0,8636.0,8652.0,8670.0,8690.0,8712.0,8738.0,8762.0,8782.0,8810.0,8836.0,8867.0,8900.0,8943.0,8979.0,9009.0,9037.0,9064.0,9090.0,9106.0,9121.0,9138.0,9160.0,9175.0,9190.0,9217.0,9260.0,9316.0,9378.0,9413.0,9431.0,9457.0,9503.0,9531.0,9560.0,9594.0,9631.0,9651.0,9670.0,9691.0,9721.0,9753.0,9774.0,9804.0,9818.0,9833.0,9860.0,9881
paEEpiy816Y,22583.0,22613.0,22637.0,22678.0,22714.0,22747.0,22776.0,22807.0,22827.0,22855.0,22898.0,22942.0,22996.0,23037.0,23092.0,23127.0,23170.0,23202.0,23229.0,23274.0,23303.0,23335.0,23364.0,23393.0,23435.0,23469.0,23493.0,23521.0,23552.0,23570.0,23593.0,23627.0,23650.0,23672.0,23706.0,23736.0,23779.0,23808.0,23834.0,23857.0,23887.0,23929.0,23977.0,24022.0,24067.0,24113.0,24149.0,24190.0,24223.0,24263.0,24299.0,24337.0,24386.0,24422.0,24465.0,24495.0,24510.0,24550.0,24587.0,24620.0,24654.0,24690.0,24726.0,24757.0,24788.0,24829.0,24857.0,24881.0,24910.0,24962.0,24991.0,25022.0,25041.0,25079.0,25116.0,25147.0,25181.0,25200.0,25222.0,25257.0,25282.0,25310.0,25347.0,25375.0,25401.0,25439.0,25464.0,25503.0,25541.0,25567.0,25598.0,25620.0,25651.0,25666.0,25696.0,25721.0,25757.0,25776.0,25797.0,25823.0,25851.0,25871.0,25896.0,25916.0,25939.0,25971.0,25991.0,26013.0,26038.0,26068.0,26085.0,26111.0,26140.0,26170.0,26193.0,26236.0,26275.0,26294.0,26316.0,26334.0,26348.0,26384.0,26408.0,26446.0,26480.0,26506.0,26528.0,26554.0,26573.0,26603.0,26630.0,26657.0,26684.0,26699.0,,,,,,,,,26892.0,26926.0,26942.0,26969.0,26983.0,27023.0,27093.0,27150.0,27223.0,27263.0,27293.0,27312.0,27333.0,27360.0,27385.0,27404.0,27421.0,27450.0,27466.0,27498.0,27528.0,27558.0,27574.0,27599.0,27621.0,27636.0,27656.0,27675.0,27703.0,27726.0,27751.0,27771.0,27792.0,27821.0,27844.0,27868.0,27877.0,27888.0,27910.0,27939.0,27951.0,27960.0,27986.0,28012.0,28033.0,28056.0,28088.0,28114.0,28135
mS_ol5Wa8Ac,154687.0,156002.0,157590.0,158558.0,159597.0,160803.0,162709.0,164595.0,166027.0,167554.0,169025.0,169605.0,170585.0,172156.0,173581.0,174856.0,176158.0,177259.0,178235.0,178853.0,179492.0,180111.0,180707.0,181231.0,181735.0,182232.0,182663.0,184403.0,186153.0,187677.0,188254.0,188661.0,189639.0,190519.0,191303.0,191973.0,192567.0,193135.0,193786.0,194357.0,194907.0,195485.0,195904.0,196512.0,197176.0,197940.0,198690.0,199402.0,200450.0,205039.0,210664.0,218669.0,225876.0,233187.0,242704.0,250986.0,253797.0,256474.0,260594.0,263184.0,265767.0,268181.0,270920.0,275043.0,278028.0,278363.0,278658.0,278899.0,279140.0,279477.0,279809.0,280151.0,280487.0,280750.0,281025.0,281369.0,281643.0,281895.0,282208.0,282492.0,282791.0,283041.0,283299.0,283611.0,283877.0,284177.0,284420.0,284689.0,284923.0,285141.0,285417.0,285687.0,285946.0,286204.0,286459.0,286693.0,286912.0,287143.0,287331.0,287558.0,287796.0,288032.0,288281.0,288506.0,288745.0,288968.0,289166.0,289398.0,289579.0,289755.0,290001.0,290242.0,290505.0,290738.0,291020.0,291237.0,291477.0,291698.0,291938.0,292229.0,292533.0,292814.0,293066.0,293287.0,293532.0,293798.0,294054.0,294266.0,294480.0,294732.0,294963.0,295144.0,295391.0,295611.0,,,,,,,,,297730.0,298049.0,298244.0,298485.0,298687.0,298912.0,299138.0,299304.0,299510.0,299702.0,299888.0,300038.0,300253.0,300419.0,300600.0,300768.0,300926.0,301123.0,301304.0,301498.0,301663.0,301864.0,302045.0,302214.0,302375.0,302529.0,302711.0,302882.0,303125.0,303302.0,303495.0,303647.0,303844.0,304004.0,304170.0,304357.0,304534.0,304745.0,304917.0,305090.0,305274.0,305447.0,305614.0,305796.0,305947.0,306115.0,306258.0,306407.0,306548
B7_GataAI80,1273150.0,1273152.0,1273161.0,1273168.0,1273179.0,1273197.0,1273215.0,1273226.0,1273246.0,1273266.0,1273280.0,1273298.0,1273321.0,1273349.0,1273381.0,1273396.0,1273407.0,1273423.0,1273431.0,1273445.0,1273464.0,1273501.0,1273548.0,1273570.0,1273600.0,1273626.0,1273647.0,1273667.0,1273685.0,1273714.0,1273738.0,1273765.0,1273789.0,1273818.0,1273835.0,1273842.0,1273855.0,1273877.0,1273893.0,1273916.0,1273944.0,1274051.0,1274235.0,1274423.0,1274662.0,1274866.0,1275073.0,1275348.0,1275391.0,1275413.0,1275436.0,1275463.0,1275489.0,1275504.0,1275528.0,1275547.0,1275570.0,1275588.0,1275607.0,1275631.0,1275641.0,1275661.0,1275670.0,1275679.0,1275690.0,1275705.0,1275724.0,1275735.0,1275742.0,1275771.0,1275778.0,1275786.0,1275798.0,1275807.0,1275822.0,1275833.0,1275850.0,1275867.0,1275875.0,1275879.0,1275889.0,1275909.0,1275918.0,1275927.0,1275937.0,1275946.0,1275954.0,1275967.0,1275978.0,1275992.0,1276001.0,1276013.0,1276026.0,1276033.0,1276034.0,1276042.0,1276047.0,1276055.0,1276061.0,1276069.0,1276073.0,1276075.0,1276080.0,1276088.0,1276090.0,1276091.0,1276094.0,1276102.0,1276108.0,1276112.0,1276121.0,1276124.0,1276137.0,1276150.0,1276168.0,1276174.0,1276185.0,1276198.0,1276201.0,1276231.0,1276243.0,1276253.0,1276258.0,1276266.0,1276268.0,1276277.0,1276283.0,1276285.0,1276290.0,1276297.0,1276300.0,1276306.0,1276310.0,1276316.0,,,,,,,,,1276376.0,1276385.0,1276394.0,1276399.0,1276410.0,1276413.0,1276419.0,1276422.0,1276431.0,1276436.0,1276442.0,1276446.0,1276454.0,1276460.0,1276467.0,1276472.0,1276474.0,1276479.0,1276485.0,1276491.0,1276497.0,1276500.0,1276505.0,1276510.0,1276517.0,1276524.0,1276530.0,1276537.0,1276548.0,1276557.0,1276562.0,1276565.0,1276573.0,1276585.0,1276588.0,1276590.0,1276596.0,1276601.0,1276607.0,1276617.0,1276625.0,1276632.0,1276648.0,1276655.0,1276660.0,1276667.0,1276686.0,1276703.0,1276710
4OgcZEHVV8A,600965.0,601109.0,601184.0,601618.0,602421.0,603453.0,603463.0,603478.0,603858.0,604261.0,604663.0,605140.0,605651.0,606133.0,606779.0,607890.0,608997.0,610077.0,611070.0,611084.0,611100.0,611136.0,611180.0,611204.0,611234.0,611263.0,611281.0,611296.0,611315.0,611349.0,611385.0,611433.0,611920.0,612377.0,612624.0,612702.0,612769.0,612959.0,613231.0,613450.0,613663.0,614024.0,614215.0,614458.0,614771.0,615044.0,615357.0,615906.0,617042.0,621561.0,626831.0,634082.0,642618.0,649189.0,658874.0,666939.0,669848.0,673584.0,681834.0,685775.0,690364.0,694736.0,699337.0,703398.0,707388.0,710885.0,714692.0,717651.0,717656.0,717661.0,717643.0,717650.0,717653.0,717656.0,717659.0,717661.0,717668.0,717675.0,717677.0,717683.0,717683.0,717690.0,717696.0,717700.0,717704.0,717712.0,717721.0,717727.0,717737.0,717747.0,717751.0,717749.0,717755.0,717762.0,717765.0,717768.0,717771.0,717775.0,717782.0,717788.0,717792.0,717796.0,717798.0,717814.0,717818.0,717820.0,717824.0,717831.0,717835.0,717840.0,717846.0,717851.0,717857.0,717862.0,717869.0,717870.0,717895.0,717910.0,717927.0,717937.0,717948.0,717958.0,717965.0,717969.0,717975.0,717976.0,717987.0,717991.0,717993.0,717997.0,718003.0,718008.0,718010.0,718013.0,,,,,,,,,718061.0,718066.0,718067.0,718068.0,718082.0,718090.0,718093.0,718104.0,718108.0,718114.0,718116.0,718117.0,718129.0,718133.0,718140.0,718143.0,718153.0,718157.0,718160.0,718164.0,718169.0,718174.0,718177.0,718186.0,718196.0,718202.0,718204.0,718206.0,718215.0,718218.0,718220.0,718227.0,718232.0,718240.0,718246.0,718260.0,718272.0,718275.0,718279.0,718282.0,718287.0,718293.0,718294.0,718297.0,718303.0,718306.0,718312.0,718322.0,718330
FBMQy2l-mw8,55604.0,55802.0,55940.0,56112.0,56334.0,56541.0,56752.0,56905.0,57159.0,57417.0,57732.0,57994.0,58312.0,58729.0,59168.0,59523.0,59814.0,60057.0,60314.0,60571.0,60830.0,61119.0,61360.0,61594.0,61743.0,61938.0,62123.0,62375.0,62547.0,62741.0,62897.0,63032.0,63157.0,63269.0,63406.0,63530.0,63679.0,63783.0,63885.0,64133.0,64384.0,64606.0,64835.0,65045.0,65285.0,65489.0,65690.0,66007.0,66401.0,66662.0,66838.0,67106.0,67283.0,67544.0,67995.0,68432.0,68783.0,69206.0,69575.0,69833.0,70079.0,70413.0,70798.0,71125.0,71599.0,72170.0,72570.0,73043.0,73615.0,74470.0,75366.0,76084.0,76595.0,77057.0,77894.0,78934.0,79952.0,81020.0,82287.0,83174.0,83758.0,84786.0,85987.0,86850.0,87573.0,88315.0,88853.0,89288.0,89842.0,90460.0,91227.0,92047.0,92701.0,93416.0,93929.0,94593.0,95338.0,96052.0,96879.0,97565.0,98145.0,98629.0,99174.0,99889.0,100568.0,101312.0,101929.0,102412.0,102855.0,103510.0,104256.0,105078.0,105706.0,106522.0,107280.0,107880.0,108425.0,109186.0,109816.0,110492.0,110958.0,111510.0,111867.0,112171.0,112508.0,112836.0,113235.0,113603.0,113849.0,114094.0,114407.0,114737.0,115170.0,115620.0,,,,,,,,,119993.0,120396.0,120902.0,121442.0,122205.0,123028.0,123721.0,124196.0,125015.0,125845.0,126892.0,128097.0,129208.0,130068.0,130701.0,131345.0,132152.0,133195.0,134181.0,134794.0,135220.0,135577.0,135967.0,136461.0,137169.0,137944.0,138609.0,139274.0,139934.0,140497.0,141136.0,141825.0,142596.0,143305.0,143952.0,144546.0,145068.0,145812.0,146480.0,147161.0,147758.0,148296.0,148799.0,149215.0,149728.0,150460.0,151082.0,151746.0,152297
ua7-3khdsJ0,238815.0,239612.0,240381.0,241074.0,241945.0,242851.0,243648.0,244544.0,245312.0,246077.0,246876.0,247612.0,248388.0,249182.0,249962.0,250764.0,251588.0,252352.0,253214.0,254079.0,254911.0,255785.0,256608.0,257288.0,257943.0,258706.0,259416.0,260185.0,260936.0,261751.0,262426.0,263021.0,263732.0,264388.0,265346.0,266681.0,267809.0,268915.0,269844.0,270815.0,271699.0,272478.0,273292.0,274085.0,274850.0,275557.0,276252.0,276949.0,277707.0,278344.0,278955.0,279491.0,279988.0,280636.0,281318.0,281942.0,282712.0,283460.0,284117.0,284791.0,285433.0,286068.0,286849.0,287443.0,288121.0,288696.0,289217.0,289851.0,290421.0,291124.0,291732.0,292260.0,292879.0,293455.0,294028.0,294735.0,295376.0,296033.0,296790.0,297331.0,297934.0,298573.0,299125.0,299704.0,300378.0,300982.0,301592.0,302061.0,302614.0,303182.0,303738.0,304185.0,304744.0,305224.0,305759.0,306248.0,306863.0,307424.0,309181.0,310685.0,311230.0,311786.0,312438.0,313013.0,313570.0,314048.0,314637.0,315185.0,315742.0,316297.0,316789.0,317328.0,317804.0,318336.0,318897.0,319442.0,320027.0,320595.0,321184.0,321760.0,322279.0,322752.0,323231.0,323724.0,324323.0,324894.0,325448.0,326020.0,326582.0,327102.0,327746.0,328318.0,328920.0,329545.0,,,,,,,,,334479.0,335089.0,335804.0,336549.0,337327.0,338214.0,339019.0,339690.0,340403.0,341154.0,341860.0,342611.0,343438.0,344118.0,344718.0,345315.0,346023.0,346870.0,347822.0,348687.0,349482.0,350221.0,350994.0,351697.0,352512.0,353392.0,354341.0,355317.0,356125.0,357006.0,357819.0,358617.0,359447.0,360223.0,360927.0,361593.0,362279.0,363032.0,363795.0,364633.0,365509.0,366284.0,367030.0,367716.0,368496.0,369251.0,369898.0,370671.0,371370
gFr4TyKsZwM,10080518.0,10086346.0,10092897.0,10099544.0,10106042.0,10111959.0,10117338.0,10123223.0,10128880.0,10134727.0,10140190.0,10144705.0,10149197.0,10153899.0,10158878.0,10163492.0,10168103.0,10172504.0,10176407.0,10180006.0,10183496.0,10186932.0,10190651.0,10194150.0,10197487.0,10200509.0,10203589.0,10206839.0,10210001.0,10213068.0,10216602.0,10220115.0,10223409.0,10226846.0,10230058.0,10233271.0,10236754.0,10240303.0,10243702.0,10246725.0,10249866.0,10253250.0,10256444.0,10260176.0,10264444.0,10268017.0,10271508.0,10275005.0,10278382.0,10281312.0,10284123.0,10286817.0,10289262.0,10291443.0,10293821.0,10296085.0,10298216.0,10300492.0,10302945.0,10305218.0,10307308.0,10309359.0,10311344.0,10313170.0,10315106.0,10317074.0,10319023.0,10320828.0,10322455.0,10324579.0,10326572.0,10328648.0,10330826.0,10332766.0,10334509.0,10336192.0,10337842.0,10339669.0,10341549.0,10343444.0,10345199.0,10346707.0,10348165.0,10349728.0,10351256.0,10352953.0,10354707.0,10356481.0,10358060.0,10359550.0,10361213.0,10362855.0,10364462.0,10366151.0,10367933.0,10369463.0,10370957.0,10372477.0,10374184.0,10375982.0,10377839.0,10379743.0,10381316.0,10382949.0,10384463.0,10386041.0,10387710.0,10389576.0,10391273.0,10392828.0,10394235.0,10395932.0,10398353.0,10400265.0,10402235.0,10404190.0,10405779.0,10407248.0,10408770.0,10410431.0,10412295.0,10414163.0,10415902.0,10417331.0,10418602.0,10419882.0,10421120.0,10422445.0,10423917.0,10425240.0,10426457.0,10427676.0,10428911.0,10430151.0,,,,,,,,,10441011.0,10442454.0,10443525.0,10444673.0,10445819.0,10446999.0,10448269.0,10449789.0,10451634.0,10453453.0,10455014.0,10456542.0,10458154.0,10459841.0,10461841.0,10463799.0,10465381.0,10466744.0,10468398.0,10469709.0,10470894.0,10472309.0,10473570.0,10474654.0,10475829.0,10476898.0,10477857.0,10478840.0,10479857.0,10480861.0,10481724.0,10482654.0,10483643.0,10484494.0,10485498.0,10486742.0,10487893.0,10488943.0,10490145.0,10491453.0,10492764.0,10494059.0,10495544.0,10496808.0,10497860.0,10498971.0,10500056.0,10501171.0,10502331
_Cd3thaEG7E,11840.0,11856.0,11871.0,11881.0,11894.0,11906.0,11916.0,11928.0,11935.0,11951.0,11957.0,11976.0,11986.0,11997.0,12010.0,12017.0,12032.0,12053.0,12067.0,12081.0,12088.0,12097.0,12104.0,12106.0,12116.0,12126.0,12132.0,12139.0,12149.0,12156.0,12164.0,12177.0,12192.0,12198.0,12204.0,12213.0,12219.0,12230.0,12233.0,12242.0,12249.0,12257.0,12265.0,12277.0,12284.0,12293.0,12303.0,12307.0,12315.0,12328.0,12335.0,12346.0,12357.0,12363.0,12370.0,12377.0,12382.0,12385.0,12388.0,12399.0,12407.0,12413.0,12419.0,12425.0,12429.0,12434.0,12443.0,12455.0,12461.0,12469.0,12474.0,12480.0,12487.0,12492.0,12501.0,12504.0,12513.0,12516.0,12524.0,12531.0,12544.0,12551.0,12555.0,12563.0,12569.0,12576.0,12586.0,12588.0,12595.0,12599.0,12601.0,12604.0,12607.0,12616.0,12624.0,12628.0,12636.0,12638.0,12640.0,12646.0,12660.0,12668.0,12676.0,12689.0,12697.0,12704.0,12708.0,12710.0,12721.0,12730.0,12737.0,12748.0,12752.0,12759.0,12767.0,12775.0,12782.0,12786.0,12795.0,12801.0,12806.0,12808.0,12816.0,12822.0,12830.0,12836.0,12843.0,12847.0,12855.0,12862.0,12870.0,12871.0,12874.0,12878.0,,,,,,,,,12921.0,12931.0,12940.0,12948.0,12956.0,12959.0,12970.0,12979.0,12982.0,12989.0,12998.0,13009.0,13026.0,13033.0,13039.0,13045.0,13056.0,13070.0,13088.0,13098.0,13106.0,13118.0,13122.0,13123.0,13133.0,13140.0,13151.0,13159.0,13164.0,13177.0,13183.0,13188.0,13198.0,13201.0,13211.0,13220.0,13225.0,13232.0,13238.0,13243.0,13249.0,13254.0,13261.0,13272.0,13279.0,13282.0,13286.0,13289.0,13296
jRBCLqFZM0s,557983.0,558232.0,558500.0,558781.0,559040.0,559340.0,559639.0,559927.0,560233.0,560647.0,561096.0,561558.0,561991.0,562439.0,562882.0,563269.0,563665.0,564122.0,564659.0,565485.0,566045.0,566690.0,567201.0,567640.0,568046.0,568447.0,568756.0,569125.0,569423.0,569693.0,569974.0,570272.0,570524.0,570703.0,570930.0,571116.0,571312.0,571508.0,571713.0,571937.0,572169.0,572388.0,572668.0,572918.0,573186.0,573472.0,573678.0,573901.0,574147.0,574382.0,574602.0,574851.0,575111.0,575396.0,575641.0,575847.0,576066.0,576307.0,576519.0,576807.0,576991.0,577270.0,577536.0,577774.0,577982.0,578204.0,578408.0,578663.0,578871.0,579171.0,579417.0,579621.0,579842.0,580043.0,580222.0,580392.0,580622.0,580835.0,580992.0,581190.0,581366.0,581550.0,581745.0,581913.0,582114.0,582266.0,582430.0,582602.0,582747.0,582903.0,583059.0,583246.0,583380.0,583543.0,583673.0,583863.0,584013.0,584145.0,584300.0,584456.0,584631.0,584795.0,584930.0,585093.0,585271.0,585418.0,585628.0,585785.0,585957.0,586105.0,586262.0,586446.0,586585.0,586707.0,586862.0,587010.0,587194.0,587362.0,587530.0,587707.0,587832.0,588005.0,588151.0,588304.0,588444.0,588596.0,588738.0,588893.0,589021.0,589138.0,589294.0,589412.0,589540.0,589678.0,,,,,,,,,590901.0,591038.0,591174.0,591316.0,591467.0,591594.0,591744.0,591902.0,592061.0,592196.0,592326.0,592451.0,592601.0,592752.0,592913.0,593097.0,593380.0,593702.0,594027.0,594312.0,594558.0,594829.0,595170.0,595426.0,595695.0,595919.0,596200.0,596431.0,596682.0,596982.0,597186.0,597348.0,597632.0,597829.0,597969.0,598180.0,598385.0,598544.0,598728.0,598934.0,599114.0,599261.0,599421.0,599599.0,599789.0,599968.0,600151.0,600309.0,600469
0fyZqS0N19o,9813291.0,9825292.0,9838035.0,9849601.0,9861465.0,9873386.0,9886502.0,9902774.0,9917751.0,9932147.0,9945436.0,9961271.0,9978582.0,9994112.0,10008153.0,10019411.0,10029584.0,10040208.0,10052900.0,10063240.0,10072921.0,10082941.0,10093968.0,10103741.0,10113454.0,10124780.0,10136631.0,10146606.0,10156740.0,10166690.0,10175743.0,10184228.0,10193972.0,10203372.0,10215038.0,10226510.0,10236345.0,10246187.0,10256336.0,10269046.0,10281373.0,10292279.0,10307895.0,10322182.0,10332823.0,10343206.0,10355601.0,10366412.0,10378237.0,10390625.0,10402080.0,10412734.0,10426408.0,10442421.0,10453881.0,10465138.0,10476509.0,10489036.0,10500282.0,10514004.0,10531069.0,10546199.0,10560299.0,10573499.0,10588005.0,10600801.0,10611157.0,10625254.0,10638387.0,10661744.0,10677886.0,10689965.0,10700634.0,10710319.0,10724446.0,10740737.0,10755042.0,10768300.0,10784862.0,10796466.0,10805178.0,10815939.0,10826996.0,10838128.0,10848526.0,10858540.0,10868150.0,10875309.0,10883899.0,10892707.0,10902964.0,10914225.0,10926286.0,10938204.0,10949324.0,10960544.0,10970039.0,10979708.0,10989747.0,11000469.0,11011708.0,11019521.0,11028272.0,11037194.0,11046396.0,11055340.0,11064403.0,11072073.0,11081068.0,11093096.0,11104138.0,11115718.0,11126367.0,11136715.0,11145097.0,11153941.0,11163928.0,11174559.0,11185185.0,11194562.0,11203324.0,11211568.0,11218685.0,11224987.0,11232874.0,11241728.0,11250578.0,11258964.0,11265780.0,11271918.0,11279304.0,11287183.0,11295366.0,11302309.0,,,,,,,,,11384373.0,11392529.0,11401894.0,11411720.0,11422136.0,11435517.0,11448920.0,11460007.0,11471328.0,11484149.0,11498348.0,11512241.0,11526433.0,11540952.0,11555003.0,11567561.0,11581326.0,11596564.0,11612324.0,11628626.0,11643571.0,11656988.0,11669444.0,11686006.0,11705145.0,11723179.0,11740730.0,11759779.0,11775355.0,11789904.0,11807529.0,11825543.0,11844162.0,11860840.0,11877948.0,11892914.0,11907623.0,11923873.0,11939553.0,11955982.0,11972028.0,11985674.0,11997902.0,12009338.0,12024011.0,12039569.0,12053752.0,12067830.0,12081154
FuOiJC3RyAM,248177.0,249373.0,250655.0,252089.0,253399.0,254891.0,256247.0,257754.0,259185.0,260443.0,261637.0,263053.0,264333.0,265561.0,267241.0,268570.0,269927.0,270952.0,272205.0,274388.0,276458.0,278611.0,280501.0,282433.0,284333.0,286232.0,287763.0,289435.0,291117.0,292562.0,293897.0,295265.0,296586.0,297771.0,298947.0,300070.0,301014.0,301842.0,302686.0,303568.0,304617.0,305660.0,306695.0,307747.0,308711.0,309641.0,310600.0,312053.0,313668.0,315700.0,317962.0,322328.0,326178.0,332468.0,341430.0,350498.0,361416.0,370226.0,375906.0,379825.0,383431.0,387131.0,391128.0,397656.0,404146.0,410006.0,415925.0,421277.0,424219.0,432793.0,433680.0,434018.0,434399.0,434709.0,435212.0,435698.0,436073.0,436482.0,436940.0,437329.0,437644.0,437964.0,438322.0,438821.0,439232.0,439620.0,439988.0,440304.0,440701.0,441075.0,441412.0,441842.0,442235.0,442656.0,443005.0,443314.0,443637.0,443986.0,444329.0,444680.0,444990.0,445343.0,445687.0,445997.0,446321.0,446715.0,447086.0,447382.0,447668.0,448007.0,448337.0,448657.0,448986.0,449240.0,449558.0,449869.0,450134.0,450456.0,450825.0,451118.0,451416.0,451665.0,451933.0,452207.0,452480.0,452725.0,452967.0,453265.0,453525.0,453827.0,454132.0,454420.0,454717.0,455018.0,,,,,,,,,457496.0,457747.0,458055.0,458376.0,458702.0,459051.0,459376.0,459712.0,460010.0,460362.0,460709.0,461108.0,461514.0,461894.0,462294.0,462656.0,463041.0,463448.0,463820.0,464174.0,464576.0,464951.0,465266.0,465649.0,466032.0,466452.0,466813.0,467247.0,467581.0,467968.0,468400.0,468742.0,469202.0,469521.0,469918.0,470212.0,470520.0,470919.0,471243.0,471591.0,471957.0,472269.0,472569.0,472837.0,473175.0,473553.0,473872.0,474300.0,474686
a577rVki9VM,4699.0,4759.0,4806.0,4841.0,4890.0,4936.0,4979.0,5057.0,5095.0,5144.0,5197.0,5246.0,5290.0,5331.0,5397.0,5448.0,5498.0,5552.0,5628.0,5703.0,5768.0,5850.0,5903.0,5972.0,6044.0,6110.0,6175.0,6229.0,6290.0,6368.0,6434.0,6501.0,6553.0,6602.0,6662.0,6724.0,6787.0,6819.0,6879.0,6916.0,6973.0,7025.0,7063.0,7115.0,7167.0,7199.0,7237.0,7290.0,7325.0,7371.0,7424.0,7454.0,7498.0,7538.0,7585.0,7620.0,7654.0,7679.0,7706.0,7735.0,7764.0,7792.0,7832.0,7870.0,7905.0,7949.0,7982.0,8009.0,8046.0,8082.0,8113.0,8135.0,8168.0,8190.0,8228.0,8259.0,8301.0,8365.0,8424.0,8474.0,8525.0,8569.0,8607.0,8644.0,8698.0,8739.0,8779.0,8806.0,8844.0,8885.0,8916.0,8948.0,8976.0,9001.0,9039.0,9069.0,9097.0,9123.0,9155.0,9194.0,9230.0,9233.0,9233.0,9233.0,9233.0,9233.0,9233.0,9233.0,9233.0,9233.0,9233.0,9233.0,9233.0,9233.0,9233.0,9233.0,9233.0,9233.0,9233.0,9233.0,9233.0,9233.0,9233.0,9233.0,9233.0,9233.0,9233.0,9233.0,9233.0,9233.0,9233.0,9233.0,9233.0,9233.0,,,,,,,,,9233.0,9233.0,9233.0,9233.0,9233.0,9233.0,9233.0,9233.0,9233.0,9233.0,9233.0,9233.0,9233.0,9233.0,9233.0,9233.0,9233.0,9233.0,9233.0,9233.0,9233.0,9233.0,9233.0,9233.0,9233.0,9233.0,9233.0,9233.0,9233.0,9233.0,9233.0,9233.0,9233.0,9233.0,9233.0,9233.0,9233.0,9233.0,9233.0,9233.0,9233.0,9233.0,9233.0,9233.0,9233.0,9233.0,9233.0,9233.0,9233
bBkX2hCQXEM,528814.0,529973.0,531529.0,532829.0,533926.0,535062.0,535971.0,536951.0,537803.0,538646.0,539498.0,540202.0,540881.0,541596.0,542384.0,543184.0,543967.0,544610.0,545260.0,545911.0,546581.0,547318.0,548247.0,549183.0,550180.0,551456.0,552774.0,553995.0,555364.0,557391.0,558928.0,560735.0,562205.0,563737.0,565427.0,567478.0,569201.0,570376.0,571203.0,571999.0,572832.0,573669.0,574434.0,575252.0,575938.0,576571.0,577258.0,577958.0,578551.0,579164.0,579757.0,580322.0,580848.0,581355.0,581962.0,582439.0,583001.0,583500.0,583963.0,584430.0,584926.0,585393.0,585882.0,586442.0,586950.0,587431.0,587911.0,588362.0,588735.0,589201.0,589588.0,590054.0,590495.0,590904.0,591313.0,591734.0,592142.0,592579.0,593039.0,593476.0,593856.0,594138.0,594492.0,594834.0,595260.0,595823.0,596424.0,596850.0,597375.0,597735.0,598076.0,598433.0,598820.0,599199.0,599647.0,600011.0,600363.0,600675.0,601029.0,601315.0,601685.0,602081.0,602385.0,602680.0,603024.0,603318.0,603652.0,603945.0,604323.0,604585.0,604882.0,605146.0,605447.0,605727.0,606061.0,606372.0,606747.0,607049.0,607379.0,607655.0,607933.0,608215.0,608511.0,608787.0,609082.0,609415.0,609720.0,609987.0,610357.0,610661.0,610945.0,611277.0,611560.0,611826.0,,,,,,,,,615323.0,615745.0,616101.0,616534.0,616867.0,617210.0,617508.0,617794.0,618106.0,621647.0,622553.0,623098.0,623619.0,624057.0,624484.0,624866.0,625222.0,625523.0,625800.0,626143.0,626394.0,626655.0,627033.0,627358.0,627628.0,627873.0,628151.0,628399.0,628668.0,628963.0,629243.0,629531.0,629800.0,630087.0,630305.0,630522.0,630746.0,631008.0,631260.0,631495.0,631812.0,632098.0,632361.0,632670.0,632949.0,633208.0,633456.0,633721.0,634022
QKHe-iYaEKg,71270.0,71281.0,71300.0,71332.0,71353.0,71373.0,71394.0,71428.0,71449.0,71461.0,71471.0,71489.0,71504.0,71521.0,71545.0,71560.0,71579.0,71592.0,71607.0,71624.0,71638.0,71662.0,71675.0,71691.0,71702.0,71714.0,71726.0,71749.0,71767.0,71774.0,71797.0,71810.0,71817.0,71837.0,71855.0,71868.0,71891.0,71903.0,71912.0,71923.0,71935.0,71948.0,71968.0,71983.0,71989.0,72004.0,72017.0,72037.0,72049.0,72066.0,72077.0,72087.0,72103.0,72111.0,72124.0,72133.0,72153.0,72170.0,72185.0,72194.0,72206.0,72215.0,72227.0,72235.0,72244.0,72250.0,72256.0,72271.0,72281.0,72287.0,72302.0,72313.0,72318.0,72325.0,72335.0,72342.0,72356.0,72371.0,72380.0,72392.0,72401.0,72410.0,72422.0,72426.0,72437.0,72454.0,72465.0,72475.0,72491.0,72502.0,72514.0,72522.0,72530.0,72544.0,72555.0,72565.0,72576.0,72586.0,72597.0,72605.0,72613.0,72622.0,72635.0,72654.0,72679.0,72695.0,72701.0,72708.0,72712.0,72717.0,72722.0,72737.0,72746.0,72754.0,72764.0,72780.0,72787.0,72794.0,72804.0,72809.0,72823.0,72829.0,72838.0,72851.0,72858.0,72864.0,72871.0,72882.0,72895.0,72906.0,72911.0,72923.0,72935.0,72947.0,,,,,,,,,73027.0,73036.0,73039.0,73048.0,73058.0,73061.0,73079.0,73110.0,73130.0,73159.0,73172.0,73183.0,73201.0,73219.0,73235.0,73248.0,73252.0,73262.0,73268.0,73272.0,73280.0,73297.0,73303.0,73308.0,73313.0,73315.0,73322.0,73334.0,73345.0,73353.0,73361.0,73367.0,73372.0,73381.0,73386.0,73390.0,73394.0,73401.0,73407.0,73415.0,73420.0,73427.0,73436.0,73443.0,73453.0,73466.0,73476.0,73488.0,73497
yY34DOWXSzg,40056.0,40139.0,40244.0,40338.0,40442.0,40549.0,40666.0,40751.0,40847.0,40952.0,41036.0,41132.0,41219.0,41308.0,41424.0,41574.0,41715.0,41840.0,41951.0,42095.0,42180.0,42273.0,42372.0,42465.0,42533.0,42612.0,42687.0,42765.0,42875.0,42970.0,43067.0,43144.0,43221.0,43321.0,43407.0,43512.0,43617.0,43712.0,43770.0,43860.0,43957.0,44040.0,44161.0,44252.0,44370.0,44476.0,44592.0,44703.0,44807.0,44935.0,45069.0,45170.0,45262.0,45391.0,45528.0,45619.0,45724.0,45847.0,45949.0,46051.0,46183.0,46307.0,46476.0,46619.0,46738.0,46822.0,46927.0,47034.0,47118.0,47235.0,47324.0,47419.0,47538.0,47620.0,47706.0,47813.0,47924.0,48029.0,48120.0,48199.0,48294.0,48389.0,48478.0,48578.0,48663.0,48800.0,48898.0,48981.0,49057.0,49143.0,49240.0,49354.0,49441.0,49540.0,49606.0,49681.0,49757.0,49845.0,49932.0,50012.0,50091.0,50165.0,50239.0,50316.0,50386.0,50456.0,50524.0,50606.0,50661.0,50735.0,50801.0,50860.0,50916.0,50975.0,51039.0,51081.0,51144.0,51201.0,51250.0,51298.0,51357.0,51420.0,51459.0,51503.0,51540.0,51628.0,51682.0,51742.0,51804.0,51845.0,51901.0,51958.0,52026.0,52075.0,,,,,,,,,52705.0,52754.0,52801.0,52869.0,52908.0,52969.0,53010.0,53062.0,53092.0,53146.0,53202.0,53258.0,53305.0,53374.0,53431.0,53476.0,53528.0,53577.0,53647.0,53720.0,53782.0,53833.0,53892.0,53942.0,54015.0,54084.0,54132.0,54205.0,54265.0,54332.0,54379.0,54436.0,54486.0,54522.0,54554.0,54606.0,54642.0,54697.0,54757.0,54822.0,54886.0,54953.0,55017.0,55069.0,55110.0,55153.0,55221.0,55278.0,55317
Lt8zfb4Mqr0,1048673.0,1048808.0,1048921.0,1049048.0,1049223.0,1049368.0,1049562.0,1049761.0,1049927.0,1050114.0,1050306.0,1050464.0,1050648.0,1050832.0,1051027.0,1051147.0,1051333.0,1051498.0,1051682.0,1051856.0,1051992.0,1052118.0,1052258.0,1052419.0,1052537.0,1052654.0,1052798.0,1052962.0,1053072.0,1053184.0,1053323.0,1053434.0,1053589.0,1053710.0,1053827.0,1053933.0,1054051.0,1054191.0,1054278.0,1054393.0,1054511.0,1054635.0,1054740.0,1054855.0,1054991.0,1055115.0,1055225.0,1055331.0,1055461.0,1055594.0,1055696.0,1055790.0,1055891.0,1055979.0,1056072.0,1056196.0,1056297.0,1056395.0,1056502.0,1056948.0,1057705.0,1057907.0,1058005.0,1058092.0,1058193.0,1058318.0,1058416.0,1058554.0,1058680.0,1058780.0,1058884.0,1058954.0,1059014.0,1059090.0,1059152.0,1059220.0,1059292.0,1059379.0,1059508.0,1059588.0,1059648.0,1059719.0,1059828.0,1059904.0,1059974.0,1060040.0,1060136.0,1060188.0,1060258.0,1060321.0,1060372.0,1060442.0,1060500.0,1060563.0,1060629.0,1060692.0,1060752.0,1060804.0,1060860.0,1060924.0,1060979.0,1061039.0,1061083.0,1061129.0,1061189.0,1061228.0,1061276.0,1061334.0,1061407.0,1061459.0,1061519.0,1061577.0,1061643.0,1061711.0,1061795.0,1061878.0,1061960.0,1062040.0,1062084.0,1062152.0,1062210.0,1062273.0,1062339.0,1062372.0,1062421.0,1062466.0,1062513.0,1062575.0,1062620.0,1062656.0,1062711.0,1062743.0,1062786.0,1062830.0,,,,,,,,,1063255.0,1063310.0,1063359.0,1063407.0,1063450.0,1063497.0,1063554.0,1063630.0,1063686.0,1063753.0,1063810.0,1063852.0,1063893.0,1063948.0,1063986.0,1064019.0,1064059.0,1064090.0,1064140.0,1064189.0,1064233.0,1064289.0,1064330.0,1064362.0,1064412.0,1064459.0,1064506.0,1064555.0,1064609.0,1064652.0,1064701.0,1064739.0,1064784.0,1064832.0,1064867.0,1064905.0,1064951.0,1064997.0,1065044.0,1065077.0,1065109.0,1065146.0,1065175.0,1065228.0,1065276.0,1065336.0,1065384.0,1065436.0,1065494
Li6POmFRAdQ,44429.0,45017.0,45695.0,46206.0,46885.0,47424.0,47893.0,48549.0,49153.0,49659.0,50120.0,50652.0,51084.0,51618.0,52163.0,52650.0,53146.0,53614.0,54110.0,54629.0,55159.0,55683.0,56245.0,56813.0,57386.0,57946.0,58458.0,59058.0,59642.0,60115.0,60578.0,60937.0,61489.0,61866.0,62337.0,62841.0,63328.0,63762.0,64208.0,64683.0,65164.0,65557.0,65997.0,66430.0,66808.0,67172.0,67570.0,68040.0,68521.0,68937.0,69364.0,69796.0,70117.0,70528.0,70951.0,71390.0,71863.0,72325.0,72798.0,73205.0,73610.0,74027.0,74460.0,74903.0,75274.0,75710.0,76034.0,76391.0,76660.0,77110.0,77443.0,77803.0,78136.0,78545.0,78955.0,79305.0,79694.0,80056.0,80372.0,80816.0,81158.0,81455.0,81830.0,82263.0,82649.0,82987.0,83377.0,83690.0,84004.0,84405.0,84729.0,85104.0,85493.0,85831.0,86153.0,86468.0,86794.0,87151.0,87466.0,87801.0,88080.0,88409.0,88742.0,89048.0,89369.0,89712.0,90028.0,90349.0,90700.0,90996.0,91336.0,91635.0,91939.0,92296.0,92655.0,92942.0,93235.0,93543.0,93837.0,94121.0,94420.0,94704.0,95001.0,95254.0,95590.0,95866.0,96199.0,96487.0,96743.0,96984.0,97240.0,97481.0,97748.0,98011.0,,,,,,,,,100600.0,100851.0,101112.0,101422.0,101719.0,101967.0,102299.0,102573.0,102889.0,103211.0,103583.0,103876.0,104213.0,104583.0,104956.0,105333.0,105903.0,106461.0,106995.0,107514.0,107918.0,108296.0,108786.0,109326.0,110037.0,110557.0,111001.0,111478.0,111920.0,112416.0,112907.0,113485.0,114054.0,114524.0,115079.0,115560.0,116005.0,116548.0,117098.0,117619.0,118154.0,118701.0,119189.0,119649.0,120153.0,120756.0,121360.0,121973.0,122672
Ure5mY64aog,837.0,840.0,842.0,844.0,847.0,849.0,850.0,854.0,856.0,858.0,858.0,858.0,859.0,863.0,863.0,864.0,866.0,872.0,875.0,881.0,884.0,886.0,894.0,898.0,900.0,907.0,909.0,911.0,911.0,912.0,912.0,912.0,913.0,913.0,913.0,915.0,916.0,916.0,916.0,917.0,917.0,919.0,921.0,921.0,921.0,923.0,923.0,925.0,925.0,924.0,925.0,931.0,934.0,935.0,936.0,936.0,936.0,936.0,937.0,937.0,938.0,939.0,940.0,941.0,944.0,945.0,949.0,950.0,952.0,954.0,960.0,962.0,963.0,964.0,965.0,965.0,965.0,965.0,967.0,969.0,970.0,970.0,970.0,971.0,972.0,973.0,974.0,976.0,977.0,979.0,979.0,979.0,980.0,981.0,981.0,981.0,983.0,983.0,983.0,983.0,983.0,986.0,987.0,987.0,987.0,987.0,988.0,991.0,991.0,991.0,992.0,992.0,993.0,993.0,994.0,995.0,996.0,998.0,998.0,998.0,1000.0,1000.0,1000.0,1000.0,1000.0,1000.0,1000.0,1002.0,1003.0,1003.0,1004.0,1006.0,1006.0,1007.0,,,,,,,,,1010.0,1011.0,1011.0,1011.0,1011.0,1011.0,1011.0,1011.0,1011.0,1011.0,1011.0,1012.0,1012.0,1013.0,1013.0,1013.0,1014.0,1014.0,1014.0,1014.0,1014.0,1014.0,1016.0,1017.0,1018.0,1018.0,1018.0,1018.0,1018.0,1018.0,1018.0,1020.0,1020.0,1021.0,1021.0,1021.0,1021.0,1021.0,1021.0,1021.0,1021.0,1021.0,1021.0,1022.0,1022.0,1023.0,1023.0,1024.0,1025
uK5E1q3lxdk,5815870.0,5866139.0,5911555.0,5967315.0,5966554.0,5967140.0,5967841.0,5968510.0,5969156.0,5969850.0,5970519.0,5971152.0,5971815.0,5972499.0,5973177.0,5973938.0,5974664.0,5975299.0,5975891.0,5976444.0,5977017.0,5977583.0,5978170.0,5978742.0,5979262.0,5979800.0,5980378.0,5980890.0,5981384.0,5981839.0,5982278.0,5982708.0,5983097.0,5983478.0,5983834.0,5984312.0,5984747.0,5985218.0,5985650.0,5986099.0,5986534.0,5986936.0,5987336.0,5987742.0,5988152.0,5988488.0,5988839.0,5989283.0,5989754.0,5990331.0,5990836.0,5991339.0,5991676.0,5991991.0,5992363.0,5992761.0,5993109.0,5993483.0,5993858.0,5994185.0,5994452.0,5994786.0,5995092.0,5995339.0,5995621.0,5995853.0,5996097.0,5996353.0,5996565.0,5996912.0,5997137.0,5997343.0,5997562.0,5997781.0,5998037.0,5998250.0,5998462.0,5998686.0,5998908.0,5999216.0,5999450.0,5999662.0,5999888.0,6000169.0,6000368.0,6000570.0,6000743.0,6000943.0,6001107.0,6001286.0,6001488.0,6001723.0,6001918.0,6002132.0,6002339.0,6002543.0,6002711.0,6002940.0,6003094.0,6003241.0,6003385.0,6003528.0,6003649.0,6003801.0,6003917.0,6004037.0,6004180.0,6004332.0,6004508.0,6004644.0,6004821.0,6004975.0,6005088.0,6005210.0,6005341.0,6005489.0,6005703.0,6005867.0,6006016.0,6006213.0,6006358.0,6006561.0,6006739.0,6006879.0,6007044.0,6007165.0,6007306.0,6007428.0,6007553.0,6007668.0,6007798.0,6007897.0,6008029.0,6008153.0,,,,,,,,,6009387.0,6009552.0,6009665.0,6009807.0,6009959.0,6010115.0,6010233.0,6010354.0,6010482.0,6010604.0,6010742.0,6010873.0,6011041.0,6011171.0,6011305.0,6011440.0,6011561.0,6011712.0,6011849.0,6011973.0,6012098.0,6012220.0,6012358.0,6012494.0,6012592.0,6012732.0,6012856.0,6012986.0,6013110.0,6013244.0,6013368.0,6013504.0,6013649.0,6013778.0,6013895.0,6014007.0,6014126.0,6014262.0,6014421.0,6014571.0,6014715.0,6014837.0,6014936.0,6015040.0,6015164.0,6015271.0,6015408.0,6015506.0,6015605
WEHat15GwLY,1016161.0,1016208.0,1016244.0,1016283.0,1016337.0,1016390.0,1016427.0,1016464.0,1016520.0,1016599.0,1016638.0,1016694.0,1016733.0,1016801.0,1016848.0,1016898.0,1016939.0,1016976.0,1017018.0,1017073.0,1017125.0,1017168.0,1017197.0,1017244.0,1017264.0,1017309.0,1017361.0,1017401.0,1017444.0,1017481.0,1017532.0,1017564.0,1017605.0,1017633.0,1017661.0,1017697.0,1017756.0,1017823.0,1017889.0,1017974.0,1018031.0,1018078.0,1018126.0,1018183.0,1018212.0,1018272.0,1018317.0,1018369.0,1018392.0,1018437.0,1018479.0,1018516.0,1018535.0,1018566.0,1018601.0,1018642.0,1018661.0,1018701.0,1018730.0,1018762.0,1018783.0,1018819.0,1018852.0,1018877.0,1018921.0,1018940.0,1018967.0,1019004.0,1019034.0,1019069.0,1019121.0,1019155.0,1019180.0,1019205.0,1019254.0,1019291.0,1019333.0,1019360.0,1019396.0,1019427.0,1019462.0,1019492.0,1019522.0,1019548.0,1019586.0,1019620.0,1019654.0,1019683.0,1019706.0,1019731.0,1019752.0,1019785.0,1019810.0,1019833.0,1019868.0,1019893.0,1019918.0,1019937.0,1019961.0,1019982.0,1020006.0,1020031.0,1020057.0,1020075.0,1020092.0,1020108.0,1020144.0,1020183.0,1020208.0,1020227.0,1020239.0,1020258.0,1020277.0,1020296.0,1020315.0,1020332.0,1020359.0,1020379.0,1020396.0,1020415.0,1020435.0,1020449.0,1020465.0,1020482.0,1020507.0,1020522.0,1020543.0,1020557.0,1020579.0,1020612.0,1020633.0,1020650.0,1020671.0,1020691.0,,,,,,,,,1020894.0,1020911.0,1020933.0,1020953.0,1020977.0,1020994.0,1021014.0,1021030.0,1021043.0,1021070.0,1021084.0,1021105.0,1021126.0,1021153.0,1021170.0,1021183.0,1021217.0,1021233.0,1021244.0,1021262.0,1021280.0,1021330.0,1021348.0,1021373.0,1021392.0,1021419.0,1021446.0,1021463.0,1021485.0,1021518.0,1021531.0,1021544.0,1021558.0,1021566.0,1021578.0,1021594.0,1021610.0,1021628.0,1021642.0,1021656.0,1021671.0,1021704.0,1021723.0,1021741.0,1021760.0,1021778.0,1021796.0,1021817.0,1021834
QP9oFkAHLw4,19580.0,19601.0,19617.0,19629.0,19643.0,19655.0,19670.0,19683.0,19694.0,19701.0,19719.0,19732.0,19752.0,19763.0,19784.0,19803.0,19813.0,19826.0,19844.0,19861.0,19877.0,19901.0,19931.0,19942.0,19961.0,19968.0,19984.0,19998.0,20018.0,20033.0,20051.0,20078.0,20097.0,20109.0,20118.0,20137.0,20151.0,20166.0,20171.0,20193.0,20225.0,20243.0,20272.0,20291.0,20306.0,20312.0,20329.0,20338.0,20349.0,20359.0,20374.0,20385.0,20395.0,20405.0,20427.0,20435.0,20455.0,20477.0,20491.0,20496.0,20506.0,20510.0,20521.0,20530.0,20540.0,20552.0,20558.0,20566.0,20575.0,20588.0,20600.0,20617.0,20624.0,20640.0,20648.0,20661.0,20681.0,20694.0,20699.0,20705.0,20709.0,20714.0,20717.0,20723.0,20737.0,20745.0,20756.0,20762.0,20767.0,20777.0,20784.0,20799.0,20803.0,20808.0,20817.0,20818.0,20824.0,20829.0,20840.0,20851.0,20864.0,20874.0,20879.0,20881.0,20888.0,20896.0,20904.0,20911.0,20923.0,20934.0,20940.0,20943.0,20953.0,20955.0,20968.0,20977.0,20991.0,21011.0,21013.0,21023.0,21029.0,21035.0,21041.0,21051.0,21053.0,21064.0,21074.0,21079.0,21088.0,21094.0,21104.0,21110.0,21110.0,21114.0,,,,,,,,,21196.0,21199.0,21207.0,21209.0,21212.0,21217.0,21222.0,21229.0,21236.0,21247.0,21251.0,21259.0,21264.0,21272.0,21278.0,21285.0,21292.0,21295.0,21301.0,21305.0,21306.0,21311.0,21313.0,21315.0,21320.0,21322.0,21325.0,21331.0,21334.0,21335.0,21342.0,21343.0,21346.0,21352.0,21363.0,21367.0,21374.0,21386.0,21393.0,21401.0,21407.0,21414.0,21428.0,21431.0,21434.0,21445.0,21456.0,21460.0,21473
qr4oH_06IZM,5142650.0,5231511.0,5296683.0,5351513.0,5398769.0,5440332.0,5474338.0,5506889.0,5536723.0,5564441.0,5592283.0,5618174.0,5638224.0,5657589.0,5676826.0,5694671.0,5713255.0,5730875.0,5748043.0,5764676.0,5781747.0,5798780.0,5814565.0,5828251.0,5841109.0,5853879.0,5867320.0,5880323.0,5893104.0,5905520.0,5917749.0,5928992.0,5940237.0,5951230.0,5962345.0,5973778.0,5984767.0,5995769.0,6006969.0,6017083.0,6027141.0,6037004.0,6046345.0,6055375.0,6065081.0,6075309.0,6084490.0,6093602.0,6102541.0,6111355.0,6119750.0,6128442.0,6137586.0,6146572.0,6156068.0,6165160.0,6174448.0,6183241.0,6192319.0,6200904.0,6209071.0,6217376.0,6225529.0,6233736.0,6241322.0,6248871.0,6256602.0,6264124.0,6270698.0,6279897.0,6288518.0,6297598.0,6306228.0,6314998.0,6323350.0,6331542.0,6340561.0,6348874.0,6357663.0,6365999.0,6374042.0,6381792.0,6389175.0,6396935.0,6404799.0,6412903.0,6421041.0,6429390.0,6436930.0,6443990.0,6451093.0,6458010.0,6465824.0,6473939.0,6482302.0,6489431.0,6495848.0,6502289.0,6509065.0,6515670.0,6522468.0,6529410.0,6535772.0,6541764.0,6548003.0,6553947.0,6559675.0,6565725.0,6572208.0,6578651.0,6584801.0,6590936.0,6596990.0,6603126.0,6609522.0,6616476.0,6623114.0,6629456.0,6636002.0,6642154.0,6648335.0,6654461.0,6660644.0,6666586.0,6672564.0,6678329.0,6684299.0,6690856.0,6697649.0,6704418.0,6710784.0,6717174.0,6723410.0,6729159.0,,,,,,,,,6787770.0,6795201.0,6802012.0,6808883.0,6815912.0,6822991.0,6830794.0,6839046.0,6848820.0,6856822.0,6865201.0,6874022.0,6883083.0,6893181.0,6903317.0,6914064.0,6922900.0,6932863.0,6942399.0,6949758.0,6955658.0,6961601.0,6967798.0,6973460.0,6979114.0,6984724.0,6990545.0,6996313.0,7001767.0,7007151.0,7012206.0,7017255.0,7022344.0,7027021.0,7031258.0,7035741.0,7040336.0,7044874.0,7049488.0,7054377.0,7059223.0,7063805.0,7068511.0,7073178.0,7077504.0,7081928.0,7086504.0,7090997.0,7095524
Kp5TFvtiB7k,1458998.0,1460305.0,1461093.0,1461729.0,1462231.0,1462634.0,1462913.0,1463156.0,1463413.0,1463626.0,1463811.0,1463989.0,1464174.0,1464350.0,1464496.0,1464649.0,1464917.0,1465123.0,1465368.0,1465533.0,1465711.0,1465869.0,1466038.0,1466233.0,1466440.0,1466580.0,1466705.0,1466835.0,1466978.0,1467111.0,1467217.0,1467308.0,1467395.0,1467483.0,1467577.0,1467673.0,1467778.0,1467876.0,1467983.0,1468079.0,1468166.0,1468256.0,1468364.0,1468441.0,1468522.0,1468600.0,1468700.0,1468786.0,1468872.0,1468956.0,1469028.0,1469095.0,1469159.0,1469219.0,1469286.0,1469370.0,1469440.0,1469516.0,1469623.0,1469697.0,1469765.0,1469832.0,1469894.0,1469976.0,1470052.0,1470158.0,1470233.0,1470299.0,1470372.0,1470461.0,1470535.0,1470592.0,1470680.0,1470749.0,1470827.0,1470889.0,1470969.0,1471044.0,1471099.0,1471175.0,1471257.0,1471339.0,1471397.0,1471479.0,1471551.0,1471595.0,1471660.0,1471734.0,1471788.0,1471841.0,1471912.0,1471961.0,1472024.0,1472093.0,1472156.0,1472224.0,1472261.0,1472325.0,1472365.0,1472421.0,1472497.0,1472567.0,1472614.0,1472655.0,1472710.0,1472746.0,1472780.0,1472839.0,1472900.0,1472970.0,1473020.0,1473068.0,1473111.0,1473159.0,1473219.0,1473276.0,1473318.0,1473359.0,1473412.0,1473458.0,1473497.0,1473549.0,1473605.0,1473649.0,1473698.0,1473749.0,1473792.0,1473850.0,1473896.0,1473956.0,1474023.0,1474077.0,1474118.0,1474144.0,,,,,,,,,1474567.0,1474618.0,1474666.0,1474703.0,1474739.0,1474786.0,1474813.0,1474853.0,1474905.0,1474946.0,1474965.0,1475020.0,1475055.0,1475075.0,1475118.0,1475170.0,1475194.0,1475229.0,1475259.0,1475298.0,1475334.0,1475372.0,1475408.0,1475430.0,1475464.0,1475494.0,1475526.0,1475552.0,1475583.0,1475618.0,1475662.0,1475706.0,1475743.0,1475780.0,1475821.0,1475866.0,1475909.0,1475943.0,1475980.0,1476022.0,1476069.0,1476111.0,1476171.0,1476207.0,1476245.0,1476270.0,1476317.0,1476362.0,1476409
dZ3pHHoR2qw,2403195.0,2403709.0,2404185.0,2404768.0,2405271.0,2405784.0,2406287.0,2406783.0,2407253.0,2407690.0,2408143.0,2408517.0,2408927.0,2409388.0,2409734.0,2410119.0,2410497.0,2410862.0,2411228.0,2411600.0,2412067.0,2412384.0,2412731.0,2413052.0,2413327.0,2413650.0,2414021.0,2414386.0,2414679.0,2415012.0,2415304.0,2415564.0,2415858.0,2416107.0,2416357.0,2416646.0,2416914.0,2417210.0,2417473.0,2417731.0,2417974.0,2418243.0,2418541.0,2418808.0,2419072.0,2419290.0,2419514.0,2419796.0,2420130.0,2420351.0,2420560.0,2420782.0,2420969.0,2421206.0,2421513.0,2421815.0,2422129.0,2422383.0,2422615.0,2422841.0,2423089.0,2423310.0,2423499.0,2423735.0,2423955.0,2424159.0,2424336.0,2424489.0,2424689.0,2424908.0,2425096.0,2425271.0,2425449.0,2425597.0,2425725.0,2425897.0,2426067.0,2426236.0,2426385.0,2426575.0,2426705.0,2426861.0,2427049.0,2427231.0,2427377.0,2427521.0,2427651.0,2427772.0,2427911.0,2428044.0,2428181.0,2428309.0,2428418.0,2428561.0,2428657.0,2428759.0,2428870.0,2428986.0,2429111.0,2429223.0,2429343.0,2429494.0,2429595.0,2429705.0,2429845.0,2429947.0,2430086.0,2430213.0,2430340.0,2430457.0,2430563.0,2430690.0,2430804.0,2430915.0,2431043.0,2431184.0,2431293.0,2431417.0,2431560.0,2431687.0,2431824.0,2431970.0,2432071.0,2432189.0,2432293.0,2432413.0,2432538.0,2432672.0,2432786.0,2432890.0,2432983.0,2433108.0,2433200.0,2433324.0,,,,,,,,,2434385.0,2434502.0,2434638.0,2434746.0,2434867.0,2434989.0,2435119.0,2435250.0,2435393.0,2435528.0,2435648.0,2435769.0,2435930.0,2436090.0,2436219.0,2436355.0,2436453.0,2436550.0,2436685.0,2436814.0,2436936.0,2437092.0,2437275.0,2437384.0,2437506.0,2437628.0,2437748.0,2437902.0,2438117.0,2438273.0,2438407.0,2438521.0,2438645.0,2438766.0,2438878.0,2438997.0,2439133.0,2439239.0,2439347.0,2439460.0,2439577.0,2439685.0,2439798.0,2439897.0,2439991.0,2440086.0,2440188.0,2440277.0,2440351
AWBFEU5MYzA,5392.0,5425.0,5458.0,5491.0,5528.0,5571.0,5610.0,5640.0,5676.0,5711.0,5741.0,5770.0,5810.0,5826.0,5860.0,5887.0,5919.0,5949.0,5982.0,6016.0,6048.0,6078.0,6115.0,6164.0,6188.0,6234.0,6267.0,6287.0,6301.0,6327.0,6344.0,6375.0,6398.0,6412.0,6430.0,6443.0,6469.0,6484.0,6513.0,6531.0,6562.0,6582.0,6599.0,6612.0,6619.0,6633.0,6654.0,6670.0,6695.0,6717.0,6729.0,6742.0,6760.0,6785.0,6793.0,6805.0,6826.0,6841.0,6859.0,6883.0,6907.0,6923.0,6946.0,6965.0,6984.0,6998.0,7010.0,7041.0,7059.0,7086.0,7103.0,7121.0,7137.0,7155.0,7172.0,7184.0,7200.0,7235.0,7242.0,7261.0,7274.0,7291.0,7320.0,7345.0,7359.0,7376.0,7384.0,7406.0,7422.0,7439.0,7458.0,7473.0,7498.0,7516.0,7545.0,7564.0,7593.0,7616.0,7635.0,7655.0,7681.0,7713.0,7730.0,7752.0,7785.0,7804.0,7817.0,7830.0,7849.0,7866.0,7884.0,7892.0,7910.0,7917.0,7928.0,8005.0,8040.0,8063.0,8078.0,8091.0,8101.0,8115.0,8127.0,8142.0,8158.0,8163.0,8167.0,8181.0,8264.0,8311.0,8350.0,8379.0,8403.0,8410.0,,,,,,,,,8592.0,8607.0,8646.0,8661.0,8677.0,8691.0,8702.0,8707.0,8718.0,8725.0,8738.0,8748.0,8765.0,8779.0,8795.0,8811.0,8827.0,8835.0,8846.0,8855.0,8865.0,8883.0,8892.0,8914.0,8932.0,8949.0,8961.0,8974.0,8992.0,9007.0,9016.0,9025.0,9035.0,9045.0,9068.0,9085.0,9105.0,9126.0,9135.0,9151.0,9166.0,9176.0,9206.0,9256.0,9278.0,9304.0,9335.0,9355.0,9381
kNITt0i55NI,5445780.0,5446745.0,5447732.0,5448730.0,5449750.0,5450783.0,5451720.0,5452797.0,5453948.0,5455395.0,5456906.0,5458273.0,5459724.0,5461083.0,5462359.0,5466099.0,5470696.0,5474282.0,5475518.0,5475960.0,5476988.0,5478278.0,5479529.0,5480736.0,5481924.0,5483056.0,5484194.0,5485448.0,5486536.0,5487850.0,5489031.0,5490117.0,5491159.0,5492225.0,5493395.0,5494730.0,5495987.0,5497223.0,5498288.0,5499230.0,5500244.0,5501112.0,5502075.0,5503107.0,5504232.0,5505193.0,5506211.0,5507439.0,5508801.0,5510464.0,5511885.0,5513610.0,5514995.0,5516284.0,5517530.0,5518657.0,5519771.0,5520868.0,5521969.0,5523076.0,5524530.0,5526620.0,5528374.0,5530296.0,5531931.0,5533718.0,5535225.0,5536692.0,5537855.0,5539349.0,5540575.0,5541660.0,5542744.0,5543760.0,5544802.0,5545833.0,5546673.0,5547407.0,5548160.0,5548832.0,5549523.0,5550270.0,5550969.0,5551644.0,5552227.0,5552880.0,5553526.0,5554101.0,5554766.0,5555414.0,5555987.0,5556611.0,5557089.0,5557675.0,5558189.0,5558810.0,5559381.0,5559986.0,5560576.0,5561057.0,5561601.0,5562159.0,5562710.0,5563209.0,5563826.0,5564308.0,5564874.0,5565428.0,5565950.0,5566434.0,5566925.0,5567406.0,5567850.0,5568367.0,5568998.0,5569625.0,5570064.0,5570639.0,5571209.0,5571765.0,5572266.0,5572869.0,5573439.0,5573879.0,5574421.0,5574819.0,5575269.0,5575714.0,5576193.0,5576741.0,5577192.0,5577687.0,5578181.0,5578646.0,,,,,,,,,5583066.0,5583635.0,5584108.0,5584597.0,5585081.0,5585593.0,5586022.0,5586466.0,5586934.0,5587468.0,5587897.0,5588299.0,5588686.0,5589117.0,5589501.0,5589884.0,5590359.0,5590793.0,5591200.0,5591682.0,5592131.0,5592545.0,5592951.0,5593406.0,5593778.0,5594192.0,5594650.0,5595022.0,5595351.0,5595766.0,5596125.0,5596467.0,5596819.0,5597177.0,5597562.0,5597942.0,5598262.0,5598624.0,5599022.0,5599431.0,5599877.0,5600304.0,5600728.0,5601190.0,5601685.0,5602214.0,5602681.0,5603113.0,5603497
_OBiS38SJSo,2521.0,2528.0,2531.0,2538.0,2546.0,2552.0,2563.0,2570.0,2576.0,2586.0,2590.0,2595.0,2597.0,2602.0,2606.0,2613.0,2624.0,2635.0,2643.0,2647.0,2652.0,2656.0,2657.0,2663.0,2667.0,2671.0,2674.0,2678.0,2683.0,2687.0,2689.0,2690.0,2695.0,2699.0,2702.0,2710.0,2714.0,2722.0,2725.0,2729.0,2736.0,2741.0,2748.0,2753.0,2757.0,2764.0,2769.0,2778.0,2781.0,2786.0,2792.0,2799.0,2802.0,2806.0,2812.0,2818.0,2823.0,2828.0,2834.0,2839.0,2842.0,2849.0,2852.0,2858.0,2862.0,2867.0,2872.0,2874.0,2875.0,2877.0,2879.0,2880.0,2881.0,2883.0,2886.0,2890.0,2891.0,2893.0,2895.0,2897.0,2898.0,2898.0,2899.0,2902.0,2902.0,2903.0,2908.0,2908.0,2908.0,2909.0,2911.0,2913.0,2918.0,2920.0,2925.0,2927.0,2929.0,2935.0,2938.0,2940.0,2943.0,2945.0,2947.0,2949.0,2951.0,2953.0,2958.0,2958.0,2961.0,2963.0,2965.0,2966.0,2969.0,2970.0,2972.0,2974.0,2974.0,2977.0,2978.0,2981.0,2982.0,2984.0,2985.0,2987.0,2988.0,2991.0,2992.0,2995.0,2996.0,2998.0,3001.0,3004.0,3005.0,3007.0,,,,,,,,,3014.0,3014.0,3017.0,3019.0,3021.0,3021.0,3022.0,3023.0,3025.0,3025.0,3025.0,3027.0,3027.0,3027.0,3028.0,3028.0,3028.0,3028.0,3029.0,3030.0,3031.0,3033.0,3036.0,3040.0,3040.0,3043.0,3043.0,3043.0,3044.0,3046.0,3046.0,3047.0,3050.0,3070.0,3076.0,3077.0,3080.0,3081.0,3084.0,3085.0,3085.0,3085.0,3086.0,3088.0,3090.0,3094.0,3095.0,3096.0,3099
QZpIWZC64NY,4584.0,4619.0,4648.0,4676.0,4703.0,4723.0,4756.0,4782.0,4800.0,4822.0,4842.0,4858.0,4886.0,4906.0,4925.0,4952.0,4975.0,4996.0,5011.0,5038.0,5060.0,5081.0,5100.0,5117.0,5135.0,5151.0,5173.0,5201.0,5232.0,5264.0,5286.0,5305.0,5345.0,5365.0,5377.0,5395.0,5407.0,5436.0,5456.0,5474.0,5483.0,5496.0,5524.0,5558.0,5583.0,5603.0,5622.0,5640.0,5652.0,5681.0,5700.0,5718.0,5730.0,5745.0,5768.0,5801.0,5820.0,5831.0,5859.0,5880.0,5898.0,5912.0,5932.0,5944.0,5957.0,5974.0,5984.0,6000.0,6014.0,6035.0,6046.0,6066.0,6081.0,6095.0,6111.0,6124.0,6140.0,6151.0,6164.0,6174.0,6185.0,6195.0,6208.0,6215.0,6233.0,6246.0,6256.0,6273.0,6289.0,6314.0,6341.0,6363.0,6383.0,6403.0,6429.0,6447.0,6466.0,6481.0,6510.0,6520.0,6534.0,6552.0,6570.0,6594.0,6619.0,6640.0,6663.0,6684.0,6716.0,6732.0,6750.0,6763.0,6775.0,6789.0,6804.0,6823.0,6848.0,6862.0,6882.0,6902.0,6914.0,6932.0,6951.0,6976.0,6988.0,7005.0,7026.0,7042.0,7055.0,7068.0,7080.0,7093.0,7113.0,7141.0,,,,,,,,,7305.0,7317.0,7341.0,7361.0,7382.0,7397.0,7410.0,7422.0,7442.0,7459.0,7485.0,7504.0,7526.0,7546.0,7571.0,7595.0,7613.0,7635.0,7652.0,7666.0,7680.0,7697.0,7710.0,7731.0,7755.0,7766.0,7773.0,7786.0,7796.0,7802.0,7809.0,7820.0,7829.0,7835.0,7844.0,7854.0,7859.0,7871.0,7877.0,7889.0,7899.0,7910.0,7922.0,7930.0,7947.0,7962.0,7976.0,7992.0,7999
EtNu7SrOH1k,191810.0,192265.0,192807.0,193333.0,193855.0,194372.0,194857.0,195514.0,196113.0,196742.0,197349.0,197923.0,198572.0,199105.0,199693.0,200177.0,200655.0,201185.0,201646.0,202115.0,202525.0,203038.0,203453.0,203913.0,204355.0,204805.0,205341.0,205930.0,206422.0,206932.0,207442.0,207966.0,208401.0,208978.0,209371.0,209795.0,210209.0,210695.0,211066.0,211515.0,211889.0,212261.0,212695.0,213129.0,213500.0,213882.0,214291.0,214709.0,215104.0,215533.0,215822.0,216214.0,216655.0,217030.0,217507.0,217919.0,218300.0,218637.0,218976.0,219369.0,219737.0,220121.0,220620.0,221043.0,221395.0,221815.0,222258.0,222592.0,222868.0,223248.0,223543.0,223845.0,224165.0,224528.0,224796.0,225110.0,225420.0,225698.0,225978.0,226302.0,226589.0,226869.0,227199.0,227489.0,227806.0,228035.0,228356.0,228642.0,228934.0,229197.0,229470.0,229768.0,230030.0,230323.0,230605.0,230858.0,231113.0,231299.0,231560.0,231837.0,232082.0,232408.0,232643.0,232919.0,233168.0,233441.0,233688.0,233951.0,234173.0,234420.0,234662.0,234866.0,235074.0,235271.0,235526.0,235756.0,235968.0,236215.0,236446.0,236706.0,236940.0,237233.0,237438.0,237640.0,237901.0,238111.0,238380.0,238622.0,238874.0,239150.0,239365.0,239586.0,239774.0,239940.0,,,,,,,,,241887.0,242092.0,242338.0,242545.0,242719.0,242885.0,243028.0,243218.0,243428.0,243575.0,243766.0,243933.0,244113.0,244378.0,244658.0,244948.0,245191.0,245387.0,245659.0,245903.0,246137.0,246396.0,246596.0,246850.0,247087.0,247326.0,247591.0,247885.0,248162.0,248449.0,248672.0,248858.0,249033.0,249186.0,249353.0,249525.0,249664.0,249842.0,249970.0,250114.0,250263.0,250393.0,250550.0,250697.0,250806.0,250923.0,251054.0,251178.0,251323
kYzX8dvFkdw,103830.0,103981.0,104113.0,104255.0,104395.0,104536.0,104715.0,104871.0,105040.0,105188.0,105329.0,105486.0,105686.0,105804.0,105963.0,106105.0,106300.0,106449.0,106572.0,106733.0,106872.0,107061.0,107206.0,107393.0,107567.0,107714.0,107863.0,108035.0,108204.0,108358.0,108543.0,108706.0,108883.0,109027.0,109204.0,109400.0,109563.0,109725.0,109839.0,109985.0,110126.0,110254.0,110406.0,110553.0,110713.0,110889.0,111057.0,111227.0,111366.0,111514.0,111651.0,111802.0,111938.0,112066.0,112220.0,112360.0,112493.0,112650.0,112780.0,112901.0,113042.0,113175.0,113310.0,113474.0,113633.0,113746.0,113862.0,114030.0,114163.0,114305.0,114474.0,114608.0,114753.0,114890.0,114987.0,115103.0,115241.0,115432.0,115590.0,115753.0,115893.0,116074.0,116220.0,116380.0,116530.0,116699.0,116845.0,116956.0,117107.0,117299.0,117409.0,117542.0,117687.0,117830.0,117992.0,118145.0,118318.0,118496.0,118657.0,118804.0,118936.0,119061.0,119209.0,119317.0,119438.0,119598.0,119715.0,119846.0,119986.0,120131.0,120252.0,120375.0,120503.0,120649.0,120779.0,120924.0,121039.0,121198.0,121299.0,121424.0,121518.0,121645.0,121736.0,121853.0,121977.0,122052.0,122192.0,122310.0,122460.0,122608.0,122707.0,122851.0,123000.0,123109.0,,,,,,,,,124187.0,124322.0,124442.0,124660.0,124907.0,125085.0,125230.0,125390.0,125546.0,125717.0,126016.0,126456.0,126767.0,126987.0,127222.0,127446.0,127620.0,127819.0,128034.0,128216.0,128385.0,128532.0,128703.0,128862.0,129027.0,129182.0,129278.0,129401.0,129520.0,129642.0,129758.0,129882.0,129981.0,130067.0,130163.0,130238.0,130331.0,130415.0,130513.0,130590.0,130699.0,130828.0,130930.0,131025.0,131137.0,131249.0,131336.0,131404.0,131519
JfH_Jb8_BOk,2028709.0,2031250.0,2034129.0,2037271.0,2040013.0,2043098.0,2046250.0,2049236.0,2052206.0,2055097.0,2057736.0,2060604.0,2063336.0,2066673.0,2070593.0,2074452.0,2077596.0,2080905.0,2083929.0,2087231.0,2090481.0,2093572.0,2096667.0,2099927.0,2103090.0,2106742.0,2110171.0,2113492.0,2116534.0,2119612.0,2122583.0,2125116.0,2127741.0,2130522.0,2133691.0,2136804.0,2139982.0,2142480.0,2144738.0,2147576.0,2150500.0,2153358.0,2156407.0,2159259.0,2162851.0,2166449.0,2169804.0,2173060.0,2176083.0,2178775.0,2182014.0,2184863.0,2187577.0,2190239.0,2193032.0,2195561.0,2198657.0,2201411.0,2203721.0,2206287.0,2208852.0,2211514.0,2214233.0,2216704.0,2218993.0,2221007.0,2223361.0,2225811.0,2228220.0,2231150.0,2233828.0,2236425.0,2239217.0,2241969.0,2244460.0,2247296.0,2250432.0,2253387.0,2255899.0,2258233.0,2260419.0,2262618.0,2265119.0,2267815.0,2270446.0,2272867.0,2274919.0,2276812.0,2279102.0,2281335.0,2283356.0,2285215.0,2287137.0,2288943.0,2290701.0,2292376.0,2294162.0,2296078.0,2298125.0,2300038.0,2301799.0,2303499.0,2305281.0,2306930.0,2308773.0,2310556.0,2312438.0,2314205.0,2315927.0,2317621.0,2319477.0,2321158.0,2322836.0,2324485.0,2326090.0,2327696.0,2329349.0,2331091.0,2332914.0,2334746.0,2336490.0,2338210.0,2339910.0,2341515.0,2343000.0,2344903.0,2346574.0,2348441.0,2350049.0,2351598.0,2353110.0,2355036.0,2356897.0,2358685.0,,,,,,,,,2375563.0,2377197.0,2379063.0,2380860.0,2382791.0,2384753.0,2386326.0,2387866.0,2389741.0,2391388.0,2393368.0,2395727.0,2397999.0,2400099.0,2402188.0,2403958.0,2406005.0,2408166.0,2410177.0,2412064.0,2413781.0,2415586.0,2417141.0,2418695.0,2420739.0,2422639.0,2424492.0,2426353.0,2427851.0,2429442.0,2431312.0,2433343.0,2435417.0,2437478.0,2439350.0,2441105.0,2442694.0,2444320.0,2446189.0,2448015.0,2449931.0,2451712.0,2453463.0,2455058.0,2456983.0,2458806.0,2460618.0,2462537.0,2464432
1ZX1vEDTfY4,12944954.0,12992944.0,13044142.0,13093777.0,13139413.0,13183488.0,13231017.0,13286081.0,13334770.0,13382298.0,13425944.0,13465986.0,13513066.0,13560266.0,13610716.0,13662149.0,13718129.0,13771398.0,13826610.0,13881283.0,13936409.0,13995671.0,14056264.0,14117366.0,14177030.0,14238754.0,14301752.0,14359459.0,14415053.0,14473158.0,14531801.0,14579960.0,14628467.0,14680360.0,14732041.0,14784723.0,14843258.0,14894728.0,14941369.0,14988778.0,15035727.0,15081822.0,15133041.0,15190842.0,15244516.0,15292708.0,15338047.0,15388033.0,15436859.0,15492864.0,15546272.0,15600207.0,15645711.0,15691007.0,15736966.0,15783267.0,15830569.0,15877415.0,15922204.0,15966617.0,16006100.0,16047224.0,16089347.0,16134009.0,16178435.0,16222679.0,16264630.0,16308538.0,16350139.0,16398646.0,16436255.0,16467237.0,16508147.0,16547452.0,16585416.0,16625927.0,16667588.0,16705230.0,16744369.0,16783201.0,16821512.0,16859995.0,16899754.0,16939201.0,16977473.0,17015449.0,17052461.0,17087341.0,17123890.0,17160508.0,17195748.0,17228361.0,17262334.0,17295205.0,17327206.0,17361662.0,17397009.0,17431597.0,17465218.0,17496948.0,17528154.0,17560288.0,17591860.0,17626577.0,17661817.0,17698240.0,17734594.0,17769046.0,17799694.0,17828510.0,17857769.0,17886519.0,17916914.0,17948814.0,17983570.0,18015009.0,18046473.0,18077965.0,18110627.0,18139934.0,18170449.0,18200626.0,18227410.0,18251963.0,18276581.0,18301448.0,18326807.0,18355451.0,18384759.0,18413493.0,18441760.0,18471655.0,18501784.0,18528996.0,,,,,,,,,18777923.0,18807025.0,18833727.0,18860526.0,18885950.0,18908830.0,18929574.0,18952503.0,18977005.0,18999498.0,19023690.0,19049228.0,19075773.0,19102269.0,19127865.0,19150490.0,19175407.0,19197689.0,19219486.0,19242530.0,19265650.0,19290604.0,19314633.0,19337980.0,19363871.0,19389512.0,19413983.0,19439065.0,19464360.0,19488761.0,19511576.0,19534537.0,19558562.0,19581290.0,19603617.0,19627087.0,19648413.0,19670374.0,19693156.0,19716951.0,19739622.0,19762739.0,19787055.0,19810990.0,19834572.0,19858296.0,19881084.0,19903261.0,19925590
ivtsWSkxkgo,58503.0,58712.0,58905.0,59119.0,59279.0,59534.0,59710.0,59873.0,60058.0,60200.0,60338.0,60471.0,60587.0,60715.0,60840.0,60991.0,61084.0,61185.0,61294.0,61391.0,61511.0,61613.0,61732.0,61848.0,61959.0,62089.0,62202.0,62304.0,62410.0,62530.0,62623.0,62711.0,62828.0,62912.0,62984.0,63053.0,63145.0,63238.0,63329.0,63429.0,63520.0,63613.0,63732.0,63820.0,63914.0,64022.0,64134.0,64234.0,64335.0,64445.0,64539.0,64630.0,64725.0,64845.0,64927.0,65042.0,65121.0,65222.0,65390.0,65553.0,65709.0,65841.0,65960.0,66106.0,66238.0,66339.0,66428.0,66534.0,66613.0,66721.0,66796.0,66872.0,66969.0,67185.0,67694.0,67953.0,68165.0,68331.0,68505.0,68658.0,68765.0,68864.0,68968.0,69071.0,69166.0,69263.0,69348.0,69443.0,69543.0,69618.0,69690.0,69772.0,69833.0,69883.0,69940.0,70030.0,70089.0,70141.0,70210.0,70274.0,70382.0,70479.0,70561.0,70639.0,70736.0,70857.0,70937.0,71031.0,71117.0,71176.0,71249.0,71320.0,71385.0,71456.0,71523.0,71588.0,71673.0,71747.0,71820.0,71884.0,71967.0,72041.0,72097.0,72173.0,72249.0,72347.0,72416.0,72484.0,72558.0,72617.0,72691.0,72763.0,72846.0,72921.0,,,,,,,,,73488.0,73553.0,73628.0,73681.0,73740.0,73822.0,73901.0,73970.0,74046.0,74112.0,74172.0,74248.0,74292.0,74374.0,74434.0,74494.0,74550.0,74614.0,74698.0,74763.0,74842.0,74907.0,74993.0,75073.0,75147.0,75220.0,75281.0,75349.0,75415.0,75481.0,75546.0,75618.0,75685.0,75761.0,75829.0,75883.0,75928.0,75991.0,76040.0,76097.0,76164.0,76209.0,76260.0,76312.0,76370.0,76416.0,76468.0,76553.0,76611
69QCKEYOAZs,18462354.0,18464153.0,18466361.0,18468526.0,18470714.0,18472899.0,18474931.0,18476954.0,18479063.0,18481301.0,18483723.0,18485838.0,18487815.0,18489591.0,18491285.0,18492904.0,18494778.0,18496556.0,18498157.0,18499749.0,18501242.0,18502700.0,18504172.0,18505751.0,18507274.0,18508643.0,18510141.0,18511728.0,18513044.0,18514285.0,18515567.0,18516764.0,18518211.0,18519777.0,18521393.0,18522801.0,18524239.0,18525493.0,18526832.0,18528373.0,18529965.0,18531696.0,18533171.0,18534570.0,18535960.0,18537289.0,18538598.0,18539911.0,18541207.0,18542318.0,18543457.0,18544717.0,18545901.0,18547206.0,18549077.0,18551016.0,18552795.0,18554266.0,18555917.0,18557655.0,18559363.0,18561049.0,18562601.0,18564700.0,18566695.0,18568065.0,18569358.0,18570492.0,18571388.0,18572936.0,18574449.0,18576404.0,18578605.0,18580123.0,18581545.0,18582902.0,18584235.0,18585340.0,18586528.0,18587686.0,18588914.0,18590010.0,18591090.0,18592090.0,18593169.0,18594200.0,18595464.0,18596835.0,18597915.0,18598848.0,18599724.0,18600609.0,18601554.0,18602727.0,18603893.0,18604926.0,18605829.0,18606827.0,18607749.0,18608696.0,18609823.0,18611109.0,18612307.0,18613575.0,18615163.0,18616472.0,18617501.0,18618647.0,18619769.0,18621186.0,18624134.0,18626914.0,18628978.0,18631144.0,18633671.0,18635944.0,18637998.0,18639627.0,18641234.0,18642791.0,18644390.0,18646000.0,18647485.0,18648790.0,18649861.0,18651134.0,18652305.0,18653796.0,18655191.0,18656493.0,18657515.0,18658521.0,18659526.0,18660654.0,,,,,,,,,18673245.0,18674627.0,18675641.0,18676618.0,18677608.0,18678518.0,18679434.0,18680433.0,18681368.0,18682216.0,18683112.0,18683960.0,18684919.0,18685871.0,18686903.0,18687850.0,18688796.0,18689658.0,18690629.0,18691496.0,18692376.0,18693415.0,18694421.0,18695363.0,18696273.0,18697233.0,18698223.0,18699271.0,18700318.0,18701339.0,18702207.0,18703083.0,18703970.0,18704841.0,18705733.0,18706773.0,18707711.0,18708449.0,18709446.0,18710276.0,18711240.0,18712184.0,18713222.0,18714224.0,18715297.0,18716309.0,18717288.0,18718267.0,18719214
DxMu1pv8b9Y,7574093.0,7581792.0,7590332.0,7598780.0,7606871.0,7614456.0,7621654.0,7629619.0,7638307.0,7647159.0,7655621.0,7663257.0,7670863.0,7677968.0,7686164.0,7694739.0,7703162.0,7711221.0,7719465.0,7727788.0,7735929.0,7745521.0,7754777.0,7763187.0,7770751.0,7778361.0,7786735.0,7794986.0,7803294.0,7811323.0,7819403.0,7827060.0,7835141.0,7843693.0,7852749.0,7862456.0,7873036.0,7883798.0,7893307.0,7901664.0,7909592.0,7916948.0,7925001.0,7932881.0,7940716.0,7948331.0,7955260.0,7961808.0,7967745.0,7973721.0,7979865.0,7986839.0,7993486.0,8000071.0,8007560.0,8014391.0,8021102.0,8027519.0,8033893.0,8040215.0,8046724.0,8053259.0,8059751.0,8066397.0,8072641.0,8079010.0,8084973.0,8091876.0,8097968.0,8106407.0,8112714.0,8118141.0,8124019.0,8130274.0,8136219.0,8142389.0,8148165.0,8154301.0,8160478.0,8166621.0,8172296.0,8178408.0,8184244.0,8190401.0,8196280.0,8202344.0,8208011.0,8213386.0,8218724.0,8224206.0,8229913.0,8235033.0,8240458.0,8245997.0,8251543.0,8256878.0,8262066.0,8267676.0,8273499.0,8279235.0,8285297.0,8291187.0,8296619.0,8302555.0,8308635.0,8314309.0,8319987.0,8326351.0,8332261.0,8337969.0,8343750.0,8349983.0,8356058.0,8361837.0,8367512.0,8372540.0,8377691.0,8382770.0,8388036.0,8392947.0,8398245.0,8403360.0,8408163.0,8413166.0,8418389.0,8423388.0,8428430.0,8433701.0,8438602.0,8443359.0,8448239.0,8453144.0,8458247.0,8462818.0,,,,,,,,,8505919.0,8510787.0,8515484.0,8520305.0,8525150.0,8529587.0,8534459.0,8539216.0,8544441.0,8549123.0,8554044.0,8558805.0,8564091.0,8569417.0,8574527.0,8579482.0,8584155.0,8589165.0,8593661.0,8598006.0,8602320.0,8606944.0,8611346.0,8615672.0,8620059.0,8624689.0,8629323.0,8634253.0,8638798.0,8643179.0,8647949.0,8652679.0,8657303.0,8661920.0,8666433.0,8671125.0,8675613.0,8680119.0,8684986.0,8690297.0,8695807.0,8701133.0,8706559.0,8711688.0,8716843.0,8721990.0,8727056.0,8732234.0,8737450
DxMu1pv8b9Y,7574093.0,7581792.0,7590332.0,7598780.0,7606871.0,7614456.0,7621654.0,7629619.0,7638307.0,7647159.0,7655621.0,7663257.0,7670812.0,7677968.0,7686164.0,7694739.0,7703162.0,7711221.0,7719465.0,7727788.0,7735929.0,7745521.0,7754777.0,7763187.0,7770751.0,7778361.0,7786735.0,7794986.0,7803294.0,7811323.0,7819403.0,7827060.0,7835141.0,7843693.0,7852749.0,7862456.0,7873036.0,7883798.0,7893307.0,7901664.0,7909592.0,7916948.0,7925001.0,7932881.0,7940716.0,7948331.0,7955260.0,7961808.0,7967745.0,7973721.0,7979865.0,7986839.0,7993486.0,8000071.0,8007560.0,8014391.0,8021102.0,8027519.0,8033893.0,8040215.0,8046724.0,8053259.0,8059751.0,8066397.0,8072641.0,8079010.0,8084973.0,8091876.0,8097968.0,8106407.0,8112714.0,8118141.0,8124019.0,8130274.0,8136219.0,8142389.0,8148165.0,8154301.0,8160478.0,8166621.0,8172296.0,8178408.0,8184244.0,8190401.0,8196280.0,8202344.0,8208011.0,8213386.0,8218724.0,8224206.0,8229913.0,8235033.0,8240458.0,8245997.0,8251543.0,8256878.0,8262066.0,8267676.0,8273499.0,8279235.0,8285297.0,8291187.0,8296619.0,8302555.0,8308635.0,8314309.0,8319987.0,8326351.0,8332261.0,8337969.0,8343750.0,8349983.0,8356058.0,8361837.0,8367512.0,8372540.0,8377691.0,8382770.0,8388036.0,8392947.0,8398245.0,8403360.0,8408163.0,8413166.0,8418389.0,8423388.0,8428430.0,8433701.0,8438602.0,8443359.0,8448239.0,8453144.0,8458247.0,8462818.0,,,,,,,,,8505919.0,8510787.0,8515484.0,8520305.0,8525150.0,8529587.0,8534459.0,8539216.0,8544441.0,8549123.0,8554044.0,8558805.0,8564091.0,8569417.0,8574527.0,8579482.0,8584155.0,8589165.0,8593661.0,8598006.0,8602320.0,8606944.0,8611346.0,8615672.0,8620059.0,8624689.0,8629323.0,8634253.0,8638798.0,8643179.0,8647949.0,8652679.0,8657303.0,8661920.0,8666433.0,8671125.0,8675613.0,8680119.0,8684986.0,8690297.0,8695807.0,8701133.0,8706559.0,8711688.0,8716843.0,8721990.0,8727056.0,8732234.0,8737450
4d5C_PQl8Tg,23963320.0,24017446.0,24072434.0,24125030.0,24179448.0,24235724.0,24296143.0,24352874.0,24407681.0,24461271.0,24512815.0,24566237.0,24625282.0,24686881.0,24744946.0,24799646.0,24852528.0,24903130.0,24954459.0,25005895.0,25059453.0,25116409.0,25172621.0,25227037.0,25278079.0,25329709.0,25380862.0,25432440.0,25483432.0,25533145.0,25579273.0,25620640.0,25663983.0,25712734.0,25761487.0,25808098.0,25857946.0,25908685.0,25954984.0,26000220.0,26047765.0,26093986.0,26142524.0,26194339.0,26238808.0,26280350.0,26323588.0,26369279.0,26412541.0,26455340.0,26496616.0,26537909.0,26572295.0,26606106.0,26643391.0,26680972.0,26720099.0,26758189.0,26795320.0,26831483.0,26864228.0,26900225.0,26937497.0,26974013.0,27010295.0,27046745.0,27080292.0,27114277.0,27142849.0,27180434.0,27215812.0,27252949.0,27289282.0,27326734.0,27365969.0,27406402.0,27445632.0,27484525.0,27524248.0,27563783.0,27602662.0,27643163.0,27682289.0,27721086.0,27760562.0,27800350.0,27836676.0,27871136.0,27907303.0,27945393.0,27982386.0,28016056.0,28047839.0,28078682.0,28109273.0,28143504.0,28176888.0,28212110.0,28246044.0,28280031.0,28329978.0,28378811.0,28425482.0,28472101.0,28517803.0,28565259.0,28607099.0,28646044.0,28681707.0,28715677.0,28750036.0,28785289.0,28819997.0,28853823.0,28889511.0,28924408.0,28958591.0,28993646.0,29028367.0,29063324.0,29097745.0,29130711.0,29161518.0,29191051.0,29222104.0,29252770.0,29284557.0,29318744.0,29359800.0,29395892.0,29429773.0,29462199.0,29495046.0,29528286.0,,,,,,,,,29819271.0,29850693.0,29880829.0,29911091.0,29940099.0,29967768.0,29994272.0,30019167.0,30044158.0,30067818.0,30094032.0,30120955.0,30150102.0,30180919.0,30209440.0,30235770.0,30260782.0,30288354.0,30315652.0,30345561.0,30375407.0,30405014.0,30433442.0,30461071.0,30490062.0,30518077.0,30545807.0,30574999.0,30603804.0,30631104.0,30658684.0,30687889.0,30717607.0,30747401.0,30776905.0,30805350.0,30833672.0,30860622.0,30890496.0,30919850.0,30950306.0,30978289.0,31006175.0,31032346.0,31059209.0,31086558.0,31113552.0,31142055.0,31170566
AWqCMnJw1Tw,97983.0,98308.0,98749.0,99080.0,99461.0,99992.0,100402.0,100785.0,101099.0,101423.0,101707.0,102056.0,102422.0,102875.0,103321.0,103794.0,104128.0,104451.0,104852.0,105161.0,105576.0,105901.0,106336.0,106610.0,106864.0,107225.0,107685.0,107968.0,108289.0,108628.0,108905.0,109172.0,109443.0,109763.0,110031.0,110321.0,110644.0,111924.0,112541.0,113669.0,115091.0,116426.0,117902.0,119796.0,120633.0,121004.0,121334.0,121784.0,122120.0,122447.0,122793.0,123065.0,123252.0,123493.0,123769.0,124019.0,124280.0,124559.0,124811.0,125024.0,125262.0,125527.0,125764.0,126020.0,126278.0,126495.0,126687.0,126930.0,127132.0,127466.0,127714.0,127905.0,128145.0,128321.0,128535.0,128848.0,129101.0,129340.0,129598.0,129832.0,130034.0,130258.0,130422.0,130629.0,130854.0,131064.0,131296.0,131451.0,131648.0,131906.0,132209.0,132562.0,132961.0,133243.0,133588.0,133928.0,134247.0,134642.0,134960.0,135317.0,135622.0,135823.0,136108.0,136426.0,136812.0,137128.0,137442.0,137896.0,138309.0,138770.0,139255.0,139562.0,139886.0,140233.0,140554.0,140830.0,141200.0,141518.0,142568.0,143888.0,144793.0,145861.0,147028.0,148413.0,149055.0,149487.0,149740.0,150042.0,150266.0,150497.0,150756.0,150956.0,151180.0,151436.0,,,,,,,,,153172.0,153313.0,153499.0,153658.0,153852.0,154030.0,154245.0,154406.0,154586.0,154764.0,154967.0,155154.0,155401.0,155602.0,155799.0,156003.0,156212.0,156448.0,156634.0,156845.0,157066.0,157242.0,157363.0,157501.0,157734.0,157920.0,158146.0,158419.0,158666.0,158909.0,159197.0,159443.0,159758.0,160027.0,160248.0,160423.0,160621.0,160815.0,161042.0,161285.0,161568.0,161807.0,162051.0,162240.0,162487.0,162783.0,163045.0,163273.0,163474
CY0_asTdF8c,63487.0,63688.0,63937.0,64202.0,64440.0,64700.0,64955.0,65210.0,65457.0,65631.0,65763.0,65943.0,66149.0,66388.0,66628.0,66835.0,67052.0,67231.0,67443.0,67641.0,67783.0,67901.0,68065.0,68205.0,68317.0,68511.0,68810.0,69039.0,69224.0,69401.0,69568.0,69703.0,69837.0,70026.0,70169.0,70341.0,70527.0,70702.0,70861.0,71022.0,71189.0,71350.0,71515.0,71690.0,71914.0,72087.0,72581.0,73386.0,74371.0,75508.0,77191.0,77887.0,78175.0,78484.0,78786.0,79030.0,79257.0,79428.0,79597.0,79772.0,79918.0,80053.0,80231.0,80369.0,80512.0,80624.0,80752.0,80890.0,81000.0,81141.0,81255.0,81352.0,81455.0,81538.0,81629.0,81767.0,81879.0,82009.0,82108.0,82196.0,82298.0,82382.0,82503.0,82635.0,82742.0,82908.0,83021.0,83079.0,83190.0,83306.0,83439.0,83584.0,83777.0,83915.0,84066.0,84211.0,84336.0,84486.0,84688.0,84842.0,84978.0,85088.0,85222.0,85355.0,85543.0,85682.0,85920.0,86159.0,86467.0,86841.0,87145.0,87446.0,87706.0,87872.0,88070.0,88193.0,88321.0,88446.0,88569.0,88685.0,88775.0,88843.0,88926.0,88997.0,89053.0,89102.0,89153.0,89220.0,89290.0,89351.0,89403.0,89474.0,89533.0,89588.0,,,,,,,,,90156.0,90199.0,90278.0,90355.0,90425.0,90494.0,90579.0,90634.0,90704.0,90782.0,90851.0,90921.0,90996.0,91113.0,91176.0,91248.0,91339.0,91401.0,91469.0,91526.0,91591.0,91636.0,91687.0,91766.0,91827.0,91894.0,91954.0,92043.0,92136.0,92199.0,92282.0,92362.0,92450.0,92535.0,92607.0,92651.0,92698.0,92765.0,92864.0,92931.0,93012.0,93059.0,93109.0,93159.0,93227.0,93279.0,93346.0,93462.0,93547
SXW7vtDDSWs,56226.0,56452.0,56735.0,56963.0,57264.0,57527.0,57841.0,58076.0,58310.0,58506.0,58646.0,58868.0,59056.0,59279.0,59527.0,59761.0,59918.0,60081.0,60274.0,60484.0,60674.0,60886.0,61068.0,61245.0,61398.0,61628.0,61934.0,62211.0,62435.0,62664.0,62881.0,63016.0,63205.0,63420.0,63632.0,63800.0,63993.0,64163.0,64311.0,64458.0,64639.0,64811.0,64955.0,65078.0,65257.0,65368.0,65502.0,65660.0,65838.0,65994.0,66139.0,66241.0,66346.0,66572.0,66763.0,66981.0,67181.0,67405.0,67553.0,67665.0,67822.0,67969.0,68114.0,68247.0,68374.0,68496.0,68591.0,68745.0,68855.0,69030.0,69139.0,69242.0,69368.0,69460.0,69594.0,69734.0,69861.0,69957.0,70102.0,70203.0,70311.0,70439.0,70531.0,70623.0,70751.0,70924.0,71032.0,71110.0,71240.0,71377.0,71524.0,71663.0,71817.0,71956.0,72085.0,72319.0,72493.0,72642.0,72864.0,73021.0,73147.0,73274.0,73432.0,73588.0,73756.0,73901.0,74030.0,74177.0,74278.0,74414.0,74534.0,74669.0,74784.0,74898.0,74974.0,75069.0,75186.0,75276.0,75361.0,75458.0,75519.0,75615.0,75674.0,75728.0,75787.0,75846.0,75891.0,75953.0,76006.0,76054.0,76114.0,76175.0,76222.0,76261.0,,,,,,,,,76755.0,76790.0,76838.0,76900.0,76945.0,77009.0,77066.0,77103.0,77153.0,77215.0,77260.0,77312.0,77378.0,77440.0,77492.0,77538.0,77595.0,77662.0,77720.0,77787.0,77886.0,77933.0,77977.0,78029.0,78074.0,78136.0,78205.0,78289.0,78336.0,78370.0,78415.0,78478.0,78548.0,78606.0,78677.0,78727.0,78769.0,78805.0,78858.0,78915.0,78986.0,79039.0,79071.0,79123.0,79174.0,79217.0,79275.0,79328.0,79385
r139uUveYbk,27913.0,28108.0,28326.0,28537.0,28784.0,29071.0,29344.0,29606.0,29835.0,30030.0,30192.0,30390.0,30629.0,30864.0,31088.0,31358.0,31578.0,31754.0,31974.0,32190.0,32354.0,32561.0,32741.0,32889.0,33038.0,33277.0,33591.0,33777.0,33962.0,34199.0,34440.0,34613.0,34802.0,34974.0,35171.0,35339.0,35538.0,35690.0,35849.0,36028.0,36234.0,36391.0,36510.0,36674.0,36822.0,36938.0,37072.0,37224.0,37391.0,37523.0,37713.0,37823.0,37927.0,38043.0,38183.0,38369.0,38513.0,38661.0,38762.0,38900.0,39046.0,39159.0,39301.0,39436.0,39597.0,39733.0,39857.0,39983.0,40104.0,40242.0,40389.0,40498.0,40604.0,40707.0,40814.0,40930.0,41055.0,41167.0,41286.0,41392.0,41472.0,41571.0,41666.0,41777.0,41887.0,42062.0,42160.0,42247.0,42377.0,42517.0,42650.0,42823.0,43005.0,43120.0,43276.0,43404.0,43564.0,43677.0,43880.0,44019.0,44123.0,44229.0,44362.0,44505.0,44689.0,44826.0,44923.0,45070.0,45182.0,45313.0,45439.0,45524.0,45655.0,45777.0,45903.0,46024.0,46112.0,46249.0,46351.0,46436.0,46541.0,46599.0,46666.0,46714.0,46766.0,46814.0,46862.0,46953.0,46999.0,47059.0,47119.0,47184.0,47229.0,47272.0,,,,,,,,,47768.0,47814.0,47872.0,47937.0,47995.0,48078.0,48147.0,48194.0,48273.0,48352.0,48428.0,48480.0,48558.0,48634.0,48711.0,48766.0,48828.0,48884.0,48941.0,48987.0,49053.0,49104.0,49138.0,49202.0,49278.0,49336.0,49383.0,49432.0,49471.0,49501.0,49547.0,49598.0,49655.0,49710.0,49755.0,49790.0,49833.0,49865.0,49907.0,49944.0,50009.0,50068.0,50105.0,50139.0,50177.0,50223.0,50266.0,50307.0,50356
kxUA2wwYiME,20833884.0,20896269.0,20966978.0,21039723.0,21114877.0,21188027.0,21262187.0,21337286.0,21409390.0,21478280.0,21545166.0,21611178.0,21686038.0,21780734.0,21890389.0,21977970.0,22060763.0,22136202.0,22212362.0,22286784.0,22372319.0,22457895.0,22537729.0,22618892.0,22694679.0,22774387.0,22851909.0,22925470.0,23002355.0,23073988.0,23143543.0,23202331.0,23262368.0,23328405.0,23397049.0,23465652.0,23534616.0,23602036.0,23666506.0,23725699.0,23780920.0,23837149.0,23894336.0,23954075.0,24010302.0,24062893.0,24110740.0,24162420.0,24211173.0,24262529.0,24312007.0,24362896.0,24407628.0,24450398.0,24499037.0,24546009.0,24592908.0,24641695.0,24692460.0,24744513.0,24794993.0,24840612.0,24885418.0,24932498.0,24984496.0,25031211.0,25074085.0,25117861.0,25158285.0,25213026.0,25261059.0,25307985.0,25356682.0,25402647.0,25449749.0,25497266.0,25545188.0,25591505.0,25638196.0,25684475.0,25726627.0,25770592.0,25817146.0,25865226.0,25912600.0,25958732.0,26003923.0,26047004.0,26090908.0,26136864.0,26181469.0,26224178.0,26271027.0,26320368.0,26366540.0,26411033.0,26455352.0,26498715.0,26542716.0,26587187.0,26633532.0,26677416.0,26719482.0,26761834.0,26807659.0,26851675.0,26895989.0,26938136.0,26979388.0,27018236.0,27060779.0,27109574.0,27164097.0,27216136.0,27268071.0,27319132.0,27365147.0,27409427.0,27453697.0,27496450.0,27537426.0,27579891.0,27618427.0,27656847.0,27694848.0,27733002.0,27773588.0,27817723.0,27861198.0,27904392.0,27945425.0,27985665.0,28026308.0,28064571.0,,,,,,,,,28498276.0,28550799.0,28599194.0,28645510.0,28693863.0,28743299.0,28788819.0,28834610.0,28883736.0,28931320.0,28976033.0,29019709.0,29069756.0,29114714.0,29159040.0,29201072.0,29241619.0,29283799.0,29327708.0,29371619.0,29413488.0,29458655.0,29503266.0,29547434.0,29589964.0,29634125.0,29676301.0,29718048.0,29759897.0,29799895.0,29841838.0,29885168.0,29926739.0,29968553.0,30010036.0,30055548.0,30101414.0,30144586.0,30190577.0,30238858.0,30285527.0,30335494.0,30387020.0,30435138.0,30481075.0,30526874.0,30573056.0,30619994.0,30665587
3kfhoikVzUc,27078761.0,27083473.0,27088580.0,27093273.0,27098282.0,27103525.0,27108224.0,27113099.0,27118082.0,27122790.0,27127243.0,27132092.0,27137183.0,27142891.0,27148278.0,27153384.0,27158265.0,27163489.0,27169886.0,27175611.0,27181272.0,27187254.0,27193397.0,27197633.0,27202185.0,27207767.0,27218399.0,27228505.0,27236256.0,27243687.0,27251128.0,27259024.0,27266366.0,27273840.0,27284854.0,27297628.0,27308516.0,27317419.0,27327097.0,27335275.0,27344073.0,27354047.0,27370245.0,27385298.0,27395311.0,27403371.0,27410469.0,27417964.0,27425280.0,27433130.0,27439927.0,27446410.0,27452089.0,27457456.0,27462781.0,27469755.0,27477830.0,27488095.0,27497952.0,27505995.0,27512130.0,27519761.0,27527129.0,27534915.0,27540599.0,27545034.0,27551757.0,27558532.0,27565120.0,27572189.0,27578409.0,27585524.0,27591011.0,27595423.0,27599958.0,27604680.0,27611016.0,27616617.0,27623120.0,27628559.0,27633606.0,27639475.0,27646034.0,27652158.0,27656696.0,27660679.0,27664173.0,27667171.0,27670926.0,27675762.0,27680762.0,27685132.0,27689569.0,27693621.0,27697653.0,27702045.0,27707058.0,27712542.0,27718017.0,27723264.0,27728301.0,27732168.0,27735862.0,27739700.0,27743828.0,27747963.0,27752255.0,27756608.0,27760865.0,27765493.0,27770092.0,27774745.0,27778499.0,27782408.0,27786175.0,27790313.0,27794418.0,27798931.0,27803792.0,27808048.0,27812382.0,27816174.0,27819138.0,27822170.0,27825910.0,27829503.0,27833282.0,27837041.0,27840298.0,27843068.0,27846128.0,27849230.0,27852176.0,27855228.0,,,,,,,,,27882144.0,27884989.0,27887745.0,27890512.0,27893459.0,27896449.0,27899560.0,27902198.0,27904704.0,27907531.0,27910627.0,27913790.0,27916987.0,27920135.0,27923694.0,27926683.0,27930144.0,27934062.0,27937852.0,27942258.0,27946307.0,27950248.0,27953666.0,27957939.0,27962654.0,27967179.0,27971586.0,27976171.0,27979803.0,27983244.0,27987275.0,27991440.0,27995728.0,27999971.0,28004175.0,28008566.0,28012804.0,28017155.0,28021356.0,28026063.0,28030392.0,28033762.0,28036811.0,28039830.0,28043348.0,28046913.0,28050420.0,28053854.0,28057508
RTTVWPXcd8A,516196.0,516641.0,517515.0,518192.0,518877.0,519710.0,520584.0,521424.0,522664.0,524000.0,525043.0,526080.0,527403.0,529199.0,531060.0,532840.0,534344.0,535525.0,537310.0,538633.0,540494.0,541938.0,543769.0,545650.0,547329.0,548940.0,550439.0,552079.0,553768.0,555996.0,557457.0,559288.0,560798.0,562769.0,564636.0,566377.0,568768.0,570464.0,571757.0,573920.0,575768.0,577131.0,579505.0,581659.0,583306.0,584747.0,586299.0,588984.0,591805.0,594920.0,597859.0,600928.0,603678.0,607173.0,610578.0,614301.0,617948.0,621486.0,624765.0,628010.0,632408.0,636855.0,641363.0,644824.0,647878.0,650099.0,652411.0,653775.0,656439.0,660106.0,663077.0,665267.0,667885.0,670321.0,673054.0,676248.0,678802.0,681259.0,684940.0,687894.0,689745.0,692056.0,694138.0,696593.0,698885.0,701348.0,703922.0,706183.0,709097.0,712191.0,714812.0,717993.0,721496.0,724322.0,726259.0,729379.0,732223.0,735460.0,738327.0,741374.0,744067.0,745984.0,748489.0,750865.0,753213.0,755516.0,758402.0,760470.0,762214.0,764478.0,766577.0,769191.0,771831.0,774324.0,776350.0,778113.0,780410.0,782655.0,785579.0,788293.0,790573.0,792882.0,794565.0,795989.0,797866.0,799728.0,801190.0,803644.0,805616.0,807377.0,809713.0,812340.0,814845.0,816882.0,,,,,,,,,837102.0,838930.0,841907.0,844738.0,847669.0,851683.0,855384.0,858533.0,861257.0,864939.0,869393.0,874191.0,879326.0,885439.0,890695.0,894884.0,900149.0,906614.0,912748.0,917523.0,921820.0,925546.0,928473.0,932572.0,936689.0,940701.0,944716.0,949195.0,952525.0,955398.0,959253.0,963305.0,967774.0,971147.0,974088.0,976413.0,979030.0,981635.0,984717.0,987102.0,990260.0,993272.0,995988.0,998217.0,1000664.0,1004082.0,1007341.0,1009921.0,1012801
y438mzlXS4c,3524813.0,3529738.0,3534936.0,3539933.0,3544818.0,3549251.0,3553222.0,3557172.0,3561249.0,3565436.0,3569390.0,3573200.0,3576860.0,3580121.0,3583649.0,3587050.0,3590218.0,3593108.0,3595770.0,3598451.0,3600981.0,3603652.0,3606372.0,3608970.0,3611346.0,3613764.0,3616221.0,3618734.0,3621322.0,3623657.0,3625997.0,3628221.0,3630891.0,3633948.0,3636457.0,3638876.0,3641505.0,3643851.0,3646097.0,3648324.0,3650488.0,3652759.0,3654938.0,3657095.0,3659420.0,3661726.0,3663855.0,3666280.0,3668373.0,3670722.0,3672642.0,3674813.0,3676591.0,3678241.0,3680206.0,3682146.0,3684112.0,3686377.0,3688750.0,3691045.0,3693029.0,3695282.0,3697376.0,3699577.0,3701562.0,3703470.0,3705380.0,3707294.0,3708915.0,3710891.0,3712739.0,3714475.0,3716237.0,3717984.0,3719829.0,3721718.0,3723592.0,3725417.0,3727097.0,3729083.0,3730902.0,3732614.0,3734339.0,3735883.0,3737505.0,3739025.0,3740378.0,3741876.0,3743451.0,3744985.0,3746585.0,3748128.0,3749632.0,3751128.0,3752549.0,3754196.0,3755800.0,3757344.0,3758658.0,3760102.0,3761639.0,3763182.0,3764624.0,3766023.0,3767478.0,3769171.0,3770757.0,3772396.0,3773915.0,3775292.0,3777089.0,3778877.0,3780538.0,3782216.0,3783952.0,3785685.0,3787077.0,3788535.0,3789959.0,3791406.0,3792792.0,3794090.0,3795465.0,3796880.0,3798720.0,3800367.0,3802011.0,3803820.0,3805606.0,3807376.0,3808930.0,3810366.0,3811707.0,3813059.0,,,,,,,,,3824344.0,3825569.0,3826642.0,3827742.0,3828786.0,3829841.0,3830804.0,3831778.0,3832928.0,3833895.0,3834862.0,3835941.0,3837118.0,3838185.0,3839252.0,3840247.0,3841165.0,3842114.0,3843137.0,3844144.0,3845117.0,3846154.0,3847163.0,3847954.0,3849197.0,3850091.0,3851021.0,3852024.0,3853028.0,3853950.0,3854874.0,3855857.0,3856870.0,3857837.0,3858662.0,3859551.0,3860412.0,3861211.0,3862075.0,3863047.0,3863952.0,3864841.0,3865637.0,3866564.0,3867490.0,3868374.0,3869252.0,3870172.0,3871099
pjeK4zHCkvE,569166.0,570583.0,572044.0,573512.0,574880.0,576235.0,577500.0,579292.0,580760.0,582307.0,583676.0,584931.0,586357.0,587827.0,589281.0,590297.0,591847.0,593085.0,594203.0,595391.0,596833.0,598189.0,599501.0,600962.0,602332.0,603682.0,605000.0,606371.0,607702.0,608971.0,610293.0,611390.0,612433.0,613413.0,614462.0,615465.0,616597.0,617592.0,618568.0,619566.0,620566.0,621562.0,622450.0,623428.0,624377.0,625289.0,626261.0,627395.0,628615.0,629778.0,631044.0,632260.0,633280.0,634389.0,635530.0,636599.0,637838.0,639020.0,640106.0,641243.0,642486.0,643628.0,644750.0,645848.0,646748.0,647795.0,648808.0,649752.0,650668.0,651718.0,652698.0,653521.0,654386.0,655302.0,656177.0,657068.0,657910.0,658724.0,659628.0,660772.0,661817.0,662728.0,663583.0,664614.0,665501.0,666477.0,667467.0,668326.0,669283.0,670153.0,670999.0,671898.0,672784.0,673788.0,674889.0,675761.0,676712.0,677553.0,678379.0,679244.0,680051.0,680960.0,681847.0,682709.0,683598.0,684455.0,685340.0,686128.0,686995.0,687751.0,688414.0,689245.0,690013.0,690721.0,691545.0,692379.0,692981.0,693807.0,694560.0,695275.0,696064.0,696771.0,697456.0,698028.0,698913.0,699792.0,700468.0,701433.0,702280.0,703003.0,704033.0,704726.0,705581.0,706327.0,,,,,,,,,713762.0,714571.0,715460.0,716181.0,717026.0,717761.0,718458.0,719193.0,719975.0,720804.0,721584.0,722349.0,723289.0,724082.0,724930.0,725599.0,726585.0,727370.0,728321.0,729025.0,729783.0,730432.0,731256.0,731899.0,732502.0,733108.0,733801.0,734528.0,735183.0,735840.0,736584.0,737244.0,737870.0,738566.0,739243.0,740017.0,740616.0,741282.0,741908.0,742609.0,743286.0,744082.0,744666.0,745365.0,746117.0,746820.0,747534.0,748289.0,749116
6lKNuvZK2oA,749055.0,749796.0,750477.0,751063.0,751765.0,752516.0,753157.0,753851.0,754626.0,755477.0,756208.0,756883.0,757501.0,758193.0,758955.0,759731.0,760479.0,761151.0,761825.0,762600.0,763603.0,764467.0,765218.0,765897.0,766507.0,767138.0,768170.0,769949.0,771045.0,772047.0,772886.0,773486.0,774105.0,774745.0,775408.0,776100.0,776892.0,777616.0,778217.0,778846.0,779435.0,780033.0,780670.0,781375.0,781835.0,782377.0,782872.0,783379.0,783883.0,784469.0,785053.0,785571.0,786041.0,786532.0,787368.0,788037.0,788778.0,789502.0,790148.0,790702.0,791203.0,791768.0,792383.0,792894.0,793545.0,794153.0,794649.0,795187.0,795624.0,796189.0,796685.0,797101.0,797514.0,797936.0,798341.0,798748.0,799269.0,799763.0,800421.0,800971.0,801363.0,801770.0,802206.0,802578.0,803005.0,803442.0,803827.0,804223.0,804639.0,805030.0,805416.0,805798.0,806116.0,806515.0,806885.0,807223.0,807650.0,808052.0,808449.0,808822.0,809201.0,809584.0,809955.0,810305.0,810638.0,810994.0,811347.0,811653.0,811930.0,812256.0,812552.0,812904.0,813198.0,813460.0,813787.0,814081.0,814406.0,814738.0,815060.0,815333.0,815612.0,815988.0,816260.0,816619.0,817000.0,817331.0,817616.0,817924.0,818261.0,818524.0,818811.0,819123.0,819453.0,819752.0,,,,,,,,,822438.0,822723.0,823020.0,823289.0,823579.0,823872.0,824127.0,824333.0,824551.0,824774.0,825036.0,825319.0,825591.0,825898.0,826137.0,826381.0,826632.0,826880.0,827164.0,827424.0,827690.0,827997.0,828230.0,828465.0,828730.0,829072.0,829486.0,829857.0,830233.0,830552.0,830816.0,831119.0,831369.0,831646.0,831931.0,832174.0,832389.0,832662.0,832912.0,833230.0,833471.0,833792.0,834016.0,834208.0,834469.0,834663.0,834922.0,835128.0,835341
Fpz6woSbpmk,709849.0,712262.0,714578.0,716904.0,719945.0,723455.0,726898.0,730530.0,734059.0,737107.0,739790.0,743106.0,746179.0,749267.0,752150.0,755253.0,757835.0,760244.0,763186.0,766065.0,768725.0,771639.0,774730.0,777721.0,779920.0,782352.0,785020.0,787442.0,789981.0,792389.0,794445.0,796464.0,798906.0,801707.0,804722.0,807413.0,810779.0,814528.0,818001.0,821954.0,825694.0,829100.0,832409.0,835566.0,838852.0,842154.0,846085.0,849868.0,853609.0,857010.0,860643.0,865396.0,869417.0,873105.0,876931.0,880252.0,883620.0,886700.0,889279.0,891828.0,895069.0,898483.0,902825.0,907223.0,910597.0,913387.0,915626.0,918064.0,920080.0,922703.0,924860.0,926961.0,928810.0,930377.0,932365.0,934458.0,936374.0,938251.0,940220.0,942108.0,943993.0,946240.0,948216.0,950226.0,952301.0,954370.0,956157.0,957770.0,959632.0,961572.0,963573.0,965743.0,967542.0,969124.0,970577.0,972189.0,973892.0,975784.0,977611.0,979329.0,980817.0,982254.0,984014.0,985823.0,987805.0,989472.0,991465.0,993100.0,994609.0,996177.0,997868.0,999558.0,1001233.0,1002887.0,1004366.0,1005936.0,1007691.0,1009901.0,1011788.0,1014172.0,1016213.0,1017968.0,1019413.0,1021010.0,1022735.0,1024582.0,1026356.0,1028182.0,1029758.0,1031048.0,1032655.0,1034340.0,1036014.0,1037592.0,,,,,,,,,1050412.0,1051699.0,1053073.0,1054650.0,1056144.0,1057735.0,1059612.0,1060954.0,1062122.0,1063615.0,1065129.0,1066757.0,1068331.0,1069605.0,1070742.0,1071855.0,1073299.0,1075163.0,1077026.0,1078571.0,1080086.0,1081526.0,1082935.0,1084658.0,1086879.0,1088929.0,1090499.0,1092084.0,1093569.0,1094793.0,1096585.0,1098020.0,1099571.0,1101046.0,1102307.0,1103621.0,1104929.0,1106281.0,1107953.0,1109637.0,1111451.0,1113023.0,1114363.0,1115533.0,1117170.0,1118825.0,1120489.0,1122123.0,1124089
rxlQ5OgscMo,367448.0,369181.0,371033.0,372704.0,374297.0,375960.0,377538.0,379123.0,380695.0,382137.0,383457.0,384874.0,386324.0,387766.0,389107.0,390519.0,392045.0,393361.0,394684.0,395967.0,397162.0,398446.0,399815.0,401113.0,402298.0,403478.0,404674.0,405963.0,407227.0,408561.0,409789.0,410886.0,411990.0,413088.0,414237.0,415271.0,416323.0,417265.0,417988.0,418888.0,419760.0,420551.0,421470.0,422377.0,423285.0,424085.0,424935.0,425822.0,426659.0,427603.0,428383.0,429124.0,429896.0,430633.0,431308.0,432106.0,432938.0,433666.0,434464.0,435398.0,436241.0,436965.0,437985.0,438915.0,439841.0,440717.0,441532.0,442492.0,443139.0,444129.0,445061.0,445867.0,446788.0,447667.0,448529.0,449463.0,450338.0,451147.0,452044.0,452862.0,453613.0,454515.0,455338.0,456200.0,457031.0,457934.0,458698.0,459510.0,460346.0,461073.0,461863.0,462710.0,463506.0,464370.0,465154.0,466015.0,466819.0,467630.0,468412.0,469326.0,470084.0,470797.0,471549.0,472332.0,473149.0,473863.0,474633.0,475450.0,476164.0,476937.0,477676.0,478360.0,479001.0,479903.0,480655.0,481373.0,482143.0,482872.0,483579.0,484432.0,485314.0,486111.0,486942.0,487667.0,488405.0,489111.0,489790.0,490558.0,491231.0,491880.0,492476.0,493179.0,493789.0,494575.0,,,,,,,,,500445.0,501062.0,501590.0,502145.0,502762.0,503359.0,503930.0,504458.0,505101.0,505710.0,506253.0,506787.0,507406.0,507907.0,508506.0,508974.0,509538.0,510075.0,510663.0,511217.0,511760.0,512255.0,512818.0,513338.0,513868.0,514456.0,514954.0,515482.0,515973.0,516440.0,516895.0,517389.0,517924.0,518384.0,518954.0,519483.0,519916.0,520474.0,520922.0,521467.0,522119.0,522713.0,523239.0,523808.0,524286.0,524838.0,525402.0,525888.0,526494
8AN66zZYLw8,1561604.0,1562677.0,1563924.0,1564997.0,1566041.0,1567037.0,1567972.0,1568893.0,1569749.0,1570680.0,1571625.0,1572381.0,1573086.0,1573784.0,1574573.0,1575283.0,1576055.0,1576831.0,1577554.0,1578217.0,1578878.0,1579607.0,1580320.0,1581027.0,1581601.0,1582174.0,1582764.0,1583372.0,1583942.0,1584594.0,1585154.0,1585629.0,1586137.0,1586637.0,1587081.0,1587590.0,1588138.0,1588595.0,1589131.0,1589623.0,1590075.0,1590529.0,1591063.0,1591550.0,1591967.0,1592415.0,1592852.0,1593241.0,1593733.0,1594122.0,1594517.0,1594914.0,1595354.0,1595715.0,1596099.0,1596487.0,1596867.0,1597287.0,1597713.0,1598159.0,1598558.0,1598983.0,1599406.0,1599793.0,1600157.0,1600579.0,1600914.0,1601262.0,1601551.0,1601895.0,1602252.0,1602621.0,1602988.0,1603325.0,1603699.0,1604025.0,1604390.0,1604740.0,1605103.0,1605411.0,1605670.0,1606000.0,1606256.0,1606549.0,1606848.0,1607213.0,1607553.0,1607869.0,1608113.0,1608371.0,1608646.0,1608898.0,1609174.0,1609446.0,1609739.0,1609977.0,1610196.0,1610408.0,1610606.0,1610787.0,1611054.0,1611311.0,1611570.0,1611797.0,1612025.0,1612231.0,1612460.0,1612757.0,1613035.0,1613281.0,1613488.0,1613686.0,1613875.0,1614063.0,1614296.0,1614545.0,1614733.0,1614929.0,1615116.0,1615313.0,1615533.0,1615835.0,1616088.0,1616303.0,1616521.0,1616697.0,1616858.0,1617076.0,1617288.0,1617506.0,1617662.0,1617801.0,1617981.0,1618159.0,,,,,,,,,1619750.0,1620007.0,1620219.0,1620375.0,1620541.0,1620689.0,1620865.0,1621060.0,1621252.0,1621366.0,1621505.0,1621631.0,1621753.0,1621880.0,1622044.0,1622201.0,1622396.0,1622520.0,1622654.0,1622788.0,1622950.0,1623115.0,1623309.0,1623441.0,1623550.0,1623692.0,1623846.0,1623974.0,1624108.0,1624260.0,1624417.0,1624527.0,1624648.0,1624763.0,1624897.0,1625116.0,1625315.0,1625434.0,1625564.0,1625703.0,1625848.0,1625991.0,1626150.0,1626322.0,1626455.0,1626613.0,1626762.0,1626915.0,1627051
nBIJDbijfZQ,162896.0,163175.0,163566.0,163885.0,164256.0,164586.0,164855.0,165119.0,165423.0,165700.0,166024.0,166257.0,166491.0,166754.0,166997.0,167246.0,167517.0,167755.0,167966.0,168210.0,168404.0,168582.0,168752.0,168921.0,169109.0,169319.0,169488.0,169669.0,169883.0,170069.0,170247.0,170432.0,170590.0,170805.0,171002.0,171181.0,171333.0,171494.0,171674.0,171832.0,171974.0,172135.0,172308.0,172425.0,172589.0,172764.0,172884.0,173037.0,173148.0,173280.0,173410.0,173539.0,173663.0,173789.0,173914.0,174027.0,174146.0,174305.0,174464.0,174593.0,174768.0,174937.0,175079.0,175314.0,175447.0,175573.0,175739.0,175874.0,175970.0,176127.0,176294.0,176410.0,176564.0,176744.0,176885.0,177015.0,177171.0,177301.0,177436.0,177595.0,177719.0,177844.0,177967.0,178070.0,178206.0,178330.0,178430.0,178561.0,178675.0,178768.0,178887.0,178981.0,179108.0,179221.0,179346.0,179450.0,179567.0,179669.0,179774.0,179902.0,179995.0,180105.0,180227.0,180314.0,180428.0,180525.0,180626.0,180752.0,180895.0,180979.0,181094.0,181223.0,181345.0,181491.0,181615.0,181752.0,181858.0,181991.0,182126.0,182246.0,182374.0,182490.0,182578.0,182677.0,182783.0,182889.0,182992.0,183114.0,183210.0,183335.0,183452.0,183534.0,183644.0,183749.0,,,,,,,,,184751.0,184867.0,184990.0,185092.0,185205.0,185321.0,185444.0,185566.0,185660.0,185778.0,185874.0,185976.0,186055.0,186153.0,186250.0,186347.0,186430.0,186532.0,186651.0,186740.0,186845.0,186952.0,187034.0,187131.0,187200.0,187283.0,187366.0,187482.0,187615.0,187708.0,187792.0,187876.0,187969.0,188078.0,188186.0,188296.0,188395.0,188496.0,188587.0,188686.0,188783.0,188884.0,188974.0,189078.0,189172.0,189247.0,189334.0,189427.0,189511
I_msu2-4UAU,10992553.0,10997675.0,11002964.0,11008282.0,11014391.0,11020771.0,11025964.0,11031268.0,11036603.0,11041685.0,11046475.0,11051107.0,11055519.0,11059881.0,11064367.0,11068858.0,11072933.0,11076592.0,11080351.0,11084014.0,11087677.0,11091910.0,11095620.0,11099233.0,11103020.0,11107112.0,11111289.0,11115565.0,11119844.0,11123518.0,11127618.0,11131194.0,11134659.0,11138375.0,11141982.0,11145447.0,11150020.0,11153866.0,11157406.0,11160979.0,11164544.0,11168850.0,11175825.0,11181770.0,11187877.0,11193307.0,11199070.0,11205999.0,11212275.0,11218051.0,11223358.0,11228808.0,11233615.0,11238003.0,11243069.0,11248062.0,11252858.0,11257542.0,11262275.0,11267004.0,11271518.0,11276221.0,11280950.0,11285859.0,11290065.0,11294147.0,11298342.0,11302431.0,11306222.0,11310542.0,11314164.0,11317430.0,11321242.0,11324868.0,11328900.0,11332644.0,11336504.0,11340263.0,11343751.0,11347008.0,11349677.0,11353165.0,11356761.0,11360217.0,11363324.0,11366682.0,11369506.0,11372215.0,11375113.0,11378059.0,11381031.0,11383914.0,11386990.0,11389819.0,11392701.0,11395816.0,11398682.0,11401208.0,11403659.0,11406178.0,11409072.0,11411888.0,11414564.0,11417192.0,11419838.0,11422787.0,11425576.0,11428435.0,11431310.0,11433823.0,11436233.0,11438597.0,11440975.0,11443418.0,11446039.0,11448607.0,11451001.0,11453532.0,11456085.0,11458695.0,11461153.0,11463722.0,11466191.0,11468385.0,11470654.0,11473080.0,11475363.0,11477910.0,11480249.0,11482590.0,11485060.0,11487295.0,11489560.0,11491628.0,,,,,,,,,11512070.0,11514756.0,11517535.0,11520378.0,11523526.0,11526869.0,11530164.0,11533143.0,11536085.0,11538377.0,11540665.0,11543318.0,11545704.0,11547976.0,11550060.0,11552252.0,11554194.0,11556451.0,11558370.0,11560028.0,11561818.0,11563592.0,11565320.0,11567089.0,11568976.0,11570735.0,11572652.0,11574540.0,11576510.0,11578385.0,11580193.0,11582189.0,11584147.0,11586036.0,11587714.0,11589419.0,11591148.0,11592790.0,11594609.0,11596410.0,11598199.0,11600040.0,11601871.0,11603736.0,11605567.0,11607509.0,11609363.0,11611383.0,11613334
1EEuRx-Zw9c,3961.0,3984.0,4015.0,4054.0,4079.0,4107.0,4129.0,4162.0,4189.0,4205.0,4226.0,4248.0,4291.0,4349.0,4372.0,4407.0,4420.0,4444.0,4476.0,4491.0,4556.0,4578.0,4587.0,4597.0,4606.0,4620.0,4634.0,4651.0,4664.0,4686.0,4707.0,4718.0,4733.0,4748.0,4757.0,4775.0,4788.0,4800.0,4806.0,4828.0,4853.0,4861.0,4870.0,4881.0,4896.0,4943.0,4952.0,4978.0,5026.0,5045.0,5082.0,5093.0,5100.0,5114.0,5127.0,5147.0,5162.0,5178.0,5193.0,5211.0,5229.0,5240.0,5253.0,5261.0,5273.0,5287.0,5298.0,5315.0,5322.0,5340.0,5354.0,5368.0,5379.0,5390.0,5410.0,5425.0,5450.0,5462.0,5488.0,5500.0,5517.0,5543.0,5566.0,5586.0,5599.0,5611.0,5623.0,5631.0,5638.0,5656.0,5663.0,5677.0,5684.0,5698.0,5704.0,5719.0,5727.0,5738.0,5755.0,5763.0,5770.0,5775.0,5795.0,5808.0,5815.0,5829.0,5838.0,5847.0,5858.0,5873.0,5895.0,5914.0,5936.0,5959.0,5975.0,5985.0,6001.0,6016.0,6033.0,6046.0,6065.0,6082.0,6112.0,6141.0,6165.0,6189.0,6209.0,6230.0,6248.0,6266.0,6329.0,6358.0,6382.0,6401.0,,,,,,,,,6607.0,6622.0,6634.0,6647.0,6666.0,6694.0,6713.0,6723.0,6748.0,6770.0,6793.0,6809.0,6823.0,6841.0,6856.0,6874.0,6890.0,6906.0,6929.0,6949.0,6958.0,6970.0,6986.0,7002.0,7016.0,7029.0,7037.0,7059.0,7070.0,7083.0,7095.0,7107.0,7121.0,7136.0,7161.0,7169.0,7179.0,7186.0,7196.0,7213.0,7222.0,7232.0,7242.0,7257.0,7281.0,7295.0,7312.0,7319.0,7330
RVF5vVgbfEc,46504.0,46506.0,46517.0,46526.0,46541.0,46548.0,46559.0,46564.0,46585.0,46598.0,46610.0,46627.0,,,,,,,,,,,,,,,,,,,,,,,,,,,,,,,,,,,,,,,,,,,,,,,,,,,,,,,,,,,,,,,,,,,,,,,,,,,,,,,,,,,,,,,,,,,,,,,,,,,,,,,,,,,,,,,,,,,,,,,,,,,,,,,,,,,,,,,,,,,,,,,,,,,,,,,,,,,,,,,,,,,,,,,,,,,,,,,,,,,
qlgEadao-Sk,20036260.0,20091098.0,20154923.0,20216467.0,20270054.0,20322074.0,20373595.0,20427423.0,20480793.0,20538115.0,20593769.0,20642723.0,20694118.0,20741642.0,20793147.0,20843063.0,20898173.0,20950791.0,20996747.0,21041130.0,21084496.0,21126072.0,21166528.0,21212144.0,21255333.0,21291903.0,21329090.0,21364618.0,21401845.0,21437987.0,21475770.0,21512757.0,21546000.0,21581521.0,21618005.0,21653054.0,21687316.0,21728880.0,21770337.0,21804544.0,21838412.0,21871817.0,21907018.0,21943743.0,21984761.0,22025832.0,22064179.0,22099820.0,22133096.0,22166803.0,22199736.0,22235294.0,22266813.0,22297635.0,22328387.0,22358638.0,22389397.0,22419473.0,22449109.0,22478142.0,22505029.0,22533258.0,22561362.0,22590354.0,22619569.0,22648033.0,22675711.0,22703734.0,22729469.0,22763366.0,22790581.0,22817928.0,22846500.0,22874805.0,22903153.0,22930603.0,22960463.0,22990911.0,23020495.0,23048633.0,23075294.0,23102258.0,23128200.0,23154505.0,23180553.0,23206605.0,23232965.0,23258530.0,23283517.0,23308732.0,23334993.0,23362735.0,23390451.0,23421153.0,23452093.0,23479072.0,23510659.0,23540875.0,23571596.0,23603194.0,23637772.0,23671893.0,23704773.0,23733247.0,23761718.0,23789750.0,23816139.0,23846305.0,23876766.0,23904037.0,23933745.0,23961197.0,23987940.0,24014319.0,24043535.0,24071847.0,24096705.0,24122293.0,24148358.0,24173642.0,24199047.0,24227227.0,24255589.0,24279974.0,24304840.0,24329481.0,24354474.0,24379845.0,24407891.0,24435378.0,24461546.0,24484157.0,24507814.0,24536950.0,,,,,,,,,24817710.0,24849782.0,24879012.0,24908082.0,24941135.0,24980393.0,25018951.0,25061738.0,25109534.0,25150507.0,25190864.0,25234344.0,25278797.0,25327762.0,25376618.0,25428679.0,25475241.0,25524720.0,25571168.0,25605384.0,25638316.0,25672248.0,25704257.0,25733191.0,25761833.0,25789972.0,25818698.0,25850671.0,25883513.0,25915582.0,25947427.0,25977472.0,26007915.0,26038068.0,26067071.0,26099419.0,26130944.0,26157942.0,26186737.0,26214701.0,26243267.0,26272536.0,26304055.0,26333724.0,26360872.0,26388036.0,26419502.0,26455264.0,26489959
qjebIv8FYMI,2528112.0,2539949.0,2553119.0,2565646.0,2577092.0,2588821.0,2599825.0,2611053.0,2622633.0,2635395.0,2648082.0,2659003.0,2671033.0,2682861.0,2696251.0,2708502.0,2722249.0,2735422.0,2747290.0,2758245.0,2769894.0,2781600.0,2793317.0,2805779.0,2817636.0,2827823.0,2837123.0,2846189.0,2855486.0,2864299.0,2875044.0,2884467.0,2892719.0,2902151.0,2911515.0,2920008.0,2928391.0,2937432.0,2947132.0,2956649.0,2965935.0,2974359.0,2982593.0,2990806.0,3001023.0,3010648.0,3019913.0,3028776.0,3037503.0,3045846.0,3054218.0,3062342.0,3070314.0,3077903.0,3086218.0,3094202.0,3102283.0,3110107.0,3118590.0,3127201.0,3135696.0,3145025.0,3154278.0,3163331.0,3172459.0,3180948.0,3188914.0,3196020.0,3202295.0,3211031.0,3218052.0,3224825.0,3231934.0,3238772.0,3245375.0,3252332.0,3259865.0,3267108.0,3274717.0,3282263.0,3289214.0,3295499.0,3301506.0,3307729.0,3314388.0,3321309.0,3328059.0,3334208.0,3343188.0,3352010.0,3360854.0,3369816.0,3379664.0,3390322.0,3400418.0,3408180.0,3415501.0,3422366.0,3429093.0,3436211.0,3444150.0,3452020.0,3459283.0,3465608.0,3472580.0,3479115.0,3485569.0,3492559.0,3499335.0,3506360.0,3514170.0,3521525.0,3528308.0,3535253.0,3542277.0,3549251.0,3554867.0,3560038.0,3565810.0,3571084.0,3576816.0,3582878.0,3588540.0,3593652.0,3598862.0,3604037.0,3609140.0,3614295.0,3620091.0,3625506.0,3630625.0,3635756.0,3641280.0,3647844.0,,,,,,,,,3707282.0,3713599.0,3719449.0,3725065.0,3730840.0,3736120.0,3741368.0,3747513.0,3753830.0,3759602.0,3765048.0,3770142.0,3775745.0,3780941.0,3786687.0,3792400.0,3798022.0,3803795.0,3810248.0,3816103.0,3821483.0,3827764.0,3833438.0,3838612.0,3843388.0,3848318.0,3853072.0,3858005.0,3863062.0,3867963.0,3872974.0,3878343.0,3883755.0,3889493.0,3895240.0,3901960.0,3907716.0,3912602.0,3917894.0,3923094.0,3928258.0,3933300.0,3938383.0,3943352.0,3947847.0,3952432.0,3957150.0,3962228.0,3967286
z5LtoulbOTQ,3243.0,3272.0,3306.0,3318.0,3347.0,3376.0,3395.0,3419.0,3482.0,3502.0,3530.0,3550.0,3569.0,3589.0,3600.0,3622.0,3636.0,3654.0,3677.0,3711.0,3739.0,3758.0,3772.0,3780.0,3796.0,3811.0,3831.0,3860.0,3877.0,3888.0,3898.0,3909.0,3929.0,3948.0,3964.0,3976.0,3993.0,4014.0,4026.0,4037.0,4049.0,4071.0,4082.0,4090.0,4094.0,4101.0,4111.0,4141.0,4145.0,4157.0,4173.0,4186.0,4187.0,4208.0,4213.0,4227.0,4239.0,4252.0,4266.0,4278.0,4294.0,4305.0,4319.0,4338.0,4356.0,4366.0,4373.0,4389.0,4407.0,4427.0,4446.0,4461.0,4465.0,4473.0,4487.0,4508.0,4525.0,4539.0,4549.0,4562.0,4581.0,4596.0,4625.0,4652.0,4673.0,4690.0,4699.0,4705.0,4721.0,4737.0,4754.0,4767.0,4780.0,4801.0,4821.0,4837.0,4853.0,4860.0,4870.0,4886.0,4893.0,4897.0,4909.0,4920.0,4931.0,4945.0,4953.0,4971.0,4989.0,5000.0,5015.0,5026.0,5036.0,5043.0,5049.0,5055.0,5058.0,5069.0,5075.0,5081.0,5084.0,5090.0,5094.0,5100.0,5108.0,5118.0,5123.0,5129.0,5136.0,5139.0,5144.0,5154.0,5161.0,5166.0,,,,,,,,,5226.0,5240.0,5262.0,5281.0,5294.0,5311.0,5331.0,5345.0,5352.0,5364.0,5378.0,5388.0,5400.0,5413.0,5417.0,5425.0,5437.0,5447.0,5456.0,5462.0,5467.0,5471.0,5480.0,5488.0,5500.0,5507.0,5515.0,5519.0,5521.0,5532.0,5536.0,5553.0,5556.0,5562.0,5567.0,5573.0,5578.0,5582.0,5589.0,5597.0,5603.0,5611.0,5612.0,5614.0,5623.0,5630.0,5638.0,5645.0,5653
pobuSZAwnVQ,109992.0,110172.0,110393.0,110574.0,110838.0,111055.0,111274.0,111476.0,111649.0,111832.0,111970.0,112143.0,112292.0,112491.0,112680.0,112816.0,112922.0,113045.0,113157.0,113324.0,113468.0,113601.0,113724.0,113858.0,113947.0,114067.0,114181.0,114300.0,114414.0,114523.0,114647.0,114740.0,114886.0,114988.0,115098.0,115192.0,115284.0,115368.0,115435.0,115536.0,115633.0,115735.0,115835.0,115934.0,116015.0,116092.0,116181.0,116281.0,116375.0,116456.0,116563.0,116632.0,116710.0,116821.0,116945.0,117050.0,117147.0,117245.0,117317.0,117387.0,117469.0,117531.0,117608.0,117684.0,117762.0,117854.0,117921.0,117989.0,118064.0,118162.0,118250.0,118320.0,118402.0,118475.0,118542.0,118619.0,118707.0,118791.0,118883.0,118957.0,119011.0,119089.0,119159.0,119254.0,119333.0,119417.0,119464.0,119519.0,119586.0,119668.0,119748.0,119821.0,119925.0,119997.0,120059.0,120138.0,120210.0,120307.0,120399.0,120485.0,120551.0,120607.0,120675.0,120762.0,120854.0,120928.0,121004.0,121063.0,121125.0,121200.0,121277.0,121341.0,121452.0,121537.0,121608.0,121654.0,121771.0,121854.0,121923.0,121980.0,122069.0,122142.0,122198.0,122248.0,122302.0,122394.0,122459.0,122549.0,122602.0,122665.0,122753.0,122842.0,122893.0,122995.0,,,,,,,,,123702.0,123758.0,123824.0,123896.0,123962.0,124069.0,124140.0,124193.0,124243.0,124347.0,124414.0,124495.0,124584.0,124690.0,124773.0,124844.0,124896.0,124962.0,125070.0,125196.0,125260.0,125326.0,125373.0,125451.0,125508.0,125585.0,125645.0,125716.0,125764.0,125813.0,125872.0,125924.0,125980.0,126049.0,126120.0,126163.0,126215.0,126276.0,126346.0,126452.0,126554.0,126638.0,126715.0,126783.0,126854.0,126913.0,126975.0,127046.0,127121
SpCtbugkdGc,134327.0,134547.0,134762.0,135000.0,135280.0,135528.0,135769.0,136002.0,136306.0,136524.0,136752.0,136981.0,137170.0,137592.0,137939.0,138249.0,138532.0,138807.0,139059.0,139431.0,139691.0,140118.0,140350.0,140639.0,140861.0,141136.0,141419.0,141613.0,141817.0,142024.0,142221.0,142432.0,142600.0,142806.0,143031.0,143219.0,143438.0,143623.0,143860.0,144165.0,144437.0,144717.0,144948.0,145179.0,145404.0,145625.0,145868.0,146111.0,146356.0,146616.0,146880.0,147109.0,147433.0,147766.0,148072.0,148368.0,148734.0,149183.0,149558.0,150042.0,150495.0,150885.0,151319.0,151781.0,152377.0,152942.0,153589.0,154128.0,154596.0,155236.0,155831.0,156402.0,156930.0,157508.0,158048.0,158516.0,159028.0,159539.0,160005.0,160438.0,160861.0,161241.0,161653.0,162036.0,162440.0,162874.0,163252.0,163648.0,164063.0,164540.0,164911.0,165278.0,165642.0,166003.0,166385.0,166668.0,167039.0,167432.0,167816.0,168162.0,168547.0,168901.0,169221.0,169620.0,169988.0,170482.0,170903.0,171333.0,171689.0,172041.0,172403.0,172740.0,173056.0,173392.0,173734.0,174038.0,174455.0,174807.0,175118.0,175467.0,175775.0,176127.0,176432.0,176705.0,176987.0,177330.0,177617.0,177987.0,178591.0,179293.0,181839.0,185802.0,189767.0,192752.0,,,,,,,,,210013.0,211641.0,213153.0,214552.0,215842.0,217108.0,219253.0,221217.0,223119.0,224835.0,226335.0,227957.0,229880.0,231510.0,233155.0,234721.0,236216.0,237740.0,239090.0,240453.0,241742.0,243304.0,244739.0,246127.0,247327.0,248543.0,249885.0,250995.0,252097.0,253082.0,253990.0,254935.0,255919.0,256931.0,257829.0,258696.0,259588.0,260348.0,261212.0,262101.0,262926.0,263764.0,264702.0,265497.0,266319.0,267025.0,267967.0,268838.0,269686
W3UNdmL0F14,2637342.0,2637731.0,2638135.0,2638523.0,2638997.0,2639431.0,2639950.0,2640522.0,2640941.0,2641433.0,2641875.0,2642198.0,2642581.0,2642960.0,2643411.0,2643859.0,2644353.0,2644872.0,2645164.0,2645552.0,2645958.0,2646382.0,2646812.0,2647269.0,2647707.0,2648092.0,2648482.0,2649092.0,2649593.0,2649985.0,2650574.0,2651190.0,2651580.0,2652002.0,2652491.0,2653039.0,2653577.0,2654184.0,2654698.0,2655259.0,2656231.0,2656895.0,2658678.0,2660127.0,2661178.0,2662211.0,2662843.0,2663339.0,2663840.0,2664389.0,2664873.0,2665763.0,2666525.0,2667128.0,2667647.0,2668147.0,2668708.0,2669482.0,2670324.0,2670977.0,2671386.0,2671767.0,2672286.0,2672608.0,2672987.0,2673316.0,2673587.0,2673797.0,2674070.0,2674438.0,2674818.0,2675150.0,2675464.0,2675738.0,2676022.0,2676332.0,2676639.0,2676885.0,2677119.0,2677388.0,2677598.0,2677805.0,2678058.0,2678307.0,2678527.0,2678771.0,2678961.0,2679254.0,2679479.0,2679780.0,2680002.0,2680282.0,2680533.0,2680806.0,2681064.0,2681479.0,2681871.0,2682224.0,2682617.0,2682858.0,2683121.0,2683389.0,2683715.0,2683982.0,2684290.0,2684553.0,2684845.0,2685534.0,2686152.0,2686619.0,2686984.0,2687293.0,2687599.0,2687892.0,2688225.0,2688497.0,2688742.0,2689042.0,2689313.0,2689563.0,2689789.0,2690038.0,2690311.0,2690596.0,2690866.0,2691162.0,2691408.0,2691636.0,2691913.0,2692198.0,2692483.0,2692843.0,2693113.0,2693430.0,,,,,,,,,2695877.0,2696116.0,2696293.0,2696485.0,2696739.0,2696975.0,2697229.0,2697457.0,2697755.0,2698082.0,2698328.0,2698544.0,2698790.0,2699033.0,2699338.0,2699577.0,2699792.0,2699988.0,2700287.0,2700551.0,2700820.0,2701068.0,2701294.0,2701518.0,2701775.0,2702057.0,2702383.0,2702751.0,2703050.0,2703348.0,2703792.0,2704369.0,2704724.0,2705159.0,2705468.0,2705882.0,2706240.0,2706492.0,2706784.0,2707050.0,2707321.0,2707635.0,2708038.0,2708398.0,2708750.0,2709041.0,2709366.0,2709657.0,2709898
wTRJLyzhR4U,1186326.0,1195069.0,1204475.0,1212274.0,1222980.0,1233200.0,1242449.0,1251605.0,1260568.0,1268244.0,1274436.0,1282865.0,1291028.0,1298604.0,1306115.0,1313185.0,1319020.0,1324009.0,1330997.0,1337284.0,1343632.0,1350266.0,1356994.0,1362114.0,1366392.0,1372189.0,1378057.0,1384239.0,1390262.0,1396643.0,1401821.0,1405970.0,1411616.0,1417558.0,1422987.0,1427986.0,1433232.0,1437650.0,1441114.0,1445505.0,1449837.0,1453778.0,1457970.0,1461884.0,1464936.0,1467955.0,1471476.0,1475413.0,1479112.0,1483013.0,1486698.0,1490132.0,1492853.0,1496358.0,1500083.0,1503490.0,1506885.0,1510426.0,1513386.0,1515739.0,1518939.0,1522262.0,1525496.0,1529040.0,1532722.0,1535747.0,1538468.0,1542260.0,1545605.0,1549540.0,1552976.0,1555753.0,1558541.0,1561082.0,1564347.0,1567646.0,1570912.0,1574313.0,1578124.0,1581379.0,1584144.0,1587133.0,1590903.0,1594521.0,1598095.0,1601638.0,1604940.0,1607326.0,1611244.0,1615172.0,1619012.0,1622615.0,1626474.0,1629440.0,1631877.0,1635395.0,1638846.0,1642352.0,1645644.0,1649162.0,1651907.0,1654428.0,1657920.0,1661474.0,1664836.0,1668205.0,1671422.0,1674301.0,1676888.0,1680004.0,1683169.0,1686391.0,1689596.0,1692990.0,1695829.0,1698076.0,1701091.0,1704676.0,1708147.0,1711673.0,1714432.0,1716997.0,1719345.0,1721877.0,1724190.0,1726637.0,1728997.0,1731645.0,1733967.0,1735957.0,1738899.0,1741997.0,1745143.0,1748603.0,,,,,,,,,1784160.0,1787083.0,1790885.0,1794759.0,1798249.0,1801592.0,1805333.0,1808560.0,1811269.0,1815305.0,1821081.0,1826083.0,1831106.0,1836214.0,1840396.0,1843825.0,1848806.0,1853679.0,1858550.0,1863081.0,1867615.0,1871789.0,1874809.0,1879143.0,1883689.0,1888024.0,1892113.0,1896392.0,1899996.0,1902978.0,1907142.0,1911475.0,1915693.0,1919493.0,1923519.0,1926972.0,1929830.0,1933424.0,1937492.0,1941579.0,1945923.0,1949799.0,1953128.0,1955844.0,1959671.0,1963139.0,1966641.0,1970002.0,1973429
DJLa8QYUtmQ,1855092.0,1864038.0,1872552.0,1879975.0,1889765.0,1899001.0,1908491.0,1917347.0,1926728.0,1934768.0,1941372.0,1949800.0,1958390.0,1965929.0,1973095.0,1979457.0,1985835.0,1990987.0,1997800.0,2004192.0,2010075.0,2016260.0,2021836.0,2026827.0,2031229.0,2036754.0,2041606.0,2047007.0,2052335.0,2057502.0,2061915.0,2065334.0,2070033.0,2074635.0,2079089.0,2083579.0,2088331.0,2092653.0,2096541.0,2100864.0,2105326.0,2109637.0,2113822.0,2118354.0,2121756.0,2125092.0,2129640.0,2133943.0,2138200.0,2142275.0,2146004.0,2149444.0,2152786.0,2156377.0,2160526.0,2164252.0,2168156.0,2171977.0,2175431.0,2179095.0,2183251.0,2187438.0,2191257.0,2195202.0,2199089.0,2202751.0,2205798.0,2209853.0,2213503.0,2217623.0,2221365.0,2224210.0,2227088.0,2229433.0,2233126.0,2236200.0,2239390.0,2243302.0,2247068.0,2250339.0,2252569.0,2256108.0,2259009.0,2262231.0,2265176.0,2268191.0,2270875.0,2273291.0,2276261.0,2278954.0,2281852.0,2284783.0,2287364.0,2290362.0,2292765.0,2295500.0,2298240.0,2300989.0,2303818.0,2306719.0,2309163.0,2311700.0,2314286.0,2316927.0,2319625.0,2322217.0,2324746.0,2327293.0,2329750.0,2332393.0,2335001.0,2337707.0,2340247.0,2343035.0,2345717.0,2348371.0,2351299.0,2353784.0,2356617.0,2359489.0,2362085.0,2364594.0,2367018.0,2369486.0,2371691.0,2373974.0,2375799.0,2377937.0,2380044.0,2381762.0,2384314.0,2386593.0,2388991.0,2391495.0,,,,,,,,,2415317.0,2417551.0,2420147.0,2422703.0,2425336.0,2427959.0,2430709.0,2433301.0,2435766.0,2438451.0,2441804.0,2445212.0,2448430.0,2451608.0,2453947.0,2456172.0,2458942.0,2462089.0,2465274.0,2468492.0,2471283.0,2473556.0,2475914.0,2478773.0,2481612.0,2484239.0,2486964.0,2489695.0,2492063.0,2494164.0,2497076.0,2499877.0,2502503.0,2504790.0,2507561.0,2509899.0,2511837.0,2514152.0,2516623.0,2519073.0,2521631.0,2524116.0,2526346.0,2528057.0,2530717.0,2533185.0,2535716.0,2538130.0,2540637
g36q0ZLvygQ,41024698.0,41110798.0,41208058.0,41305470.0,41394573.0,41483412.0,41570252.0,41659589.0,41747375.0,41839784.0,41930612.0,42016031.0,42109691.0,42202723.0,42296385.0,42385113.0,42484601.0,42581599.0,42671462.0,42757223.0,42850737.0,42944647.0,43041324.0,43147074.0,43248949.0,43348872.0,43448013.0,43546377.0,43642125.0,43746235.0,43853173.0,43945626.0,44043018.0,44139653.0,44244780.0,44343345.0,44453558.0,44567199.0,44664587.0,44753322.0,44843919.0,44944306.0,45042351.0,45144176.0,45241382.0,45333322.0,45417286.0,45510931.0,45604430.0,45706203.0,45806389.0,45900717.0,45987031.0,46070187.0,46157790.0,46245252.0,46337355.0,46430980.0,46518060.0,46605712.0,46688941.0,46769935.0,46851075.0,46940100.0,47030066.0,47123093.0,47212235.0,47298823.0,47372850.0,47459777.0,47532489.0,47604841.0,47682634.0,47760261.0,47839973.0,47920571.0,48005287.0,48095735.0,48185739.0,48267482.0,48344378.0,48430014.0,48522989.0,48612424.0,48699583.0,48783827.0,48866242.0,48945848.0,49018396.0,49089466.0,49160261.0,49228719.0,49299086.0,49375379.0,49448085.0,49518316.0,49590181.0,49661275.0,49733694.0,49808744.0,49888988.0,49966119.0,50037576.0,50112023.0,50184462.0,50257346.0,50328998.0,50404466.0,50477025.0,50542800.0,50610821.0,50678187.0,50746258.0,50815391.0,50894068.0,50970966.0,51042825.0,51114061.0,51186434.0,51256109.0,51331254.0,51410466.0,51485035.0,51555893.0,51627158.0,51697031.0,51769424.0,51849686.0,51932512.0,52012630.0,52088148.0,52161978.0,52234736.0,52304467.0,,,,,,,,,52921466.0,52994702.0,53058351.0,53118919.0,53179993.0,53239200.0,53293825.0,53353691.0,53417450.0,53476738.0,53535212.0,53592642.0,53659035.0,53721094.0,53791563.0,53856101.0,53917899.0,53982439.0,54052111.0,54118850.0,54184116.0,54259289.0,54334784.0,54401080.0,54465862.0,54535992.0,54602449.0,54668345.0,54739682.0,54809384.0,54874129.0,54941644.0,55012836.0,55086424.0,55159306.0,55243839.0,55324714.0,55399602.0,55478516.0,55559167.0,55639669.0,55722243.0,55812500.0,55907306.0,55993901.0,56079644.0,56167035.0,56256503.0,56348060
g36q0ZLvygQ,41024698.0,41110798.0,41208058.0,41305470.0,41394573.0,41483412.0,41570252.0,41659589.0,41747375.0,41839784.0,41930612.0,42016031.0,42109691.0,42202723.0,42296385.0,42385113.0,42484601.0,42581599.0,42671462.0,42757223.0,42850737.0,42944647.0,43041324.0,43147074.0,43248949.0,43348872.0,43448013.0,43546377.0,43642125.0,43746235.0,43853173.0,43945626.0,44043018.0,44139653.0,44244780.0,44343345.0,44453558.0,44567199.0,44664587.0,44753322.0,44843919.0,44944306.0,45042351.0,45144176.0,45241382.0,45333322.0,45417286.0,45510931.0,45604430.0,45706203.0,45806389.0,45900717.0,45987031.0,46070187.0,46157790.0,46245252.0,46337355.0,46430980.0,46518060.0,46605712.0,46688941.0,46769935.0,46851075.0,46940100.0,47030066.0,47123093.0,47212235.0,47298823.0,47372850.0,47459777.0,47532489.0,47604841.0,47682634.0,47760261.0,47839973.0,47920571.0,48005287.0,48095735.0,48185739.0,48267482.0,48344378.0,48430014.0,48522989.0,48612424.0,48699583.0,48783827.0,48866242.0,48945848.0,49018396.0,49089466.0,49160261.0,49228719.0,49299086.0,49375379.0,49448085.0,49518316.0,49590181.0,49661275.0,49733694.0,49808744.0,49888988.0,49966119.0,50037576.0,50112023.0,50184462.0,50257346.0,50328998.0,50404466.0,50477025.0,50542800.0,50610821.0,50678187.0,50746258.0,50815391.0,50894068.0,50970966.0,51042825.0,51114061.0,51186434.0,51256109.0,51331254.0,51410466.0,51485035.0,51555893.0,51627158.0,51697031.0,51769424.0,51849686.0,51932512.0,52012630.0,52088148.0,52161978.0,52234736.0,52304467.0,,,,,,,,,52921466.0,52994702.0,53058351.0,53118919.0,53179993.0,53239200.0,53293825.0,53353691.0,53417450.0,53476738.0,53535212.0,53592642.0,53659035.0,53721094.0,53791563.0,53856101.0,53917899.0,53982439.0,54052111.0,54118850.0,54184116.0,54259289.0,54334784.0,54401080.0,54465862.0,54535992.0,54602449.0,54668345.0,54739682.0,54809384.0,54874129.0,54941644.0,55012836.0,55086424.0,55159306.0,55243839.0,55324714.0,55399602.0,55478516.0,55559167.0,55639669.0,55722243.0,55812500.0,55907306.0,55993901.0,56079644.0,56167035.0,56256503.0,56348060
miUMvyymYUc,3974.0,3996.0,4007.0,4015.0,4029.0,4038.0,4060.0,4075.0,4090.0,4108.0,4144.0,4224.0,4272.0,4303.0,4318.0,4334.0,4368.0,4393.0,4411.0,4422.0,4441.0,4463.0,4480.0,4487.0,4500.0,4510.0,,,,,,,,,,,,,,,,,,,,,,,,,,,,,,,,,,,,,,,,,,,,,,,,,,,,,,,,,,,,,,,,,,,,,,,,,,,,,,,,,,,,,,,,,,,,,,,,,,,,,,,,,,,,,,,,,,,,,,,,,,,,,,,,,,,,,,,,,,,,,,,,,,,,,,,,,,,,,,,,,,,,,
88GkYKvnvvI,61377795.0,61421048.0,61468577.0,61517163.0,61571187.0,61628769.0,61683050.0,61740933.0,61795875.0,61846321.0,61894085.0,61944056.0,61997284.0,62040838.0,62086339.0,62133359.0,62180081.0,62226307.0,62273052.0,62315572.0,62359426.0,62406261.0,62452360.0,62498099.0,62541110.0,62583749.0,62632539.0,62676739.0,62721372.0,62766143.0,62812769.0,62853170.0,62894930.0,62940090.0,62986489.0,63028634.0,63073716.0,63121783.0,63169670.0,63210776.0,63250989.0,63293668.0,63339696.0,63389539.0,63436092.0,63476953.0,63517099.0,63564584.0,63613084.0,63659914.0,63704518.0,63748925.0,63788488.0,63828742.0,63872206.0,63915453.0,63959473.0,64001226.0,64040980.0,64081546.0,64117817.0,64156159.0,64194404.0,64232447.0,64272310.0,64308316.0,64342162.0,64380248.0,64413198.0,64452851.0,64488399.0,64522209.0,64555131.0,64590072.0,64630018.0,64673164.0,64713778.0,64755178.0,64800812.0,64840392.0,64877286.0,64914691.0,64955434.0,64995800.0,65035411.0,65074973.0,65113639.0,65150302.0,65186422.0,65222750.0,65258292.0,65291564.0,65328482.0,65363936.0,65397816.0,65429330.0,65460318.0,65491561.0,65525165.0,65562295.0,65602647.0,65637861.0,65672442.0,65706958.0,65741340.0,65775753.0,65808937.0,65840536.0,65872096.0,65905582.0,65937295.0,65967830.0,65997843.0,66028093.0,66059984.0,66090315.0,66118909.0,66150686.0,66186942.0,66219361.0,66254111.0,66290975.0,66323979.0,66349467.0,66374248.0,66398967.0,66425185.0,66452465.0,66479578.0,66506357.0,66533889.0,66559965.0,66586520.0,66610483.0,,,,,,,,,66847533.0,66873956.0,66899399.0,66925415.0,66952621.0,66976794.0,66998533.0,67022274.0,67049606.0,67075165.0,67100219.0,67126847.0,67155742.0,67182957.0,67210728.0,67236827.0,67264255.0,67291850.0,67319587.0,67348220.0,67379842.0,67413598.0,67446022.0,67478427.0,67510720.0,67545696.0,67580933.0,67614857.0,67648621.0,67682818.0,67717522.0,67755087.0,67793508.0,67827152.0,67868761.0,67907198.0,67945018.0,67981464.0,68019676.0,68058044.0,68095981.0,68134514.0,68173008.0,68208582.0,68244153.0,68279687.0,68314505.0,68349012.0,68382815
7r018SxaZO8,318963.0,320928.0,322802.0,324391.0,326227.0,328056.0,329784.0,331430.0,333097.0,334803.0,336302.0,337725.0,339214.0,340487.0,342084.0,343399.0,344873.0,346122.0,347399.0,348465.0,349677.0,351075.0,352271.0,353451.0,354462.0,355740.0,356701.0,357789.0,358809.0,359935.0,360930.0,361919.0,362936.0,363966.0,364780.0,365869.0,366762.0,367817.0,368610.0,369414.0,370410.0,371186.0,371956.0,372856.0,373599.0,374337.0,375108.0,375846.0,376555.0,377388.0,378063.0,378786.0,379393.0,380110.0,381069.0,382032.0,383017.0,383976.0,385002.0,386181.0,387294.0,388286.0,389199.0,390090.0,390988.0,391917.0,392539.0,393432.0,394007.0,394964.0,395737.0,396376.0,397024.0,397637.0,398356.0,398930.0,399573.0,400289.0,400999.0,401587.0,402196.0,402793.0,403365.0,404015.0,404662.0,405317.0,405898.0,406520.0,407192.0,407705.0,408393.0,408971.0,409697.0,410279.0,410888.0,411528.0,412134.0,412782.0,413380.0,414006.0,414611.0,415066.0,415657.0,416181.0,416784.0,417419.0,418027.0,418575.0,419060.0,419669.0,420278.0,420777.0,421297.0,421748.0,422254.0,422660.0,423161.0,423599.0,424141.0,424624.0,424985.0,425407.0,425843.0,426207.0,426610.0,427098.0,427555.0,428036.0,428437.0,428962.0,429460.0,429943.0,430456.0,430958.0,,,,,,,,,437181.0,437890.0,438537.0,439133.0,439712.0,440318.0,440843.0,441367.0,441896.0,442410.0,443032.0,443567.0,444216.0,444705.0,445283.0,445766.0,446274.0,446791.0,447300.0,447724.0,448210.0,448562.0,449009.0,449416.0,449875.0,450283.0,450684.0,451119.0,451525.0,451880.0,452269.0,452647.0,453030.0,453368.0,453814.0,454278.0,454673.0,455094.0,455581.0,456133.0,456622.0,457078.0,457542.0,457902.0,458342.0,458773.0,459195.0,459569.0,460032
PjhdKY0hyCA,27803873.0,27820073.0,27837875.0,27856095.0,27873470.0,27891461.0,27908503.0,27925072.0,27941338.0,27957363.0,27973879.0,27991088.0,28009220.0,28025992.0,28042672.0,28058308.0,28074728.0,28090912.0,28105712.0,28120606.0,28136575.0,28153091.0,28167788.0,28182128.0,28196006.0,28210589.0,28225347.0,28240471.0,28255826.0,28269565.0,28283816.0,28298336.0,28312601.0,28326722.0,28340934.0,28355393.0,28376583.0,28395601.0,28412140.0,28425625.0,28438311.0,28450567.0,28462372.0,28474085.0,28487047.0,28499386.0,28510953.0,28522973.0,28534769.0,28546431.0,28557307.0,28568743.0,28579066.0,28590063.0,28602002.0,28613137.0,28624049.0,28634636.0,28645481.0,28657096.0,28668818.0,28680201.0,28690921.0,28701923.0,28712632.0,28722924.0,28733014.0,28743179.0,28751237.0,28762615.0,28772956.0,28782888.0,28792895.0,28802800.0,28812404.0,28822692.0,28833004.0,28842889.0,28853042.0,28862584.0,28872441.0,28882105.0,28891653.0,28901286.0,28910085.0,28918994.0,28927587.0,28936603.0,28945262.0,28954531.0,28963708.0,28972595.0,28981419.0,28990693.0,29001238.0,29012046.0,29021911.0,29031887.0,29041713.0,29050962.0,29060386.0,29070262.0,29079608.0,29089215.0,29098013.0,29106767.0,29115601.0,29124490.0,29133922.0,29143221.0,29152208.0,29161155.0,29169914.0,29178687.0,29187675.0,29198764.0,29213380.0,29233048.0,29248036.0,29262316.0,29275645.0,29286394.0,29297133.0,29308478.0,29319419.0,29328670.0,29338218.0,29348308.0,29358542.0,29368874.0,29379202.0,29388496.0,29397670.0,29407039.0,,,,,,,,,29479626.0,29487344.0,29495276.0,29502921.0,29510342.0,29517870.0,29525086.0,29531486.0,29538535.0,29545952.0,29552985.0,29559881.0,29568059.0,29575580.0,29582744.0,29590362.0,29597690.0,29605323.0,29613154.0,29620630.0,29628854.0,29637390.0,29646015.0,29654310.0,29661923.0,29669366.0,29676717.0,29684202.0,29691678.0,29700195.0,29708716.0,29717195.0,29725686.0,29733594.0,29740584.0,29748223.0,29757503.0,29765276.0,29773290.0,29780531.0,29787802.0,29794516.0,29802275.0,29809728.0,29816423.0,29823120.0,29829135.0,29834688.0,29840118
pJB2sp36FTc,114113.0,114960.0,115823.0,116576.0,117495.0,118448.0,119210.0,120058.0,120844.0,121571.0,122271.0,122898.0,123542.0,124256.0,124923.0,125560.0,126332.0,127087.0,127671.0,128362.0,129033.0,129768.0,130473.0,131102.0,131614.0,132347.0,132976.0,133702.0,134441.0,135091.0,135662.0,136166.0,136778.0,137351.0,138003.0,138705.0,139305.0,139918.0,140623.0,141149.0,141781.0,142412.0,142914.0,143494.0,143999.0,144446.0,144953.0,145428.0,145970.0,146417.0,146826.0,147203.0,147598.0,148083.0,148564.0,148966.0,149436.0,149810.0,150243.0,150670.0,151127.0,151569.0,152076.0,152569.0,153017.0,153479.0,153883.0,154276.0,154588.0,154980.0,155314.0,155647.0,156004.0,156364.0,156704.0,157015.0,157367.0,157663.0,157972.0,158203.0,158489.0,158771.0,159086.0,159394.0,159662.0,159919.0,160198.0,160453.0,160755.0,161077.0,161381.0,161643.0,161956.0,162213.0,162460.0,162745.0,162985.0,163233.0,163458.0,163714.0,163955.0,164161.0,164509.0,164821.0,165129.0,165369.0,165606.0,165785.0,165981.0,166213.0,166367.0,166577.0,166764.0,166932.0,167103.0,167236.0,167385.0,167488.0,167592.0,167708.0,167804.0,167909.0,167990.0,168092.0,168227.0,168337.0,168444.0,168541.0,168651.0,168751.0,168846.0,168948.0,169038.0,169117.0,,,,,,,,,169875.0,169960.0,170040.0,170146.0,170220.0,170308.0,170388.0,170506.0,170591.0,170687.0,170767.0,170857.0,170952.0,171028.0,171118.0,171204.0,171301.0,171395.0,171518.0,171611.0,171688.0,171782.0,171867.0,171969.0,172036.0,172109.0,172200.0,172308.0,172365.0,172427.0,172494.0,172579.0,172676.0,172745.0,172833.0,172917.0,173025.0,173147.0,173229.0,173304.0,173394.0,173476.0,173542.0,173600.0,173669.0,173754.0,173836.0,173924.0,173994
CIPxgin0hxg,39084.0,39121.0,39159.0,39180.0,39219.0,39258.0,39281.0,39311.0,39341.0,39375.0,39417.0,39463.0,39511.0,39548.0,39586.0,39620.0,39647.0,39677.0,39715.0,39761.0,39810.0,39871.0,39907.0,39935.0,39965.0,39998.0,40044.0,40099.0,40137.0,40173.0,40193.0,40222.0,40244.0,40287.0,40334.0,40365.0,40398.0,40429.0,40452.0,40472.0,40501.0,40529.0,40558.0,40583.0,40606.0,40636.0,40682.0,40725.0,40774.0,40799.0,40840.0,40872.0,40899.0,40924.0,40948.0,40982.0,41006.0,41032.0,41066.0,41077.0,41112.0,41139.0,41167.0,41190.0,41215.0,41228.0,41250.0,41280.0,41309.0,41345.0,41373.0,41405.0,41440.0,41462.0,41487.0,41526.0,41555.0,41584.0,41626.0,41665.0,41690.0,41724.0,41761.0,41792.0,41837.0,41869.0,41892.0,41924.0,41955.0,41981.0,42005.0,42212.0,42307.0,42374.0,42415.0,42458.0,42493.0,42527.0,42564.0,42589.0,42619.0,42641.0,42673.0,42696.0,42715.0,42746.0,42792.0,42832.0,42868.0,42909.0,42939.0,42977.0,43019.0,43069.0,43107.0,43137.0,43174.0,43205.0,43237.0,43270.0,43320.0,43341.0,43364.0,43382.0,43407.0,43428.0,43437.0,43460.0,43474.0,43495.0,43518.0,43548.0,43569.0,43586.0,,,,,,,,,43780.0,43806.0,43838.0,43865.0,43890.0,43914.0,43933.0,43955.0,43983.0,44013.0,44032.0,44056.0,44084.0,44113.0,44155.0,44179.0,44218.0,44254.0,44293.0,44316.0,44333.0,44370.0,44411.0,44438.0,44470.0,44496.0,44529.0,44549.0,44577.0,44599.0,44621.0,44643.0,44663.0,44679.0,44705.0,44723.0,44746.0,44769.0,44785.0,44809.0,44840.0,44877.0,44906.0,44935.0,44965.0,45000.0,45054.0,45078.0,45117
pLrNvwxjgqA,23809.0,23841.0,23878.0,23914.0,23940.0,23969.0,23997.0,24022.0,24041.0,24079.0,24100.0,24114.0,24144.0,24166.0,24195.0,24224.0,24247.0,24271.0,24293.0,24322.0,24351.0,24387.0,24418.0,24448.0,24471.0,24506.0,24525.0,24558.0,24580.0,24601.0,24619.0,24636.0,24664.0,24684.0,24708.0,24739.0,24751.0,24770.0,24778.0,24793.0,24817.0,24834.0,24857.0,24875.0,24891.0,24911.0,24932.0,24962.0,24980.0,25000.0,25024.0,25045.0,25053.0,25064.0,25077.0,25091.0,25109.0,25122.0,25139.0,25149.0,25171.0,25184.0,25201.0,25215.0,25230.0,25246.0,25260.0,25273.0,25290.0,25304.0,25312.0,25332.0,25356.0,25371.0,25385.0,25417.0,25437.0,25455.0,25469.0,25480.0,25495.0,25510.0,25531.0,25545.0,25552.0,25568.0,25580.0,25590.0,25612.0,25625.0,25634.0,25651.0,25671.0,25683.0,25700.0,25717.0,25728.0,25739.0,25753.0,25769.0,25784.0,25798.0,25811.0,25823.0,25844.0,25861.0,25875.0,25880.0,25891.0,25900.0,25915.0,25926.0,25936.0,25952.0,25970.0,25977.0,25991.0,26006.0,26027.0,26040.0,26053.0,26068.0,26081.0,26092.0,26100.0,26119.0,26125.0,26146.0,26155.0,26166.0,26175.0,26184.0,26188.0,26213.0,,,,,,,,,26369.0,26406.0,26448.0,26489.0,26522.0,26549.0,26569.0,26596.0,26618.0,26634.0,26648.0,26669.0,26703.0,26739.0,26776.0,26826.0,26850.0,26876.0,26902.0,26922.0,26942.0,26972.0,26995.0,27021.0,27045.0,27096.0,27117.0,27133.0,27156.0,27180.0,27197.0,27222.0,27256.0,27278.0,27299.0,27320.0,27342.0,27359.0,27381.0,27406.0,27430.0,27457.0,27483.0,27504.0,27516.0,27533.0,27564.0,27595.0,27615
fFTTAiryJsw,9351.0,9376.0,9405.0,9439.0,9468.0,9484.0,9502.0,9525.0,9562.0,9578.0,9609.0,9627.0,9642.0,9663.0,9679.0,9704.0,9716.0,9735.0,9746.0,9766.0,9777.0,9813.0,9837.0,9859.0,9876.0,9894.0,9908.0,9924.0,9956.0,9975.0,9985.0,9991.0,10000.0,10012.0,10030.0,10060.0,10070.0,10090.0,10102.0,10117.0,10129.0,10140.0,10164.0,10183.0,10201.0,10216.0,10232.0,10251.0,10268.0,10297.0,10319.0,10326.0,10347.0,10365.0,10384.0,10403.0,10417.0,10426.0,10441.0,10451.0,10461.0,10469.0,10477.0,10489.0,10499.0,10513.0,10521.0,10537.0,10556.0,10584.0,10598.0,10641.0,10686.0,10729.0,10754.0,10786.0,10818.0,10846.0,10860.0,10873.0,10894.0,10902.0,10926.0,10939.0,10957.0,10967.0,10984.0,10995.0,11015.0,11031.0,11035.0,11050.0,11063.0,11075.0,11086.0,11095.0,11106.0,11120.0,11143.0,11161.0,11171.0,11169.0,11182.0,11201.0,11212.0,11234.0,11248.0,11265.0,11272.0,11282.0,11294.0,11311.0,11323.0,11332.0,11342.0,11358.0,11378.0,11389.0,11403.0,11416.0,11441.0,11451.0,11460.0,11470.0,11485.0,11502.0,11512.0,11540.0,11550.0,11562.0,11586.0,11596.0,11610.0,11626.0,,,,,,,,,11762.0,11806.0,11835.0,11863.0,11880.0,11901.0,11918.0,11941.0,11981.0,12009.0,12041.0,12075.0,12109.0,12153.0,12233.0,12272.0,12320.0,12367.0,12407.0,12470.0,12508.0,12543.0,12580.0,12615.0,12656.0,12707.0,12745.0,12792.0,12834.0,12863.0,12902.0,12943.0,12959.0,12990.0,13014.0,13032.0,13060.0,13091.0,13116.0,13146.0,13189.0,13228.0,13262.0,13293.0,13316.0,13352.0,13380.0,13410.0,13440
S415VVG39lk,3692.0,3700.0,3701.0,3705.0,3708.0,3711.0,3721.0,3730.0,3734.0,3740.0,3746.0,3749.0,3752.0,3753.0,3757.0,3764.0,3772.0,3778.0,3782.0,3789.0,3794.0,3797.0,3801.0,3809.0,3818.0,3819.0,3821.0,3825.0,3830.0,3833.0,3837.0,3838.0,3843.0,3850.0,3853.0,3863.0,3879.0,3886.0,3892.0,3896.0,3903.0,3910.0,3912.0,3916.0,3922.0,3925.0,3925.0,3931.0,3936.0,3941.0,3946.0,3950.0,3955.0,3964.0,3970.0,3974.0,3978.0,3986.0,3987.0,3989.0,3997.0,4001.0,4008.0,4018.0,4023.0,4034.0,4048.0,4061.0,4071.0,4085.0,4090.0,4097.0,4104.0,4115.0,4126.0,4135.0,4142.0,4158.0,4167.0,4176.0,4190.0,4191.0,4205.0,4210.0,4214.0,4225.0,4229.0,4236.0,4251.0,4256.0,4263.0,4269.0,4271.0,4281.0,4287.0,4301.0,4310.0,4323.0,4341.0,4349.0,4366.0,4391.0,4402.0,4419.0,4441.0,4466.0,4485.0,4492.0,4495.0,4502.0,4506.0,4520.0,4553.0,4584.0,4607.0,4649.0,4686.0,4711.0,4737.0,4759.0,4764.0,4787.0,4800.0,4812.0,4815.0,4821.0,4834.0,4855.0,4873.0,4893.0,4904.0,4918.0,4935.0,4949.0,,,,,,,,,5111.0,5141.0,5160.0,5174.0,5196.0,5209.0,5227.0,5254.0,5277.0,5294.0,5314.0,5328.0,5346.0,5354.0,5379.0,5409.0,5433.0,5457.0,5482.0,5520.0,5547.0,5578.0,5610.0,5658.0,5680.0,5713.0,5732.0,5754.0,5792.0,5822.0,5856.0,5887.0,5935.0,5982.0,6019.0,6053.0,6099.0,6128.0,6170.0,6191.0,6193.0,6201.0,6207.0,6208.0,6212.0,6220.0,6223.0,6228.0,6231
R2-yomhYAj4,27428266.0,28073562.0,28787371.0,29493147.0,30132299.0,30765147.0,31408809.0,32060233.0,32725353.0,33418485.0,34085690.0,34688713.0,35321534.0,35959995.0,36637288.0,37355528.0,38133111.0,38862664.0,39550714.0,40221938.0,40920509.0,41638378.0,42354841.0,43056363.0,43756633.0,44424648.0,45079432.0,45732606.0,46381394.0,47022309.0,47678412.0,48285370.0,48875714.0,49491630.0,50087892.0,50735483.0,51452424.0,52230400.0,52956831.0,53567494.0,54180432.0,54824367.0,55452879.0,56100148.0,56747396.0,57336733.0,57835262.0,58387759.0,58934018.0,59494968.0,60064821.0,60662263.0,61211454.0,61700880.0,62238353.0,62751583.0,63289239.0,63900493.0,64530355.0,65116137.0,65641856.0,66149012.0,66681351.0,67240971.0,67832245.0,68497735.0,69087006.0,69655685.0,70124902.0,70712821.0,71232955.0,71766281.0,72340459.0,72912114.0,73452035.0,74016795.0,74577885.0,75147295.0,75703031.0,76283648.0,76913113.0,77515496.0,78104830.0,78681980.0,79267462.0,79854980.0,80476401.0,81140180.0,81728748.0,82302262.0,82846106.0,83361417.0,83888827.0,84477110.0,85101858.0,85660626.0,86224530.0,86795414.0,87363817.0,87940774.0,88590212.0,89281761.0,89849408.0,90399047.0,90983913.0,91571216.0,92174518.0,92861223.0,93567109.0,94128668.0,94641667.0,95177664.0,95709946.0,96265834.0,96943491.0,97637586.0,98201454.0,98724344.0,99260363.0,99810245.0,100383938.0,101023256.0,101668208.0,102182550.0,102648732.0,103100466.0,103584044.0,104080658.0,104610149.0,105130815.0,105561639.0,106003538.0,106474284.0,106975139.0,,,,,,,,,111673065.0,112249100.0,112724323.0,113155551.0,113594987.0,114013205.0,114422549.0,114862945.0,115334386.0,115711088.0,116073812.0,116427387.0,116818083.0,117216514.0,117672316.0,118121897.0,118509984.0,118871739.0,119248243.0,119638978.0,120054702.0,120551311.0,121047297.0,121438416.0,121811831.0,122190788.0,122589310.0,123016939.0,123480484.0,123956380.0,124339657.0,124710899.0,125087866.0,125456472.0,125833346.0,126281402.0,126706552.0,127057385.0,127406812.0,127766021.0,128131095.0,128512001.0,128949882.0,129387243.0,129755611.0,130104000.0,130467579.0,130833855.0,131210590
3nMOUzBZ0ZI,6963387.0,6975818.0,6989823.0,7003811.0,7018280.0,7033925.0,7047253.0,7060621.0,7072927.0,7086721.0,7099758.0,7111672.0,7124075.0,7136659.0,7149251.0,7161904.0,7174716.0,7186279.0,7197499.0,7208637.0,7220028.0,7231690.0,7243133.0,7253624.0,7263004.0,7271952.0,7281895.0,7291182.0,7300897.0,7310775.0,7321058.0,7330001.0,7338920.0,7348646.0,7357577.0,7366906.0,7378155.0,7387357.0,7395630.0,7404348.0,7413404.0,7421765.0,7431030.0,7440325.0,7449085.0,7457317.0,7464659.0,7472177.0,7479346.0,7486379.0,7493435.0,7501373.0,7508366.0,7515457.0,7523571.0,7531631.0,7539781.0,7549497.0,7560106.0,7570164.0,7580154.0,7590566.0,7601161.0,7611637.0,7622695.0,7635566.0,7646651.0,7656946.0,7665596.0,7676040.0,7684514.0,7692516.0,7701777.0,7710374.0,7719053.0,7731014.0,7747938.0,7760703.0,7774473.0,7785889.0,7796580.0,7807127.0,7818187.0,7827824.0,7836218.0,7844813.0,7852386.0,7860084.0,7867656.0,7875327.0,7882585.0,7889097.0,7895314.0,7901594.0,7907608.0,7913712.0,7919942.0,7926345.0,7932533.0,7938276.0,7944037.0,7949873.0,7955539.0,7961240.0,7966960.0,7972533.0,7978305.0,7983952.0,7989396.0,7994477.0,7999625.0,8004514.0,8009130.0,8013946.0,8019080.0,8023937.0,8029035.0,8034283.0,8039470.0,8044479.0,8049248.0,8054633.0,8059468.0,8064111.0,8068749.0,8073519.0,8078517.0,8083959.0,8089246.0,8094305.0,8099107.0,8103938.0,8108675.0,8113433.0,,,,,,,,,8156551.0,8161651.0,8166567.0,8171309.0,8175803.0,8180004.0,8184127.0,8188290.0,8192522.0,8196414.0,8200242.0,8203966.0,8207792.0,8211716.0,8215580.0,8219086.0,8222708.0,8226653.0,8230568.0,8234456.0,8238684.0,8243210.0,8247606.0,8251581.0,8255674.0,8259839.0,8264102.0,8268401.0,8272285.0,8276178.0,8280068.0,8284185.0,8288394.0,8292566.0,8296433.0,8300707.0,8304700.0,8308383.0,8312341.0,8316330.0,8320305.0,8324322.0,8328536.0,8332509.0,8336339.0,8339967.0,8343854.0,8347824.0,8351960
L__ITOj-g8E,16921501.0,16929394.0,16937106.0,16946535.0,16955579.0,16964178.0,16971998.0,16979424.0,16987000.0,16995748.0,17005623.0,17013291.0,17019990.0,17026555.0,17033539.0,17040759.0,17048400.0,17056083.0,17063012.0,17069389.0,17075699.0,17083161.0,17090874.0,17097653.0,17104827.0,17111197.0,17118719.0,17126724.0,17133733.0,17140935.0,17148619.0,17156371.0,17163599.0,17170192.0,17177084.0,17184184.0,17192516.0,17198704.0,17204738.0,17211812.0,17219601.0,17226125.0,17233752.0,17241271.0,17248936.0,17255508.0,17262012.0,17269196.0,17276192.0,17282441.0,17288332.0,17294772.0,17301075.0,17306938.0,17313052.0,17319490.0,17326303.0,17333387.0,17340708.0,17347636.0,17354966.0,17361510.0,17368017.0,17374751.0,17381016.0,17387431.0,17394368.0,17400459.0,17405860.0,17412286.0,17418750.0,17425188.0,17431596.0,17437879.0,17443945.0,17449662.0,17456029.0,17462215.0,17468970.0,17476001.0,17484007.0,17492791.0,17500142.0,17506932.0,17513419.0,17519726.0,17526163.0,17533061.0,17540176.0,17547098.0,17553783.0,17559418.0,17564742.0,17570379.0,17576610.0,17582963.0,17588553.0,17594097.0,17599467.0,17604672.0,17610300.0,17616385.0,17621527.0,17626572.0,17631795.0,17636876.0,17641998.0,17647335.0,17653170.0,17658600.0,17663913.0,17669139.0,17674278.0,17679040.0,17684761.0,17691092.0,17696812.0,17702083.0,17707413.0,17712567.0,17717895.0,17723575.0,17729675.0,17735005.0,17740248.0,17745249.0,17750647.0,17756460.0,17764395.0,17770860.0,17776599.0,17782022.0,17787401.0,17792324.0,,,,,,,,,17841433.0,17848595.0,17854834.0,17860443.0,17866056.0,17871504.0,17876805.0,17882766.0,17889645.0,17895732.0,17901626.0,17907386.0,17913894.0,17920008.0,17926411.0,17933517.0,17939488.0,17945056.0,17950824.0,17956725.0,17962408.0,17968827.0,17975938.0,17982378.0,17988769.0,17995001.0,18001223.0,18008573.0,18016547.0,18024026.0,18031156.0,18038226.0,18044840.0,18051343.0,18058638.0,18066263.0,18073697.0,18080594.0,18087648.0,18094774.0,18101630.0,18108800.0,18116460.0,18124132.0,18131150.0,18138056.0,18145010.0,18152142.0,18159613
JY0UTOgh8M8,26054143.0,26061506.0,26068843.0,26077664.0,26085913.0,26093068.0,26099796.0,26107051.0,26114715.0,26122468.0,26131110.0,26138183.0,26144595.0,26150421.0,26156986.0,26163500.0,26170267.0,26176648.0,26182526.0,26188238.0,26193879.0,26199877.0,26206270.0,26212355.0,26218365.0,26223535.0,26229301.0,26235540.0,26240815.0,26246620.0,26252497.0,26258015.0,26263451.0,26268688.0,26273991.0,26279164.0,26284360.0,26289462.0,26294867.0,26299968.0,26305420.0,26310752.0,26315881.0,26320679.0,26325923.0,26331078.0,26336006.0,26341371.0,26346443.0,26351003.0,26355482.0,26360333.0,26365185.0,26369698.0,26374455.0,26379329.0,26384416.0,26389617.0,26394994.0,26400408.0,26405097.0,26409709.0,26414391.0,26419050.0,26423648.0,26428280.0,26433108.0,26437926.0,26442403.0,26447916.0,26452886.0,26457748.0,26462979.0,26468728.0,26473930.0,26478470.0,26483458.0,26488304.0,26494325.0,26500268.0,26506280.0,26511774.0,26516884.0,26521749.0,26526326.0,26531159.0,26536169.0,26541039.0,26546109.0,26551095.0,26556032.0,26560495.0,26565160.0,26570245.0,26575493.0,26580363.0,26584348.0,26588407.0,26592629.0,26597174.0,26602186.0,26607530.0,26612101.0,26616157.0,26620187.0,26624190.0,26627957.0,26631998.0,26636838.0,26642425.0,26647433.0,26652041.0,26656306.0,26660492.0,26665044.0,26669850.0,26674116.0,26678185.0,26681967.0,26685716.0,26689558.0,26693462.0,26697599.0,26701413.0,26705005.0,26708795.0,26712379.0,26716206.0,26720274.0,26724570.0,26728390.0,26732005.0,26735626.0,26738924.0,,,,,,,,,26775516.0,26780952.0,26785986.0,26790691.0,26795156.0,26799704.0,26804227.0,26809275.0,26815446.0,26820564.0,26825357.0,26830241.0,26835359.0,26840347.0,26845925.0,26852176.0,26858344.0,26862880.0,26867320.0,26871353.0,26875432.0,26880141.0,26885475.0,26890292.0,26894649.0,26899005.0,26903270.0,26908139.0,26913484.0,26918670.0,26923146.0,26927353.0,26931625.0,26935594.0,26939817.0,26944819.0,26950059.0,26954461.0,26959100.0,26963425.0,26967603.0,26971809.0,26976604.0,26981347.0,26985672.0,26989863.0,26994182.0,26998927.0,27003738
9qlj3Q4Z4T8,1099252.0,1099362.0,1099471.0,1099571.0,1099678.0,1099774.0,1099879.0,1099946.0,1100009.0,1100072.0,1100147.0,1100235.0,1100289.0,1100342.0,1100404.0,1100470.0,1100517.0,1100550.0,1100606.0,1100677.0,1100731.0,1100795.0,1100851.0,1100884.0,1100926.0,1100995.0,1101056.0,1101106.0,1101172.0,1101230.0,1101277.0,1101328.0,1101372.0,1101412.0,1101448.0,1101499.0,1101553.0,1101593.0,1101633.0,1101674.0,1101712.0,1101761.0,1101803.0,1101832.0,1101866.0,1101896.0,1101921.0,1101957.0,1101992.0,1102044.0,1102145.0,1102227.0,1102294.0,1102364.0,1102430.0,1102485.0,1102545.0,1102614.0,1102673.0,1102784.0,1102849.0,1102923.0,1102980.0,1103057.0,1103137.0,1103221.0,1103297.0,1103420.0,1103480.0,1103539.0,1103614.0,1103672.0,1103755.0,1103810.0,1103871.0,1103924.0,1104000.0,1104064.0,1104143.0,1104188.0,1104244.0,1104314.0,1104366.0,1104415.0,1104475.0,1104522.0,1104578.0,1104632.0,1104751.0,1104846.0,1104960.0,1105009.0,1105068.0,1105137.0,1105213.0,1105282.0,1105333.0,1105403.0,1105455.0,1105501.0,1105560.0,1105608.0,1105668.0,1105709.0,1105753.0,1105812.0,1105864.0,1105917.0,1105960.0,1106003.0,1106062.0,1106131.0,1106181.0,1106222.0,1106269.0,1106309.0,1106375.0,1106422.0,1106461.0,1106501.0,1106541.0,1106581.0,1106643.0,1106689.0,1106731.0,1106779.0,1106839.0,1106896.0,1106941.0,1106989.0,1107043.0,1107084.0,1107129.0,1107166.0,,,,,,,,,1107605.0,1107684.0,1107742.0,1107788.0,1107836.0,1107907.0,1108019.0,1108083.0,1108173.0,1108246.0,1108313.0,1108379.0,1108437.0,1108490.0,1108561.0,1108639.0,1108714.0,1108776.0,1108822.0,1108856.0,1108913.0,1108956.0,1109012.0,1109086.0,1109143.0,1109207.0,1109269.0,1109332.0,1109395.0,1109485.0,1109546.0,1109612.0,1109676.0,1109727.0,1109779.0,1109872.0,1109980.0,1110037.0,1110091.0,1110164.0,1110224.0,1110288.0,1110348.0,1110422.0,1110480.0,1110539.0,1110601.0,1110658.0,1110747
UAdxlj4Cgjw,1739186.0,1740121.0,1741065.0,1742093.0,1743073.0,1744001.0,1744877.0,1745758.0,1746640.0,1747556.0,1748543.0,1749397.0,1750289.0,1751114.0,1752125.0,1752980.0,1753799.0,1754625.0,1755415.0,1756147.0,1756909.0,1757740.0,1758547.0,1759286.0,1759996.0,1760626.0,1761310.0,1761965.0,1762614.0,1763282.0,1764037.0,1764738.0,1765372.0,1765979.0,1766631.0,1767238.0,1767954.0,1768674.0,1769380.0,1770006.0,1770581.0,1771157.0,1771804.0,1772438.0,1773096.0,1773728.0,1774343.0,1774988.0,1775650.0,1776303.0,1776999.0,1777665.0,1778619.0,1779548.0,1780456.0,1781263.0,1782035.0,1782981.0,1783942.0,1784709.0,1785399.0,1786180.0,1787489.0,1789427.0,1790717.0,1791907.0,1793035.0,1794202.0,1795128.0,1796225.0,1797095.0,1797992.0,1798873.0,1799771.0,1800619.0,1801448.0,1802252.0,1802968.0,1803601.0,1804517.0,1805525.0,1806641.0,1807832.0,1808893.0,1810235.0,1811375.0,1812369.0,1813434.0,1814320.0,1815251.0,1816041.0,1816744.0,1817496.0,1818309.0,1819142.0,1819862.0,1820537.0,1821266.0,1821857.0,1822595.0,1823394.0,1824162.0,1824804.0,1825529.0,1826180.0,1826854.0,1827490.0,1828203.0,1828861.0,1829390.0,1829953.0,1830585.0,1831182.0,1831783.0,1832411.0,1833150.0,1833773.0,1834248.0,1834908.0,1835500.0,1836134.0,1836839.0,1837493.0,1838087.0,1838640.0,1839205.0,1839679.0,1840277.0,1840859.0,1841423.0,1841917.0,1842468.0,1842932.0,1843459.0,,,,,,,,,1848087.0,1848750.0,1849270.0,1849737.0,1850233.0,1850790.0,1851227.0,1851771.0,1852373.0,1852892.0,1853463.0,1854041.0,1854717.0,1855400.0,1856169.0,1856925.0,1857663.0,1858320.0,1858955.0,1859535.0,1860068.0,1860849.0,1861709.0,1862416.0,1863076.0,1863698.0,1864358.0,1864917.0,1865634.0,1866316.0,1867002.0,1867703.0,1868349.0,1868989.0,1869664.0,1870337.0,1870964.0,1871563.0,1872133.0,1872775.0,1873329.0,1873956.0,1874607.0,1875331.0,1875979.0,1876663.0,1877298.0,1878010.0,1878649
hAEfi_SKTEU,12936030.0,12955757.0,12976969.0,12998138.0,13017899.0,13037090.0,13056294.0,13075780.0,13095167.0,13115407.0,13135386.0,13152667.0,13170463.0,13187458.0,13205743.0,13222964.0,13241302.0,13258308.0,13273791.0,13288795.0,13304355.0,13320430.0,13335526.0,13351160.0,13366129.0,13379628.0,13393599.0,13407078.0,13420156.0,13433339.0,13447629.0,13460787.0,13473286.0,13485379.0,13497428.0,13510141.0,13522683.0,13535811.0,13548269.0,13560632.0,13572472.0,13584090.0,13595866.0,13608327.0,13621353.0,13633339.0,13644298.0,13655863.0,13667211.0,13678244.0,13689269.0,13700697.0,13713053.0,13725463.0,13738710.0,13751118.0,13763565.0,13776429.0,13789381.0,13801664.0,13813227.0,13825727.0,13841911.0,13863891.0,13880625.0,13897087.0,13913295.0,13927981.0,13939941.0,13955341.0,13968913.0,13982300.0,13995270.0,14008914.0,14021946.0,14034581.0,14048065.0,14061187.0,14074479.0,14093270.0,14113572.0,14133515.0,14154174.0,14177442.0,14201194.0,14226315.0,14249258.0,14271688.0,14291948.0,14312463.0,14332820.0,14350663.0,14369814.0,14389253.0,14408782.0,14425488.0,14442332.0,14459456.0,14478028.0,14498022.0,14519079.0,14538462.0,14557051.0,14575234.0,14593208.0,14611893.0,14629954.0,14647499.0,14664365.0,14679151.0,14694556.0,14710192.0,14725404.0,14740730.0,14758044.0,14775020.0,14790413.0,14805872.0,14821920.0,14837307.0,14853449.0,14869949.0,14885670.0,14901370.0,14918028.0,14934599.0,14951175.0,14967822.0,14984356.0,15000195.0,15015134.0,15030447.0,15045749.0,15059953.0,,,,,,,,,15193942.0,15210986.0,15226248.0,15241131.0,15254734.0,15268679.0,15282547.0,15298218.0,15315276.0,15330302.0,15344458.0,15360836.0,15380875.0,15401395.0,15422686.0,15443654.0,15461846.0,15479256.0,15496375.0,15513713.0,15532045.0,15551979.0,15573111.0,15593744.0,15614570.0,15633780.0,15652806.0,15673371.0,15692798.0,15713070.0,15731896.0,15750352.0,15768327.0,15785966.0,15803432.0,15821944.0,15839957.0,15856376.0,15874326.0,15892122.0,15909345.0,15927134.0,15945784.0,15965789.0,15985479.0,16004103.0,16023169.0,16042698.0,16063038
04AYO2utjJ4,1600003.0,1601907.0,1603843.0,1605757.0,1608035.0,1610178.0,1611787.0,1613356.0,1614777.0,1616104.0,1617550.0,1618846.0,1620168.0,1621353.0,1622430.0,1623279.0,1624087.0,1624967.0,1625807.0,1626519.0,1627300.0,1628154.0,1628922.0,1629526.0,1630231.0,1630853.0,1631468.0,1632074.0,1632626.0,1633129.0,1633574.0,1633992.0,1634465.0,1634923.0,1635324.0,1635782.0,1636304.0,1636818.0,1637267.0,1637800.0,1638284.0,1638735.0,1639150.0,1639611.0,1640034.0,1640467.0,1640998.0,1641412.0,1641845.0,1642259.0,1642663.0,1643065.0,1643445.0,1643824.0,1644247.0,1644659.0,1645057.0,1645409.0,1645831.0,1646277.0,1646684.0,1647051.0,1647490.0,1647887.0,1648254.0,1648619.0,1648980.0,1649328.0,1649605.0,1649967.0,1650344.0,1650718.0,1651046.0,1651330.0,1651668.0,1651959.0,1652273.0,1652583.0,1652870.0,1653150.0,1653445.0,1653701.0,1653955.0,1654195.0,1654410.0,1654664.0,1654916.0,1655159.0,1655414.0,1655672.0,1655888.0,1656109.0,1656297.0,1656542.0,1656843.0,1657049.0,1657268.0,1657489.0,1657696.0,1657964.0,1658165.0,1658458.0,1658729.0,1658901.0,1659139.0,1659334.0,1659534.0,1659778.0,1659992.0,1660260.0,1660467.0,1660707.0,1660952.0,1661231.0,1661456.0,1661735.0,1661965.0,1662157.0,1662432.0,1662651.0,1662912.0,1663146.0,1663316.0,1663551.0,1663707.0,1663896.0,1664136.0,1664315.0,1664502.0,1664705.0,1664866.0,1665080.0,1665278.0,1665466.0,,,,,,,,,1667086.0,1667291.0,1667432.0,1667627.0,1667803.0,1667957.0,1668118.0,1668295.0,1668510.0,1668660.0,1668863.0,1669147.0,1669403.0,1669620.0,1669849.0,1670051.0,1670279.0,1670538.0,1670792.0,1670976.0,1671198.0,1671434.0,1671651.0,1671864.0,1672049.0,1672243.0,1672418.0,1672608.0,1672793.0,1672965.0,1673111.0,1673273.0,1673418.0,1673584.0,1673706.0,1673895.0,1674057.0,1674170.0,1674324.0,1674479.0,1674631.0,1674802.0,1674972.0,1675125.0,1675283.0,1675443.0,1675631.0,1675808.0,1675967
2Pn-fgHmmB4,427421.0,428154.0,429047.0,429950.0,430965.0,431893.0,432767.0,433622.0,434579.0,435498.0,436414.0,437197.0,437860.0,438678.0,439472.0,440171.0,440855.0,441531.0,442293.0,443027.0,443571.0,444026.0,444496.0,444981.0,445380.0,445780.0,446168.0,446552.0,446906.0,447257.0,447602.0,447994.0,448335.0,448704.0,449114.0,449629.0,450140.0,450582.0,451099.0,451630.0,452126.0,452695.0,453182.0,453763.0,454334.0,455007.0,455572.0,456117.0,456584.0,457116.0,457523.0,458016.0,458437.0,458883.0,459316.0,459881.0,460347.0,460845.0,461279.0,461797.0,462276.0,462756.0,463153.0,463548.0,464012.0,464443.0,464892.0,465328.0,465722.0,466199.0,466642.0,467009.0,467437.0,467907.0,468373.0,468722.0,469150.0,469609.0,469981.0,470372.0,470762.0,471182.0,471581.0,471934.0,472295.0,472659.0,473020.0,473270.0,473703.0,474037.0,474364.0,474709.0,475076.0,475467.0,475872.0,476233.0,476638.0,476999.0,477394.0,477871.0,478242.0,478703.0,479060.0,479420.0,479748.0,480148.0,480541.0,480935.0,481470.0,481937.0,482376.0,482737.0,483120.0,483519.0,484029.0,484457.0,484923.0,485322.0,485710.0,486122.0,486575.0,486982.0,487335.0,487709.0,488107.0,488494.0,488989.0,489434.0,489832.0,490240.0,490634.0,490984.0,491397.0,491738.0,,,,,,,,,495430.0,495935.0,496282.0,496684.0,497044.0,497429.0,497762.0,498143.0,498545.0,498939.0,499185.0,499675.0,500063.0,500413.0,500802.0,501167.0,501526.0,501866.0,502273.0,502616.0,502994.0,503369.0,503760.0,504153.0,504656.0,505178.0,505561.0,505933.0,506356.0,506728.0,507112.0,507453.0,507839.0,508154.0,508480.0,508809.0,509118.0,509376.0,509664.0,510000.0,510294.0,510587.0,511130.0,511917.0,512534.0,513120.0,513694.0,514294.0,514799
sLMXW_Dij50,4914439.0,4936949.0,4961843.0,4985683.0,5011982.0,5037220.0,5060321.0,5082579.0,5105876.0,5128270.0,5150567.0,5173464.0,5198597.0,5223146.0,5248807.0,5272834.0,5297279.0,5320640.0,5344071.0,5365706.0,5388026.0,5411505.0,5433741.0,5454952.0,5474971.0,5495903.0,5513754.0,5531220.0,5548928.0,5568647.0,5588494.0,5604995.0,5619750.0,5636541.0,5653703.0,5671931.0,5695526.0,5716931.0,5734108.0,5747947.0,5762179.0,5778126.0,5796306.0,5814957.0,5833638.0,5853570.0,5868765.0,5883696.0,5897497.0,5914110.0,5931465.0,5950345.0,5967000.0,5981019.0,5996774.0,6011715.0,6027780.0,6044248.0,6062352.0,6085449.0,6102921.0,6120194.0,6137299.0,6154356.0,6173675.0,6193570.0,6211377.0,6233085.0,6254540.0,6277749.0,6293009.0,6305778.0,6318052.0,6331261.0,6344678.0,6360541.0,6376138.0,6390007.0,6404191.0,6417634.0,6430471.0,6444527.0,6463025.0,6480328.0,6496877.0,6512146.0,6525452.0,6538446.0,6551445.0,6564213.0,6577656.0,6589503.0,6600577.0,6613162.0,6625063.0,6636568.0,6648438.0,6660531.0,6673363.0,6686046.0,6699596.0,6712696.0,6725165.0,6738173.0,6751622.0,6764889.0,6778562.0,6793452.0,6806849.0,6820022.0,6833342.0,6845499.0,6857581.0,6869995.0,6883146.0,6895323.0,6906911.0,6918827.0,6931022.0,6942973.0,6956244.0,6969924.0,6982192.0,6994024.0,7006318.0,7018606.0,7031894.0,7044152.0,7056572.0,7067556.0,7077466.0,7088287.0,7099176.0,7110177.0,,,,,,,,,7219166.0,7231188.0,7242656.0,7254361.0,7265892.0,7275471.0,7284156.0,7293469.0,7302349.0,7310836.0,7319219.0,7327101.0,7335979.0,7345449.0,7355200.0,7364685.0,7374471.0,7384387.0,7395515.0,7407314.0,7418729.0,7432495.0,7445787.0,7457747.0,7470724.0,7484010.0,7496627.0,7509026.0,7521285.0,7533644.0,7545976.0,7558906.0,7572093.0,7585457.0,7597130.0,7609487.0,7621827.0,7632211.0,7643089.0,7654291.0,7665820.0,7677030.0,7689453.0,7701543.0,7713142.0,7724296.0,7735489.0,7747141.0,7758812
r9AEGPB6qIU,58652346.0,58743937.0,58846202.0,58947884.0,59052839.0,59158003.0,59258870.0,59359580.0,59459800.0,59558449.0,59654196.0,59747664.0,59850095.0,59951533.0,60052920.0,60148096.0,60248822.0,60345834.0,60440009.0,60531810.0,60627226.0,60722448.0,60811638.0,60906642.0,60994984.0,61080452.0,61169845.0,61258053.0,61351172.0,61444618.0,61533439.0,61608633.0,61683641.0,61768678.0,61857651.0,61944162.0,62040580.0,62139488.0,62225340.0,62301824.0,62380697.0,62460387.0,62542768.0,62629987.0,62704552.0,62770139.0,62832901.0,62904204.0,62972151.0,63042520.0,63115680.0,63200885.0,63271937.0,63340396.0,63411092.0,63479910.0,63549337.0,63617538.0,63686464.0,63758447.0,63823544.0,63887577.0,63951315.0,64018131.0,64083654.0,64147047.0,64210015.0,64276783.0,64332445.0,64399522.0,64456925.0,64512555.0,64567881.0,64625803.0,64682926.0,64740517.0,64800728.0,64864367.0,64923843.0,64977534.0,65029592.0,65085306.0,65143296.0,65205143.0,65261809.0,65318473.0,65371469.0,65421751.0,65472925.0,65525139.0,65581008.0,65633912.0,65686424.0,65741347.0,65793992.0,65845005.0,65899347.0,65956812.0,66016189.0,66071905.0,66129486.0,66182698.0,66231998.0,66284191.0,66336510.0,66389150.0,66441860.0,66499275.0,66555060.0,66604820.0,66655368.0,66706359.0,66757162.0,66807522.0,66862270.0,66916508.0,66969377.0,67022377.0,67075652.0,67125038.0,67177541.0,67232707.0,67285311.0,67334654.0,67382983.0,67430710.0,67483472.0,67541861.0,67604373.0,67662487.0,67716605.0,67770230.0,67822038.0,67869289.0,,,,,,,,,68325456.0,68389805.0,68445781.0,68501736.0,68559125.0,68615047.0,68671494.0,68727740.0,68785046.0,68833198.0,68881471.0,68935521.0,68990766.0,69047810.0,69118826.0,69179074.0,69230168.0,69284110.0,69331075.0,69375674.0,69423429.0,69476486.0,69528091.0,69576467.0,69625482.0,69674718.0,69723123.0,69774114.0,69824556.0,69874042.0,69921747.0,69970891.0,70020867.0,70067892.0,70113021.0,70162485.0,70210633.0,70253733.0,70300876.0,70347007.0,70392988.0,70440054.0,70490082.0,70539337.0,70588587.0,70638893.0,70689697.0,70741103.0,70792789
r9AEGPB6qIU,58652346.0,58743937.0,58846202.0,58947884.0,59052839.0,59158003.0,59258870.0,59359580.0,59459800.0,59558449.0,59654196.0,59747664.0,59850095.0,59951533.0,60052920.0,60148096.0,60248822.0,60345834.0,60440009.0,60531810.0,60627226.0,60722448.0,60811638.0,60906642.0,60994984.0,61080452.0,61169845.0,61258053.0,61351172.0,61444618.0,61533439.0,61608633.0,61683641.0,61768678.0,61857651.0,61944162.0,62040580.0,62139488.0,62225340.0,62301824.0,62380697.0,62460387.0,62542768.0,62629987.0,62704552.0,62770139.0,62832901.0,62904204.0,62972151.0,63042520.0,63115680.0,63200885.0,63271937.0,63340396.0,63411092.0,63479910.0,63549337.0,63617538.0,63686464.0,63758447.0,63823544.0,63887577.0,63951315.0,64018131.0,64083654.0,64147047.0,64210015.0,64276783.0,64332445.0,64399522.0,64456925.0,64512555.0,64567881.0,64625803.0,64682926.0,64740517.0,64800728.0,64864367.0,64923843.0,64977534.0,65029592.0,65085306.0,65143296.0,65205143.0,65261809.0,65318473.0,65371469.0,65421751.0,65472925.0,65525139.0,65581008.0,65633912.0,65686424.0,65741347.0,65793992.0,65845005.0,65899347.0,65956812.0,66016189.0,66071905.0,66129486.0,66182698.0,66231998.0,66284191.0,66336510.0,66389150.0,66441860.0,66499275.0,66555060.0,66604820.0,66655368.0,66706359.0,66757162.0,66807522.0,66862270.0,66916508.0,66969377.0,67022377.0,67075652.0,67125038.0,67177541.0,67232707.0,67285311.0,67334654.0,67382983.0,67430710.0,67483472.0,67541861.0,67604373.0,67662487.0,67716605.0,67770230.0,67822038.0,67869289.0,,,,,,,,,68325456.0,68389805.0,68445781.0,68501736.0,68559125.0,68615047.0,68671494.0,68727740.0,68785046.0,68833198.0,68881471.0,68935521.0,68990766.0,69047810.0,69118826.0,69179074.0,69230168.0,69284110.0,69331075.0,69375674.0,69423429.0,69476486.0,69528091.0,69576467.0,69625482.0,69674718.0,69723123.0,69774114.0,69824556.0,69874042.0,69921747.0,69970891.0,70020867.0,70067892.0,70113021.0,70162485.0,70210633.0,70253733.0,70300876.0,70347007.0,70392988.0,70440054.0,70490082.0,70539337.0,70588587.0,70638893.0,70689697.0,70741103.0,70792789
OWY-IV0e0Cg,232658.0,235071.0,236938.0,240804.0,244050.0,245598.0,246870.0,247987.0,248877.0,249602.0,250320.0,250895.0,251368.0,251738.0,252071.0,252372.0,252719.0,253020.0,253290.0,253560.0,253840.0,254044.0,254289.0,254518.0,254706.0,254841.0,255014.0,255143.0,255294.0,255423.0,255543.0,255658.0,255796.0,255883.0,256012.0,256103.0,256208.0,256318.0,256422.0,256505.0,256593.0,256657.0,256745.0,256820.0,256886.0,256953.0,257013.0,257078.0,257144.0,257215.0,257286.0,257339.0,257404.0,257453.0,257511.0,257549.0,257597.0,257647.0,257690.0,257735.0,257791.0,257853.0,257902.0,257947.0,257981.0,258029.0,258076.0,258124.0,258174.0,258229.0,258295.0,258341.0,258390.0,258439.0,258482.0,258537.0,258584.0,258629.0,258674.0,258708.0,258749.0,258791.0,258838.0,258887.0,258918.0,258945.0,258990.0,259033.0,259088.0,259125.0,259176.0,259199.0,259246.0,259290.0,259337.0,259375.0,259399.0,259432.0,259469.0,259517.0,259544.0,259572.0,259599.0,259629.0,259675.0,259710.0,259738.0,259778.0,259801.0,259844.0,259875.0,259902.0,259933.0,259964.0,260001.0,260041.0,260084.0,260113.0,260151.0,260185.0,260207.0,260245.0,260266.0,260298.0,260316.0,260353.0,260507.0,260549.0,260606.0,260655.0,260758.0,260841.0,260922.0,260966.0,,,,,,,,,261386.0,261434.0,261476.0,261516.0,261547.0,261583.0,261618.0,261647.0,261683.0,261714.0,261742.0,261762.0,261797.0,261819.0,261853.0,261889.0,261925.0,261959.0,262004.0,262028.0,262057.0,262088.0,262120.0,262148.0,262168.0,262195.0,262220.0,262240.0,262267.0,262298.0,262325.0,262348.0,262366.0,262394.0,262420.0,262439.0,262468.0,262493.0,262511.0,262535.0,262567.0,262594.0,262617.0,262642.0,262665.0,262682.0,262693.0,262710.0,262734
MMB8Rzqvkac,94026.0,95083.0,96135.0,97121.0,98027.0,98982.0,100021.0,101205.0,102512.0,103745.0,104824.0,106074.0,107513.0,109189.0,111038.0,112703.0,114050.0,115385.0,116560.0,117925.0,119252.0,120816.0,122526.0,123883.0,125085.0,126398.0,127792.0,129249.0,130799.0,132116.0,133477.0,134799.0,136248.0,137599.0,138363.0,138990.0,139608.0,140241.0,140811.0,141337.0,141818.0,142376.0,142883.0,143484.0,144038.0,144520.0,145003.0,145541.0,146134.0,146623.0,147201.0,147779.0,148232.0,148699.0,149170.0,149637.0,150227.0,150810.0,151364.0,151854.0,152299.0,152886.0,153354.0,153881.0,154416.0,154888.0,155368.0,156066.0,156528.0,157187.0,157760.0,158342.0,158971.0,159515.0,160007.0,160452.0,161018.0,161558.0,162081.0,162609.0,162995.0,163473.0,163987.0,164414.0,164909.0,165436.0,166078.0,166549.0,167045.0,167505.0,168010.0,168519.0,169042.0,169528.0,169958.0,170371.0,170814.0,171264.0,171703.0,172221.0,172682.0,173089.0,173448.0,173862.0,174277.0,174775.0,175256.0,175730.0,176127.0,176530.0,176905.0,177225.0,177561.0,177914.0,178292.0,178553.0,178882.0,179182.0,179531.0,179845.0,180218.0,180535.0,180828.0,181070.0,181326.0,181631.0,181922.0,182193.0,182499.0,182817.0,183112.0,183359.0,183623.0,183826.0,,,,,,,,,186346.0,186637.0,186866.0,187162.0,187440.0,187833.0,188160.0,188613.0,189027.0,189448.0,189883.0,190236.0,190761.0,191198.0,191732.0,192157.0,192547.0,192956.0,193409.0,193836.0,194264.0,194789.0,195247.0,195700.0,196104.0,196567.0,196915.0,197263.0,197652.0,198026.0,198292.0,198638.0,198941.0,199242.0,199559.0,199822.0,200120.0,200405.0,200729.0,201116.0,201477.0,201781.0,202231.0,202543.0,202836.0,203156.0,203440.0,203825.0,204138
lTESlQNkd5I,1223436.0,1225270.0,1227327.0,1229503.0,1231606.0,1233589.0,1235579.0,1237564.0,1239632.0,1241726.0,1243999.0,1245832.0,1247844.0,1249948.0,1252134.0,1254165.0,1256376.0,1258372.0,1260486.0,1262100.0,1264309.0,1267123.0,1270034.0,1272050.0,1274066.0,1276128.0,1278313.0,1280464.0,1282923.0,1285230.0,1287625.0,1289627.0,1291361.0,1293044.0,1295015.0,1296929.0,1299011.0,1301232.0,1302742.0,1304534.0,1306555.0,1308419.0,1310420.0,1312434.0,1313891.0,1315422.0,1316851.0,1318347.0,1319702.0,1321173.0,1322759.0,1324627.0,1326145.0,1327535.0,1329120.0,1330626.0,1332134.0,1333528.0,1334734.0,1336209.0,1337628.0,1339077.0,1340527.0,1341848.0,1343114.0,1344573.0,1345824.0,1347280.0,1348409.0,1349962.0,1351267.0,1352536.0,1353671.0,1354778.0,1355864.0,1356846.0,1357831.0,1358727.0,1359796.0,1360883.0,1361942.0,1363023.0,1364184.0,1365376.0,1366495.0,1367878.0,1369068.0,1370223.0,1371471.0,1372901.0,1374107.0,1375169.0,1376160.0,1377183.0,1378146.0,1379004.0,1380132.0,1381279.0,1382390.0,1383376.0,1384471.0,1385433.0,1386420.0,1387545.0,1388775.0,1389893.0,1391140.0,1392286.0,1393399.0,1394484.0,1395667.0,1396786.0,1397753.0,1398738.0,1399829.0,1400822.0,1401885.0,1402814.0,1404084.0,1405011.0,1405867.0,1406669.0,1407545.0,1408316.0,1409024.0,1409693.0,1410628.0,1411455.0,1412280.0,1413050.0,1413813.0,1414788.0,1415720.0,1416519.0,,,,,,,,,1424967.0,1426103.0,1427029.0,1428096.0,1429141.0,1430254.0,1431226.0,1432553.0,1433880.0,1435312.0,1436628.0,1437814.0,1439117.0,1440632.0,1441881.0,1443079.0,1444331.0,1445531.0,1446836.0,1448117.0,1449271.0,1450439.0,1451508.0,1452512.0,1453391.0,1454459.0,1455488.0,1456603.0,1457485.0,1458583.0,1459724.0,1460704.0,1461691.0,1462574.0,1463516.0,1464360.0,1465184.0,1465961.0,1466862.0,1467717.0,1468828.0,1469667.0,1470599.0,1471426.0,1472324.0,1473292.0,1474213.0,1475037.0,1475883
lTESlQNkd5I,1223436.0,1225270.0,1227327.0,1229503.0,1231606.0,1233589.0,1235579.0,1237564.0,1239632.0,1241726.0,1243999.0,1245832.0,1247844.0,1249948.0,1252134.0,1254165.0,1256376.0,1258372.0,1260486.0,1262100.0,1264309.0,1267123.0,1270034.0,1272050.0,1274066.0,1276128.0,1278313.0,1280464.0,1282923.0,1285230.0,1287625.0,1289627.0,1291361.0,1293044.0,1295015.0,1296929.0,1299011.0,1301232.0,1302742.0,1304534.0,1306555.0,1308419.0,1310420.0,1312434.0,1313891.0,1315422.0,1316851.0,1318347.0,1319702.0,1321173.0,1322759.0,1324627.0,1326145.0,1327535.0,1329120.0,1330626.0,1332134.0,1333528.0,1334734.0,1336209.0,1337628.0,1339077.0,1340527.0,1341848.0,1343114.0,1344573.0,1345824.0,1347280.0,1348409.0,1349962.0,1351267.0,1352536.0,1353671.0,1354778.0,1355864.0,1356842.0,1357831.0,1358727.0,1359796.0,1360883.0,1361942.0,1363023.0,1364184.0,1365376.0,1366495.0,1367878.0,1369068.0,1370223.0,1371471.0,1372901.0,1374107.0,1375169.0,1376160.0,1377183.0,1378146.0,1379004.0,1380128.0,1381279.0,1382390.0,1383376.0,1384471.0,1385433.0,1386420.0,1387545.0,1388775.0,1389893.0,1391140.0,1392286.0,1393399.0,1394484.0,1395667.0,1396786.0,1397753.0,1398738.0,1399829.0,1400822.0,1401885.0,1402814.0,1404084.0,1405011.0,1405867.0,1406669.0,1407545.0,1408316.0,1409024.0,1409693.0,1410628.0,1411455.0,1412280.0,1413050.0,1413813.0,1414788.0,1415720.0,1416519.0,,,,,,,,,1424967.0,1426103.0,1427142.0,1428096.0,1429141.0,1430254.0,1431226.0,1432553.0,1433880.0,1435312.0,1436628.0,1437814.0,1439117.0,1440632.0,1441881.0,1443079.0,1444331.0,1445531.0,1446836.0,1448117.0,1449271.0,1450439.0,1451508.0,1452512.0,1453391.0,1454459.0,1455488.0,1456603.0,1457485.0,1458583.0,1459724.0,1460704.0,1461700.0,1462574.0,1463516.0,1464360.0,1465184.0,1465961.0,1466862.0,1467717.0,1468828.0,1469667.0,1470599.0,1471348.0,1472321.0,1473292.0,1474213.0,1475037.0,1475883
Cw7xD50lG-0,189708.0,190603.0,191576.0,192663.0,193946.0,195236.0,196434.0,197637.0,198835.0,199836.0,200844.0,201949.0,203121.0,204385.0,205810.0,207145.0,208209.0,209033.0,210280.0,211318.0,212338.0,213376.0,214491.0,215239.0,215875.0,216690.0,218399.0,220108.0,221311.0,222624.0,223418.0,224271.0,225115.0,225955.0,226800.0,227584.0,228342.0,229100.0,229677.0,230479.0,231276.0,231938.0,232717.0,233488.0,234113.0,234659.0,235414.0,236193.0,236868.0,237831.0,238655.0,239307.0,240141.0,240993.0,241927.0,242920.0,244246.0,245441.0,246384.0,247158.0,248057.0,249038.0,250074.0,251319.0,252334.0,253199.0,253977.0,255300.0,257108.0,259700.0,261813.0,263116.0,264350.0,265692.0,267195.0,268465.0,269550.0,271328.0,273155.0,274313.0,275419.0,276687.0,277857.0,279267.0,280661.0,282033.0,283132.0,284307.0,285512.0,286868.0,287955.0,289167.0,290246.0,291142.0,292063.0,293653.0,295146.0,296600.0,298211.0,299524.0,300652.0,301903.0,303646.0,305408.0,307002.0,308803.0,310592.0,312079.0,313487.0,315134.0,316597.0,317620.0,318667.0,319790.0,320775.0,321579.0,322766.0,324060.0,325393.0,326553.0,327492.0,328301.0,329212.0,329937.0,330661.0,331329.0,332179.0,332996.0,333766.0,334389.0,335270.0,336097.0,337149.0,338380.0,,,,,,,,,347607.0,348429.0,349379.0,350340.0,351536.0,353007.0,354452.0,355914.0,357405.0,358935.0,360541.0,361865.0,363383.0,364917.0,366169.0,367420.0,368771.0,370700.0,372219.0,373387.0,374383.0,375214.0,375962.0,376899.0,377823.0,378897.0,379942.0,380912.0,381709.0,382397.0,383391.0,384501.0,385638.0,386704.0,387656.0,388461.0,389223.0,390154.0,390938.0,391730.0,392526.0,393358.0,393964.0,394627.0,395401.0,396163.0,396979.0,397833.0,398500
phTLVfMhwEI,10889092.0,10889423.0,10889816.0,10890319.0,10890814.0,10891217.0,10891669.0,10892054.0,10892437.0,10892807.0,10893261.0,10893670.0,10894064.0,10894456.0,10894904.0,10895283.0,10895753.0,10896200.0,10896533.0,10896948.0,10897353.0,10897749.0,10898182.0,10898534.0,10898919.0,10899329.0,10899729.0,10900082.0,10900485.0,10900867.0,10901202.0,10901521.0,10901871.0,10902226.0,10902546.0,10902885.0,10903291.0,10903661.0,10904043.0,10904361.0,10904748.0,10905419.0,10905956.0,10906533.0,10907040.0,10907469.0,10907931.0,10908393.0,10908862.0,10909287.0,10909751.0,10910195.0,10910544.0,10910913.0,10911265.0,10911662.0,10912059.0,10912436.0,10912809.0,10913211.0,10913643.0,10914022.0,10914428.0,10914758.0,10915195.0,10915568.0,10915901.0,10916185.0,10916489.0,10916894.0,10917368.0,10917737.0,10918180.0,10918518.0,10918892.0,10919168.0,10919614.0,10919971.0,10920315.0,10920677.0,10920972.0,10921301.0,10921623.0,10921992.0,10922421.0,10922866.0,10923359.0,10924041.0,10924878.0,10925526.0,10926107.0,10926735.0,10927333.0,10927998.0,10928747.0,10929351.0,10929988.0,10930284.0,10930677.0,10930988.0,10931279.0,10931655.0,10931951.0,10932246.0,10932618.0,10933269.0,10933847.0,10934432.0,10935070.0,10935637.0,10936226.0,10936803.0,10937285.0,10937733.0,10938234.0,10938848.0,10939349.0,10939794.0,10940253.0,10940711.0,10941071.0,10941424.0,10941768.0,10942090.0,10942471.0,10942830.0,10943157.0,10943516.0,10943833.0,10944202.0,10944551.0,10944855.0,10945156.0,10945486.0,,,,,,,,,10948061.0,10948334.0,10948584.0,10948843.0,10949100.0,10949365.0,10949591.0,10949811.0,10950069.0,10950267.0,10950458.0,10950652.0,10950875.0,10951076.0,10951299.0,10951482.0,10951666.0,10951901.0,10952084.0,10952276.0,10952494.0,10952698.0,10952917.0,10953094.0,10953303.0,10953513.0,10953721.0,10953967.0,10954213.0,10954497.0,10954752.0,10954954.0,10955237.0,10955446.0,10955678.0,10955926.0,10956135.0,10956351.0,10956576.0,10956766.0,10956970.0,10957155.0,10957364.0,10957550.0,10957717.0,10957914.0,10958134.0,10958364.0,10958580
5OS5_KXxvnY,48579.0,48638.0,48707.0,48769.0,48821.0,48887.0,48945.0,49022.0,49078.0,49131.0,49184.0,49244.0,49298.0,49363.0,49439.0,49489.0,49541.0,49601.0,49662.0,49721.0,49796.0,49858.0,49928.0,49997.0,50060.0,50125.0,50200.0,50273.0,50340.0,50403.0,50451.0,50523.0,50582.0,50641.0,50700.0,50760.0,50818.0,50870.0,50926.0,50974.0,51029.0,51095.0,51165.0,51243.0,51312.0,51370.0,51417.0,51476.0,51547.0,51605.0,51663.0,51725.0,51777.0,51830.0,51897.0,51940.0,51982.0,52023.0,52065.0,52131.0,52180.0,52236.0,52286.0,52337.0,52391.0,52453.0,52513.0,52563.0,52610.0,52651.0,52696.0,52736.0,52783.0,52826.0,52891.0,52928.0,52987.0,53031.0,53094.0,53144.0,53185.0,53242.0,53280.0,53339.0,53369.0,53438.0,53484.0,53539.0,53595.0,53656.0,53708.0,53768.0,53852.0,53962.0,54060.0,54114.0,54169.0,54214.0,54279.0,54346.0,54384.0,54450.0,54501.0,54546.0,54592.0,54636.0,54699.0,54736.0,54803.0,54849.0,54901.0,54960.0,55015.0,55080.0,55134.0,55170.0,55204.0,55247.0,55282.0,55311.0,55347.0,55396.0,55426.0,55467.0,55497.0,55535.0,55564.0,55590.0,55619.0,55664.0,55701.0,55735.0,55775.0,55797.0,,,,,,,,,56167.0,56220.0,56291.0,56342.0,56384.0,56434.0,56485.0,56526.0,56562.0,56595.0,56629.0,56668.0,56700.0,56746.0,56789.0,56819.0,56854.0,56890.0,56924.0,56965.0,56999.0,57029.0,57061.0,57091.0,57143.0,57176.0,57224.0,57260.0,57288.0,57324.0,57355.0,57396.0,57433.0,57475.0,57511.0,57566.0,57606.0,57641.0,57674.0,57723.0,57772.0,57808.0,57850.0,57901.0,57934.0,57989.0,58034.0,58075.0,58111
meF_z30a4Us,52304.0,52455.0,52660.0,52839.0,52983.0,53155.0,53313.0,53459.0,53615.0,53788.0,53946.0,54082.0,54229.0,54377.0,54505.0,54632.0,54778.0,54907.0,55036.0,55171.0,55342.0,55464.0,55576.0,55727.0,55861.0,56007.0,56141.0,56274.0,56435.0,56594.0,56724.0,56856.0,56997.0,57116.0,57246.0,57350.0,57448.0,57559.0,57652.0,57745.0,57855.0,57936.0,58020.0,58122.0,58191.0,58291.0,58375.0,58464.0,58550.0,58641.0,58727.0,58813.0,58883.0,58952.0,59036.0,59103.0,59180.0,59349.0,59509.0,59612.0,59693.0,59789.0,59853.0,59962.0,60069.0,60162.0,60210.0,60284.0,60363.0,60461.0,60550.0,60645.0,60758.0,60877.0,60977.0,61077.0,61157.0,61237.0,61397.0,61518.0,61671.0,61785.0,61889.0,61979.0,62068.0,62176.0,62295.0,62381.0,62461.0,62540.0,62643.0,62734.0,62822.0,62884.0,62952.0,63017.0,63098.0,63192.0,63271.0,63329.0,63393.0,63461.0,63524.0,63596.0,63698.0,63794.0,63883.0,63989.0,64092.0,64166.0,64250.0,64339.0,64421.0,64500.0,64576.0,64669.0,64762.0,64849.0,64917.0,65007.0,65118.0,65243.0,65348.0,65427.0,65512.0,65583.0,65655.0,65724.0,65801.0,65867.0,65921.0,65986.0,66054.0,66116.0,,,,,,,,,66797.0,66858.0,66952.0,67017.0,67088.0,67166.0,67250.0,67314.0,67396.0,67466.0,67548.0,67611.0,67681.0,67759.0,67828.0,67888.0,67970.0,68035.0,68094.0,68179.0,68270.0,68349.0,68437.0,68525.0,68577.0,68655.0,68727.0,68781.0,68844.0,68890.0,68946.0,69016.0,69064.0,69162.0,69229.0,69286.0,69345.0,69406.0,69442.0,69500.0,69565.0,69627.0,69681.0,69744.0,69805.0,69859.0,69915.0,69962.0,70046
PVbqyKzfAjI,4055793.0,4056471.0,4057352.0,4058124.0,4058956.0,4059764.0,4060439.0,4061147.0,4061873.0,4062624.0,4063526.0,4064073.0,4064845.0,4065508.0,4066187.0,4066820.0,4067405.0,4068008.0,4068752.0,4069261.0,4069994.0,4070703.0,4071273.0,4071853.0,4072443.0,4072996.0,4073790.0,4074710.0,4075448.0,4076197.0,4076866.0,4077594.0,4078177.0,4078813.0,4079419.0,4079991.0,4080858.0,4081461.0,4082062.0,4082646.0,4083119.0,4083653.0,4084310.0,4084890.0,4085571.0,4086124.0,4086624.0,4087097.0,4087561.0,4088075.0,4088658.0,4089289.0,4089799.0,4090191.0,4090689.0,4091084.0,4091569.0,4092042.0,4092517.0,4093017.0,4093423.0,4093911.0,4094369.0,4094863.0,4095264.0,4095670.0,4096137.0,4096547.0,4096940.0,4097515.0,4098227.0,4099393.0,4100211.0,4101003.0,4101673.0,4102304.0,4102994.0,4103687.0,4104299.0,4104857.0,4105408.0,4105936.0,4106494.0,4106978.0,4107368.0,4107879.0,4108324.0,4108832.0,4109241.0,4109681.0,4110128.0,4110582.0,4111018.0,4111490.0,4111925.0,4112356.0,4112752.0,4113181.0,4113552.0,4113937.0,4114359.0,4114734.0,4115134.0,4115529.0,4115860.0,4116306.0,4116658.0,4117027.0,4117390.0,4117764.0,4118086.0,4118445.0,4118775.0,4119092.0,4119448.0,4119797.0,4120128.0,4120433.0,4120809.0,4121174.0,4121516.0,4121848.0,4122162.0,4122468.0,4122749.0,4123169.0,4123498.0,4123774.0,4124123.0,4124485.0,4124766.0,4125091.0,4125399.0,4125715.0,,,,,,,,,4128875.0,4129172.0,4129494.0,4129791.0,4130113.0,4130451.0,4130776.0,4131098.0,4131420.0,4131753.0,4132037.0,4132366.0,4132714.0,4133086.0,4133459.0,4133767.0,4134123.0,4134444.0,4134805.0,4135097.0,4135390.0,4135694.0,4135990.0,4136282.0,4136535.0,4136810.0,4137090.0,4137384.0,4137705.0,4137981.0,4138317.0,4138648.0,4138918.0,4139179.0,4139482.0,4139751.0,4140024.0,4140295.0,4140565.0,4140875.0,4141116.0,4141428.0,4141668.0,4141921.0,4142203.0,4142463.0,4142716.0,4143024.0,4143267
PVbqyKzfAjI,4055793.0,4056471.0,4057352.0,4058124.0,4058956.0,4059764.0,4060439.0,4061147.0,4061873.0,4062624.0,4063526.0,4064161.0,4064845.0,4065508.0,4066187.0,4066816.0,4067405.0,4068008.0,4068752.0,4069261.0,4069994.0,4070703.0,4071292.0,4071853.0,4072443.0,4072996.0,4073790.0,4074710.0,4075448.0,4076197.0,4076866.0,4077594.0,4078177.0,4078813.0,4079419.0,4079991.0,4080853.0,4081461.0,4082062.0,4082646.0,4083119.0,4083653.0,4084310.0,4084890.0,4085571.0,4086124.0,4086624.0,4087094.0,4087561.0,4088075.0,4088658.0,4089290.0,4089799.0,4090191.0,4090689.0,4091084.0,4091569.0,4092042.0,4092494.0,4093017.0,4093423.0,4093911.0,4094369.0,4094863.0,4095264.0,4095670.0,4096137.0,4096547.0,4096940.0,4097515.0,4098227.0,4099393.0,4100211.0,4101003.0,4101673.0,4102304.0,4102994.0,4103687.0,4104299.0,4104857.0,4105408.0,4105936.0,4106494.0,4106978.0,4107368.0,4107879.0,4108324.0,4108832.0,4109228.0,4109681.0,4110128.0,4110582.0,4111018.0,4111490.0,4111925.0,4112366.0,4112752.0,4113181.0,4113552.0,4113937.0,4114359.0,4114734.0,4115134.0,4115529.0,4115860.0,4116306.0,4116658.0,4117026.0,4117390.0,4117764.0,4118086.0,4118445.0,4118775.0,4119092.0,4119448.0,4119797.0,4120128.0,4120433.0,4120809.0,4121174.0,4121516.0,4121848.0,4122162.0,4122468.0,4122752.0,4123169.0,4123498.0,4123774.0,4124123.0,4124485.0,4124766.0,4125091.0,4125399.0,4125715.0,,,,,,,,,4128875.0,4129187.0,4129494.0,4129791.0,4130113.0,4130451.0,4130776.0,4131097.0,4131420.0,4131753.0,4132005.0,4132366.0,4132714.0,4133086.0,4133403.0,4133767.0,4134123.0,4134444.0,4134805.0,4135097.0,4135390.0,4135691.0,4135990.0,4136282.0,4136535.0,4136810.0,4137090.0,4137384.0,4137705.0,4137978.0,4138317.0,4138648.0,4138918.0,4139179.0,4139480.0,4139751.0,4140008.0,4140295.0,4140565.0,4140878.0,4141118.0,4141428.0,4141668.0,4141921.0,4142203.0,4142463.0,4142716.0,4143024.0,4143267
zPmSwXMQtRk,14117089.0,14124941.0,14135068.0,14145015.0,14154068.0,14164202.0,14173634.0,14183370.0,14192380.0,14202382.0,14212001.0,14220249.0,14228834.0,14237089.0,14244747.0,14252002.0,14260338.0,14268469.0,14274969.0,14281699.0,14288657.0,14296633.0,14304605.0,14313013.0,14320620.0,14327546.0,14334638.0,14344569.0,14353548.0,14362017.0,14371519.0,14379765.0,14386493.0,14393124.0,14400193.0,14407365.0,14414233.0,14422187.0,14429660.0,14436254.0,14442764.0,14449214.0,14455782.0,14462316.0,14469519.0,14476464.0,14482804.0,14489263.0,14495590.0,14502319.0,14508759.0,14516077.0,14522732.0,14530298.0,14539660.0,14547587.0,14555150.0,14562254.0,14569183.0,14575998.0,14582528.0,14588593.0,14594509.0,14600570.0,14606436.0,14611787.0,14617001.0,14622127.0,14626540.0,14632352.0,14637611.0,14642380.0,14647293.0,14652527.0,14657633.0,14662643.0,14667958.0,14673316.0,14679214.0,14684457.0,14689632.0,14694442.0,14699145.0,14704081.0,14708841.0,14713317.0,14718213.0,14723534.0,14729980.0,14736660.0,14743626.0,14749713.0,14755021.0,14761428.0,14768332.0,14774365.0,14780041.0,14785213.0,14789969.0,14795020.0,14800721.0,14806135.0,14811808.0,14816645.0,14821352.0,14825896.0,14830164.0,14835060.0,14840302.0,14845294.0,14852026.0,14859285.0,14865797.0,14872021.0,14879227.0,14886429.0,14892370.0,14898493.0,14904443.0,14910163.0,14915641.0,14921906.0,14928365.0,14933887.0,14939469.0,14944695.0,14949854.0,14955529.0,14961910.0,14968105.0,14974628.0,14981709.0,14989917.0,14999226.0,,,,,,,,,15060248.0,15066196.0,15071246.0,15076527.0,15081566.0,15087155.0,15092565.0,15098724.0,15105852.0,15111878.0,15117023.0,15122138.0,15127741.0,15132912.0,15138256.0,15144049.0,15148594.0,15153714.0,15159055.0,15164224.0,15169297.0,15174612.0,15179193.0,15183102.0,15186889.0,15190378.0,15193981.0,15197795.0,15202461.0,15207055.0,15211290.0,15215161.0,15218984.0,15222827.0,15226467.0,15230307.0,15234383.0,15238167.0,15242330.0,15246673.0,15251035.0,15255443.0,15260091.0,15264101.0,15267523.0,15271284.0,15275047.0,15278957.0,15282806
19WOOczMZzA,75221.0,75373.0,75599.0,75830.0,76129.0,76369.0,76612.0,76871.0,77083.0,77256.0,77428.0,77574.0,77708.0,77893.0,78049.0,78229.0,78354.0,78460.0,78595.0,78750.0,78873.0,78974.0,79093.0,79180.0,79260.0,79401.0,79489.0,79592.0,79699.0,79824.0,79916.0,80034.0,80174.0,80273.0,80387.0,80485.0,80586.0,80663.0,80763.0,80855.0,80952.0,81079.0,81162.0,81250.0,81347.0,81408.0,81499.0,81599.0,81669.0,81859.0,82008.0,82164.0,82299.0,82470.0,82589.0,82703.0,82849.0,83012.0,83126.0,83232.0,83303.0,83420.0,83513.0,83590.0,83677.0,83816.0,83830.0,83904.0,83980.0,84057.0,84105.0,84122.0,84175.0,84224.0,84266.0,84325.0,84373.0,84417.0,84478.0,84519.0,84573.0,84610.0,84670.0,84716.0,84757.0,84802.0,84857.0,84915.0,84952.0,84992.0,85020.0,85065.0,85106.0,85149.0,85201.0,85238.0,85275.0,85310.0,85340.0,85387.0,85422.0,85447.0,85477.0,85524.0,85556.0,85587.0,85630.0,85663.0,85699.0,85724.0,85789.0,85887.0,85880.0,85997.0,86290.0,86599.0,86751.0,87102.0,87535.0,87749.0,87889.0,87919.0,87959.0,87994.0,88031.0,88083.0,88128.0,88172.0,88202.0,88230.0,88277.0,88329.0,88375.0,88430.0,,,,,,,,,88837.0,88868.0,88904.0,88935.0,88987.0,89027.0,89083.0,89129.0,89181.0,89219.0,89265.0,89329.0,89385.0,89434.0,89487.0,89508.0,89554.0,89589.0,89635.0,89673.0,89724.0,89774.0,89815.0,89867.0,89911.0,89956.0,90006.0,90057.0,90107.0,90158.0,90219.0,90278.0,90327.0,90363.0,90405.0,90433.0,90479.0,90523.0,90568.0,90596.0,90642.0,90688.0,90716.0,90746.0,90786.0,90818.0,90858.0,90887.0,90925
sL0pCS6K9bc,38520037.0,38897052.0,39314589.0,39741737.0,40154310.0,40574442.0,40933892.0,41404552.0,41814520.0,42223759.0,42630336.0,43028008.0,43467625.0,43930480.0,44386521.0,44825305.0,45267160.0,45689160.0,46102211.0,46518789.0,46938214.0,47364005.0,47759064.0,48125862.0,48477289.0,48836938.0,49164985.0,49401010.0,49624819.0,49845584.0,50058005.0,50245733.0,50438055.0,50633245.0,50836823.0,51031328.0,51235635.0,51448224.0,51643063.0,51826596.0,52008168.0,52202688.0,52387117.0,52569750.0,52751164.0,52914171.0,53061272.0,53230926.0,53397908.0,53567921.0,53728189.0,53888045.0,54036678.0,54180874.0,54341340.0,54499346.0,54655485.0,54809872.0,54963444.0,55110625.0,55252837.0,55399885.0,55545375.0,55699899.0,55862811.0,56029998.0,56176645.0,56319116.0,56442306.0,56607011.0,56742141.0,56876153.0,57018890.0,57149517.0,57276787.0,57403987.0,57533384.0,57670700.0,57811430.0,57943520.0,58068453.0,58186847.0,58305343.0,58425367.0,58546616.0,58660508.0,58776684.0,58885365.0,58987382.0,59093291.0,59199810.0,59300529.0,59408892.0,59520096.0,59626150.0,59729862.0,59834615.0,59942833.0,60053085.0,60161606.0,60278427.0,60396468.0,60500943.0,60601960.0,60704491.0,60805748.0,60906525.0,61018706.0,61126302.0,61226464.0,61324838.0,61423232.0,61519631.0,61617911.0,61725262.0,61827927.0,61923520.0,62018930.0,62114561.0,62206337.0,62300531.0,62400355.0,62500643.0,62589575.0,62675782.0,62761278.0,62852886.0,62963320.0,63077020.0,63186234.0,63291930.0,63402455.0,63525052.0,63628099.0,,,,,,,,,64570599.0,64683536.0,64779573.0,64873727.0,64970165.0,65058585.0,65143845.0,65237665.0,65336347.0,65431854.0,65524783.0,65612912.0,65712569.0,65809164.0,65914540.0,66015697.0,66109963.0,66194445.0,66291289.0,66386716.0,66477989.0,66579239.0,66675934.0,66766949.0,66866877.0,66974040.0,67076994.0,67176378.0,67277546.0,67375621.0,67464854.0,67553553.0,67641115.0,67731758.0,67817885.0,67914401.0,68006328.0,68091860.0,68181344.0,68271309.0,68360233.0,68447773.0,68544611.0,68640092.0,68733170.0,68822415.0,68910858.0,69000509.0,69090494
sL0pCS6K9bc,38520037.0,38897052.0,39314589.0,39741737.0,40154310.0,40574442.0,40933892.0,41404552.0,41814520.0,42223759.0,42630336.0,43028008.0,43467625.0,43930480.0,44386521.0,44825305.0,45267160.0,45689160.0,46102211.0,46518789.0,46938214.0,47364005.0,47759064.0,48125862.0,48477289.0,48836938.0,49164985.0,49401010.0,49624819.0,49845584.0,50058005.0,50245733.0,50438055.0,50633245.0,50836823.0,51031328.0,51235635.0,51448224.0,51643063.0,51826596.0,52008168.0,52202688.0,52387117.0,52569750.0,52751164.0,52914171.0,53061272.0,53230926.0,53397908.0,53567921.0,53728189.0,53888045.0,54036678.0,54180874.0,54341340.0,54499346.0,54655485.0,54809872.0,54963444.0,55110625.0,55252837.0,55399885.0,55545375.0,55699899.0,55862811.0,56029998.0,56176645.0,56319116.0,56442306.0,56607011.0,56742141.0,56876153.0,57018890.0,57149517.0,57276787.0,57403987.0,57533384.0,57670700.0,57811430.0,57943520.0,58068453.0,58186847.0,58305343.0,58425367.0,58546616.0,58660508.0,58776684.0,58885365.0,58987382.0,59093291.0,59199810.0,59300529.0,59408892.0,59520096.0,59626150.0,59729862.0,59834615.0,59942833.0,60053085.0,60161606.0,60278427.0,60396468.0,60500943.0,60601960.0,60704491.0,60805748.0,60906525.0,61018706.0,61126302.0,61226464.0,61324838.0,61423232.0,61519631.0,61617911.0,61725262.0,61827927.0,61923520.0,62018930.0,62114561.0,62206337.0,62300531.0,62400355.0,62500643.0,62589575.0,62675782.0,62761278.0,62852886.0,62963320.0,63077020.0,63186234.0,63291930.0,63402455.0,63525052.0,63628099.0,,,,,,,,,64570599.0,64683536.0,64779573.0,64873727.0,64970165.0,65058585.0,65143845.0,65237665.0,65336347.0,65431854.0,65524783.0,65612912.0,65712569.0,65809164.0,65914540.0,66015697.0,66109963.0,66194445.0,66291289.0,66386716.0,66477989.0,66579239.0,66675934.0,66766949.0,66866877.0,66974040.0,67076994.0,67176378.0,67277546.0,67375621.0,67464854.0,67553553.0,67641115.0,67731758.0,67817885.0,67914401.0,68006328.0,68091860.0,68181344.0,68271309.0,68360233.0,68447773.0,68544611.0,68640092.0,68733170.0,68822415.0,68910858.0,69000509.0,69090494
gTxX2EvHSsM,31430.0,31580.0,31711.0,31849.0,31986.0,32160.0,32280.0,32421.0,32542.0,32694.0,32807.0,32923.0,33058.0,33184.0,33321.0,33474.0,33578.0,33712.0,33831.0,33999.0,34123.0,34237.0,34370.0,34471.0,34546.0,34635.0,34777.0,34885.0,34985.0,35098.0,35175.0,35248.0,35326.0,35382.0,35453.0,35517.0,35569.0,35630.0,35673.0,35738.0,35795.0,35861.0,35932.0,35998.0,36064.0,36127.0,36166.0,36235.0,36282.0,36330.0,36380.0,36431.0,36470.0,36512.0,36563.0,36599.0,36651.0,36677.0,36713.0,36763.0,36794.0,36834.0,36889.0,36922.0,36969.0,36997.0,37050.0,37082.0,37104.0,37136.0,37170.0,37214.0,37246.0,37272.0,37308.0,37351.0,37374.0,37414.0,37452.0,37505.0,37546.0,37579.0,37606.0,37632.0,37665.0,37693.0,37714.0,37736.0,37762.0,37803.0,37839.0,37868.0,37912.0,37941.0,37966.0,38001.0,38018.0,38050.0,38088.0,38114.0,38138.0,38167.0,38198.0,38223.0,38260.0,38278.0,38300.0,38321.0,38337.0,38365.0,38394.0,38432.0,38450.0,38465.0,38482.0,38494.0,38513.0,38529.0,38543.0,38569.0,38599.0,38621.0,38644.0,38662.0,38681.0,38700.0,38718.0,38738.0,38755.0,38771.0,38791.0,38802.0,38825.0,38842.0,,,,,,,,,39049.0,39067.0,39083.0,39096.0,39123.0,39154.0,39178.0,39223.0,39269.0,39290.0,39300.0,39308.0,39323.0,39344.0,39358.0,39367.0,39381.0,39393.0,39402.0,39411.0,39432.0,39440.0,39446.0,39454.0,39468.0,39473.0,39478.0,39489.0,39495.0,39502.0,39520.0,39526.0,39534.0,39539.0,39551.0,39559.0,39564.0,39574.0,39580.0,39588.0,39595.0,39605.0,39615.0,39628.0,39635.0,39649.0,39662.0,39671.0,39678
0Xw6kkgNbZ8,3239635.0,3241451.0,3243441.0,3245037.0,3246698.0,3247930.0,3248778.0,3249680.0,3251192.0,3252606.0,3254071.0,3255559.0,3256994.0,3258250.0,3259400.0,3261193.0,3263122.0,3264941.0,3266644.0,3268144.0,3269456.0,3270788.0,3271900.0,3273064.0,3274247.0,3275478.0,3276466.0,3277455.0,3278232.0,3278949.0,3279797.0,3280577.0,3281277.0,3281967.0,3282661.0,3283403.0,3284204.0,3284935.0,3285657.0,3286689.0,3287628.0,3288591.0,3289618.0,3290756.0,3292345.0,3293868.0,3295219.0,3296810.0,3298037.0,3298794.0,3299445.0,3300147.0,3300853.0,3301580.0,3302366.0,3303178.0,3304171.0,3305049.0,3305895.0,3306478.0,3307131.0,3307644.0,3308305.0,3308904.0,3309509.0,3310002.0,3310451.0,3310884.0,3311321.0,3311879.0,3312333.0,3312814.0,3313241.0,3313688.0,3314113.0,3314629.0,3315120.0,3315517.0,3316082.0,3316582.0,3317073.0,3317520.0,3318040.0,3318499.0,3318943.0,3319470.0,3319938.0,3320393.0,3320911.0,3321385.0,3321831.0,3322232.0,3322613.0,3323022.0,3323460.0,3324018.0,3324527.0,3324932.0,3325346.0,3325728.0,3326169.0,3326645.0,3327028.0,3327441.0,3327832.0,3328213.0,3328663.0,3329047.0,3329409.0,3329764.0,3330062.0,3330348.0,3330643.0,3331005.0,3331353.0,3331687.0,3332008.0,3332320.0,3332682.0,3332983.0,3333285.0,3333708.0,3334023.0,3334378.0,3334741.0,3335086.0,3335462.0,3335827.0,3336136.0,3336488.0,3336810.0,3337157.0,3337527.0,3337836.0,,,,,,,,,3341147.0,3341477.0,3341799.0,3342114.0,3342469.0,3342836.0,3343268.0,3343714.0,3344160.0,3344569.0,3345056.0,3345455.0,3345862.0,3346243.0,3346722.0,3347111.0,3347544.0,3347985.0,3348397.0,3348736.0,3349008.0,3349299.0,3349601.0,3349856.0,3350120.0,3350335.0,3350622.0,3350928.0,3351144.0,3351407.0,3351679.0,3351901.0,3352203.0,3352437.0,3352685.0,3352944.0,3353192.0,3353443.0,3353722.0,3353998.0,3354288.0,3354551.0,3354836.0,3355066.0,3355329.0,3355586.0,3355892.0,3356165.0,3356438
lux_eWJ507Y,169.0,169.0,172.0,172.0,177.0,180.0,183.0,185.0,185.0,188.0,188.0,188.0,188.0,189.0,190.0,190.0,191.0,191.0,191.0,191.0,191.0,198.0,208.0,211.0,214.0,217.0,220.0,224.0,224.0,229.0,230.0,232.0,234.0,235.0,236.0,240.0,241.0,242.0,242.0,243.0,245.0,246.0,246.0,249.0,249.0,249.0,251.0,251.0,251.0,253.0,253.0,253.0,253.0,254.0,256.0,256.0,256.0,258.0,260.0,261.0,261.0,263.0,264.0,266.0,266.0,266.0,267.0,270.0,272.0,272.0,274.0,275.0,275.0,276.0,276.0,278.0,278.0,280.0,281.0,282.0,282.0,282.0,282.0,284.0,284.0,285.0,290.0,290.0,291.0,291.0,293.0,293.0,294.0,295.0,296.0,297.0,301.0,301.0,305.0,307.0,307.0,307.0,307.0,308.0,311.0,313.0,313.0,313.0,313.0,314.0,315.0,315.0,317.0,317.0,317.0,317.0,317.0,317.0,317.0,317.0,317.0,317.0,317.0,317.0,317.0,317.0,317.0,317.0,317.0,317.0,317.0,317.0,317.0,317.0,,,,,,,,,318.0,318.0,318.0,318.0,318.0,318.0,319.0,319.0,319.0,320.0,321.0,321.0,322.0,323.0,323.0,323.0,323.0,323.0,324.0,325.0,325.0,326.0,326.0,327.0,327.0,327.0,327.0,327.0,328.0,329.0,329.0,330.0,331.0,331.0,331.0,331.0,331.0,331.0,331.0,331.0,331.0,331.0,332.0,332.0,332.0,332.0,333.0,335.0,336
R319nIK_P4s,1076095.0,1078563.0,1081335.0,1084134.0,1086757.0,1089375.0,1091677.0,1094331.0,1096962.0,1099741.0,1102468.0,1104901.0,1107245.0,1109469.0,1111981.0,1114345.0,1116849.0,1119419.0,1121846.0,1124160.0,1126744.0,1129655.0,1132327.0,1134946.0,1137388.0,1139789.0,1142343.0,1144822.0,1147456.0,1149961.0,1152624.0,1155277.0,1157923.0,1160665.0,1163311.0,1166008.0,1168823.0,1171621.0,1174387.0,1177150.0,1180012.0,1183170.0,1186105.0,1188915.0,1192376.0,1195792.0,1199013.0,1202064.0,1204971.0,1208174.0,1211201.0,1215069.0,1218849.0,1222750.0,1227522.0,1232084.0,1236739.0,1242018.0,1247029.0,1251711.0,1256490.0,1260924.0,1265358.0,1269855.0,1274918.0,1281135.0,1287086.0,1292966.0,1299179.0,1309332.0,1315932.0,1322014.0,1327706.0,1332797.0,1338714.0,1344111.0,1348946.0,1353082.0,1357534.0,1361790.0,1366279.0,1370414.0,1375733.0,1380128.0,1384177.0,1387932.0,1391858.0,1396046.0,1401561.0,1406588.0,1410977.0,1414817.0,1418080.0,1421518.0,1424836.0,1428723.0,1433026.0,1437030.0,1440457.0,1443426.0,1446327.0,1449282.0,1452250.0,1455610.0,1459013.0,1462166.0,1464966.0,1468095.0,1471287.0,1474433.0,1477793.0,1480720.0,1483516.0,1486043.0,1488839.0,1491429.0,1494448.0,1497145.0,1500147.0,1502940.0,1505593.0,1508623.0,1511704.0,1514566.0,1517224.0,1519974.0,1522735.0,1525802.0,1529285.0,1532798.0,1535981.0,1539112.0,1542286.0,1545186.0,,,,,,,,,1571661.0,1574680.0,1577233.0,1579437.0,1581968.0,1584395.0,1586548.0,1588947.0,1591581.0,1594095.0,1596368.0,1598299.0,1601302.0,1604032.0,1607020.0,1609649.0,1612125.0,1614933.0,1617697.0,1620194.0,1622568.0,1625232.0,1627977.0,1630499.0,1633159.0,1635704.0,1638374.0,1641000.0,1643776.0,1646502.0,1649600.0,1652363.0,1655163.0,1657824.0,1660410.0,1662962.0,1665377.0,1667620.0,1670017.0,1672464.0,1675035.0,1677400.0,1679724.0,1682357.0,1684519.0,1686862.0,1689288.0,1691596.0,1693793
LNETckymbzk,8767015.0,8785867.0,8807616.0,8829291.0,8849751.0,8868976.0,8887568.0,8906787.0,8926618.0,8946688.0,8966881.0,8985295.0,9004698.0,9024309.0,9046309.0,9065633.0,9085204.0,9104072.0,9122291.0,9140701.0,9159669.0,9178284.0,9197318.0,9217254.0,9235874.0,9254081.0,9272030.0,9289364.0,9306744.0,9323728.0,9340610.0,9356804.0,9373076.0,9389259.0,9410117.0,9428883.0,9447505.0,9464586.0,9481197.0,9498341.0,9515553.0,9530902.0,9544779.0,9559011.0,9573815.0,9588556.0,9602343.0,9616439.0,9629716.0,9642505.0,9654517.0,9667655.0,9680043.0,9692497.0,9705717.0,9719194.0,9732772.0,9746328.0,9759420.0,9772816.0,9785870.0,9799036.0,9811999.0,9824709.0,9838188.0,9852944.0,9866813.0,9880750.0,9896150.0,9921569.0,9938635.0,9953522.0,9967908.0,9981027.0,9995257.0,10008935.0,10021336.0,10033562.0,10045804.0,10057747.0,10069683.0,10080747.0,10093439.0,10106236.0,10118004.0,10129387.0,10141022.0,10151933.0,10163926.0,10176116.0,10186453.0,10196089.0,10206498.0,10216410.0,10226044.0,10234784.0,10243280.0,10251692.0,10259629.0,10267717.0,10276057.0,10285012.0,10293255.0,10300912.0,10308421.0,10315689.0,10323131.0,10331426.0,10339825.0,10347796.0,10355938.0,10364104.0,10372843.0,10380629.0,10388671.0,10396865.0,10403852.0,10410393.0,10417165.0,10423907.0,10430965.0,10438583.0,10446436.0,10454115.0,10461693.0,10469535.0,10477298.0,10484970.0,10493212.0,10501597.0,10509245.0,10516099.0,10523361.0,10530367.0,,,,,,,,,10596776.0,10604477.0,10611225.0,10617643.0,10623902.0,10629892.0,10635640.0,10641935.0,10649366.0,10655902.0,10661861.0,10667735.0,10674799.0,10681322.0,10688101.0,10695292.0,10701573.0,10707761.0,10714256.0,10720544.0,10726957.0,10734113.0,10741424.0,10748524.0,10755639.0,10762336.0,10768972.0,10775907.0,10782870.0,10790198.0,10797377.0,10804488.0,10811299.0,10818033.0,10825039.0,10832961.0,10840398.0,10846891.0,10853613.0,10860216.0,10866999.0,10873706.0,10881238.0,10888570.0,10895348.0,10901921.0,10908703.0,10915511.0,10922296
ygyxAjRl320,104361.0,105111.0,105829.0,106511.0,107281.0,108056.0,108868.0,109799.0,110670.0,111555.0,112575.0,113664.0,114851.0,116003.0,117105.0,117912.0,118648.0,119543.0,120559.0,121514.0,122744.0,123798.0,124843.0,125800.0,126750.0,127619.0,128609.0,129472.0,130553.0,131399.0,132334.0,133041.0,133752.0,134654.0,135503.0,136468.0,137262.0,137761.0,138298.0,138962.0,139538.0,140382.0,141006.0,141632.0,142162.0,142705.0,143470.0,144123.0,144818.0,145439.0,146299.0,147008.0,147526.0,148326.0,149021.0,149722.0,150280.0,150827.0,151430.0,151956.0,152512.0,153141.0,153799.0,154376.0,155018.0,155653.0,156156.0,156882.0,157530.0,158659.0,159881.0,161060.0,162153.0,162868.0,164237.0,165373.0,166406.0,167491.0,168513.0,169231.0,169961.0,171003.0,171889.0,172773.0,173645.0,174524.0,175268.0,175925.0,176900.0,177509.0,178467.0,179655.0,180920.0,181957.0,182652.0,183614.0,184517.0,185309.0,186148.0,186870.0,187539.0,188141.0,188887.0,189721.0,190678.0,191538.0,192253.0,192801.0,193403.0,194315.0,195256.0,196015.0,196654.0,197219.0,197848.0,198300.0,198939.0,199572.0,200199.0,200760.0,201216.0,201737.0,202243.0,202691.0,203153.0,203699.0,204203.0,204834.0,205324.0,205886.0,206486.0,207163.0,207875.0,208591.0,,,,,,,,,214375.0,214829.0,215397.0,216117.0,216844.0,217394.0,218218.0,219277.0,220227.0,221301.0,222440.0,223612.0,224897.0,226211.0,227549.0,228526.0,229921.0,231172.0,232435.0,233405.0,234264.0,235234.0,236015.0,236767.0,237393.0,238145.0,238978.0,239824.0,240538.0,241133.0,241913.0,242761.0,243538.0,244282.0,245007.0,245698.0,246313.0,246978.0,247698.0,248415.0,249087.0,249757.0,250471.0,251116.0,251769.0,252309.0,252906.0,253565.0,254245
KNf8Vs1aJJY,276.0,278.0,280.0,285.0,289.0,297.0,300.0,300.0,305.0,310.0,317.0,319.0,322.0,325.0,331.0,334.0,338.0,347.0,350.0,351.0,355.0,359.0,362.0,364.0,365.0,367.0,369.0,372.0,373.0,374.0,375.0,376.0,380.0,383.0,387.0,391.0,392.0,398.0,402.0,405.0,408.0,409.0,409.0,412.0,415.0,419.0,422.0,423.0,424.0,425.0,425.0,427.0,429.0,432.0,434.0,438.0,442.0,445.0,446.0,448.0,452.0,454.0,459.0,463.0,469.0,471.0,475.0,481.0,483.0,486.0,487.0,490.0,493.0,498.0,504.0,506.0,508.0,510.0,511.0,512.0,513.0,513.0,517.0,518.0,520.0,525.0,529.0,532.0,535.0,538.0,539.0,542.0,543.0,547.0,549.0,550.0,549.0,551.0,554.0,555.0,557.0,560.0,562.0,563.0,563.0,565.0,565.0,566.0,569.0,571.0,572.0,574.0,579.0,578.0,579.0,580.0,583.0,586.0,587.0,587.0,587.0,594.0,597.0,599.0,601.0,602.0,603.0,604.0,607.0,609.0,610.0,611.0,612.0,612.0,,,,,,,,,623.0,623.0,626.0,627.0,627.0,631.0,631.0,634.0,635.0,635.0,635.0,635.0,636.0,637.0,637.0,639.0,640.0,641.0,642.0,645.0,647.0,648.0,648.0,657.0,681.0,687.0,688.0,693.0,711.0,713.0,716.0,716.0,718.0,721.0,722.0,722.0,729.0,731.0,756.0,764.0,768.0,769.0,769.0,778.0,778.0,784.0,784.0,785.0,786
nz9SFMVuEIg,464338.0,464612.0,464870.0,465127.0,465377.0,465638.0,465900.0,466159.0,466423.0,466708.0,467028.0,467323.0,467557.0,467787.0,468045.0,468287.0,468543.0,468791.0,468992.0,469248.0,469496.0,469724.0,469992.0,470247.0,470428.0,470608.0,470823.0,471070.0,471292.0,471580.0,471827.0,472117.0,472358.0,472605.0,472840.0,473082.0,473335.0,473573.0,473826.0,474111.0,474363.0,474608.0,474815.0,475020.0,475215.0,475354.0,475550.0,475750.0,475961.0,476161.0,476362.0,476524.0,476707.0,476871.0,477029.0,477214.0,477410.0,477583.0,477819.0,478116.0,478406.0,478931.0,479451.0,479905.0,480240.0,480560.0,480822.0,481096.0,481300.0,481531.0,481739.0,481935.0,482142.0,482352.0,482508.0,482708.0,482894.0,483088.0,483260.0,483411.0,483558.0,483738.0,483858.0,483963.0,484096.0,484252.0,484404.0,484562.0,484704.0,484831.0,484940.0,485053.0,485170.0,485299.0,485492.0,485659.0,485851.0,485982.0,486113.0,486247.0,486377.0,486506.0,486631.0,486750.0,486858.0,486975.0,487093.0,487219.0,487323.0,487479.0,487641.0,487798.0,487917.0,488043.0,488160.0,488289.0,488459.0,488602.0,488699.0,488806.0,488925.0,489026.0,489162.0,489294.0,489405.0,489515.0,489621.0,489726.0,489855.0,489966.0,490118.0,490230.0,490358.0,490468.0,,,,,,,,,491506.0,491657.0,491768.0,491889.0,491995.0,492088.0,492202.0,492304.0,492398.0,492523.0,492611.0,492756.0,493018.0,493341.0,493526.0,493686.0,493834.0,493971.0,494088.0,494206.0,494333.0,494481.0,494609.0,494733.0,494835.0,494943.0,495076.0,495166.0,495300.0,495453.0,495570.0,495674.0,495772.0,495856.0,495967.0,496068.0,496167.0,496281.0,496370.0,496475.0,496574.0,496682.0,496789.0,496889.0,497017.0,497104.0,497207.0,497292.0,497391
PUmBzV4v9TI,366619.0,366759.0,366900.0,367031.0,367184.0,367312.0,367443.0,367554.0,367682.0,367838.0,367960.0,368106.0,368250.0,368357.0,368478.0,368655.0,368777.0,368887.0,368997.0,369136.0,369284.0,369395.0,369527.0,369660.0,369769.0,369872.0,369990.0,370106.0,370254.0,370425.0,370589.0,370730.0,370868.0,370993.0,371120.0,371223.0,371342.0,371444.0,371562.0,371692.0,371827.0,371939.0,372052.0,372177.0,372294.0,372409.0,372529.0,372626.0,372730.0,372829.0,372948.0,373042.0,373145.0,373238.0,373321.0,373461.0,373578.0,373710.0,373862.0,374040.0,374247.0,374731.0,375185.0,375553.0,375813.0,376092.0,376300.0,376488.0,376664.0,376824.0,376962.0,377080.0,377222.0,377359.0,377520.0,377664.0,377793.0,377917.0,378028.0,378140.0,378274.0,378367.0,378462.0,378546.0,378643.0,378746.0,378844.0,378955.0,379039.0,379102.0,379187.0,379271.0,379340.0,379441.0,379567.0,379677.0,379789.0,379867.0,379953.0,380049.0,380140.0,380242.0,380332.0,380403.0,380474.0,380541.0,380615.0,380682.0,380747.0,380858.0,380942.0,381060.0,381147.0,381224.0,381314.0,381410.0,381498.0,381577.0,381649.0,381732.0,381797.0,381858.0,381944.0,382016.0,382087.0,382149.0,382224.0,382295.0,382375.0,382432.0,382528.0,382600.0,382676.0,382755.0,,,,,,,,,383475.0,383544.0,383610.0,383681.0,383757.0,383830.0,383887.0,383945.0,384001.0,384075.0,384142.0,384220.0,384390.0,384626.0,384759.0,384856.0,384980.0,385064.0,385152.0,385233.0,385311.0,385381.0,385458.0,385535.0,385581.0,385614.0,385671.0,385718.0,385772.0,385846.0,385918.0,385966.0,386014.0,386068.0,386126.0,386173.0,386223.0,386263.0,386322.0,386384.0,386426.0,386495.0,386548.0,386611.0,386683.0,386729.0,386778.0,386822.0,386877
El3iHyqa0rE,6328.0,6358.0,6377.0,6398.0,6420.0,6442.0,6466.0,6484.0,6500.0,6520.0,6542.0,6562.0,6577.0,6601.0,6630.0,6655.0,6680.0,6708.0,6733.0,6750.0,6766.0,6785.0,6801.0,6809.0,6820.0,6830.0,6846.0,6858.0,6870.0,6916.0,6933.0,6959.0,6977.0,7004.0,7020.0,7032.0,7050.0,7068.0,7084.0,7097.0,7109.0,7136.0,7150.0,7163.0,7179.0,7186.0,7189.0,7205.0,7214.0,7222.0,7246.0,7261.0,7272.0,7279.0,7291.0,7299.0,7310.0,7325.0,7355.0,7381.0,7397.0,7434.0,7492.0,7548.0,7596.0,7618.0,7659.0,7680.0,7702.0,7719.0,7740.0,7757.0,7773.0,7794.0,7808.0,7822.0,7838.0,7857.0,7873.0,7893.0,7921.0,7935.0,7946.0,7958.0,7970.0,7976.0,7988.0,7999.0,8016.0,8028.0,8035.0,8046.0,8050.0,8066.0,8084.0,8097.0,8110.0,8125.0,8143.0,8152.0,8164.0,8182.0,8204.0,8221.0,8230.0,8242.0,8259.0,8273.0,8288.0,8293.0,8305.0,8324.0,8336.0,8350.0,8363.0,8375.0,8385.0,8398.0,8405.0,8414.0,8423.0,8435.0,8441.0,8459.0,8471.0,8484.0,8500.0,8517.0,8531.0,8538.0,8554.0,8563.0,8576.0,8585.0,,,,,,,,,8676.0,8687.0,8698.0,8710.0,8718.0,8737.0,8752.0,8761.0,8766.0,8785.0,8800.0,8820.0,8869.0,8930.0,8967.0,8987.0,9010.0,9041.0,9050.0,9077.0,9088.0,9103.0,9114.0,9124.0,9139.0,9154.0,9169.0,9178.0,9192.0,9204.0,9213.0,9218.0,9224.0,9235.0,9246.0,9260.0,9265.0,9280.0,9291.0,9313.0,9332.0,9351.0,9372.0,9388.0,9407.0,9414.0,9422.0,9429.0,9438
624NpugNTi4,29666603.0,29678437.0,29692258.0,29706270.0,29720162.0,29734387.0,29748777.0,29762984.0,29776386.0,29788923.0,29801158.0,29812740.0,29823998.0,29834584.0,29844909.0,29854722.0,29866800.0,29879430.0,29893044.0,29907890.0,29928195.0,29957313.0,30018309.0,30030486.0,30040667.0,30049745.0,30058738.0,30067850.0,30076787.0,30085042.0,30092842.0,30100048.0,30107094.0,30114126.0,30121321.0,30129057.0,30139349.0,30149934.0,30158185.0,30165472.0,30172669.0,30183949.0,30193941.0,30202823.0,30210134.0,30216538.0,30222133.0,30228396.0,30234399.0,30240795.0,30246755.0,30252696.0,30258167.0,30263666.0,30269057.0,30274422.0,30280101.0,30285542.0,30291168.0,30296441.0,30301288.0,30306207.0,30311007.0,30315403.0,30320072.0,30324620.0,30329407.0,30334136.0,30338111.0,30343422.0,30348419.0,30352814.0,30357113.0,30361148.0,30364961.0,30368680.0,30372832.0,30376122.0,30381520.0,30387058.0,30391645.0,30395972.0,30399920.0,30404108.0,30408081.0,30411751.0,30415277.0,30418557.0,30422105.0,30425807.0,30429388.0,30432661.0,30436027.0,30439726.0,30443328.0,30446696.0,30449859.0,30452984.0,30456216.0,30459234.0,30462410.0,30465407.0,30468205.0,30471061.0,30473821.0,30476528.0,30479199.0,30482064.0,30485040.0,30488080.0,30491236.0,30494799.0,30498111.0,30501299.0,30504440.0,30507522.0,30510250.0,30512923.0,30515542.0,30518244.0,30521125.0,30526268.0,30530770.0,30534523.0,30538362.0,30542094.0,30545794.0,30549492.0,30553082.0,30556416.0,30559649.0,30562919.0,30566167.0,30569127.0,,,,,,,,,30599613.0,30605363.0,30611963.0,30620050.0,30626719.0,30632517.0,30637902.0,30643131.0,30649198.0,30654642.0,30659726.0,30664614.0,30669585.0,30674644.0,30679750.0,30684988.0,30689960.0,30694859.0,30699502.0,30704149.0,30708550.0,30712978.0,30717583.0,30722335.0,30726779.0,30731675.0,30736469.0,30742274.0,30748028.0,30753295.0,30758138.0,30763031.0,30767937.0,30772372.0,30777138.0,30781635.0,30785872.0,30789696.0,30793470.0,30797226.0,30800918.0,30804311.0,30807894.0,30811648.0,30815121.0,30818763.0,30822357.0,30826014.0,30829564
N1qWetE4AV4,16225028.0,16228494.0,16232703.0,16236593.0,16240293.0,16243848.0,16247287.0,16251006.0,16254656.0,16258615.0,16262517.0,16265871.0,16269369.0,16272694.0,16276048.0,16279548.0,16283288.0,16286880.0,16290189.0,16293302.0,16296537.0,16299784.0,16302929.0,16306296.0,16309555.0,16312378.0,16315316.0,16318322.0,16321087.0,16323896.0,16326779.0,16329749.0,16332333.0,16335068.0,16337926.0,16340514.0,16343294.0,16346543.0,16349952.0,16353031.0,16355937.0,16358663.0,16361598.0,16364403.0,16367157.0,16370041.0,16372601.0,16375247.0,16377775.0,16380252.0,16382806.0,16385333.0,16387715.0,16389902.0,16392184.0,16394485.0,16396780.0,16399043.0,16401333.0,16403742.0,16405977.0,16408331.0,16410782.0,16413236.0,16415508.0,16417712.0,16419801.0,16422263.0,16424456.0,16427179.0,16429638.0,16432053.0,16434314.0,16436718.0,16438898.0,16441173.0,16443588.0,16445995.0,16448650.0,16451257.0,16453564.0,16455947.0,16458404.0,16460932.0,16463268.0,16465815.0,16468337.0,16470615.0,16472879.0,16475116.0,16477379.0,16479819.0,16482333.0,16484837.0,16487427.0,16489519.0,16491649.0,16493752.0,16495983.0,16498387.0,16500831.0,16503302.0,16505587.0,16507638.0,16509800.0,16511862.0,16513950.0,16516225.0,16518541.0,16520729.0,16523167.0,16525283.0,16527553.0,16529775.0,16531981.0,16534298.0,16536436.0,16538640.0,16540952.0,16542942.0,16545125.0,16547403.0,16549493.0,16551569.0,16553716.0,16555854.0,16558003.0,16560257.0,16562640.0,16564917.0,16567230.0,16569230.0,16571244.0,16573362.0,,,,,,,,,16618981.0,16623450.0,16627356.0,16630926.0,16634771.0,16638612.0,16642328.0,16646151.0,16649887.0,16653326.0,16656391.0,16659370.0,16663020.0,16666438.0,16670322.0,16673783.0,16676854.0,16680187.0,16683606.0,16687149.0,16690497.0,16694056.0,16697849.0,16700716.0,16704369.0,16708038.0,16711567.0,16715072.0,16719030.0,16722806.0,16726514.0,16729900.0,16733341.0,16736716.0,16740201.0,16743940.0,16747499.0,16750574.0,16753802.0,16756748.0,16759462.0,16762227.0,16765173.0,16767942.0,16770459.0,16773012.0,16775489.0,16778033.0,16780622
RkPj6AnKm0Y,29152945.0,29165323.0,29180405.0,29195474.0,29209143.0,29222857.0,29235156.0,29247590.0,29259304.0,29271550.0,29284091.0,29294621.0,29305695.0,29316633.0,29327008.0,29336790.0,29348701.0,29359654.0,29369664.0,29378873.0,29388189.0,29397807.0,29407166.0,29416683.0,29426440.0,29434886.0,29443099.0,29451400.0,29459729.0,29467768.0,29476710.0,29484809.0,29492063.0,29499543.0,29507473.0,29515292.0,29524933.0,29536704.0,29546950.0,29555415.0,29563520.0,29571447.0,29579635.0,29587747.0,29596596.0,29604951.0,29612141.0,29619494.0,29626515.0,29633269.0,29639747.0,29646983.0,29653429.0,29659693.0,29665954.0,29672289.0,29678649.0,29685264.0,29692040.0,29698958.0,29705146.0,29711372.0,29718055.0,29724124.0,29729913.0,29735606.0,29740939.0,29746365.0,29751246.0,29757517.0,29763022.0,29768035.0,29773206.0,29778288.0,29783336.0,29788623.0,29794150.0,29799745.0,29805662.0,29811135.0,29816360.0,29821469.0,29826409.0,29831264.0,29835743.0,29840805.0,29845924.0,29850427.0,29855170.0,29859771.0,29864198.0,29869005.0,29873788.0,29878713.0,29883395.0,29887749.0,29892080.0,29896553.0,29901020.0,29905574.0,29910473.0,29914841.0,29919052.0,29923200.0,29927373.0,29931467.0,29935469.0,29940022.0,29944523.0,29948911.0,29953455.0,29957583.0,29961746.0,29966024.0,29970277.0,29974785.0,29978985.0,29983294.0,29987461.0,29991789.0,29996618.0,30001935.0,30006325.0,30010417.0,30014608.0,30018644.0,30022631.0,30026959.0,30031624.0,30036067.0,30040514.0,30044796.0,30048914.0,30053510.0,,,,,,,,,30127937.0,30135485.0,30141838.0,30148338.0,30154943.0,30161155.0,30168275.0,30176146.0,30184166.0,30191078.0,30197166.0,30202619.0,30208069.0,30213319.0,30218362.0,30223709.0,30228716.0,30233960.0,30238481.0,30242565.0,30246392.0,30250861.0,30254806.0,30258575.0,30262188.0,30266189.0,30270129.0,30274202.0,30278419.0,30282505.0,30286444.0,30289851.0,30293717.0,30297626.0,30301588.0,30305878.0,30309917.0,30313343.0,30316804.0,30320144.0,30323321.0,30326474.0,30329756.0,30332847.0,30336014.0,30338955.0,30341938.0,30345137.0,30348134
jy0qJC6IbgY,350861.0,352414.0,354214.0,355996.0,357971.0,359855.0,361542.0,363250.0,365329.0,367483.0,369408.0,371003.0,372776.0,374419.0,376150.0,377885.0,379538.0,381164.0,382692.0,384217.0,385674.0,387077.0,388548.0,389829.0,391023.0,392233.0,393657.0,395054.0,396419.0,397663.0,398777.0,399900.0,401048.0,402210.0,403462.0,404809.0,406150.0,407437.0,408701.0,410304.0,411964.0,413353.0,414684.0,415970.0,417248.0,418716.0,420246.0,422174.0,424633.0,426708.0,428405.0,430096.0,431585.0,433109.0,434987.0,436870.0,438904.0,440675.0,442440.0,444159.0,445704.0,447516.0,449331.0,450930.0,452323.0,453572.0,455051.0,456369.0,457598.0,459232.0,460631.0,461978.0,463439.0,464942.0,466605.0,468296.0,469747.0,471234.0,472615.0,473981.0,475522.0,476997.0,478350.0,479600.0,481112.0,482690.0,483963.0,485241.0,486427.0,487622.0,488847.0,490192.0,491627.0,493016.0,494446.0,495707.0,497001.0,498272.0,499540.0,500682.0,501976.0,503210.0,504487.0,505728.0,507057.0,508331.0,509653.0,510977.0,512406.0,513838.0,515293.0,516818.0,518252.0,519615.0,520950.0,522278.0,523620.0,524890.0,526208.0,527427.0,529296.0,531063.0,532708.0,534136.0,535650.0,537312.0,539013.0,540662.0,542177.0,543639.0,545193.0,547042.0,549039.0,550658.0,,,,,,,,,567790.0,569807.0,571950.0,573936.0,575988.0,577993.0,579906.0,581757.0,583926.0,586230.0,588339.0,590289.0,592480.0,594567.0,596601.0,598570.0,600877.0,603335.0,605901.0,608286.0,610586.0,612767.0,614920.0,616964.0,619259.0,621277.0,623275.0,625245.0,627074.0,629079.0,631142.0,633093.0,635026.0,636930.0,638721.0,640488.0,642188.0,644076.0,646045.0,648042.0,650108.0,652257.0,654339.0,656179.0,658024.0,659988.0,661875.0,663853.0,665977
dixyMxnPuoA,2816542.0,2826534.0,2836620.0,2846149.0,2858149.0,2870673.0,2880395.0,2890881.0,2901927.0,2911649.0,2919951.0,2928754.0,2939029.0,2949089.0,2959985.0,2970185.0,2979147.0,2987206.0,2996994.0,3006749.0,3015713.0,3025915.0,3037070.0,3046891.0,3054875.0,3063362.0,3072634.0,3082251.0,3091424.0,3100063.0,3107200.0,3112680.0,3119183.0,3125804.0,3132342.0,3138806.0,3145791.0,3153074.0,3159378.0,3165869.0,3172656.0,3179276.0,3186458.0,3194051.0,3199969.0,3205910.0,3213040.0,3220683.0,3228456.0,3236094.0,3243696.0,3250585.0,3256365.0,3262928.0,3270455.0,3277346.0,3284548.0,3291517.0,3297880.0,3303502.0,3309847.0,3316773.0,3323771.0,3331077.0,3337755.0,3344007.0,3349531.0,3355844.0,3361562.0,3368925.0,3375604.0,3381587.0,3387494.0,3393108.0,3399617.0,3406148.0,3412818.0,3419336.0,3425908.0,3431700.0,3437104.0,3443238.0,3449404.0,3456447.0,3463727.0,3471627.0,3477833.0,3483590.0,3490616.0,3497886.0,3505213.0,3511852.0,3519130.0,3525776.0,3531943.0,3538797.0,3545449.0,3551488.0,3557708.0,3563910.0,3569728.0,3575656.0,3582903.0,3589906.0,3596878.0,3603359.0,3609608.0,3615175.0,3620496.0,3627566.0,3634405.0,3640946.0,3647348.0,3653572.0,3659219.0,3664140.0,3670221.0,3676356.0,3682923.0,3688864.0,3694293.0,3699391.0,3704222.0,3709668.0,3715473.0,3721985.0,3728215.0,3734572.0,3739878.0,3745107.0,3751895.0,3762239.0,3773348.0,3785144.0,,,,,,,,,3890031.0,3899831.0,3911500.0,3922404.0,3936154.0,3951081.0,3963017.0,3974338.0,3984479.0,3998922.0,4012620.0,4026386.0,4041135.0,4054368.0,4065079.0,4075835.0,4089024.0,4103259.0,4117272.0,4127757.0,4136469.0,4144486.0,4151948.0,4160966.0,4169641.0,4179586.0,4189067.0,4198213.0,4205569.0,4212211.0,4220385.0,4229143.0,4237949.0,4245933.0,4254160.0,4262030.0,4269632.0,4278304.0,4289818.0,4299892.0,4309505.0,4318613.0,4326565.0,4333782.0,4342346.0,4351422.0,4360213.0,4368587.0,4376932
7hdCjdBJzd8,6027.0,6043.0,6061.0,6071.0,6081.0,6096.0,6104.0,6119.0,6131.0,6146.0,6159.0,6168.0,6177.0,6183.0,6196.0,6202.0,6211.0,6217.0,6226.0,6228.0,6236.0,6240.0,6246.0,6254.0,6261.0,6269.0,6274.0,6279.0,6284.0,6287.0,6294.0,6302.0,6303.0,6309.0,6317.0,6323.0,6340.0,6348.0,6354.0,6356.0,6361.0,6378.0,6387.0,6404.0,6413.0,6423.0,6432.0,6439.0,6445.0,6452.0,6462.0,6465.0,6470.0,6476.0,6491.0,6502.0,6509.0,6519.0,6528.0,6540.0,6547.0,6559.0,6565.0,6573.0,6583.0,6593.0,6599.0,6603.0,6607.0,6614.0,6619.0,6624.0,6635.0,6642.0,6649.0,6656.0,6662.0,6667.0,6674.0,6677.0,6683.0,6687.0,6692.0,6694.0,6698.0,6701.0,6706.0,6712.0,6717.0,6722.0,6726.0,6733.0,6746.0,6748.0,6758.0,6762.0,6769.0,6771.0,6779.0,6786.0,6792.0,6801.0,6803.0,6810.0,6816.0,6825.0,6828.0,6834.0,6836.0,6839.0,6845.0,6854.0,6863.0,6876.0,6889.0,6902.0,6916.0,6935.0,6949.0,6957.0,6967.0,6978.0,6990.0,6998.0,7005.0,7009.0,7013.0,7018.0,7024.0,7030.0,7034.0,7037.0,7039.0,7043.0,,,,,,,,,7085.0,7087.0,7088.0,7095.0,7102.0,7109.0,7113.0,7117.0,7123.0,7129.0,7134.0,7144.0,7145.0,7148.0,7152.0,7168.0,7178.0,7182.0,7187.0,7193.0,7196.0,7203.0,7211.0,7216.0,7220.0,7228.0,7230.0,7238.0,7248.0,7256.0,7263.0,7269.0,7273.0,7277.0,7283.0,7291.0,7296.0,7305.0,7315.0,7321.0,7326.0,7331.0,7336.0,7344.0,7349.0,7364.0,7369.0,7378.0,7385
YfYrnaPWybA,19783.0,19853.0,19927.0,20003.0,20110.0,20185.0,20301.0,20369.0,20440.0,20503.0,20579.0,20626.0,20684.0,20756.0,20813.0,20890.0,20950.0,21000.0,21041.0,21103.0,21190.0,21232.0,21308.0,21363.0,21439.0,21538.0,21653.0,21773.0,21855.0,21935.0,22009.0,22069.0,22144.0,22219.0,22278.0,22358.0,22417.0,22494.0,22547.0,22607.0,22668.0,22702.0,22776.0,22825.0,22883.0,22926.0,22978.0,23016.0,23101.0,23183.0,23272.0,23355.0,23393.0,23438.0,23511.0,23577.0,23641.0,23702.0,23759.0,23815.0,23869.0,23919.0,23969.0,24002.0,24048.0,24083.0,24118.0,24163.0,24196.0,24252.0,24288.0,24326.0,24389.0,24431.0,24474.0,24517.0,24569.0,24612.0,24651.0,24689.0,24719.0,24758.0,24808.0,24857.0,24875.0,24920.0,24943.0,24973.0,25022.0,25066.0,25101.0,25135.0,25166.0,25198.0,25242.0,25275.0,25323.0,25364.0,25398.0,25434.0,25455.0,25483.0,25517.0,25545.0,25570.0,25602.0,25633.0,25673.0,25707.0,25754.0,25799.0,25840.0,25875.0,25907.0,25930.0,25962.0,25984.0,26026.0,26045.0,26084.0,26115.0,26149.0,26183.0,26212.0,26245.0,26280.0,26306.0,26329.0,26366.0,26388.0,26407.0,26435.0,26460.0,26496.0,,,,,,,,,26756.0,26769.0,26791.0,26817.0,26853.0,26894.0,26917.0,26936.0,26964.0,26980.0,27004.0,27034.0,27065.0,27095.0,27113.0,27141.0,27165.0,27195.0,27232.0,27260.0,27282.0,27304.0,27321.0,27352.0,27384.0,27422.0,27452.0,27462.0,27489.0,27521.0,27567.0,27589.0,27631.0,27663.0,27689.0,27730.0,27767.0,27798.0,27831.0,27853.0,27891.0,27924.0,27957.0,27982.0,28019.0,28054.0,28105.0,28150.0,28179
ZqxQkj9ONZY,12209.0,12348.0,12535.0,12691.0,12852.0,12958.0,13081.0,13213.0,13303.0,13420.0,13520.0,13645.0,13790.0,13933.0,14149.0,14301.0,14453.0,14584.0,14720.0,14898.0,15106.0,15310.0,15507.0,15687.0,15865.0,16021.0,16264.0,16491.0,16679.0,16900.0,17056.0,17200.0,17321.0,17509.0,17699.0,17824.0,17940.0,18065.0,18172.0,18292.0,18417.0,18536.0,18672.0,18769.0,18909.0,18992.0,19091.0,19217.0,19361.0,19472.0,19558.0,19638.0,19719.0,19787.0,19859.0,19918.0,19977.0,20062.0,20076.0,20078.0,20078.0,20078.0,20078.0,20078.0,20078.0,20078.0,20078.0,20078.0,20078.0,20078.0,20078.0,20078.0,20078.0,20078.0,20078.0,20078.0,20078.0,20078.0,20078.0,20078.0,20078.0,20078.0,20078.0,20078.0,20078.0,20078.0,20078.0,20078.0,20078.0,20078.0,20078.0,20078.0,20078.0,20078.0,20078.0,20078.0,20078.0,20078.0,20078.0,20078.0,20078.0,20078.0,20078.0,20078.0,20078.0,20078.0,20078.0,20078.0,20078.0,20078.0,20078.0,20078.0,20078.0,20078.0,20078.0,20078.0,20078.0,20078.0,20078.0,20078.0,20078.0,20078.0,20078.0,20078.0,20078.0,20078.0,20078.0,20078.0,20078.0,20078.0,20078.0,20078.0,20078.0,20078.0,,,,,,,,,20078.0,20078.0,20078.0,20078.0,20078.0,20078.0,20078.0,20078.0,20078.0,20078.0,20078.0,20078.0,20078.0,20078.0,20078.0,20078.0,20078.0,20078.0,20078.0,20078.0,20078.0,20078.0,20078.0,20078.0,20078.0,20078.0,20078.0,20078.0,20078.0,20078.0,20078.0,20078.0,20078.0,20078.0,20078.0,20078.0,20078.0,20078.0,20078.0,20078.0,20078.0,20078.0,20078.0,20078.0,20078.0,20078.0,20078.0,20078.0,20078
nrcuK_sRJmY,459530.0,459587.0,459634.0,459717.0,459776.0,459842.0,459908.0,459953.0,460026.0,460072.0,460134.0,460188.0,460244.0,460296.0,460349.0,460404.0,460440.0,460488.0,460542.0,460600.0,460646.0,460696.0,460743.0,460783.0,460829.0,460865.0,460916.0,460960.0,461006.0,461051.0,461087.0,461137.0,461187.0,461245.0,461292.0,461334.0,461377.0,461425.0,461456.0,461505.0,461549.0,461590.0,461641.0,461669.0,461709.0,461747.0,461785.0,461815.0,461844.0,461880.0,461919.0,461961.0,461999.0,462049.0,462080.0,462109.0,462151.0,462192.0,462228.0,462265.0,462295.0,462334.0,462365.0,462397.0,462436.0,462485.0,462520.0,462563.0,462597.0,462638.0,462679.0,462723.0,462779.0,462831.0,462858.0,462914.0,462970.0,463027.0,463086.0,463134.0,463188.0,463230.0,463262.0,463311.0,463347.0,463380.0,463421.0,463461.0,463524.0,463567.0,463619.0,463644.0,463687.0,463731.0,463775.0,463816.0,463841.0,463872.0,463896.0,463931.0,463957.0,463995.0,464018.0,464048.0,464087.0,464118.0,464158.0,464189.0,464221.0,464259.0,464274.0,464301.0,464328.0,464359.0,464384.0,464408.0,464442.0,464460.0,464480.0,464496.0,464533.0,464565.0,464598.0,464626.0,464646.0,464672.0,464700.0,464742.0,464777.0,464808.0,464830.0,464850.0,464873.0,464896.0,,,,,,,,,465099.0,465117.0,465139.0,465155.0,465176.0,465215.0,465241.0,465266.0,465303.0,465332.0,465367.0,465383.0,465405.0,465426.0,465439.0,465479.0,465502.0,465519.0,465545.0,465563.0,465576.0,465596.0,465615.0,465627.0,465649.0,465669.0,465699.0,465725.0,465745.0,465764.0,465786.0,465823.0,465841.0,465859.0,465888.0,465912.0,465932.0,465974.0,466010.0,466051.0,466088.0,466122.0,466143.0,466172.0,466198.0,466233.0,466257.0,466282.0,466309
9IUJZrDGp34,15944.0,16080.0,16237.0,16352.0,16494.0,16665.0,16839.0,16971.0,17132.0,17262.0,17420.0,17569.0,17699.0,17824.0,17869.0,17988.0,18097.0,18247.0,18362.0,18513.0,18650.0,18848.0,19031.0,19177.0,19365.0,19504.0,19656.0,19828.0,19959.0,20159.0,20292.0,20420.0,20580.0,20708.0,20862.0,21018.0,21138.0,21269.0,21396.0,21523.0,21647.0,21728.0,21859.0,21955.0,22064.0,22193.0,22309.0,22465.0,22628.0,22798.0,23008.0,23193.0,23433.0,23609.0,23799.0,23972.0,24120.0,24335.0,24525.0,24679.0,24882.0,25097.0,25294.0,25563.0,25848.0,26052.0,26235.0,26431.0,26539.0,26715.0,26857.0,26981.0,27114.0,27265.0,27413.0,27604.0,27790.0,27935.0,28129.0,28334.0,28497.0,28642.0,28812.0,29003.0,29165.0,29347.0,29487.0,29600.0,29721.0,29838.0,29956.0,30059.0,30202.0,30319.0,30408.0,30483.0,30573.0,30670.0,30769.0,30880.0,30984.0,31075.0,31155.0,31241.0,31303.0,31362.0,31433.0,31505.0,31560.0,31621.0,31699.0,31865.0,32127.0,32341.0,32604.0,32781.0,32994.0,33280.0,33460.0,33606.0,33809.0,33943.0,34131.0,34297.0,34456.0,34638.0,34898.0,35109.0,35304.0,35441.0,35584.0,35711.0,35859.0,35993.0,,,,,,,,,37298.0,37421.0,37532.0,37666.0,37807.0,37947.0,38064.0,38144.0,38246.0,38322.0,38457.0,38606.0,38733.0,38818.0,38937.0,39037.0,39169.0,39294.0,39421.0,39559.0,39691.0,39815.0,39916.0,40010.0,40100.0,40195.0,40306.0,40400.0,40492.0,40585.0,40672.0,40745.0,40829.0,40909.0,40984.0,41053.0,41126.0,41243.0,41349.0,41479.0,41593.0,41693.0,41783.0,41866.0,41956.0,42036.0,42136.0,42216.0,42315
iKSo8shldrI,894409.0,897603.0,901511.0,905059.0,907775.0,911431.0,915460.0,920592.0,925962.0,931050.0,936178.0,942405.0,949672.0,956472.0,963764.0,970004.0,976000.0,980991.0,986104.0,991824.0,997901.0,1005196.0,1013276.0,1020248.0,1027829.0,1035670.0,1042826.0,1052137.0,1060451.0,1067827.0,1075360.0,1081451.0,1090263.0,1099293.0,1109285.0,1116935.0,1128259.0,1136269.0,1141211.0,1149925.0,1158295.0,1166893.0,1176420.0,1185897.0,1194238.0,1202572.0,1211390.0,1220699.0,1229503.0,1238456.0,1246527.0,1254641.0,1264777.0,1274849.0,1283641.0,1291862.0,1300024.0,1308827.0,1318445.0,1326904.0,1336197.0,1345526.0,1355015.0,1363392.0,1372779.0,1383300.0,1392114.0,1400965.0,1409990.0,1422505.0,1433309.0,1441690.0,1450234.0,1458527.0,1467741.0,1480023.0,1491042.0,1500427.0,1509342.0,1517004.0,1523674.0,1531983.0,1540121.0,1549550.0,1557833.0,1566350.0,1573152.0,1580088.0,1588086.0,1598680.0,1607127.0,1614012.0,1621463.0,1629419.0,1635677.0,1642587.0,1649702.0,1657813.0,1666436.0,1675348.0,1682550.0,1689666.0,1697668.0,1706148.0,1714450.0,1723428.0,1731651.0,1738640.0,1744761.0,1751066.0,1758154.0,1765751.0,1773156.0,1780052.0,1787010.0,1792690.0,1799346.0,1806541.0,1813779.0,1820495.0,1826938.0,1832760.0,1837911.0,1842412.0,1848024.0,1853934.0,1861073.0,1869165.0,1876805.0,1884082.0,1893167.0,1903383.0,1913891.0,1924690.0,,,,,,,,,1999684.0,2005712.0,2011639.0,2018000.0,2024891.0,2031394.0,2039109.0,2052482.0,2066531.0,2081428.0,2096125.0,2109823.0,2125276.0,2140719.0,2153960.0,2165877.0,2178713.0,2186720.0,2199252.0,2208055.0,2214677.0,2220787.0,2226641.0,2233728.0,2240689.0,2248872.0,2257175.0,2266659.0,2274478.0,2282139.0,2290325.0,2299073.0,2307718.0,2315768.0,2322520.0,2329261.0,2335334.0,2341278.0,2348023.0,2355041.0,2361725.0,2368967.0,2375391.0,2380856.0,2386891.0,2393038.0,2398980.0,2404814.0,2410471
0RlwcgFJKxo,11079545.0,11085800.0,11092619.0,11098727.0,11105098.0,11111673.0,11117833.0,11123590.0,11130224.0,11137727.0,11144851.0,11151659.0,11158344.0,11166126.0,11173772.0,11181416.0,11188832.0,11194962.0,11201297.0,11208259.0,11214542.0,11221400.0,11228178.0,11234207.0,11240420.0,11246225.0,11252179.0,11258103.0,11263798.0,11269311.0,11274702.0,11280132.0,11285686.0,11291089.0,11296575.0,11302028.0,11307289.0,11311970.0,11316824.0,11321897.0,11326807.0,11331644.0,11336288.0,11340793.0,11345628.0,11349957.0,11354156.0,11358418.0,11362773.0,11366684.0,11370370.0,11374397.0,11378243.0,11382097.0,11386349.0,11390459.0,11394369.0,11398624.0,11402995.0,11406839.0,11410363.0,11414105.0,11417836.0,11421350.0,11424805.0,11427756.0,11430972.0,11433973.0,11436830.0,11440206.0,11443548.0,11446569.0,11449417.0,11452539.0,11455780.0,11459039.0,11462476.0,11466285.0,11469660.0,11472712.0,11475704.0,11478787.0,11481893.0,11484987.0,11488140.0,11491211.0,11494569.0,11497815.0,11500751.0,11503898.0,11506865.0,11509672.0,11512511.0,11515253.0,11517967.0,11520649.0,11523675.0,11526525.0,11529343.0,11532156.0,11535160.0,11537926.0,11540785.0,11543641.0,11546454.0,11549228.0,11552125.0,11554747.0,11557239.0,11559853.0,11562254.0,11564716.0,11567113.0,11569551.0,11572123.0,11574685.0,11577158.0,11579571.0,11581967.0,11584222.0,11586490.0,11588674.0,11590932.0,11593066.0,11595391.0,11597863.0,11600226.0,11602788.0,11605127.0,11607337.0,11609389.0,11611486.0,11613506.0,11615727.0,,,,,,,,,11634608.0,11636827.0,11638749.0,11640902.0,11643023.0,11645199.0,11647472.0,11649887.0,11652754.0,11655569.0,11658497.0,11661520.0,11664418.0,11667367.0,11670525.0,11673620.0,11676749.0,11680145.0,11683342.0,11686042.0,11688404.0,11690432.0,11692865.0,11694970.0,11697137.0,11699194.0,11701262.0,11703410.0,11705411.0,11707407.0,11709413.0,11711487.0,11713379.0,11715350.0,11717195.0,11719270.0,11721246.0,11723034.0,11725087.0,11727225.0,11729290.0,11731367.0,11733318.0,11735314.0,11737266.0,11739313.0,11741244.0,11743295.0,11745370
iH9CRFiYCnw,44466.0,44549.0,44633.0,44721.0,44789.0,44881.0,44958.0,45044.0,45129.0,45218.0,45312.0,45392.0,45476.0,45640.0,45784.0,45915.0,46043.0,46153.0,46246.0,46352.0,46457.0,46578.0,46685.0,46801.0,46871.0,46954.0,47040.0,47140.0,47239.0,47319.0,47407.0,47482.0,47570.0,47671.0,47777.0,47887.0,47976.0,48092.0,48184.0,48275.0,48367.0,48437.0,48499.0,48604.0,48659.0,48739.0,48815.0,48895.0,48966.0,49059.0,49133.0,49221.0,49313.0,49406.0,49485.0,49575.0,49653.0,49725.0,49802.0,49864.0,49920.0,49982.0,50078.0,50160.0,50233.0,50296.0,50370.0,50459.0,50533.0,50642.0,50742.0,50806.0,50887.0,50961.0,51031.0,51109.0,51192.0,51255.0,51324.0,51385.0,51473.0,51546.0,51612.0,51700.0,51795.0,51867.0,51966.0,52033.0,52101.0,52172.0,52245.0,52330.0,52410.0,52496.0,52548.0,52608.0,52706.0,52775.0,52850.0,52916.0,52988.0,53041.0,53106.0,53158.0,53248.0,53308.0,53400.0,53474.0,53544.0,53622.0,53681.0,53741.0,53816.0,53863.0,53921.0,53971.0,54035.0,54092.0,54206.0,54273.0,54338.0,54381.0,54437.0,54521.0,54591.0,54687.0,54813.0,54896.0,54977.0,55039.0,55081.0,55157.0,55213.0,55273.0,,,,,,,,,55822.0,55878.0,55929.0,55980.0,56029.0,56078.0,56116.0,56164.0,56196.0,56257.0,56290.0,56334.0,56386.0,56433.0,56484.0,56533.0,56566.0,56600.0,56641.0,56696.0,56735.0,56773.0,56817.0,56851.0,56881.0,56928.0,56977.0,57021.0,57064.0,57100.0,57127.0,57162.0,57213.0,57246.0,57287.0,57321.0,57361.0,57399.0,57436.0,57487.0,57550.0,57585.0,57631.0,57682.0,57716.0,57766.0,57810.0,57859.0,57911
Nuw6Iq2lYCY,720059.0,720128.0,720194.0,720257.0,720308.0,720389.0,720480.0,720569.0,720655.0,720719.0,720782.0,720860.0,720962.0,721084.0,721160.0,721274.0,721382.0,721482.0,721585.0,721666.0,721749.0,721856.0,721929.0,722015.0,722091.0,722155.0,722219.0,722278.0,722333.0,722423.0,722503.0,722568.0,722642.0,722727.0,722823.0,722906.0,722974.0,723077.0,723158.0,723259.0,723326.0,723414.0,723479.0,723558.0,723599.0,723675.0,723733.0,723796.0,723864.0,723927.0,723990.0,724053.0,724108.0,724161.0,724215.0,724270.0,724319.0,724380.0,724430.0,724478.0,724535.0,724602.0,724651.0,724708.0,724763.0,724820.0,724876.0,724938.0,724985.0,725065.0,725149.0,725223.0,725327.0,725388.0,725458.0,725527.0,725592.0,725660.0,725735.0,725783.0,725862.0,725932.0,726010.0,726080.0,726147.0,726213.0,726280.0,726362.0,726453.0,726535.0,726601.0,726663.0,726715.0,726776.0,726850.0,726924.0,726979.0,727026.0,727056.0,727108.0,727145.0,727196.0,727243.0,727293.0,727336.0,727399.0,727459.0,727524.0,727567.0,727603.0,727653.0,727703.0,727770.0,727824.0,727877.0,727937.0,728110.0,728223.0,728296.0,728377.0,728453.0,728524.0,728602.0,728655.0,728721.0,728772.0,728841.0,728882.0,728934.0,728979.0,729029.0,729086.0,729134.0,729171.0,,,,,,,,,729506.0,729556.0,729595.0,729628.0,729664.0,729704.0,729740.0,729782.0,729835.0,729870.0,729906.0,729938.0,729981.0,730033.0,730086.0,730130.0,730171.0,730217.0,730268.0,730309.0,730352.0,730398.0,730425.0,730464.0,730508.0,730561.0,730629.0,730677.0,730715.0,730757.0,730792.0,730826.0,730862.0,730879.0,730914.0,730965.0,731015.0,731054.0,731114.0,731147.0,731179.0,731229.0,731260.0,731290.0,731324.0,731369.0,731406.0,731444.0,731480
mRQMpCZk-So,38934.0,39057.0,39165.0,39322.0,39471.0,39595.0,39760.0,39910.0,40073.0,40195.0,40320.0,40455.0,40581.0,40728.0,40892.0,41032.0,41157.0,41280.0,41408.0,41581.0,41752.0,41969.0,42132.0,42290.0,42446.0,42637.0,42830.0,43010.0,43161.0,43294.0,43399.0,43510.0,43649.0,43745.0,43910.0,44018.0,44144.0,44278.0,44387.0,44517.0,44650.0,44757.0,44881.0,45000.0,45116.0,45240.0,45341.0,45492.0,45677.0,45833.0,45968.0,46109.0,46263.0,46391.0,46568.0,46733.0,46879.0,47033.0,47190.0,47312.0,47434.0,47563.0,47704.0,47848.0,47969.0,48095.0,48206.0,48357.0,48493.0,48630.0,48791.0,48939.0,49059.0,49179.0,49309.0,49460.0,49632.0,49781.0,49970.0,50135.0,50270.0,50406.0,50581.0,50700.0,50812.0,50963.0,51069.0,51172.0,51303.0,51436.0,51552.0,51662.0,51804.0,51929.0,52040.0,52153.0,52291.0,52400.0,52527.0,52656.0,52794.0,52901.0,53015.0,53142.0,53267.0,53387.0,53483.0,53598.0,53717.0,53831.0,53930.0,54081.0,54228.0,54379.0,54478.0,54611.0,54755.0,54895.0,55054.0,55177.0,55312.0,55441.0,55589.0,55740.0,55867.0,56030.0,56217.0,56350.0,56495.0,56643.0,56760.0,56905.0,57054.0,57197.0,,,,,,,,,58219.0,58289.0,58392.0,58500.0,58638.0,58748.0,58849.0,58968.0,59082.0,59174.0,59287.0,59416.0,59604.0,59770.0,59921.0,60043.0,60175.0,60312.0,60454.0,60574.0,60682.0,60760.0,60855.0,60967.0,61066.0,61176.0,61305.0,61424.0,61524.0,61620.0,61731.0,61832.0,61935.0,62041.0,62165.0,62280.0,62369.0,62484.0,62577.0,62707.0,62828.0,62934.0,63019.0,63109.0,63219.0,63301.0,63407.0,63519.0,63617
_CWhxADbXT0,17826.0,17889.0,17949.0,18004.0,18069.0,18136.0,18204.0,18314.0,18397.0,18451.0,18522.0,18608.0,18672.0,18733.0,18809.0,18891.0,18959.0,19019.0,19088.0,19169.0,19251.0,19330.0,19403.0,19473.0,19532.0,19600.0,19690.0,19734.0,19789.0,19846.0,19883.0,19931.0,19981.0,20050.0,20112.0,20160.0,20231.0,20282.0,20323.0,20371.0,20416.0,20466.0,20512.0,20557.0,20626.0,20664.0,20719.0,20769.0,20835.0,20896.0,20984.0,21043.0,21108.0,21168.0,21224.0,21290.0,21344.0,21394.0,21447.0,21504.0,21561.0,21613.0,21687.0,21760.0,21821.0,21889.0,21932.0,22004.0,22058.0,22126.0,22171.0,22232.0,22282.0,22407.0,22492.0,22531.0,22579.0,22643.0,22703.0,22751.0,22802.0,22869.0,22924.0,22973.0,23032.0,23095.0,23139.0,23186.0,23222.0,23258.0,23306.0,23351.0,23401.0,23430.0,23469.0,23521.0,23567.0,23619.0,23670.0,23726.0,23762.0,23803.0,23848.0,23895.0,23922.0,23986.0,24051.0,24132.0,24183.0,24231.0,24272.0,24356.0,24441.0,24506.0,24567.0,24632.0,24692.0,24745.0,24809.0,24880.0,24933.0,24999.0,25045.0,25091.0,25150.0,25210.0,25265.0,25311.0,25351.0,25387.0,25437.0,25490.0,25533.0,25567.0,,,,,,,,,25919.0,25937.0,25990.0,26056.0,26099.0,26142.0,26192.0,26236.0,26302.0,26340.0,26394.0,26472.0,26533.0,26587.0,26640.0,26712.0,26756.0,26801.0,26844.0,26877.0,26916.0,26933.0,26950.0,26975.0,27011.0,27041.0,27078.0,27117.0,27135.0,27167.0,27191.0,27221.0,27246.0,27277.0,27320.0,27357.0,27385.0,27438.0,27483.0,27517.0,27561.0,27605.0,27653.0,27692.0,27747.0,27798.0,27851.0,27902.0,27960
KeC8J-xV7fk,1426465.0,1428889.0,1431547.0,1434233.0,1436882.0,1439569.0,1442065.0,1444663.0,1447253.0,1449879.0,1452343.0,1454885.0,1457549.0,1460086.0,1462570.0,1464971.0,1467403.0,1469628.0,1471984.0,1474543.0,1476988.0,1479244.0,1481513.0,1483761.0,1485941.0,1488571.0,1492217.0,1495510.0,1499009.0,1502032.0,1504994.0,1507835.0,1510800.0,1513708.0,1516531.0,1519377.0,1522178.0,1524765.0,1527179.0,1529737.0,1532301.0,1534944.0,1537402.0,1539990.0,1542481.0,1544918.0,1547625.0,1550558.0,1553461.0,1555957.0,1558279.0,1560681.0,1562995.0,1565307.0,1567839.0,1570307.0,1572877.0,1575302.0,1577554.0,1579702.0,1581930.0,1584413.0,1586742.0,1589039.0,1591188.0,1593274.0,1595352.0,1597548.0,1599512.0,1601922.0,1604138.0,1606389.0,1608634.0,1610676.0,1612706.0,1614747.0,1616819.0,1619007.0,1621064.0,1623105.0,1625243.0,1627672.0,1629863.0,1632058.0,1634142.0,1636279.0,1638356.0,1640414.0,1642327.0,1644124.0,1646125.0,1648129.0,1650084.0,1652010.0,1653753.0,1655402.0,1657076.0,1658770.0,1660558.0,1662345.0,1664094.0,1665928.0,1667740.0,1669486.0,1671237.0,1673015.0,1674702.0,1676489.0,1678088.0,1680098.0,1682093.0,1684162.0,1686296.0,1688270.0,1690134.0,1691959.0,1693885.0,1696144.0,1698404.0,1700551.0,1702749.0,1704725.0,1706721.0,1708674.0,1710668.0,1712866.0,1714761.0,1716861.0,1718906.0,1720831.0,1722750.0,1724660.0,1726753.0,1728598.0,,,,,,,,,1745746.0,1747487.0,1749408.0,1751331.0,1753283.0,1755173.0,1757002.0,1758694.0,1760479.0,1762085.0,1763825.0,1765490.0,1767250.0,1768957.0,1770608.0,1772230.0,1773849.0,1775682.0,1777631.0,1779530.0,1781319.0,1783159.0,1785023.0,1786842.0,1788704.0,1790571.0,1792546.0,1794592.0,1796457.0,1798360.0,1800238.0,1802198.0,1804188.0,1806209.0,1808077.0,1809980.0,1811855.0,1813829.0,1816065.0,1818467.0,1820724.0,1822918.0,1825153.0,1827212.0,1829355.0,1831513.0,1833714.0,1835884.0,1838039
TLlYFfZKOV4,110188.0,110906.0,111778.0,112515.0,113306.0,114271.0,115082.0,115865.0,116968.0,118205.0,119250.0,120232.0,121267.0,122361.0,123460.0,124497.0,125484.0,126294.0,127380.0,128491.0,129514.0,130504.0,131621.0,132449.0,133195.0,134379.0,136405.0,138108.0,139898.0,141507.0,142841.0,144169.0,145893.0,147745.0,149048.0,150294.0,151587.0,152637.0,153588.0,154473.0,155377.0,156315.0,157114.0,158096.0,158968.0,159860.0,160826.0,161955.0,163038.0,163884.0,164553.0,165272.0,165955.0,166668.0,167512.0,168411.0,169329.0,170216.0,171049.0,171807.0,172732.0,173638.0,174550.0,175400.0,176045.0,176581.0,177175.0,177840.0,178631.0,179670.0,180643.0,181532.0,182207.0,182961.0,183748.0,184645.0,185441.0,186311.0,187377.0,188336.0,189023.0,189750.0,190400.0,191119.0,191827.0,192534.0,193303.0,194016.0,194706.0,195365.0,195991.0,196790.0,197512.0,198317.0,199060.0,199725.0,200430.0,201178.0,201883.0,202614.0,203303.0,203938.0,204558.0,205212.0,205996.0,206745.0,207413.0,208140.0,208992.0,209702.0,210401.0,211368.0,212238.0,213068.0,213887.0,214620.0,215361.0,216155.0,217068.0,218010.0,219029.0,220005.0,220723.0,221424.0,222284.0,223196.0,224021.0,224824.0,225553.0,226097.0,226748.0,227528.0,228205.0,228804.0,,,,,,,,,234983.0,235523.0,236125.0,236851.0,237438.0,238171.0,238906.0,239532.0,240228.0,240916.0,241629.0,242385.0,243223.0,243908.0,244577.0,245185.0,245968.0,246839.0,247686.0,248592.0,249474.0,250267.0,251059.0,251768.0,252533.0,253176.0,254072.0,254809.0,255515.0,256141.0,256836.0,257643.0,258434.0,259231.0,259996.0,260671.0,261460.0,262264.0,263151.0,263950.0,264897.0,265811.0,266579.0,267368.0,268248.0,269123.0,270012.0,270875.0,271771
dyjuKLX7LY4,210041.0,210990.0,211953.0,212854.0,213818.0,214984.0,215933.0,216831.0,217693.0,218650.0,219693.0,220765.0,221848.0,222863.0,223811.0,224764.0,225597.0,226372.0,227449.0,228301.0,229126.0,229900.0,230740.0,231364.0,232061.0,232785.0,233528.0,234407.0,235151.0,236002.0,236585.0,237189.0,237879.0,238617.0,239315.0,240081.0,240894.0,241639.0,242151.0,242952.0,243631.0,244340.0,244964.0,245659.0,246185.0,246628.0,247361.0,247990.0,248801.0,249556.0,250317.0,251105.0,251809.0,252673.0,253496.0,254248.0,254924.0,255669.0,256474.0,257066.0,257823.0,258530.0,259264.0,259916.0,260629.0,261182.0,261674.0,262272.0,262916.0,263719.0,264466.0,264990.0,265672.0,266221.0,266898.0,267558.0,268338.0,268891.0,269646.0,270246.0,270745.0,271455.0,272205.0,272834.0,273440.0,274148.0,274737.0,275267.0,275953.0,276651.0,277300.0,277871.0,278634.0,279176.0,279645.0,280282.0,280984.0,281677.0,282380.0,283104.0,283700.0,284172.0,284695.0,285442.0,286084.0,286774.0,287439.0,287958.0,288493.0,289183.0,289896.0,290535.0,291190.0,291882.0,292349.0,292831.0,293453.0,294219.0,294842.0,295675.0,296173.0,296707.0,297249.0,297728.0,298256.0,298979.0,299679.0,300514.0,301061.0,301703.0,302422.0,303011.0,303674.0,304306.0,,,,,,,,,310219.0,310754.0,311378.0,312012.0,312667.0,313236.0,313767.0,314295.0,314733.0,315352.0,315890.0,316560.0,317192.0,317840.0,318348.0,318859.0,319486.0,320126.0,320779.0,321416.0,321999.0,322485.0,322900.0,323546.0,324214.0,324879.0,325451.0,325940.0,326379.0,326837.0,327406.0,328120.0,328797.0,329496.0,330026.0,330512.0,330892.0,331420.0,332110.0,332763.0,333470.0,334060.0,334662.0,335058.0,335644.0,336203.0,336848.0,337458.0,338076
xEeROqUidGg,11288804.0,11289408.0,11290104.0,11290764.0,11291498.0,11292248.0,11292952.0,11293688.0,11294376.0,11295179.0,11295981.0,11296728.0,11297427.0,11298132.0,11298804.0,11299444.0,11300078.0,11300757.0,11301521.0,11302238.0,11303097.0,11303927.0,11304739.0,11305319.0,11306043.0,11306693.0,11307744.0,11308661.0,11309471.0,11310200.0,11310906.0,11311626.0,11312243.0,11312939.0,11313681.0,11314535.0,11315316.0,11316065.0,11316946.0,11317772.0,11318523.0,11319371.0,11320271.0,11321239.0,11322165.0,11322869.0,11323517.0,11324207.0,11325004.0,11325742.0,11326346.0,11327126.0,11327795.0,11328371.0,11329055.0,11329723.0,11330538.0,11331693.0,11332675.0,11333574.0,11334344.0,11335029.0,11335797.0,11336504.0,11337132.0,11337740.0,11338473.0,11339050.0,11339570.0,11340230.0,11340795.0,11341294.0,11341755.0,11342175.0,11342769.0,11343194.0,11343652.0,11344075.0,11344568.0,11344980.0,11345470.0,11345992.0,11346617.0,11347133.0,11347548.0,11347922.0,11348338.0,11348796.0,11349293.0,11349783.0,11350328.0,11350691.0,11351078.0,11351509.0,11351865.0,11352330.0,11352850.0,11353342.0,11353856.0,11354275.0,11354693.0,11355137.0,11355520.0,11355981.0,11356406.0,11356894.0,11357455.0,11357917.0,11358469.0,11358886.0,11359336.0,11359742.0,11360060.0,11360469.0,11360847.0,11361312.0,11361789.0,11362361.0,11362830.0,11363252.0,11363738.0,11364071.0,11364497.0,11364824.0,11365152.0,11365483.0,11365834.0,11366213.0,11366557.0,11366999.0,11367352.0,11367759.0,11368128.0,11368443.0,,,,,,,,,11371744.0,11372214.0,11372643.0,11373032.0,11373443.0,11373822.0,11374191.0,11374583.0,11374914.0,11375299.0,11375663.0,11376071.0,11376432.0,11377014.0,11377487.0,11378043.0,11379155.0,11381352.0,11383290.0,11384754.0,11385846.0,11386651.0,11387651.0,11388420.0,11388946.0,11389387.0,11389991.0,11390520.0,11391035.0,11391614.0,11392150.0,11392582.0,11393145.0,11393632.0,11394014.0,11394483.0,11394893.0,11395310.0,11395742.0,11396177.0,11396685.0,11397063.0,11397508.0,11397840.0,11398208.0,11398505.0,11398966.0,11399309.0,11399617
qVADqExcRG8,240670.0,242498.0,244373.0,246398.0,248177.0,249880.0,251453.0,252850.0,254234.0,255615.0,256926.0,257959.0,259173.0,260296.0,261413.0,262501.0,263503.0,264760.0,265826.0,266970.0,268179.0,269439.0,270548.0,271822.0,273230.0,274481.0,275725.0,276904.0,277829.0,278659.0,279406.0,280253.0,281035.0,281929.0,282940.0,283889.0,284878.0,285594.0,286280.0,286886.0,287417.0,288149.0,289262.0,290915.0,291925.0,293098.0,294226.0,295352.0,296473.0,297413.0,298246.0,299195.0,300251.0,301243.0,302359.0,303419.0,304435.0,305445.0,306321.0,307271.0,308085.0,308912.0,309600.0,310306.0,310901.0,311433.0,311831.0,312195.0,312495.0,312852.0,313174.0,313471.0,313859.0,314428.0,314720.0,314971.0,315143.0,315378.0,315624.0,315850.0,316121.0,316324.0,316587.0,316792.0,316988.0,317211.0,317447.0,317785.0,318009.0,318209.0,318466.0,319447.0,320182.0,321034.0,321445.0,321809.0,322137.0,322429.0,322690.0,323173.0,323641.0,324162.0,324571.0,325003.0,325347.0,325730.0,326034.0,326311.0,326616.0,326926.0,327154.0,327427.0,328173.0,330429.0,331326.0,332601.0,333386.0,334064.0,335034.0,335617.0,336282.0,337074.0,337781.0,338494.0,339239.0,339905.0,340516.0,341137.0,341526.0,341901.0,342171.0,342485.0,342925.0,343248.0,,,,,,,,,347958.0,348459.0,348805.0,349158.0,349569.0,349850.0,350075.0,350349.0,350578.0,350760.0,350926.0,351118.0,351311.0,351479.0,351672.0,351865.0,352030.0,352182.0,352340.0,352516.0,352664.0,352844.0,353073.0,353294.0,353582.0,353916.0,354202.0,354416.0,354674.0,354948.0,355146.0,355347.0,355571.0,355753.0,355936.0,356098.0,356260.0,356420.0,356550.0,356742.0,356876.0,357061.0,357240.0,357415.0,357568.0,357754.0,357950.0,358116.0,358277
7G6_avXknCk,15715277.0,15741465.0,15772426.0,15801408.0,15830108.0,15859127.0,15890467.0,15919746.0,15951530.0,15983516.0,16013147.0,16041188.0,16072195.0,16102268.0,16132099.0,16159371.0,16189115.0,16217755.0,16247210.0,16273756.0,16299497.0,16324355.0,16348223.0,16369340.0,16390298.0,16412522.0,16435292.0,16457740.0,16478562.0,16499590.0,16520903.0,16541306.0,16561843.0,16583654.0,16605799.0,16628132.0,16650552.0,16672986.0,16693880.0,16715065.0,16737368.0,16759483.0,16782938.0,16806146.0,16826940.0,16846909.0,16866058.0,16887037.0,16907589.0,16927598.0,16946605.0,16966746.0,16984414.0,17001885.0,17021311.0,17041079.0,17060502.0,17080555.0,17100716.0,17120044.0,17138304.0,17155940.0,17173699.0,17191546.0,17209965.0,17228582.0,17246235.0,17264727.0,17280647.0,17301328.0,17318550.0,17335628.0,17353364.0,17372998.0,17393437.0,17413095.0,17433444.0,17451053.0,17473425.0,17495186.0,17514829.0,17534574.0,17553875.0,17573124.0,17591125.0,17608758.0,17626575.0,17644422.0,17662798.0,17681572.0,17699385.0,17716398.0,17732863.0,17751381.0,17770559.0,17787983.0,17806124.0,17823925.0,17841907.0,17858868.0,17877252.0,17893869.0,17909281.0,17924032.0,17940031.0,17955637.0,17971571.0,17988498.0,18007032.0,18023725.0,18038893.0,18054399.0,18068783.0,18084574.0,18102989.0,18123295.0,18141216.0,18158376.0,18175618.0,18191804.0,18208934.0,18227117.0,18245019.0,18260599.0,18276491.0,18291883.0,18307365.0,18324377.0,18343257.0,18361757.0,18378278.0,18393976.0,18409086.0,18423685.0,,,,,,,,,18572043.0,18590993.0,18607880.0,18624006.0,18640372.0,18658273.0,18676358.0,18693516.0,18712034.0,18728767.0,18745835.0,18762771.0,18780735.0,18797946.0,18817770.0,18837512.0,18855796.0,18874558.0,18893959.0,18912064.0,18930998.0,18951110.0,18971313.0,18990311.0,19008407.0,19026406.0,19043941.0,19063944.0,19086858.0,19109077.0,19128452.0,19148183.0,19167385.0,19184714.0,19202650.0,19221110.0,19239197.0,19255318.0,19271227.0,19287552.0,19304247.0,19320039.0,19336768.0,19353776.0,19369364.0,19385026.0,19400365.0,19415766.0,19430398
eHCYzIu-ij4,2045662.0,2051840.0,2058317.0,2064412.0,2071158.0,2078187.0,2085481.0,2092691.0,2099772.0,2106540.0,2113461.0,2127719.0,2137881.0,2146613.0,2155004.0,2162965.0,2170270.0,2177529.0,2185233.0,2191783.0,2198738.0,2205923.0,2212602.0,2219548.0,2226097.0,2232338.0,2238985.0,2245191.0,2251125.0,2257264.0,2263395.0,2269082.0,2274522.0,2280470.0,2286295.0,2292186.0,2297934.0,2303113.0,2308284.0,2313705.0,2318925.0,2324206.0,2329853.0,2335565.0,2341176.0,2346896.0,2353043.0,2359085.0,2365041.0,2370684.0,2379346.0,2386000.0,2392446.0,2398600.0,2405008.0,2410965.0,2416978.0,2422777.0,2428729.0,2434886.0,2440978.0,2446493.0,2452043.0,2457778.0,2463253.0,2468148.0,2473094.0,2478517.0,2483259.0,2489570.0,2495269.0,2500577.0,2505745.0,2511390.0,2517950.0,2524563.0,2531204.0,2537840.0,2544889.0,2551533.0,2557888.0,2564881.0,2571635.0,2578390.0,2584952.0,2591555.0,2597797.0,2603629.0,2609761.0,2615948.0,2622336.0,2628872.0,2635212.0,2641511.0,2648063.0,2654369.0,2660512.0,2666381.0,2672379.0,2678204.0,2684423.0,2690829.0,2697766.0,2704835.0,2712009.0,2718556.0,2724842.0,2730506.0,2736791.0,2743791.0,2750526.0,2757151.0,2762768.0,2768293.0,2773391.0,2778186.0,2783504.0,2788359.0,2793623.0,2798352.0,2803052.0,2807962.0,2812887.0,2817590.0,2822399.0,2827219.0,2832609.0,2837790.0,2842770.0,2847467.0,2852355.0,2857519.0,2862449.0,2867063.0,,,,,,,,,2912278.0,2917535.0,2922890.0,2928110.0,2933362.0,2938297.0,2943053.0,2947532.0,2952488.0,2957254.0,2961843.0,2966357.0,2971516.0,2976412.0,2981111.0,2986019.0,2992260.0,3001653.0,3009300.0,3015888.0,3021917.0,3028115.0,3033935.0,3039916.0,3046324.0,3052106.0,3057629.0,3063006.0,3068014.0,3073474.0,3078715.0,3084404.0,3089934.0,3095136.0,3100217.0,3105839.0,3110621.0,3115437.0,3120389.0,3125573.0,3131268.0,3136776.0,3142354.0,3147726.0,3152988.0,3158320.0,3163777.0,3169011.0,3174400
_XVeYyB3yQk,31799.0,32115.0,32442.0,32806.0,33101.0,33457.0,33749.0,33956.0,34204.0,34406.0,34651.0,34891.0,35130.0,35400.0,35662.0,35888.0,36121.0,36331.0,36536.0,36725.0,36900.0,37070.0,37223.0,37343.0,37465.0,37629.0,37799.0,37968.0,38123.0,38269.0,38432.0,38607.0,38810.0,39018.0,39191.0,39332.0,39491.0,39628.0,39743.0,39887.0,40013.0,40164.0,40279.0,40423.0,40561.0,40682.0,40790.0,40911.0,41074.0,41188.0,41349.0,41485.0,41606.0,41814.0,41964.0,42122.0,42260.0,42367.0,42499.0,42649.0,42813.0,42978.0,43156.0,43318.0,43491.0,43665.0,43825.0,43998.0,44153.0,44304.0,44500.0,44639.0,44796.0,44943.0,45101.0,45260.0,45454.0,45590.0,45757.0,45909.0,46061.0,46212.0,46361.0,46501.0,46635.0,46748.0,46913.0,47036.0,47173.0,47297.0,47444.0,47596.0,47736.0,47847.0,47996.0,48109.0,48273.0,48400.0,48492.0,48602.0,48710.0,48833.0,48980.0,49101.0,49234.0,49380.0,49513.0,49595.0,49689.0,49782.0,49872.0,49951.0,50047.0,50136.0,50239.0,50335.0,50394.0,50464.0,50565.0,50668.0,50746.0,50828.0,50912.0,50991.0,51056.0,51117.0,51197.0,51288.0,51346.0,51420.0,51505.0,51631.0,51707.0,51778.0,,,,,,,,,52440.0,52499.0,52585.0,52642.0,52706.0,52794.0,52861.0,52908.0,52994.0,53065.0,53112.0,53183.0,53275.0,53350.0,53412.0,53467.0,53518.0,53573.0,53644.0,53694.0,53738.0,53783.0,53838.0,53895.0,53934.0,53991.0,54047.0,54098.0,54169.0,54217.0,54274.0,54331.0,54415.0,54462.0,54514.0,54575.0,54624.0,54683.0,54749.0,54813.0,54882.0,54949.0,55003.0,55061.0,55119.0,55180.0,55245.0,55298.0,55338
3tyQN78tkU4,223983.0,224477.0,224870.0,225315.0,225809.0,226281.0,226718.0,227134.0,227609.0,228101.0,228603.0,229105.0,229599.0,230206.0,230770.0,231325.0,231736.0,232158.0,232546.0,233140.0,233800.0,234413.0,236300.0,237545.0,238733.0,239755.0,240549.0,241377.0,242141.0,243035.0,243778.0,244334.0,245042.0,246023.0,246879.0,247669.0,248471.0,249104.0,249688.0,250214.0,250711.0,251326.0,251942.0,252491.0,252946.0,253403.0,253947.0,254511.0,255065.0,255395.0,255812.0,256188.0,256519.0,256891.0,257285.0,257576.0,257895.0,258171.0,258513.0,258782.0,259055.0,259383.0,259696.0,259992.0,260305.0,260577.0,260867.0,261186.0,261396.0,261794.0,262118.0,262446.0,262701.0,263003.0,263309.0,263620.0,264038.0,264343.0,264720.0,265046.0,265415.0,265728.0,266030.0,266352.0,266651.0,266993.0,267286.0,267519.0,267806.0,268119.0,268438.0,268720.0,268985.0,269233.0,269458.0,269709.0,269970.0,270217.0,270536.0,270760.0,271032.0,271315.0,271618.0,271929.0,272159.0,272419.0,272700.0,272992.0,273200.0,273505.0,273803.0,274084.0,274376.0,274707.0,274991.0,275285.0,275979.0,277080.0,277959.0,278638.0,279304.0,279896.0,280388.0,280980.0,281617.0,282196.0,282698.0,283184.0,283699.0,284063.0,284530.0,284913.0,285388.0,285743.0,,,,,,,,,288790.0,289042.0,289408.0,289734.0,290047.0,290347.0,290860.0,291387.0,291836.0,292309.0,292770.0,293248.0,293678.0,294144.0,294458.0,294853.0,295221.0,295643.0,296027.0,296376.0,296772.0,297146.0,297459.0,297828.0,298177.0,298548.0,298900.0,299211.0,299489.0,299813.0,300178.0,300504.0,300790.0,301101.0,301375.0,301671.0,301930.0,302275.0,302588.0,302983.0,303315.0,303633.0,303892.0,304206.0,304522.0,304822.0,305104.0,305442.0,305756
6VgYBcKFwac,183486.0,183619.0,183730.0,183854.0,183971.0,184045.0,184136.0,184216.0,184281.0,184354.0,184455.0,184539.0,184637.0,184697.0,184774.0,184834.0,184906.0,184964.0,185028.0,185092.0,185149.0,185198.0,185257.0,185297.0,185343.0,185390.0,185450.0,185499.0,185549.0,185597.0,185646.0,185695.0,185726.0,185777.0,185815.0,185856.0,185916.0,185951.0,185986.0,186031.0,186069.0,186107.0,186154.0,186193.0,186239.0,186276.0,186313.0,186347.0,186382.0,186427.0,186462.0,186490.0,186532.0,186574.0,186620.0,186656.0,186681.0,186723.0,186756.0,186797.0,186843.0,186862.0,186890.0,186920.0,186956.0,186985.0,187007.0,187033.0,187049.0,187074.0,187125.0,187158.0,187188.0,187222.0,187248.0,187282.0,187311.0,187341.0,187366.0,187393.0,187416.0,187448.0,187476.0,187500.0,187528.0,187556.0,187580.0,187597.0,187629.0,187656.0,187682.0,187696.0,187728.0,187763.0,187784.0,187814.0,187838.0,187863.0,187906.0,187920.0,187938.0,187965.0,187980.0,187998.0,188025.0,188047.0,188067.0,188295.0,188349.0,188377.0,188406.0,188437.0,188459.0,188486.0,188502.0,188534.0,188553.0,188576.0,188591.0,188600.0,188622.0,188639.0,188659.0,188671.0,188694.0,188704.0,188715.0,188740.0,188754.0,188780.0,188797.0,188812.0,188833.0,188850.0,,,,,,,,,188998.0,189010.0,189020.0,189032.0,189057.0,189072.0,189083.0,189100.0,189117.0,189137.0,189151.0,189167.0,189183.0,189205.0,189230.0,189260.0,189273.0,189288.0,189301.0,189338.0,189347.0,189362.0,189381.0,189414.0,189432.0,189459.0,189478.0,189501.0,189520.0,189544.0,189566.0,189581.0,189599.0,189611.0,189633.0,189659.0,189671.0,189696.0,189715.0,189746.0,189767.0,189781.0,189801.0,189817.0,189835.0,189864.0,189886.0,189913.0,189946
_ivLUJ3R62U,538999.0,541365.0,544027.0,546390.0,548780.0,551340.0,553728.0,556651.0,559383.0,561790.0,563792.0,566172.0,569032.0,572263.0,576150.0,578979.0,581590.0,584301.0,587718.0,590546.0,592754.0,594958.0,597735.0,599857.0,601934.0,604128.0,607129.0,609828.0,612528.0,615133.0,617158.0,618804.0,620852.0,623165.0,627277.0,631988.0,636244.0,638492.0,640365.0,643266.0,646273.0,650191.0,653143.0,655952.0,658351.0,660507.0,662574.0,664286.0,666044.0,668191.0,670350.0,672602.0,674353.0,676480.0,678340.0,679921.0,681304.0,683010.0,684809.0,686208.0,687794.0,689596.0,691587.0,693342.0,694914.0,696570.0,697957.0,699487.0,700776.0,702518.0,704233.0,705837.0,707192.0,708435.0,709980.0,711546.0,713147.0,714733.0,716406.0,717881.0,719322.0,721198.0,724026.0,726896.0,729560.0,732628.0,735002.0,736513.0,738138.0,739865.0,741708.0,743279.0,744940.0,746362.0,747615.0,748831.0,750180.0,751437.0,752784.0,754296.0,755545.0,756758.0,758234.0,759520.0,760875.0,762371.0,763571.0,764877.0,766117.0,767953.0,769447.0,770994.0,772291.0,773808.0,775320.0,776552.0,778102.0,779823.0,782084.0,784044.0,785505.0,786987.0,788260.0,789467.0,790602.0,791719.0,792852.0,794189.0,795305.0,796289.0,797456.0,798611.0,800020.0,801494.0,,,,,,,,,816311.0,817653.0,819468.0,821412.0,823167.0,825019.0,826878.0,828637.0,830296.0,832974.0,835456.0,838299.0,841481.0,844513.0,846931.0,849326.0,852524.0,855922.0,858957.0,860956.0,862475.0,863933.0,865272.0,866860.0,868837.0,870672.0,872415.0,874296.0,875887.0,877248.0,879531.0,883447.0,887668.0,890991.0,894329.0,896846.0,899247.0,902377.0,905631.0,908630.0,911407.0,913517.0,915442.0,917080.0,919276.0,921358.0,923406.0,925438.0,927556
a5_b7KfG15Y,54827.0,54965.0,55102.0,55256.0,55352.0,55476.0,55595.0,55691.0,55824.0,55948.0,56063.0,56188.0,56311.0,56402.0,56531.0,56669.0,56753.0,56855.0,56988.0,57107.0,57257.0,57359.0,57460.0,57560.0,57642.0,57733.0,57845.0,57969.0,58150.0,58266.0,58384.0,58514.0,58661.0,58786.0,58936.0,59095.0,59264.0,59388.0,59510.0,59655.0,59795.0,59926.0,60015.0,60126.0,60235.0,60326.0,60433.0,60558.0,60687.0,60798.0,60936.0,61018.0,61096.0,61196.0,61310.0,61412.0,61523.0,61648.0,61769.0,61900.0,61984.0,62095.0,62213.0,62326.0,62449.0,62553.0,62650.0,62747.0,62818.0,62941.0,63053.0,63166.0,63275.0,63378.0,63471.0,63580.0,63695.0,63813.0,63930.0,64031.0,64115.0,64244.0,64332.0,64436.0,64515.0,64590.0,64666.0,64776.0,64878.0,64963.0,65063.0,65142.0,65231.0,65343.0,65433.0,65516.0,65621.0,65690.0,65781.0,65881.0,65951.0,66034.0,66145.0,66232.0,66341.0,66460.0,66546.0,66636.0,66707.0,66780.0,66859.0,66963.0,67065.0,67179.0,67271.0,67376.0,67508.0,67619.0,67652.0,67746.0,67814.0,67881.0,67917.0,67971.0,68055.0,68124.0,68193.0,68289.0,68346.0,68406.0,68464.0,68525.0,68580.0,68640.0,,,,,,,,,69227.0,69284.0,69349.0,69401.0,69459.0,69527.0,69616.0,69670.0,69743.0,69825.0,69902.0,69968.0,70044.0,70173.0,70258.0,70326.0,70405.0,70473.0,70533.0,70610.0,70669.0,70741.0,70810.0,70888.0,70967.0,71081.0,71168.0,71236.0,71311.0,71382.0,71463.0,71553.0,71657.0,71737.0,71837.0,71936.0,72022.0,72097.0,72185.0,72273.0,72361.0,72401.0,72469.0,72545.0,72615.0,72676.0,72736.0,72802.0,72861
4zve1lFvVQA,5614979.0,5623187.0,5632634.0,5641611.0,5650771.0,5659537.0,5668359.0,5677471.0,5686872.0,5696264.0,5705685.0,5714191.0,5723090.0,5731852.0,5740871.0,5749387.0,5758332.0,5766762.0,5775194.0,5783799.0,5792353.0,5801192.0,5809474.0,5817420.0,5824871.0,5832831.0,5841530.0,5849428.0,5857805.0,5866333.0,5875012.0,5883412.0,5892031.0,5900771.0,5909972.0,5918829.0,5927610.0,5936565.0,5945990.0,5955857.0,5965341.0,5973738.0,5982259.0,5990834.0,5999671.0,6008790.0,6018248.0,6028376.0,6038401.0,6048560.0,6058362.0,6069307.0,6079592.0,6090369.0,6102716.0,6114038.0,6125572.0,6136981.0,6147962.0,6158723.0,6169884.0,6181982.0,6194076.0,6205318.0,6216281.0,6226581.0,6237617.0,6248777.0,6258174.0,6271144.0,6283174.0,6295008.0,6305780.0,6316138.0,6326660.0,6336802.0,6347367.0,6358115.0,6368897.0,6379844.0,6391111.0,6402085.0,6412251.0,6422632.0,6432782.0,6442655.0,6452611.0,6462476.0,6472082.0,6481304.0,6490133.0,6498945.0,6507970.0,6517516.0,6527076.0,6537044.0,6546141.0,6555039.0,6564307.0,6574139.0,6584867.0,6595415.0,6606117.0,6615974.0,6625804.0,6635503.0,6645246.0,6655221.0,6665228.0,6674873.0,6684272.0,6693663.0,6703125.0,6712561.0,6721641.0,6730275.0,6738888.0,6747496.0,6755823.0,6763714.0,6772348.0,6780424.0,6788693.0,6796807.0,6804762.0,6812825.0,6821620.0,6830744.0,6839684.0,6848531.0,6857956.0,6867118.0,6876727.0,6885755.0,,,,,,,,,6963342.0,6971796.0,6979859.0,6987862.0,6995807.0,7003359.0,7010530.0,7017776.0,7025473.0,7032468.0,7039316.0,7046333.0,7054093.0,7061673.0,7069214.0,7076620.0,7083802.0,7091092.0,7098443.0,7106355.0,7114612.0,7123106.0,7131103.0,7139088.0,7146908.0,7154456.0,7162145.0,7169857.0,7177629.0,7185493.0,7195154.0,7204719.0,7213656.0,7222717.0,7231091.0,7239464.0,7247869.0,7255758.0,7264302.0,7273209.0,7281790.0,7290537.0,7299221.0,7307375.0,7315474.0,7323643.0,7331917.0,7340699.0,7349473
vmL-XgxwQZU,10315682.0,10343139.0,10373317.0,10402799.0,10432447.0,10460441.0,10487141.0,10514524.0,10539862.0,10564191.0,10588120.0,10611685.0,10636927.0,10663690.0,10691051.0,10715610.0,10739981.0,10762769.0,10785499.0,10806702.0,10828128.0,10849410.0,10872882.0,10895979.0,10916207.0,10936237.0,10955932.0,10974780.0,10993423.0,11011310.0,11028374.0,11044029.0,11059874.0,11075802.0,11094075.0,11110796.0,11128802.0,11146594.0,11163679.0,11181137.0,11198835.0,11215210.0,11230973.0,11247570.0,11263275.0,11278583.0,11293475.0,11309645.0,11325379.0,11340896.0,11355093.0,11370220.0,11383304.0,11396598.0,11411954.0,11426942.0,11442150.0,11457649.0,11472130.0,11486495.0,11500099.0,11513946.0,11527965.0,11542787.0,11557564.0,11571141.0,11585085.0,11599070.0,11610968.0,11627396.0,11642278.0,11656621.0,11671386.0,11684769.0,11699146.0,11714333.0,11731709.0,11747426.0,11763679.0,11778683.0,11793660.0,11808665.0,11823390.0,11838762.0,11853269.0,11868453.0,11882942.0,11896574.0,11909970.0,11923706.0,11937054.0,11950341.0,11963587.0,11976481.0,11988805.0,12001930.0,12014872.0,12027300.0,12039768.0,12051816.0,12064013.0,12076675.0,12088659.0,12099721.0,12111045.0,12122276.0,12134342.0,12147523.0,12160692.0,12173839.0,12186901.0,12199365.0,12212103.0,12224813.0,12237023.0,12248319.0,12259902.0,12270940.0,12281762.0,12292522.0,12303420.0,12314315.0,12325388.0,12336139.0,12346985.0,12357794.0,12368811.0,12379961.0,12390723.0,12401444.0,12412319.0,12423568.0,12434947.0,12445467.0,,,,,,,,,12537207.0,12547721.0,12556930.0,12565929.0,12575027.0,12583795.0,12591988.0,12600251.0,12609562.0,12618274.0,12626769.0,12635215.0,12644866.0,12654107.0,12663009.0,12672468.0,12681329.0,12690005.0,12699089.0,12707816.0,12716238.0,12724769.0,12733652.0,12742377.0,12751177.0,12759544.0,12768186.0,12776670.0,12784859.0,12793848.0,12806041.0,12820495.0,12833445.0,12848164.0,12860721.0,12874741.0,12887589.0,12898875.0,12911604.0,12923673.0,12935007.0,12945500.0,12956011.0,12966477.0,12976512.0,12986140.0,12995801.0,13005390.0,13014900
jdOLHrl__IU,46502.0,46801.0,47020.0,47234.0,47598.0,48022.0,48279.0,48645.0,48883.0,49185.0,49471.0,49703.0,49992.0,50478.0,51027.0,51546.0,51961.0,52245.0,52496.0,52763.0,53028.0,53265.0,53551.0,53748.0,53955.0,54169.0,54446.0,54722.0,54931.0,55300.0,55758.0,56122.0,56536.0,56892.0,57314.0,57947.0,58785.0,59168.0,59564.0,60317.0,60978.0,61525.0,62279.0,62873.0,63469.0,63983.0,64779.0,65452.0,66101.0,66638.0,67093.0,67652.0,68345.0,69239.0,70252.0,71282.0,72187.0,73254.0,74084.0,75206.0,76311.0,77192.0,78201.0,79284.0,80450.0,81329.0,81960.0,82594.0,83346.0,84417.0,85176.0,85823.0,86539.0,86984.0,87390.0,87746.0,88359.0,89076.0,89754.0,90244.0,90953.0,91542.0,92259.0,92873.0,93674.0,94529.0,95113.0,95814.0,96546.0,97320.0,98017.0,98660.0,99219.0,100013.0,100604.0,101208.0,101920.0,102516.0,103290.0,103995.0,104618.0,105286.0,106069.0,106792.0,107575.0,108332.0,109174.0,109678.0,110075.0,110472.0,111126.0,111657.0,112234.0,112649.0,113074.0,113480.0,113945.0,114426.0,114928.0,115443.0,115894.0,116201.0,116552.0,116806.0,117152.0,117566.0,117965.0,118472.0,118883.0,119240.0,119800.0,120258.0,120707.0,121175.0,,,,,,,,,125366.0,125773.0,126255.0,126797.0,127356.0,128010.0,128572.0,129169.0,129639.0,130186.0,130733.0,131215.0,131913.0,132543.0,133109.0,133576.0,134231.0,134875.0,135604.0,136050.0,136495.0,136862.0,137225.0,137628.0,138042.0,138433.0,138816.0,139217.0,139552.0,139840.0,140202.0,140618.0,141015.0,141438.0,141828.0,142232.0,142516.0,142917.0,143351.0,143792.0,144302.0,144756.0,145248.0,145638.0,146219.0,146767.0,147282.0,147762.0,148167
FbfIaVzIl8A,601498.0,601741.0,601990.0,602399.0,602683.0,602879.0,603096.0,603268.0,603457.0,603600.0,603745.0,603862.0,603976.0,604099.0,604222.0,604314.0,604416.0,604511.0,604610.0,604698.0,604784.0,604875.0,604964.0,605047.0,605134.0,605202.0,605267.0,605343.0,605444.0,605535.0,605619.0,605723.0,605789.0,605869.0,605937.0,606016.0,606098.0,606200.0,606273.0,606370.0,606441.0,606521.0,606598.0,606666.0,606722.0,606801.0,606903.0,606989.0,607042.0,607123.0,607202.0,607268.0,607349.0,607423.0,607482.0,607552.0,607627.0,607690.0,607775.0,607860.0,607927.0,607983.0,608026.0,608095.0,608169.0,608225.0,608297.0,608365.0,608422.0,608479.0,608542.0,608595.0,608649.0,608697.0,608763.0,608804.0,608857.0,608907.0,608954.0,609038.0,609122.0,609160.0,609225.0,609274.0,609334.0,609386.0,609436.0,609483.0,609519.0,609565.0,609618.0,609671.0,609720.0,609760.0,609799.0,609829.0,609855.0,609874.0,609899.0,609923.0,609950.0,609988.0,610007.0,610025.0,610050.0,610067.0,610081.0,610116.0,610159.0,610180.0,610207.0,610233.0,610250.0,610270.0,610302.0,610329.0,610351.0,610373.0,610400.0,610431.0,610460.0,610503.0,610544.0,610577.0,610614.0,610642.0,610683.0,610706.0,610732.0,610760.0,610788.0,610814.0,610832.0,610849.0,,,,,,,,,611004.0,611024.0,611035.0,611047.0,611073.0,611091.0,611100.0,611110.0,611133.0,611158.0,611179.0,611195.0,611211.0,611222.0,611247.0,611264.0,611270.0,611288.0,611302.0,611312.0,611324.0,611340.0,611360.0,611383.0,611396.0,611410.0,611424.0,611443.0,611475.0,611496.0,611516.0,611526.0,611537.0,611553.0,611569.0,611584.0,611605.0,611633.0,611657.0,611675.0,611689.0,611713.0,611729.0,611748.0,611764.0,611785.0,611797.0,611817.0,611834
fAmDoiuJgWw,3165230.0,3166304.0,3167428.0,3168591.0,3169783.0,3171034.0,3172240.0,3173483.0,3174723.0,3175981.0,3177142.0,3178302.0,3179623.0,3180882.0,3182206.0,3183460.0,3184686.0,3185867.0,3187020.0,3188253.0,3189583.0,3191250.0,3192843.0,3194183.0,3195508.0,3196857.0,3198403.0,3199920.0,3201389.0,3202838.0,3204245.0,3205517.0,3206757.0,3208198.0,3209561.0,3210838.0,3212136.0,3213484.0,3214729.0,3215864.0,3217259.0,3218814.0,3220232.0,3221613.0,3222952.0,3224100.0,3225333.0,3226611.0,3227841.0,3229063.0,3230199.0,3231364.0,3232506.0,3233594.0,3234927.0,3236161.0,3237404.0,3238866.0,3240332.0,3241565.0,3242657.0,3243724.0,3244923.0,3246095.0,3247138.0,3248253.0,3249436.0,3250454.0,3251509.0,3252817.0,3253863.0,3254962.0,3256071.0,3257206.0,3258305.0,3259549.0,3260754.0,3261944.0,3263114.0,3264196.0,3265204.0,3266182.0,3267230.0,3268262.0,3269240.0,3270164.0,3271100.0,3271946.0,3272839.0,3273816.0,3274751.0,3275636.0,3276545.0,3277517.0,3278476.0,3279274.0,3280139.0,3281253.0,3282165.0,3283100.0,3283949.0,3284831.0,3285645.0,3286481.0,3287401.0,3288318.0,3289151.0,3290023.0,3290846.0,3291770.0,3292637.0,3293520.0,3294395.0,3295197.0,3296102.0,3296986.0,3297944.0,3298867.0,3299717.0,3300608.0,3301498.0,3302332.0,3303259.0,3304079.0,3305060.0,3305975.0,3306817.0,3307809.0,3308686.0,3309576.0,3310430.0,3311240.0,3312112.0,3312986.0,,,,,,,,,3320276.0,3321143.0,3321957.0,3322746.0,3323526.0,3324303.0,3325042.0,3325787.0,3326579.0,3327387.0,3328316.0,3329190.0,3330044.0,3330923.0,3331747.0,3332543.0,3333314.0,3334082.0,3334935.0,3335711.0,3336525.0,3337433.0,3338212.0,3338987.0,3339740.0,3340559.0,3341392.0,3342258.0,3343082.0,3343904.0,3344713.0,3345488.0,3346290.0,3346991.0,3347738.0,3348454.0,3349172.0,3349857.0,3350569.0,3351242.0,3351998.0,3352736.0,3353395.0,3354034.0,3354720.0,3355361.0,3356004.0,3356676.0,3357329
afRJOsLz2M8,1626731.0,1627131.0,1627625.0,1628161.0,1628639.0,1629085.0,1629479.0,1629936.0,1630330.0,1630681.0,1631098.0,1631401.0,1631844.0,1632394.0,1632841.0,1633222.0,1633594.0,1633883.0,1634158.0,1634501.0,1634819.0,1635078.0,1635453.0,1635758.0,1636087.0,1636435.0,1636654.0,1637027.0,1637377.0,1637747.0,1638028.0,1638318.0,1638571.0,1638805.0,1639061.0,1639348.0,1639632.0,1639865.0,1640113.0,1640396.0,1640588.0,1640868.0,1641132.0,1641358.0,1641646.0,1641893.0,1642097.0,1642384.0,1642607.0,1642894.0,1643106.0,1643304.0,1643523.0,1643729.0,1643951.0,1644368.0,1644797.0,1645211.0,1645476.0,1645758.0,1646075.0,1646350.0,1646664.0,1647017.0,1647369.0,1647688.0,1647994.0,1648372.0,1648645.0,1649124.0,1649464.0,1649809.0,1650089.0,1650438.0,1650707.0,1650967.0,1651222.0,1651528.0,1651811.0,1652070.0,1652325.0,1652543.0,1652767.0,1652984.0,1653207.0,1653463.0,1653696.0,1653943.0,1654150.0,1654442.0,1654644.0,1654902.0,1655147.0,1655422.0,1655638.0,1655884.0,1656116.0,1656347.0,1656587.0,1656818.0,1657008.0,1657206.0,1657419.0,1657656.0,1657878.0,1658112.0,1658281.0,1658486.0,1658715.0,1658919.0,1659089.0,1659337.0,1659520.0,1659714.0,1659995.0,1660253.0,1660446.0,1660649.0,1660843.0,1661053.0,1661246.0,1661462.0,1661693.0,1661892.0,1662091.0,1662290.0,1662528.0,1662732.0,1662967.0,1663125.0,1663264.0,1663407.0,1663548.0,1663709.0,,,,,,,,,1665096.0,1665255.0,1665411.0,1665554.0,1665724.0,1665870.0,1666018.0,1666150.0,1666314.0,1666455.0,1666608.0,1666763.0,1666895.0,1667035.0,1667198.0,1667341.0,1667473.0,1667611.0,1667761.0,1667907.0,1668041.0,1668174.0,1668342.0,1668526.0,1668674.0,1668824.0,1668969.0,1669105.0,1669246.0,1669423.0,1669589.0,1669769.0,1669981.0,1670249.0,1670453.0,1670771.0,1671182.0,1671508.0,1671911.0,1672290.0,1672619.0,1672919.0,1673246.0,1673492.0,1673703.0,1673912.0,1674082.0,1674284.0,1674480
UT-5fV-y0lc,701440.0,701800.0,702201.0,702628.0,703079.0,703494.0,703800.0,704169.0,704571.0,704976.0,705374.0,705679.0,706010.0,706407.0,706902.0,707364.0,707768.0,708096.0,708498.0,709081.0,709602.0,710152.0,710699.0,711079.0,711527.0,711999.0,712629.0,713242.0,713619.0,714007.0,714405.0,714731.0,715206.0,715594.0,716044.0,716511.0,716909.0,717306.0,717753.0,718158.0,718482.0,718817.0,719081.0,719308.0,719644.0,719990.0,720238.0,720570.0,720952.0,721375.0,721799.0,722114.0,722447.0,722713.0,723060.0,723334.0,723704.0,724171.0,724601.0,724888.0,725130.0,725490.0,725821.0,726286.0,726606.0,726978.0,727314.0,727625.0,727961.0,728302.0,728616.0,728857.0,729122.0,729402.0,729797.0,730151.0,730607.0,731023.0,731364.0,731671.0,731991.0,732470.0,732861.0,733176.0,733491.0,733766.0,734009.0,734266.0,734771.0,735278.0,735758.0,736099.0,736439.0,736731.0,736968.0,737312.0,737750.0,738174.0,738607.0,738857.0,739117.0,739329.0,739554.0,739804.0,740092.0,740393.0,740706.0,740948.0,741158.0,741367.0,741604.0,741844.0,742040.0,742204.0,742430.0,742659.0,742912.0,743160.0,743440.0,743730.0,744002.0,744213.0,744372.0,744484.0,744589.0,744764.0,744918.0,745071.0,745289.0,745465.0,745707.0,745982.0,746198.0,746411.0,,,,,,,,,748854.0,749153.0,749402.0,749774.0,750178.0,750577.0,751077.0,751548.0,752068.0,752598.0,753109.0,753667.0,754180.0,754773.0,755299.0,755831.0,756420.0,757123.0,757698.0,758119.0,758508.0,758876.0,759177.0,759543.0,759903.0,760196.0,760563.0,760915.0,761155.0,761416.0,761692.0,761946.0,762206.0,762464.0,762764.0,763033.0,763244.0,763475.0,763754.0,764040.0,764278.0,764599.0,764889.0,765123.0,765363.0,765620.0,765871.0,766104.0,766315
z-xfGoabprU,13010542.0,13029595.0,13049732.0,13070339.0,13091886.0,13114216.0,13134827.0,13154467.0,13173854.0,13194042.0,13214151.0,13232755.0,13252480.0,13272447.0,13293384.0,13314588.0,13335702.0,13355583.0,13375881.0,13395158.0,13414875.0,13436827.0,13460453.0,13482278.0,13502282.0,13521849.0,13542842.0,13562762.0,13583272.0,13603059.0,13622343.0,13639035.0,13656330.0,13675624.0,13694690.0,13713606.0,13735625.0,13753435.0,13767829.0,13784819.0,13802164.0,13817573.0,13833968.0,13849878.0,13866509.0,13882493.0,13898210.0,13920099.0,13939397.0,13956283.0,13972385.0,13989961.0,14004809.0,14018704.0,14033364.0,14048211.0,14062762.0,14077551.0,14091784.0,14105837.0,14119402.0,14133243.0,14147066.0,14160744.0,14174287.0,14187331.0,14200056.0,14211782.0,14222623.0,14236429.0,14248147.0,14259119.0,14272712.0,14285908.0,14298352.0,14310680.0,14323033.0,14335436.0,14347347.0,14359009.0,14370047.0,14381529.0,14394097.0,14405612.0,14418400.0,14431466.0,14443122.0,14453819.0,14465273.0,14476653.0,14488138.0,14498795.0,14510162.0,14522576.0,14534104.0,14545586.0,14557257.0,14568912.0,14580194.0,14591457.0,14603049.0,14614345.0,14626357.0,14637875.0,14649834.0,14661380.0,14672380.0,14683244.0,14694230.0,14705109.0,14715379.0,14725633.0,14735849.0,14746397.0,14757007.0,14766835.0,14777009.0,14787242.0,14797777.0,14808060.0,14818464.0,14828647.0,14838150.0,14847010.0,14855903.0,14865218.0,14875410.0,14885780.0,14896004.0,14905753.0,14915301.0,14925045.0,14935114.0,14944546.0,,,,,,,,,15032278.0,15042291.0,15051476.0,15060652.0,15069598.0,15078434.0,15086605.0,15095154.0,15104239.0,15112670.0,15121215.0,15129274.0,15138044.0,15146124.0,15154187.0,15161949.0,15169550.0,15177697.0,15185817.0,15193856.0,15202377.0,15211406.0,15220347.0,15228881.0,15237983.0,15247359.0,15256513.0,15265648.0,15274578.0,15283298.0,15291590.0,15300974.0,15310303.0,15319497.0,15327904.0,15336610.0,15344865.0,15352468.0,15360577.0,15369044.0,15377487.0,15386529.0,15395832.0,15404268.0,15412819.0,15421462.0,15429957.0,15438632.0,15447028
xZkXMZlFbiI,205176.0,205201.0,205230.0,205262.0,205296.0,205316.0,205331.0,205346.0,205362.0,205379.0,205394.0,205422.0,205439.0,205456.0,205475.0,205493.0,205507.0,205524.0,205541.0,205556.0,205572.0,205589.0,205614.0,205625.0,205653.0,205674.0,205700.0,205714.0,205722.0,205742.0,205763.0,205785.0,205805.0,205825.0,205839.0,205880.0,205908.0,205928.0,205951.0,205975.0,206010.0,206054.0,206275.0,206410.0,206526.0,206605.0,206661.0,206734.0,206780.0,206819.0,206849.0,206870.0,206892.0,206901.0,206926.0,206950.0,206974.0,207003.0,207020.0,207043.0,207052.0,207075.0,207095.0,207112.0,207128.0,207145.0,207156.0,207169.0,207178.0,207195.0,207216.0,207228.0,207243.0,207251.0,207261.0,207273.0,207286.0,207291.0,207303.0,207312.0,207321.0,207325.0,207336.0,207357.0,207373.0,207382.0,207390.0,207402.0,207421.0,207441.0,207452.0,207467.0,207473.0,207480.0,207486.0,207496.0,207507.0,207512.0,207519.0,207525.0,207528.0,207538.0,207546.0,207556.0,207563.0,207575.0,207586.0,207593.0,207608.0,207612.0,207612.0,207619.0,207624.0,207628.0,207637.0,207650.0,207656.0,207665.0,207675.0,207680.0,207684.0,207698.0,207708.0,207713.0,207724.0,207728.0,207733.0,207739.0,207746.0,207758.0,207760.0,207769.0,207776.0,207783.0,,,,,,,,,207828.0,207836.0,207839.0,207844.0,207851.0,207854.0,207861.0,207867.0,207873.0,207873.0,207879.0,207885.0,207902.0,207908.0,207917.0,207927.0,207931.0,207935.0,207942.0,207952.0,207953.0,207955.0,207964.0,207969.0,207980.0,207986.0,207991.0,207998.0,208003.0,208009.0,208014.0,208017.0,208025.0,208034.0,208042.0,208049.0,208050.0,208057.0,208060.0,208060.0,208069.0,208069.0,208073.0,208081.0,208084.0,208086.0,208090.0,208097.0,208100
A7dQKxv_rvU,1433100.0,1436129.0,1439551.0,1442740.0,1446143.0,1449306.0,1452354.0,1455330.0,1458337.0,1461012.0,1463714.0,1466277.0,1468998.0,1471536.0,1474208.0,1476757.0,1478955.0,1481102.0,1483347.0,1485762.0,1488173.0,1490617.0,1492842.0,1494859.0,1496941.0,1498949.0,1501180.0,1503294.0,1505330.0,1507321.0,1509227.0,1510739.0,1512518.0,1514508.0,1516390.0,1518343.0,1520386.0,1522203.0,1524150.0,1526122.0,1528181.0,1530218.0,1532288.0,1534627.0,1536598.0,1538493.0,1540477.0,1542852.0,1544971.0,1547067.0,1549197.0,1551413.0,1553327.0,1555348.0,1557377.0,1559528.0,1561419.0,1563359.0,1565237.0,1566950.0,1568691.0,1570431.0,1572217.0,1574011.0,1575724.0,1577343.0,1578886.0,1580544.0,1581984.0,1583945.0,1585648.0,1587260.0,1588820.0,1590165.0,1591760.0,1593254.0,1594896.0,1596549.0,1598466.0,1599945.0,1601316.0,1602711.0,1603955.0,1605276.0,1606547.0,1607790.0,1609046.0,1610220.0,1611388.0,1612569.0,1613795.0,1614990.0,1616142.0,1617275.0,1618288.0,1619349.0,1620563.0,1621760.0,1622920.0,1624117.0,1625183.0,1626267.0,1627402.0,1628516.0,1629716.0,1630870.0,1632003.0,1633142.0,1634222.0,1635317.0,1636441.0,1637607.0,1638774.0,1639852.0,1640895.0,1641880.0,1642887.0,1644007.0,1645128.0,1646257.0,1647292.0,1648335.0,1649264.0,1650244.0,1651225.0,1652247.0,1653242.0,1654380.0,1655351.0,1656290.0,1657254.0,1658233.0,1659261.0,1660327.0,,,,,,,,,1670807.0,1671881.0,1672914.0,1673951.0,1674989.0,1676193.0,1677235.0,1678199.0,1679270.0,1680287.0,1681295.0,1682386.0,1683594.0,1684592.0,1685593.0,1686573.0,1687620.0,1688676.0,1689773.0,1690806.0,1691776.0,1692727.0,1693728.0,1694737.0,1695809.0,1696824.0,1697824.0,1698896.0,1699888.0,1700806.0,1701765.0,1702606.0,1703569.0,1704417.0,1705210.0,1706032.0,1706903.0,1707779.0,1708792.0,1709969.0,1711225.0,1712377.0,1713378.0,1714201.0,1715212.0,1716154.0,1717187.0,1718162.0,1719179
ZGcgCSmofZk,1259014.0,1271762.0,1284195.0,1296227.0,1309902.0,1323367.0,1339458.0,1355330.0,1370098.0,1383437.0,1395656.0,1407314.0,1419158.0,1431351.0,1443264.0,1453886.0,1464576.0,1474710.0,1485050.0,1495638.0,1506038.0,1515879.0,1524836.0,1533401.0,1541814.0,1550187.0,1558342.0,1566402.0,1574993.0,1583160.0,1590894.0,1598642.0,1606203.0,1614713.0,1622378.0,1630136.0,1637753.0,1644844.0,1651935.0,1659062.0,1666332.0,1673804.0,1681236.0,1688769.0,1695743.0,1702275.0,1709489.0,1717078.0,1724253.0,1730974.0,1739026.0,1747125.0,1754420.0,1761504.0,1768971.0,1775963.0,1782759.0,1790440.0,1797949.0,1804971.0,1812436.0,1819893.0,1827351.0,1834049.0,1841039.0,1847604.0,1854055.0,1861118.0,1867184.0,1875133.0,1882390.0,1889618.0,1896102.0,1902553.0,1909194.0,1915833.0,1923239.0,1930470.0,1944368.0,1958547.0,1969888.0,1979403.0,1987198.0,1994847.0,2002405.0,2009345.0,2015762.0,2021950.0,2028543.0,2034779.0,2040889.0,2046727.0,2052378.0,2058590.0,2064541.0,2070125.0,2075358.0,2080538.0,2085806.0,2091132.0,2096331.0,2101664.0,2106931.0,2111915.0,2116934.0,2121997.0,2126995.0,2132000.0,2137036.0,2142058.0,2146983.0,2151916.0,2156777.0,2161570.0,2166288.0,2171022.0,2175756.0,2180582.0,2185316.0,2189783.0,2194118.0,2198304.0,2202495.0,2206449.0,2210127.0,2213637.0,2217187.0,2220619.0,2224094.0,2227531.0,2230969.0,2234457.0,2237723.0,2240866.0,,,,,,,,,2270437.0,2274014.0,2277662.0,2280930.0,2284318.0,2287681.0,2290849.0,2293932.0,2297212.0,2300430.0,2303603.0,2306764.0,2310005.0,2313072.0,2315924.0,2319301.0,2322492.0,2325951.0,2329461.0,2332709.0,2335693.0,2338785.0,2341680.0,2344841.0,2347913.0,2350966.0,2354129.0,2357535.0,2360479.0,2363322.0,2366224.0,2369485.0,2372663.0,2375603.0,2378603.0,2381794.0,2384905.0,2388164.0,2391495.0,2394698.0,2397792.0,2400599.0,2403381.0,2406164.0,2409007.0,2411960.0,2414872.0,2417616.0,2420335
RjJTiajpyrA,11401135.0,11419553.0,11439970.0,11459428.0,11477718.0,11494312.0,11510675.0,11528352.0,11545810.0,11562661.0,11579627.0,11595672.0,11612323.0,11627623.0,11642548.0,11656578.0,11670833.0,11684779.0,11699219.0,11713006.0,11726526.0,11740808.0,11754423.0,11769213.0,11783035.0,11796357.0,11809252.0,11821978.0,11835884.0,11849222.0,11862230.0,11874281.0,11886338.0,11897825.0,11910645.0,11923150.0,11935621.0,11948578.0,11960629.0,11971767.0,11983355.0,11995250.0,12007689.0,12020281.0,12032748.0,12045960.0,12059868.0,12075335.0,12088949.0,12101440.0,12113106.0,12125814.0,12137417.0,12149606.0,12162212.0,12174256.0,12186440.0,12198199.0,12209510.0,12220865.0,12232284.0,12244105.0,12255323.0,12266263.0,12281385.0,12294920.0,12306896.0,12318991.0,12329253.0,12343103.0,12355392.0,12366813.0,12378741.0,12390552.0,12402895.0,12415842.0,12427870.0,12439923.0,12452528.0,12463971.0,12474586.0,12485045.0,12495675.0,12506825.0,12517961.0,12528672.0,12539500.0,12550467.0,12561296.0,12572537.0,12583577.0,12594485.0,12606051.0,12616811.0,12626946.0,12636625.0,12645953.0,12655115.0,12664480.0,12674390.0,12685063.0,12696206.0,12706125.0,12715520.0,12724848.0,12735043.0,12745597.0,12757116.0,12768941.0,12781287.0,12793750.0,12804257.0,12813778.0,12823585.0,12833494.0,12843129.0,12852430.0,12861637.0,12870665.0,12879356.0,12888316.0,12897498.0,12906979.0,12916279.0,12925759.0,12935119.0,12944350.0,12953448.0,12963127.0,12972514.0,12981498.0,12990444.0,12999132.0,13007778.0,,,,,,,,,13088528.0,13099861.0,13114350.0,13133278.0,13148855.0,13164820.0,13180052.0,13194475.0,13207973.0,13220663.0,13233543.0,13244417.0,13256125.0,13267435.0,13279278.0,13290748.0,13302301.0,13313236.0,13323441.0,13333685.0,13344044.0,13354105.0,13364403.0,13373481.0,13382946.0,13392453.0,13401978.0,13411615.0,13421674.0,13431906.0,13441798.0,13451060.0,13460806.0,13470371.0,13478886.0,13488538.0,13498561.0,13506761.0,13515770.0,13524555.0,13533033.0,13541221.0,13550292.0,13558823.0,13567135.0,13575044.0,13582934.0,13591209.0,13599291
RCT5Kbo_noo,92439.0,92886.0,93297.0,93669.0,94078.0,94464.0,94866.0,95301.0,95745.0,96205.0,96561.0,96933.0,97388.0,97855.0,98241.0,98631.0,98944.0,99348.0,99709.0,100047.0,100386.0,100761.0,101139.0,101422.0,101716.0,102060.0,102374.0,102772.0,103148.0,103505.0,103831.0,104119.0,104401.0,104690.0,104990.0,105297.0,105679.0,105955.0,106172.0,106493.0,106788.0,107091.0,107353.0,107641.0,107862.0,108027.0,108256.0,108509.0,108747.0,109054.0,109313.0,109642.0,109911.0,110200.0,110533.0,110899.0,111186.0,111450.0,111688.0,111938.0,112178.0,112507.0,112806.0,113103.0,113371.0,113653.0,113842.0,114159.0,114349.0,114622.0,114909.0,115131.0,115391.0,115607.0,115820.0,116084.0,116463.0,116759.0,117074.0,117353.0,117582.0,117914.0,118170.0,118443.0,118696.0,118964.0,119186.0,119375.0,119643.0,119931.0,120220.0,120498.0,120801.0,121011.0,121197.0,121417.0,121689.0,121997.0,122256.0,122492.0,122696.0,122912.0,123326.0,123921.0,124487.0,124874.0,125213.0,125427.0,125683.0,126005.0,126516.0,127110.0,127375.0,127718.0,128000.0,128201.0,128421.0,128697.0,128979.0,129283.0,129506.0,129739.0,129986.0,130227.0,130511.0,130750.0,130946.0,131139.0,131295.0,131416.0,131587.0,131738.0,131936.0,132148.0,,,,,,,,,133912.0,134037.0,134198.0,134397.0,134564.0,134707.0,134869.0,134973.0,135125.0,135263.0,135480.0,135738.0,135914.0,136067.0,136233.0,136367.0,136502.0,136626.0,136749.0,136874.0,137021.0,137158.0,137273.0,137397.0,137508.0,137647.0,137810.0,137993.0,138127.0,138258.0,138385.0,138517.0,138668.0,138770.0,138903.0,139051.0,139173.0,139333.0,139504.0,139686.0,139858.0,140026.0,140191.0,140361.0,140531.0,140696.0,140851.0,140985.0,141150
jT3S91N83r4,188784.0,189177.0,189566.0,190002.0,190442.0,190902.0,191297.0,191726.0,192284.0,192885.0,193388.0,193817.0,194415.0,195061.0,195653.0,196124.0,196694.0,197101.0,197567.0,198146.0,198647.0,199204.0,199752.0,200165.0,200544.0,200940.0,201359.0,201811.0,202282.0,202772.0,203124.0,203435.0,203873.0,204311.0,204726.0,205157.0,205572.0,205930.0,206255.0,206676.0,206963.0,207334.0,207683.0,208038.0,208433.0,208756.0,209171.0,209571.0,210022.0,210417.0,210778.0,211051.0,211431.0,211879.0,212306.0,212717.0,213054.0,213441.0,213853.0,214212.0,214702.0,215142.0,215466.0,215797.0,216172.0,216533.0,216886.0,217294.0,217521.0,217927.0,218275.0,218570.0,218891.0,219169.0,219503.0,219883.0,220118.0,220362.0,220618.0,220866.0,221099.0,221443.0,221742.0,222000.0,222342.0,222596.0,222790.0,223061.0,223352.0,223606.0,223899.0,224142.0,224432.0,224724.0,225000.0,225289.0,225572.0,225836.0,226084.0,226323.0,226614.0,226883.0,227134.0,227459.0,227719.0,227975.0,228253.0,228549.0,228783.0,229030.0,229297.0,229600.0,229847.0,230091.0,230368.0,230642.0,230872.0,231193.0,231423.0,231764.0,232004.0,232155.0,232351.0,232553.0,232774.0,232971.0,233174.0,233389.0,233584.0,233791.0,234016.0,234218.0,234442.0,234646.0,,,,,,,,,236960.0,237210.0,237539.0,238070.0,238577.0,239087.0,239512.0,239844.0,240158.0,240445.0,240681.0,240884.0,241102.0,241279.0,241436.0,241584.0,241760.0,241953.0,242107.0,242276.0,242427.0,242572.0,242726.0,242906.0,243032.0,243205.0,243375.0,243548.0,243709.0,243900.0,244096.0,244207.0,244391.0,244546.0,244712.0,244845.0,245011.0,245219.0,245406.0,245580.0,245742.0,245913.0,246057.0,246260.0,246418.0,246614.0,246773.0,246956.0,247158
MppJsNkl9k8,211286.0,211959.0,212741.0,213479.0,214328.0,215284.0,216070.0,216851.0,217469.0,218123.0,218764.0,219473.0,220084.0,220720.0,221471.0,222110.0,222701.0,223213.0,223759.0,224366.0,224906.0,225495.0,226042.0,226581.0,226986.0,227557.0,228079.0,228627.0,229222.0,229767.0,230282.0,230690.0,231232.0,231785.0,232278.0,232714.0,233204.0,233693.0,234084.0,234649.0,235111.0,235634.0,236100.0,236579.0,236985.0,237431.0,237833.0,238343.0,238825.0,239346.0,239870.0,240409.0,240838.0,241424.0,242163.0,242774.0,243335.0,243933.0,244379.0,244943.0,245452.0,246012.0,246600.0,247120.0,247818.0,248631.0,249430.0,250401.0,251219.0,252239.0,253372.0,254356.0,255158.0,255761.0,256815.0,257826.0,258632.0,259421.0,260139.0,260821.0,261451.0,262327.0,263109.0,263879.0,264542.0,265291.0,265883.0,266512.0,267124.0,267885.0,268559.0,269239.0,269908.0,270402.0,270869.0,271537.0,272183.0,272878.0,273421.0,273992.0,274591.0,275094.0,275665.0,276207.0,276776.0,277358.0,277950.0,278481.0,278981.0,279571.0,280148.0,280696.0,281281.0,281802.0,282370.0,282847.0,283363.0,283883.0,284465.0,285041.0,285552.0,286040.0,286504.0,286999.0,287555.0,288081.0,288538.0,289039.0,289549.0,289955.0,290403.0,290882.0,291383.0,291884.0,,,,,,,,,295945.0,296342.0,296809.0,297207.0,297694.0,298212.0,298665.0,299161.0,299575.0,300028.0,300571.0,300978.0,301505.0,302065.0,302551.0,302954.0,303445.0,304044.0,304716.0,305351.0,305956.0,306363.0,306831.0,307353.0,307805.0,308223.0,308709.0,309183.0,309558.0,310000.0,310404.0,310909.0,311384.0,311874.0,312247.0,312523.0,312882.0,313278.0,313659.0,314202.0,314678.0,315174.0,315597.0,315976.0,316483.0,316850.0,317294.0,317721.0,318136
xjzyabWx9lM,67660.0,68378.0,68946.0,69849.0,70865.0,71828.0,72740.0,73749.0,74665.0,75487.0,76207.0,76824.0,77563.0,78411.0,79359.0,80199.0,81041.0,81696.0,82369.0,83108.0,83800.0,84371.0,84979.0,85519.0,85975.0,86430.0,86991.0,87511.0,88105.0,88672.0,89226.0,89706.0,90220.0,90799.0,91441.0,91955.0,92476.0,92916.0,93294.0,93718.0,94210.0,94662.0,95076.0,95481.0,95886.0,96340.0,96707.0,97153.0,97668.0,98088.0,98444.0,98713.0,98951.0,99169.0,99387.0,99634.0,99927.0,100268.0,100536.0,100892.0,101277.0,101576.0,101898.0,102323.0,102844.0,103160.0,103452.0,103751.0,104042.0,104427.0,104755.0,105079.0,105355.0,105570.0,105859.0,106170.0,106443.0,106807.0,107032.0,107299.0,107553.0,107925.0,108220.0,108470.0,108882.0,109346.0,109826.0,110326.0,110904.0,111369.0,111879.0,112272.0,112657.0,113132.0,113545.0,113990.0,114625.0,115216.0,115849.0,116427.0,116910.0,117289.0,117640.0,118034.0,118505.0,119007.0,119445.0,119808.0,120206.0,120543.0,120953.0,121387.0,121816.0,122292.0,122771.0,123162.0,123544.0,124002.0,124502.0,124952.0,125420.0,125885.0,126181.0,126538.0,126861.0,127238.0,127636.0,127990.0,128316.0,128654.0,129013.0,129412.0,129731.0,130049.0,,,,,,,,,133002.0,133240.0,133451.0,133687.0,133962.0,134187.0,134430.0,134753.0,135049.0,135241.0,135492.0,135775.0,136106.0,136464.0,136730.0,136983.0,137173.0,137345.0,137539.0,137791.0,138031.0,138261.0,138463.0,138685.0,138959.0,139152.0,139442.0,139671.0,139864.0,140062.0,140290.0,140504.0,140737.0,140917.0,141119.0,141307.0,141472.0,141657.0,141948.0,142258.0,142524.0,142859.0,143192.0,143479.0,143807.0,144246.0,144780.0,145116.0,145428
VD-27Oogr4A,2858973.0,2859525.0,2860206.0,2860846.0,2861402.0,2861819.0,2862442.0,2862944.0,2863666.0,2864382.0,2865081.0,2865626.0,2866247.0,2866867.0,2867538.0,2868094.0,2868732.0,2869458.0,2870112.0,2870737.0,2871270.0,2871939.0,2872553.0,2873084.0,2873635.0,2874300.0,2874917.0,2875606.0,2876222.0,2876738.0,2877233.0,2877811.0,2878436.0,2878909.0,2879584.0,2880140.0,2880730.0,2881187.0,2881746.0,2882288.0,2882894.0,2883524.0,2884046.0,2884621.0,2885158.0,2885753.0,2886348.0,2886921.0,2887391.0,2887974.0,2888532.0,2889073.0,2889662.0,2890283.0,2891077.0,2891817.0,2892502.0,2893109.0,2893798.0,2894396.0,2894973.0,2895678.0,2896349.0,2897135.0,2897923.0,2898469.0,2898936.0,2899397.0,2899732.0,2900401.0,2900987.0,2901731.0,2902515.0,2902991.0,2903575.0,2904065.0,2904788.0,2905728.0,2906640.0,2907308.0,2907910.0,2908645.0,2909449.0,2910182.0,2910844.0,2911764.0,2912602.0,2913490.0,2914220.0,2914910.0,2915597.0,2916306.0,2917076.0,2918121.0,2919076.0,2919858.0,2920511.0,2921112.0,2921663.0,2922401.0,2923194.0,2923917.0,2924643.0,2925317.0,2925937.0,2926469.0,2927165.0,2927721.0,2928245.0,2928913.0,2929547.0,2930194.0,2930781.0,2931469.0,2932050.0,2932642.0,2933294.0,2933901.0,2934518.0,2935053.0,2935818.0,2936344.0,2936911.0,2937396.0,2937893.0,2938549.0,2939142.0,2939804.0,2940649.0,2941476.0,2942304.0,2943122.0,2943962.0,2944672.0,,,,,,,,,2953017.0,2953940.0,2954969.0,2956075.0,2957154.0,2958268.0,2959716.0,2961162.0,2962939.0,2964499.0,2966350.0,2968723.0,2970565.0,2972741.0,2974730.0,2976938.0,2979066.0,2981167.0,2982971.0,2984018.0,2984675.0,2985247.0,2985795.0,2986405.0,2987058.0,2987592.0,2988268.0,2988887.0,2989506.0,2990110.0,2990817.0,2991540.0,2992083.0,2992583.0,2993022.0,2993449.0,2993930.0,2994406.0,2994876.0,2995335.0,2995794.0,2996252.0,2996662.0,2997042.0,2997593.0,2998060.0,2998622.0,2999200.0,2999674
T1moJPCLP7c,10155.0,10181.0,10196.0,10214.0,10233.0,10258.0,10290.0,10313.0,10335.0,10352.0,10377.0,10389.0,10416.0,10433.0,10454.0,10474.0,10497.0,10518.0,10548.0,10564.0,10581.0,10598.0,10627.0,10641.0,10661.0,10676.0,10693.0,10713.0,10728.0,10744.0,10765.0,10797.0,10814.0,10831.0,10846.0,10875.0,10895.0,10936.0,10954.0,10975.0,10990.0,11006.0,11022.0,11032.0,11053.0,11070.0,11084.0,11098.0,11119.0,11134.0,11152.0,11168.0,11178.0,11192.0,11202.0,11213.0,11224.0,11237.0,11254.0,11264.0,11279.0,11294.0,11308.0,11321.0,11344.0,11362.0,11375.0,11383.0,11400.0,11418.0,11435.0,11448.0,11461.0,11475.0,11492.0,11505.0,11519.0,11534.0,11551.0,11558.0,11566.0,11582.0,11593.0,11610.0,11622.0,11627.0,11637.0,11650.0,11659.0,11670.0,11688.0,11704.0,11715.0,11729.0,11743.0,11755.0,11769.0,11783.0,11804.0,11811.0,11817.0,11830.0,11843.0,11855.0,11873.0,11885.0,11901.0,11917.0,11927.0,11939.0,11948.0,11960.0,11971.0,11979.0,11994.0,12003.0,12017.0,12031.0,12044.0,12057.0,12077.0,12085.0,12098.0,12110.0,12123.0,12138.0,12148.0,12160.0,12166.0,12178.0,12189.0,12203.0,12212.0,12223.0,,,,,,,,,12340.0,12366.0,12373.0,12383.0,12400.0,12415.0,12430.0,12439.0,12445.0,12458.0,12480.0,12502.0,12523.0,12535.0,12547.0,12556.0,12562.0,12579.0,12588.0,12601.0,12616.0,12623.0,12629.0,12646.0,12660.0,12668.0,12688.0,12699.0,12704.0,12718.0,12729.0,12746.0,12757.0,12762.0,12776.0,12790.0,12800.0,12813.0,12827.0,12843.0,12858.0,12877.0,12893.0,12897.0,12916.0,12934.0,12955.0,12963.0,12971
L7V2RhDf_SY,60357.0,60550.0,60695.0,60858.0,61029.0,61174.0,61371.0,61623.0,62203.0,62827.0,63495.0,64154.0,64821.0,65411.0,66142.0,66811.0,67547.0,68249.0,68990.0,69518.0,70167.0,70821.0,71380.0,71515.0,71645.0,71791.0,72060.0,72907.0,73885.0,74795.0,75769.0,76505.0,77257.0,78182.0,78785.0,79193.0,79551.0,79985.0,80428.0,80760.0,81108.0,82362.0,82804.0,83359.0,83943.0,84561.0,85335.0,88099.0,90982.0,94749.0,100537.0,101074.0,101220.0,101342.0,101483.0,101599.0,101736.0,101916.0,102037.0,102171.0,102282.0,102437.0,102560.0,102690.0,102827.0,102939.0,103045.0,103157.0,103252.0,103379.0,103473.0,103555.0,103630.0,103708.0,103785.0,103862.0,103955.0,104047.0,104103.0,104174.0,104237.0,104310.0,104386.0,104449.0,104515.0,104584.0,104645.0,104695.0,104772.0,104824.0,104889.0,104956.0,105019.0,105084.0,105150.0,105215.0,105264.0,105314.0,105364.0,105436.0,105493.0,105585.0,105676.0,105729.0,105779.0,105847.0,105891.0,105957.0,106099.0,106173.0,106286.0,106358.0,106474.0,106575.0,106668.0,106740.0,106826.0,106914.0,106981.0,107044.0,107105.0,107164.0,107244.0,107319.0,107388.0,107448.0,107498.0,107575.0,107627.0,107701.0,107742.0,107800.0,107870.0,107919.0,,,,,,,,,108284.0,108338.0,108376.0,108409.0,108452.0,108488.0,108525.0,108571.0,108621.0,108657.0,108690.0,108724.0,108764.0,108810.0,108879.0,108940.0,109040.0,109150.0,109242.0,109355.0,109478.0,109750.0,109848.0,109975.0,109967.0,110065.0,110002.0,110126.0,110263.0,110277.0,110392.0,110452.0,110530.0,110656.0,110742.0,110893.0,111025.0,111130.0,111262.0,111331.0,111395.0,111483.0,111562.0,111713.0,111817.0,111897.0,111977.0,112110.0,112164
jMcnUVuXdfU,17328091.0,17329172.0,17330125.0,17331208.0,17332499.0,17333759.0,17334926.0,17335991.0,17337032.0,17338124.0,17339212.0,17340313.0,17341420.0,17342473.0,17343522.0,17344545.0,17345611.0,17346562.0,17347545.0,17348663.0,17349588.0,17350914.0,17352165.0,17353302.0,17354360.0,17355358.0,17356499.0,17357646.0,17358585.0,17359512.0,17360377.0,17361250.0,17362072.0,17362878.0,17363624.0,17364423.0,17365256.0,17366050.0,17366818.0,17367601.0,17368433.0,17369298.0,17370148.0,17370947.0,17371801.0,17372550.0,17373301.0,17374314.0,17375227.0,17376086.0,17376873.0,17377637.0,17378281.0,17378970.0,17379774.0,17380584.0,17381422.0,17382250.0,17383094.0,17383968.0,17384729.0,17385504.0,17386228.0,17387065.0,17387816.0,17388644.0,17389401.0,17390054.0,17390698.0,17391520.0,17392285.0,17393086.0,17393663.0,17394323.0,17395103.0,17395880.0,17396674.0,17397262.0,17397967.0,17398642.0,17399295.0,17399951.0,17400539.0,17401093.0,17401752.0,17402421.0,17403021.0,17403653.0,17404217.0,17404954.0,17405537.0,17406155.0,17406730.0,17407340.0,17407865.0,17408412.0,17408939.0,17409610.0,17410178.0,17410770.0,17411285.0,17411863.0,17412466.0,17413059.0,17413608.0,17414111.0,17414784.0,17415389.0,17416006.0,17416529.0,17417075.0,17417610.0,17418150.0,17418678.0,17419233.0,17419769.0,17420191.0,17420721.0,17421242.0,17421771.0,17422252.0,17422806.0,17423358.0,17423837.0,17424318.0,17424850.0,17425300.0,17425775.0,17426275.0,17426771.0,17427230.0,17427766.0,17428228.0,17428657.0,,,,,,,,,17432701.0,17433221.0,17433674.0,17434156.0,17434650.0,17435096.0,17435560.0,17436051.0,17436522.0,17437020.0,17437496.0,17437966.0,17438430.0,17438931.0,17439428.0,17439917.0,17440474.0,17441047.0,17441592.0,17442031.0,17442499.0,17442970.0,17443439.0,17443858.0,17444339.0,17444868.0,17445417.0,17445861.0,17446297.0,17446699.0,17447156.0,17447572.0,17448024.0,17448486.0,17448879.0,17449291.0,17449756.0,17450125.0,17450558.0,17450962.0,17451354.0,17451802.0,17452177.0,17452581.0,17452994.0,17453401.0,17453788.0,17454064.0,17454603
R55VGD7aYUI,64862615.0,64923922.0,64994623.0,65068109.0,65139879.0,65213715.0,65286475.0,65357847.0,65426558.0,65495442.0,65562293.0,65629783.0,65700377.0,65768736.0,65837890.0,65904037.0,65971860.0,66040335.0,66115638.0,66189828.0,66264623.0,66346961.0,66420367.0,66497321.0,66571746.0,66645808.0,66722136.0,66794769.0,66863131.0,66931716.0,66997562.0,67056330.0,67118305.0,67185455.0,67253445.0,67313049.0,67376928.0,67441145.0,67503364.0,67561434.0,67617263.0,67673482.0,67729052.0,67787621.0,67843580.0,67897188.0,67951073.0,68012773.0,68071529.0,68130504.0,68187438.0,68240548.0,68289314.0,68340266.0,68398797.0,68456300.0,68511791.0,68561205.0,68615482.0,68667842.0,68719499.0,68770718.0,68821830.0,68873269.0,68925332.0,68975396.0,69023488.0,69067932.0,69109819.0,69164505.0,69212669.0,69260657.0,69307984.0,69350134.0,69399312.0,69449116.0,69498154.0,69547005.0,69600346.0,69651141.0,69700913.0,69750208.0,69799403.0,69849937.0,69900316.0,69948568.0,69995590.0,70038540.0,70094111.0,70158099.0,70217534.0,70274003.0,70322966.0,70373711.0,70423736.0,70473822.0,70521083.0,70568991.0,70619373.0,70665247.0,70711417.0,70758151.0,70802361.0,70845228.0,70888369.0,70932250.0,70985198.0,71033693.0,71078394.0,71122336.0,71164727.0,71206437.0,71248622.0,71289900.0,71330569.0,71369912.0,71407682.0,71445776.0,71483694.0,71520586.0,71557173.0,71593800.0,71629000.0,71663154.0,71697214.0,71730030.0,71761975.0,71795749.0,71831708.0,71866762.0,71901065.0,71933632.0,71964845.0,71996482.0,,,,,,,,,72321438.0,72362060.0,72398327.0,72433422.0,72468508.0,72504322.0,72539104.0,72572763.0,72606153.0,72636744.0,72667646.0,72698784.0,72733196.0,72764986.0,72795923.0,72826385.0,72855049.0,72884427.0,72914580.0,72944372.0,72974348.0,73005824.0,73037259.0,73066788.0,73096451.0,73127691.0,73157483.0,73186160.0,73215606.0,73245447.0,73274829.0,73303866.0,73333548.0,73362005.0,73389850.0,73419065.0,73449469.0,73478237.0,73509165.0,73539070.0,73568582.0,73597784.0,73628165.0,73657743.0,73686625.0,73715554.0,73744530.0,73774610.0,73804185
8Gmu57hIKwI,553298.0,553444.0,553550.0,553668.0,553808.0,553939.0,554092.0,554220.0,554340.0,554469.0,554554.0,554649.0,554745.0,554846.0,554940.0,555058.0,555154.0,555263.0,555339.0,555427.0,555500.0,555570.0,555645.0,555740.0,555822.0,555903.0,555991.0,556074.0,556162.0,556237.0,556317.0,556392.0,556457.0,556551.0,556641.0,556722.0,556802.0,556886.0,556944.0,557016.0,557073.0,557147.0,557235.0,557318.0,557389.0,557467.0,557563.0,557645.0,557725.0,557788.0,557879.0,557949.0,558024.0,558079.0,558150.0,558220.0,558289.0,558358.0,558430.0,558493.0,558574.0,558661.0,558743.0,558827.0,558891.0,558947.0,559013.0,559086.0,559150.0,559249.0,559319.0,559406.0,559470.0,559541.0,559601.0,559680.0,559765.0,559835.0,559919.0,559986.0,560057.0,560122.0,560196.0,560253.0,560307.0,560366.0,560416.0,560488.0,560542.0,560607.0,560682.0,560728.0,560789.0,560841.0,560901.0,560964.0,561009.0,561064.0,561115.0,561181.0,561233.0,561280.0,561333.0,561375.0,561413.0,561456.0,561504.0,561539.0,561580.0,561630.0,561690.0,561731.0,561774.0,561820.0,561873.0,561935.0,561983.0,562059.0,562123.0,562176.0,562235.0,562296.0,562357.0,562406.0,562454.0,562508.0,562556.0,562627.0,562684.0,562735.0,562788.0,562834.0,562884.0,562939.0,,,,,,,,,563453.0,563517.0,563567.0,563618.0,563692.0,563753.0,563820.0,563881.0,563940.0,564003.0,564066.0,564130.0,564190.0,564258.0,564319.0,564390.0,564470.0,564541.0,564621.0,564677.0,564724.0,564799.0,564873.0,564957.0,565035.0,565116.0,565188.0,565254.0,565325.0,565397.0,565478.0,565536.0,565594.0,565647.0,565686.0,565737.0,565789.0,565846.0,565894.0,565937.0,565994.0,566057.0,566114.0,566162.0,566209.0,566247.0,566288.0,566345.0,566378
ilH9L5TAYoo,6834.0,6853.0,6871.0,6895.0,6909.0,6938.0,6957.0,6990.0,7010.0,7028.0,7041.0,7052.0,7076.0,7104.0,7133.0,7159.0,7175.0,7186.0,7211.0,7229.0,7244.0,7256.0,7271.0,7286.0,7297.0,7314.0,7325.0,7342.0,7371.0,7395.0,7404.0,7412.0,7431.0,7447.0,7462.0,7480.0,7496.0,7514.0,7525.0,7545.0,7558.0,7570.0,7586.0,7601.0,7622.0,7635.0,7649.0,7663.0,7677.0,7695.0,7708.0,7719.0,7733.0,7742.0,7755.0,7773.0,7784.0,7801.0,7813.0,7826.0,7834.0,7847.0,7856.0,7865.0,7885.0,7901.0,7917.0,7932.0,7941.0,7949.0,7960.0,7970.0,7979.0,7988.0,7997.0,8010.0,8017.0,8035.0,8051.0,8060.0,8073.0,8091.0,8104.0,8121.0,8143.0,8163.0,8176.0,8186.0,8200.0,8211.0,8221.0,8225.0,8233.0,8264.0,8333.0,8345.0,8382.0,8335.0,8348.0,8366.0,8356.0,8371.0,8393.0,8413.0,8431.0,8442.0,8462.0,8473.0,8490.0,8498.0,8511.0,8521.0,8533.0,8545.0,8555.0,8564.0,8581.0,8594.0,8604.0,8613.0,8624.0,8633.0,8644.0,8659.0,8666.0,8676.0,8685.0,8697.0,8710.0,8720.0,8728.0,8741.0,8748.0,8752.0,,,,,,,,,8862.0,8882.0,8899.0,8912.0,8926.0,8935.0,8958.0,8968.0,8971.0,8983.0,8995.0,9010.0,9033.0,9048.0,9059.0,9067.0,9083.0,9095.0,9117.0,9133.0,9145.0,9161.0,9179.0,9194.0,9204.0,9222.0,9232.0,9239.0,9255.0,9272.0,9287.0,9299.0,9311.0,9325.0,9339.0,9349.0,9361.0,9375.0,9390.0,9402.0,9424.0,9436.0,9444.0,9454.0,9470.0,9485.0,9499.0,9508.0,9515
A18GgkIadkc,7612.0,7687.0,7796.0,7856.0,7915.0,7988.0,8049.0,8145.0,8306.0,8405.0,8495.0,8576.0,8652.0,8725.0,8770.0,8822.0,8871.0,8917.0,8973.0,9032.0,9093.0,9156.0,9207.0,9245.0,9284.0,9332.0,9379.0,9447.0,9505.0,9583.0,9641.0,9689.0,9739.0,9794.0,9836.0,9959.0,10007.0,10058.0,10100.0,10144.0,10190.0,10256.0,10331.0,10376.0,10434.0,10479.0,10527.0,10568.0,10607.0,10651.0,10711.0,10751.0,10775.0,10837.0,10874.0,10920.0,10959.0,11006.0,11047.0,11093.0,11130.0,11173.0,11213.0,11275.0,11346.0,11383.0,11410.0,11444.0,11480.0,11610.0,11680.0,11749.0,11828.0,11945.0,12014.0,12058.0,12110.0,12208.0,12246.0,12284.0,12313.0,12388.0,12441.0,12481.0,12537.0,12590.0,12627.0,12708.0,12745.0,12786.0,12834.0,12872.0,12929.0,13003.0,13092.0,13161.0,13209.0,13264.0,13310.0,13366.0,13406.0,13460.0,13543.0,13576.0,13619.0,13652.0,13703.0,13739.0,13771.0,13818.0,13893.0,13934.0,13977.0,14020.0,14063.0,14087.0,14121.0,14167.0,14206.0,14241.0,14291.0,14328.0,14348.0,14380.0,14409.0,14433.0,14469.0,14505.0,14532.0,14557.0,14592.0,14631.0,14659.0,14688.0,,,,,,,,,14960.0,14987.0,15019.0,15051.0,15078.0,15119.0,15150.0,15184.0,15239.0,15281.0,15348.0,15416.0,15472.0,15523.0,15557.0,15606.0,15655.0,15700.0,15738.0,15780.0,15817.0,15852.0,15895.0,15938.0,15993.0,16056.0,16080.0,16118.0,16156.0,16179.0,16203.0,16252.0,16293.0,16320.0,16374.0,16403.0,16431.0,16457.0,16491.0,16520.0,16546.0,16608.0,16642.0,16678.0,16713.0,16779.0,16819.0,16865.0,16912
6P6l86vX4xY,6552.0,6601.0,6633.0,6671.0,6706.0,6748.0,6798.0,6844.0,6891.0,6942.0,6982.0,7019.0,7069.0,7114.0,7168.0,7226.0,7268.0,7326.0,7368.0,7420.0,7509.0,7631.0,7800.0,8006.0,8205.0,8415.0,8525.0,8567.0,8624.0,8728.0,8923.0,8993.0,9038.0,9100.0,9141.0,9275.0,9315.0,9387.0,9470.0,9500.0,9529.0,9568.0,9614.0,9648.0,9680.0,9717.0,9745.0,9786.0,9829.0,9872.0,9915.0,9944.0,9970.0,10003.0,10048.0,10094.0,10127.0,10155.0,10186.0,10219.0,10244.0,10284.0,10312.0,10347.0,10386.0,10425.0,10442.0,10465.0,10487.0,10519.0,10556.0,10598.0,10627.0,10644.0,10686.0,10715.0,10746.0,10789.0,10823.0,10854.0,10880.0,10909.0,10938.0,10983.0,11016.0,11050.0,11076.0,11104.0,11126.0,11142.0,11174.0,11188.0,11204.0,11229.0,11267.0,11299.0,11338.0,11370.0,11384.0,11407.0,11424.0,11452.0,11469.0,11495.0,11508.0,11523.0,11556.0,11578.0,11589.0,11602.0,11639.0,11660.0,11679.0,11724.0,11759.0,11784.0,11803.0,11821.0,11837.0,11851.0,11865.0,11886.0,11902.0,11917.0,11934.0,11943.0,11955.0,11972.0,11985.0,12000.0,12013.0,12024.0,12035.0,12048.0,,,,,,,,,12169.0,12192.0,12212.0,12220.0,12245.0,12254.0,12270.0,12289.0,12313.0,12338.0,12356.0,12375.0,12398.0,12425.0,12444.0,12465.0,12496.0,12534.0,12571.0,12600.0,12619.0,12640.0,12667.0,12704.0,12723.0,12760.0,12794.0,12830.0,12863.0,12887.0,12912.0,12940.0,12956.0,12977.0,12999.0,13025.0,13045.0,13074.0,13101.0,13123.0,13143.0,13167.0,13187.0,13202.0,13218.0,13235.0,13254.0,13268.0,13289
Hymeb04N9nw,5548.0,5679.0,5803.0,5926.0,6039.0,6188.0,6278.0,6412.0,6512.0,6616.0,6698.0,6788.0,6874.0,6986.0,7063.0,7172.0,7272.0,7341.0,7443.0,7503.0,7578.0,7698.0,7811.0,7941.0,8038.0,8128.0,8232.0,8333.0,8434.0,8532.0,8628.0,8700.0,8796.0,8886.0,8971.0,9048.0,9137.0,9209.0,9272.0,9328.0,9403.0,9467.0,9547.0,9621.0,9690.0,9741.0,9811.0,9890.0,9943.0,10016.0,10091.0,10135.0,10186.0,10233.0,10290.0,10338.0,10385.0,10439.0,10492.0,10539.0,10580.0,10643.0,10694.0,10752.0,10813.0,10867.0,10903.0,10951.0,10983.0,11031.0,11089.0,11142.0,11204.0,11255.0,11300.0,11344.0,11402.0,11463.0,11529.0,11585.0,11632.0,11679.0,11743.0,11802.0,11863.0,11940.0,11998.0,12042.0,12096.0,12140.0,12193.0,12246.0,12320.0,12376.0,12420.0,12476.0,12522.0,12576.0,12632.0,12683.0,12745.0,12812.0,12880.0,12939.0,12976.0,13025.0,13059.0,13103.0,13151.0,13197.0,13253.0,13366.0,13423.0,13474.0,13516.0,13585.0,13619.0,13652.0,13689.0,13731.0,13772.0,13774.0,13794.0,13822.0,13855.0,13892.0,13921.0,13957.0,13992.0,14034.0,14065.0,14110.0,14152.0,14188.0,,,,,,,,,14550.0,14571.0,14610.0,14655.0,14697.0,14752.0,14820.0,14850.0,14893.0,14964.0,15046.0,15111.0,15111.0,15111.0,15111.0,15111.0,15111.0,15111.0,15111.0,15111.0,15111.0,15111.0,15111.0,15111.0,15111.0,15111.0,15111.0,15111.0,15111.0,15111.0,15111.0,15111.0,15111.0,15111.0,15111.0,15111.0,15111.0,15111.0,15111.0,15111.0,15111.0,15111.0,15111.0,15111.0,15111.0,15111.0,15111.0,15111.0,15111
iKpyqlwnWfM,3203.0,3203.0,3203.0,3203.0,3203.0,3203.0,3203.0,3203.0,3203.0,3203.0,3203.0,3203.0,3203.0,3203.0,3203.0,3203.0,3203.0,3203.0,3203.0,3203.0,3203.0,3203.0,3203.0,3203.0,3203.0,3203.0,3203.0,3203.0,3203.0,3203.0,3203.0,3203.0,3203.0,3203.0,3203.0,3203.0,3203.0,3203.0,3203.0,3203.0,3203.0,3203.0,3203.0,3203.0,3203.0,3203.0,3203.0,3203.0,3203.0,3203.0,3203.0,3203.0,3203.0,3203.0,3203.0,3203.0,3203.0,3203.0,3203.0,3203.0,3203.0,3203.0,3203.0,3203.0,3203.0,3203.0,3203.0,3203.0,3203.0,3203.0,3203.0,3203.0,3203.0,3203.0,3203.0,3203.0,3203.0,3203.0,3203.0,3203.0,3203.0,3203.0,3203.0,3203.0,3203.0,3203.0,3203.0,3203.0,3203.0,3203.0,3203.0,3203.0,3203.0,3203.0,3203.0,3203.0,3203.0,3203.0,3203.0,3203.0,3203.0,3203.0,3203.0,3203.0,3203.0,3203.0,3203.0,3203.0,3203.0,3203.0,3203.0,3203.0,3203.0,3203.0,3203.0,3203.0,3203.0,3203.0,3203.0,3203.0,3203.0,3203.0,3203.0,3203.0,3203.0,3203.0,3203.0,3203.0,3203.0,3203.0,3203.0,3203.0,3203.0,3203.0,,,,,,,,,3203.0,3203.0,3203.0,3203.0,3203.0,3203.0,3203.0,3203.0,3203.0,3203.0,3203.0,3203.0,3203.0,3203.0,3203.0,3203.0,3203.0,3203.0,3203.0,3203.0,3203.0,3203.0,3203.0,3203.0,3203.0,3203.0,3203.0,3203.0,3203.0,3203.0,3203.0,3203.0,3203.0,3203.0,3203.0,3203.0,3203.0,3203.0,3203.0,3203.0,3203.0,3203.0,3203.0,3203.0,3203.0,3203.0,3203.0,3203.0,3203
ZBVNgxu2Oq8,53526.0,53829.0,54109.0,54408.0,54776.0,55081.0,55463.0,55910.0,56236.0,56502.0,56744.0,57069.0,57593.0,58079.0,58739.0,59270.0,59633.0,59968.0,60435.0,61020.0,61366.0,61555.0,61838.0,62114.0,62332.0,62541.0,62723.0,62878.0,62998.0,63170.0,63326.0,63436.0,63566.0,63734.0,63862.0,64001.0,64119.0,64222.0,64325.0,64441.0,64579.0,64698.0,64812.0,64917.0,65007.0,65140.0,65234.0,65329.0,65443.0,65518.0,65606.0,65688.0,65774.0,65865.0,65951.0,66053.0,66141.0,66255.0,66343.0,66418.0,66519.0,66601.0,66684.0,66792.0,66877.0,66974.0,67063.0,67151.0,67224.0,67333.0,67424.0,67513.0,67612.0,67699.0,67781.0,67870.0,67951.0,68036.0,68136.0,68207.0,68279.0,68358.0,68473.0,68560.0,68617.0,68706.0,68813.0,68878.0,68948.0,69031.0,69127.0,69265.0,69336.0,69420.0,69529.0,69621.0,69726.0,69834.0,69935.0,70057.0,70148.0,70234.0,70341.0,70412.0,70556.0,70621.0,70724.0,70833.0,70917.0,71006.0,71094.0,71177.0,71286.0,71409.0,71480.0,71558.0,71646.0,71718.0,71790.0,71881.0,71957.0,72050.0,72137.0,72221.0,72288.0,72351.0,72417.0,72468.0,72534.0,72620.0,72698.0,72779.0,72859.0,72911.0,,,,,,,,,73576.0,73649.0,73703.0,73799.0,73861.0,73938.0,73995.0,74065.0,74157.0,74223.0,74330.0,74425.0,74525.0,74617.0,74692.0,74773.0,74868.0,74944.0,75038.0,75127.0,75208.0,75283.0,75342.0,75459.0,75531.0,75595.0,75670.0,75747.0,75852.0,75921.0,76001.0,76071.0,76211.0,76293.0,76398.0,76500.0,76563.0,76647.0,76741.0,76833.0,76934.0,77007.0,77085.0,77203.0,77369.0,77438.0,77522.0,77634.0,77718
EnvbIF1fgdk,99028.0,99317.0,99658.0,100001.0,100499.0,100874.0,101245.0,101609.0,102013.0,102398.0,102809.0,103114.0,103464.0,103879.0,104290.0,104693.0,105179.0,105561.0,105941.0,106293.0,106621.0,106925.0,107275.0,107586.0,107829.0,108048.0,108246.0,108528.0,108707.0,108917.0,109075.0,109232.0,109410.0,109611.0,109781.0,109943.0,110092.0,110253.0,110377.0,110573.0,110721.0,110882.0,111024.0,111228.0,111362.0,111539.0,111700.0,111908.0,112066.0,112201.0,112346.0,112534.0,112696.0,112880.0,113044.0,113228.0,113397.0,113553.0,113717.0,113889.0,114060.0,114174.0,114330.0,114452.0,114587.0,114728.0,114879.0,115000.0,115145.0,115321.0,115467.0,115644.0,115780.0,115906.0,116041.0,116157.0,116301.0,116423.0,116548.0,116672.0,116810.0,116938.0,117104.0,117247.0,117409.0,117527.0,117657.0,117762.0,117897.0,118048.0,118163.0,118274.0,118372.0,118472.0,118558.0,118665.0,118760.0,118868.0,118968.0,119060.0,119149.0,119306.0,119589.0,119783.0,119962.0,120110.0,120243.0,120382.0,120530.0,120643.0,120750.0,120867.0,120971.0,121094.0,121220.0,121337.0,121449.0,121589.0,121680.0,121779.0,121889.0,121975.0,122065.0,122151.0,122252.0,122354.0,122449.0,122556.0,122664.0,122765.0,122868.0,122955.0,123059.0,123144.0,,,,,,,,,124300.0,124426.0,124579.0,124690.0,124827.0,124931.0,125049.0,125200.0,125342.0,125478.0,125595.0,125714.0,125825.0,125951.0,126091.0,126272.0,126389.0,126506.0,126657.0,126780.0,126917.0,127054.0,127201.0,127326.0,127433.0,127572.0,127728.0,127850.0,127970.0,128096.0,128179.0,128303.0,128413.0,128506.0,128638.0,128742.0,128856.0,128972.0,129086.0,129183.0,129312.0,129417.0,129548.0,129683.0,129809.0,129925.0,130037.0,130146.0,130273
fu4crGwRWgQ,969.0,969.0,970.0,972.0,973.0,975.0,976.0,977.0,977.0,977.0,978.0,979.0,979.0,979.0,980.0,981.0,981.0,981.0,982.0,982.0,982.0,983.0,984.0,986.0,986.0,988.0,,,,,,,,,,,,,,,,,,,,,,,,,,,,,,,,,,,,,,,,,,,,,,,,,,,,,,,,,,,,,,,,,,,,,,,,,,,,,,,,,,,,,,,,,,,,,,,,,,,,,,,,,,,,,,,,,,,,,,,,,,,,,,,,,,,,,,,,,,,,,,,,,,,,,,,,,,,,,,,,,,,,,
yhJGsHRBh5w,1310.0,1311.0,1314.0,1315.0,1316.0,1318.0,1319.0,1321.0,1323.0,1326.0,1327.0,1327.0,1329.0,1329.0,1331.0,1331.0,1331.0,1331.0,1332.0,1335.0,1335.0,1338.0,1341.0,1348.0,1351.0,1356.0,,,,,,,,,,,,,,,,,,,,,,,,,,,,,,,,,,,,,,,,,,,,,,,,,,,,,,,,,,,,,,,,,,,,,,,,,,,,,,,,,,,,,,,,,,,,,,,,,,,,,,,,,,,,,,,,,,,,,,,,,,,,,,,,,,,,,,,,,,,,,,,,,,,,,,,,,,,,,,,,,,,,,
6dUGLfqrrOc,275602.0,275798.0,275957.0,276141.0,276319.0,276448.0,276585.0,276731.0,276817.0,276924.0,277016.0,277108.0,277198.0,277292.0,277356.0,277424.0,277509.0,277589.0,277684.0,277767.0,277819.0,277891.0,277950.0,278000.0,278061.0,278116.0,278164.0,278240.0,278309.0,278368.0,278425.0,278481.0,278528.0,278580.0,278622.0,278657.0,278717.0,278756.0,278797.0,278834.0,278861.0,278920.0,278949.0,278984.0,279031.0,279072.0,279115.0,279152.0,279195.0,279232.0,279265.0,279303.0,279339.0,279385.0,279424.0,279466.0,279503.0,279545.0,279584.0,279616.0,279649.0,279682.0,279706.0,279751.0,279781.0,279824.0,279870.0,279906.0,279947.0,279982.0,280020.0,280054.0,280094.0,280119.0,280155.0,280190.0,280230.0,280265.0,280294.0,280332.0,280365.0,280396.0,280420.0,280453.0,280486.0,280511.0,280540.0,280576.0,280594.0,280623.0,280647.0,280681.0,280717.0,280748.0,280779.0,280807.0,280839.0,280855.0,280873.0,280896.0,280916.0,280942.0,280971.0,280989.0,281018.0,281038.0,281067.0,281098.0,281129.0,281148.0,281177.0,281207.0,281231.0,281253.0,281277.0,281297.0,281314.0,281339.0,281349.0,281369.0,281395.0,281411.0,281429.0,281455.0,281473.0,281492.0,281505.0,281518.0,281532.0,281549.0,281563.0,281591.0,281628.0,281647.0,,,,,,,,,281839.0,281864.0,281885.0,281907.0,281922.0,281947.0,281957.0,281968.0,281986.0,282005.0,282020.0,282034.0,282060.0,282084.0,282106.0,282117.0,282144.0,282169.0,282196.0,282212.0,282235.0,282249.0,282270.0,282294.0,282340.0,282376.0,282412.0,282437.0,282470.0,282499.0,282532.0,282553.0,282572.0,282589.0,282599.0,282628.0,282651.0,282663.0,282688.0,282703.0,282725.0,282735.0,282754.0,282772.0,282790.0,282824.0,282844.0,282876.0,282898
XI9oDYeizvM,11012.0,11072.0,11139.0,11180.0,11266.0,11368.0,11447.0,11510.0,11580.0,11668.0,11784.0,11853.0,11936.0,12034.0,12124.0,12214.0,12288.0,12334.0,12424.0,12488.0,12583.0,12703.0,12791.0,12845.0,12903.0,12975.0,13086.0,13147.0,13211.0,13283.0,13344.0,13382.0,13471.0,13544.0,13607.0,13663.0,13699.0,13753.0,13777.0,13817.0,13864.0,13916.0,14003.0,14058.0,14101.0,14130.0,14187.0,14250.0,14296.0,14340.0,14388.0,14428.0,14463.0,14520.0,14562.0,14613.0,14653.0,14719.0,14763.0,14812.0,14871.0,14927.0,14964.0,15029.0,15083.0,15134.0,15166.0,15214.0,15247.0,15295.0,15340.0,15379.0,15429.0,15458.0,15502.0,15542.0,15577.0,15628.0,15665.0,15699.0,15731.0,15777.0,15828.0,15889.0,15943.0,16002.0,16039.0,16062.0,16112.0,16151.0,16205.0,16263.0,16316.0,16353.0,16379.0,16425.0,16461.0,16499.0,16540.0,16586.0,16622.0,16650.0,16697.0,16740.0,16770.0,16809.0,16838.0,16870.0,16897.0,16930.0,16977.0,17014.0,17044.0,17098.0,17138.0,17160.0,17224.0,17259.0,17294.0,17328.0,17351.0,17375.0,17407.0,17443.0,17470.0,17497.0,17508.0,17528.0,17551.0,17587.0,17620.0,17652.0,17680.0,17727.0,,,,,,,,,18058.0,18083.0,18117.0,18166.0,18195.0,18242.0,18273.0,18301.0,18330.0,18371.0,18414.0,18441.0,18484.0,18518.0,18548.0,18576.0,18619.0,18660.0,18715.0,18742.0,18788.0,18826.0,18850.0,18891.0,18928.0,18968.0,19003.0,19041.0,19059.0,19088.0,19121.0,19164.0,19206.0,19245.0,19278.0,19309.0,19329.0,19355.0,19397.0,19436.0,19474.0,19511.0,19547.0,19572.0,19609.0,19650.0,19677.0,19717.0,19757
3YtxooWlLg8,453213.0,457761.0,462558.0,467804.0,473648.0,479496.0,485761.0,495399.0,502106.0,507304.0,513656.0,521448.0,529362.0,534106.0,539941.0,545979.0,551153.0,555313.0,559599.0,564520.0,568498.0,572045.0,576390.0,582912.0,587996.0,593457.0,599037.0,603353.0,609822.0,616472.0,620924.0,624169.0,628578.0,633297.0,636991.0,640915.0,646252.0,651787.0,656868.0,660700.0,664997.0,669817.0,675511.0,680874.0,686019.0,689786.0,693499.0,698384.0,703230.0,709071.0,714815.0,721007.0,724643.0,728258.0,731143.0,736051.0,740700.0,744605.0,747721.0,749903.0,752136.0,755506.0,759027.0,762080.0,764361.0,766863.0,769338.0,772288.0,775015.0,778142.0,781058.0,784101.0,786441.0,788752.0,791548.0,793821.0,796272.0,798925.0,801530.0,804290.0,806998.0,809698.0,812892.0,816107.0,819162.0,821964.0,825215.0,827680.0,830360.0,833192.0,835696.0,837657.0,839562.0,842112.0,844287.0,847270.0,850358.0,853487.0,856008.0,858771.0,861710.0,864263.0,866612.0,869470.0,872523.0,875524.0,879990.0,883014.0,885975.0,888174.0,890405.0,892835.0,895370.0,897904.0,900861.0,903230.0,905677.0,908327.0,911015.0,913775.0,916352.0,919323.0,922185.0,925093.0,928720.0,931917.0,934528.0,937357.0,939964.0,942692.0,945038.0,947161.0,949310.0,951528.0,,,,,,,,,974771.0,977579.0,980567.0,983670.0,987463.0,991684.0,994711.0,997896.0,1001395.0,1005005.0,1008446.0,1012132.0,1015610.0,1018561.0,1021585.0,1024195.0,1026730.0,1029560.0,1033426.0,1036250.0,1038814.0,1041579.0,1044330.0,1047120.0,1049886.0,1052784.0,1055255.0,1057848.0,1060226.0,1062717.0,1065120.0,1067543.0,1070217.0,1072536.0,1074901.0,1077546.0,1080008.0,1082515.0,1084649.0,1086505.0,1088816.0,1091594.0,1093908.0,1096032.0,1098123.0,1100281.0,1102686.0,1105159.0,1107581
GWteb0H9CLs,1100075.0,1113341.0,1127580.0,1140759.0,1155737.0,1169864.0,1183828.0,1197948.0,1211012.0,1222614.0,1232591.0,1243942.0,1256063.0,1267311.0,1278958.0,1290815.0,1301669.0,1312165.0,1324751.0,1336050.0,1346353.0,1356361.0,1366524.0,1376125.0,1385059.0,1394881.0,1404790.0,1414907.0,1423949.0,1433285.0,1441713.0,1449230.0,1457478.0,1466231.0,1474944.0,1483131.0,1491190.0,1498529.0,1505325.0,1513215.0,1521313.0,1529228.0,1536740.0,1544683.0,1551763.0,1558612.0,1566406.0,1577510.0,1587989.0,1597241.0,1606012.0,1614244.0,1621377.0,1629571.0,1638177.0,1646683.0,1655334.0,1663925.0,1671552.0,1678481.0,1686025.0,1694230.0,1702283.0,1711093.0,1719107.0,1726478.0,1733746.0,1741729.0,1749021.0,1757784.0,1765296.0,1772275.0,1779178.0,1785679.0,1793745.0,1801711.0,1810480.0,1818379.0,1826128.0,1833386.0,1839730.0,1846853.0,1853748.0,1861731.0,1869611.0,1877059.0,1883569.0,1889516.0,1896881.0,1903683.0,1910776.0,1917507.0,1924088.0,1930304.0,1936027.0,1942512.0,1948875.0,1955337.0,1961820.0,1967814.0,1973679.0,1979142.0,1985114.0,1991173.0,1997071.0,2003483.0,2009480.0,2015026.0,2020729.0,2027525.0,2034447.0,2040737.0,2046598.0,2052353.0,2058091.0,2063368.0,2069663.0,2076021.0,2082328.0,2088689.0,2094253.0,2099538.0,2104772.0,2110012.0,2115503.0,2121020.0,2126532.0,2132396.0,2137918.0,2143094.0,2149161.0,2155133.0,2161267.0,2167246.0,,,,,,,,,2256894.0,2265867.0,2277389.0,2288952.0,2300885.0,2311387.0,2321641.0,2331238.0,2341180.0,2351738.0,2362774.0,2374438.0,2385171.0,2395624.0,2403768.0,2411206.0,2420307.0,2428840.0,2437237.0,2446377.0,2455449.0,2463718.0,2471465.0,2480017.0,2488222.0,2496732.0,2505336.0,2513857.0,2521152.0,2527976.0,2536140.0,2543685.0,2551863.0,2559209.0,2566603.0,2573247.0,2579801.0,2587581.0,2595520.0,2603519.0,2611625.0,2619063.0,2625697.0,2631941.0,2639423.0,2647180.0,2655405.0,2663348.0,2671083
zj6FSvS3Yd4,1408346.0,1414081.0,1420296.0,1426743.0,1435128.0,1442450.0,1448661.0,1454616.0,1461693.0,1468675.0,1474437.0,1480348.0,1486161.0,1493026.0,1500878.0,1508239.0,1515053.0,1522497.0,1531987.0,1541591.0,1550858.0,1558730.0,1566564.0,1572650.0,1578478.0,1584881.0,1590774.0,1596549.0,1603156.0,1609334.0,1615161.0,1620463.0,1626167.0,1631638.0,1637408.0,1642409.0,1647917.0,1652843.0,1657419.0,1662566.0,1667575.0,1672479.0,1677363.0,1683189.0,1687933.0,1692057.0,1696963.0,1703113.0,1708500.0,1713548.0,1718034.0,1721528.0,1725015.0,1728693.0,1733292.0,1737972.0,1742982.0,1747972.0,1752177.0,1755694.0,1759244.0,1763565.0,1768035.0,1772296.0,1776347.0,1779942.0,1784251.0,1788933.0,1792987.0,1798028.0,1802714.0,1807066.0,1811262.0,1815069.0,1819547.0,1824177.0,1828891.0,1832982.0,1837172.0,1841588.0,1845571.0,1850537.0,1855003.0,1859622.0,1864420.0,1869285.0,1873890.0,1877221.0,1881298.0,1885505.0,1889565.0,1893815.0,1898071.0,1901999.0,1905418.0,1908947.0,1912920.0,1917216.0,1921240.0,1925026.0,1928579.0,1932150.0,1935959.0,1939634.0,1943422.0,1947298.0,1950887.0,1954786.0,1958111.0,1961880.0,1965909.0,1969865.0,1974473.0,1978726.0,1982993.0,1986641.0,1991378.0,1995892.0,2000739.0,2006542.0,2011703.0,2017056.0,2021641.0,2025632.0,2029933.0,2034941.0,2040288.0,2045368.0,2049829.0,2054769.0,2060207.0,2064957.0,2070125.0,2075852.0,,,,,,,,,2118337.0,2121823.0,2125839.0,2129819.0,2134380.0,2138895.0,2142711.0,2146714.0,2151004.0,2155619.0,2160512.0,2166102.0,2172031.0,2177889.0,2183741.0,2188651.0,2193796.0,2199859.0,2205783.0,2210206.0,2213906.0,2217380.0,2220893.0,2224502.0,2228349.0,2231888.0,2235390.0,2239161.0,2242456.0,2245564.0,2248794.0,2252108.0,2255328.0,2258231.0,2261429.0,2264541.0,2267202.0,2270285.0,2273666.0,2276990.0,2280261.0,2283703.0,2286947.0,2289838.0,2292968.0,2296295.0,2299484.0,2302660.0,2305809
8aRTMQvbODs,22706437.0,22798622.0,22901739.0,23003996.0,23102388.0,23196722.0,23291319.0,23385026.0,23481421.0,23575109.0,23665666.0,23750046.0,23838155.0,23922929.0,24006718.0,24086619.0,24175958.0,24256566.0,24333094.0,24407945.0,24491246.0,24579432.0,24661283.0,24739484.0,24816207.0,24890614.0,24966534.0,25039647.0,25112458.0,25186507.0,25261284.0,25333667.0,25405499.0,25480266.0,25552236.0,25627770.0,25705126.0,25781952.0,25854435.0,25917107.0,25979525.0,26040843.0,26106501.0,26174377.0,26241558.0,26306543.0,26374260.0,26459151.0,26533208.0,26603021.0,26669888.0,26741094.0,26806749.0,26868168.0,26930921.0,26994582.0,27056477.0,27117077.0,27177911.0,27239041.0,27295043.0,27351412.0,27407182.0,27459527.0,27508603.0,27561799.0,27612832.0,27661841.0,27701213.0,27750969.0,27797593.0,27841089.0,27886555.0,27935018.0,27985827.0,28036176.0,28084693.0,28130429.0,28176156.0,28223029.0,28271101.0,28318370.0,28364729.0,28411554.0,28456740.0,28502330.0,28548554.0,28596516.0,28643357.0,28688317.0,28731621.0,28770998.0,28811687.0,28854972.0,28901146.0,28942926.0,28984082.0,29026147.0,29067365.0,29108195.0,29152627.0,29198649.0,29239676.0,29279204.0,29318116.0,29357677.0,29397098.0,29438147.0,29481292.0,29520602.0,29558119.0,29596947.0,29634813.0,29671111.0,29713735.0,29760217.0,29801755.0,29841132.0,29880646.0,29919598.0,29959793.0,30003242.0,30046940.0,30085221.0,30123499.0,30160976.0,30197791.0,30240444.0,30286874.0,30334336.0,30373777.0,30412633.0,30452137.0,30490404.0,,,,,,,,,30879120.0,30932881.0,30977742.0,31017829.0,31058878.0,31098212.0,31134923.0,31172728.0,31213319.0,31247800.0,31281535.0,31316741.0,31355479.0,31396384.0,31439014.0,31481665.0,31518737.0,31554484.0,31591830.0,31627649.0,31663490.0,31704294.0,31743708.0,31778584.0,31812833.0,31846832.0,31880323.0,31915407.0,31952839.0,31990513.0,32025830.0,32061387.0,32095515.0,32128336.0,32159355.0,32194028.0,32228521.0,32258877.0,32289604.0,32321070.0,32353402.0,32385536.0,32419737.0,32453934.0,32485449.0,32516060.0,32547283.0,32579386.0,32611344
aKRY80dEkJw,247244.0,247651.0,248177.0,248766.0,249432.0,250102.0,250740.0,251388.0,252085.0,252693.0,253205.0,253712.0,254220.0,255019.0,255975.0,256772.0,257591.0,258266.0,259068.0,259811.0,260516.0,261300.0,262040.0,262919.0,263545.0,264275.0,264935.0,265546.0,266269.0,266982.0,267694.0,268461.0,269168.0,269855.0,270514.0,271134.0,271858.0,272545.0,273200.0,273746.0,274252.0,274978.0,275531.0,276150.0,276777.0,277343.0,277799.0,278416.0,279013.0,279599.0,280137.0,280718.0,281314.0,281780.0,282379.0,282898.0,283417.0,284088.0,284729.0,285301.0,285848.0,286317.0,286903.0,287519.0,288157.0,288761.0,289336.0,289948.0,290439.0,291146.0,291864.0,292492.0,293067.0,293677.0,294088.0,294638.0,295180.0,295708.0,296256.0,296769.0,297251.0,297691.0,298119.0,298568.0,299000.0,299567.0,300055.0,300579.0,301075.0,301536.0,302091.0,302591.0,303092.0,303614.0,304071.0,304455.0,304954.0,305405.0,305894.0,306350.0,306863.0,307237.0,307618.0,308053.0,308477.0,308920.0,309326.0,309877.0,310248.0,310704.0,310993.0,311332.0,311668.0,311966.0,312325.0,312696.0,313055.0,313338.0,313698.0,314019.0,314347.0,314656.0,314930.0,315164.0,315460.0,315736.0,315988.0,316248.0,316519.0,316841.0,317092.0,317325.0,317556.0,317801.0,,,,,,,,,320309.0,320649.0,320940.0,321258.0,321533.0,321866.0,322161.0,322558.0,322985.0,323359.0,323655.0,324263.0,324745.0,325231.0,325672.0,326073.0,326434.0,326821.0,327220.0,327664.0,328119.0,328581.0,329004.0,329384.0,329883.0,330317.0,330648.0,330905.0,331175.0,331451.0,331639.0,331873.0,332086.0,332384.0,332651.0,332880.0,333152.0,333348.0,333611.0,333833.0,334060.0,334263.0,334503.0,334683.0,334869.0,335076.0,335257.0,335438.0,335625
YrsKPJr4bTU,1951546.0,1951612.0,1951686.0,1951766.0,1951825.0,1951886.0,1951938.0,1952003.0,1952167.0,1952359.0,1952513.0,1952636.0,1952717.0,1952816.0,1952911.0,1952988.0,1953094.0,1953181.0,1953267.0,1953325.0,1953396.0,1953497.0,1953572.0,1953681.0,1953762.0,1953812.0,1953883.0,1953934.0,1953989.0,1954034.0,1954103.0,1954162.0,1954214.0,1954315.0,1954394.0,1954450.0,1954505.0,1954589.0,1954655.0,1954706.0,1954767.0,1954836.0,1954906.0,1954961.0,1955042.0,1955094.0,1955144.0,1955196.0,1955242.0,1955293.0,1955340.0,1955416.0,1955467.0,1955517.0,1955578.0,1955638.0,1955692.0,1955745.0,1955798.0,1955858.0,1955916.0,1955965.0,1956017.0,1956059.0,1956121.0,1956186.0,1956258.0,1956328.0,1956378.0,1956443.0,1956487.0,1956535.0,1956581.0,1956637.0,1956687.0,1956744.0,1956796.0,1956858.0,1956904.0,1956978.0,1957039.0,1957103.0,1957172.0,1957307.0,1957503.0,1957630.0,1957725.0,1991725.0,2005906.0,2029996.0,2063458.0,2064651.0,2064656.0,2064775.0,2064887.0,2065042.0,2067477.0,2067561.0,2067624.0,2067709.0,2067799.0,2067875.0,2067980.0,2068070.0,2068123.0,2068177.0,2068222.0,2068280.0,2068357.0,2068418.0,2068459.0,2068494.0,2068534.0,2068587.0,2068646.0,2068692.0,2068734.0,2068793.0,2068836.0,2068866.0,2068922.0,2068983.0,2069022.0,2069085.0,2069130.0,2069308.0,2069527.0,2069627.0,2069673.0,2069721.0,2069764.0,2069792.0,2069841.0,2069907.0,,,,,,,,,2070373.0,2070424.0,2070455.0,2070503.0,2070542.0,2070584.0,2070607.0,2070649.0,2070692.0,2070739.0,2070776.0,2070809.0,2070843.0,2070881.0,2070920.0,2070971.0,2071026.0,2071056.0,2071078.0,2071104.0,2071131.0,2071167.0,2071208.0,2071237.0,2071286.0,2071321.0,2071372.0,2071416.0,2071452.0,2071495.0,2071526.0,2071559.0,2071593.0,2071627.0,2071652.0,2071684.0,2071712.0,2071747.0,2071769.0,2071782.0,2071802.0,2071836.0,2071861.0,2071895.0,2071919.0,2071946.0,2071971.0,2071995.0,2072004
vEmwBHJugkY,208310.0,209372.0,210680.0,212091.0,213362.0,214553.0,215910.0,217053.0,218275.0,219328.0,220372.0,221320.0,222258.0,223132.0,224033.0,224920.0,225740.0,226528.0,227334.0,228199.0,229227.0,230214.0,231035.0,231849.0,232479.0,233279.0,234212.0,235247.0,236074.0,236943.0,237778.0,238540.0,239343.0,240175.0,240882.0,241739.0,242691.0,243576.0,244319.0,244951.0,245603.0,246316.0,246949.0,247571.0,248248.0,248819.0,249359.0,249975.0,250564.0,251252.0,252075.0,252814.0,253504.0,254270.0,255163.0,255954.0,256680.0,257337.0,257957.0,258519.0,259051.0,259681.0,260306.0,260899.0,261386.0,262010.0,262545.0,263045.0,263597.0,264226.0,264678.0,265169.0,265685.0,266147.0,266686.0,267215.0,267758.0,268409.0,269192.0,269758.0,270285.0,270809.0,271480.0,272058.0,272560.0,273074.0,273569.0,273963.0,274457.0,274955.0,275356.0,275814.0,276243.0,276599.0,277036.0,277463.0,277884.0,278345.0,278767.0,279429.0,280224.0,280955.0,281685.0,282362.0,283072.0,283660.0,284261.0,284854.0,285386.0,285943.0,286431.0,287021.0,287521.0,288063.0,288523.0,288997.0,289434.0,289934.0,290330.0,290803.0,291257.0,291726.0,292074.0,292496.0,292914.0,293357.0,293766.0,294168.0,294543.0,294888.0,295261.0,295689.0,296038.0,296437.0,,,,,,,,,299792.0,300142.0,300511.0,300800.0,301131.0,301432.0,301731.0,302011.0,302342.0,302671.0,302978.0,303479.0,303909.0,304315.0,304642.0,304971.0,305200.0,305600.0,305973.0,306289.0,306563.0,306917.0,307235.0,307513.0,307865.0,308265.0,308635.0,308972.0,309342.0,309672.0,310034.0,310374.0,310716.0,311035.0,311348.0,311619.0,311883.0,312197.0,312481.0,312783.0,313150.0,313549.0,313848.0,314137.0,314457.0,314705.0,315017.0,315336.0,315620
2otiRZ49cmQ,5521.0,5702.0,5924.0,6106.0,6285.0,6440.0,6580.0,6701.0,6808.0,6871.0,6970.0,7067.0,7159.0,7227.0,7294.0,7375.0,7470.0,7548.0,7594.0,7658.0,7726.0,7793.0,7851.0,7924.0,7990.0,8060.0,8131.0,8211.0,8289.0,8366.0,8415.0,8457.0,8510.0,8563.0,8620.0,8671.0,8711.0,8765.0,8821.0,8873.0,8902.0,8962.0,9008.0,9072.0,9119.0,9178.0,9231.0,9290.0,9326.0,9378.0,9420.0,9492.0,9552.0,9621.0,9694.0,9749.0,9800.0,9862.0,9920.0,9977.0,10028.0,10075.0,10151.0,10203.0,10259.0,10308.0,10373.0,10435.0,10486.0,10565.0,10614.0,10671.0,10718.0,10770.0,10833.0,10949.0,11063.0,11131.0,11210.0,11283.0,11344.0,11397.0,11465.0,11534.0,11595.0,11655.0,11742.0,11839.0,11936.0,12014.0,12120.0,12214.0,12293.0,12390.0,12463.0,12543.0,12605.0,12684.0,12756.0,12830.0,12889.0,12966.0,13031.0,13103.0,13166.0,13230.0,13287.0,13342.0,13391.0,13428.0,13474.0,13513.0,13563.0,13616.0,13665.0,13719.0,13763.0,13824.0,13876.0,13932.0,13995.0,14053.0,14103.0,14142.0,14197.0,14232.0,14270.0,14332.0,14380.0,14432.0,14474.0,14519.0,14576.0,14629.0,,,,,,,,,15046.0,15095.0,15128.0,15176.0,15223.0,15275.0,15325.0,15355.0,15395.0,15439.0,15482.0,15522.0,15583.0,15618.0,15680.0,15725.0,15762.0,15801.0,15852.0,15902.0,15958.0,16013.0,16058.0,16100.0,16141.0,16182.0,16206.0,16242.0,16292.0,16322.0,16359.0,16385.0,16420.0,16458.0,16474.0,16501.0,16545.0,16576.0,16601.0,16636.0,16669.0,16709.0,16771.0,16836.0,16878.0,16928.0,17002.0,17062.0,17129
NZO4UEeDX4w,1825154.0,1826002.0,1826910.0,1827647.0,1828389.0,1829048.0,1829605.0,1830191.0,1830777.0,1831282.0,1831702.0,1832084.0,1832541.0,1833015.0,1833418.0,1833777.0,1834103.0,1834439.0,1834721.0,1834997.0,1835251.0,1835568.0,1835886.0,1836173.0,1836468.0,1836705.0,1836980.0,1837210.0,1837483.0,1837698.0,1837911.0,1838190.0,1838452.0,1838700.0,1838890.0,1839101.0,1839365.0,1839635.0,1839988.0,1840239.0,1840503.0,1840783.0,1841040.0,1841273.0,1841465.0,1841730.0,1841934.0,1842130.0,1842302.0,1842492.0,1842665.0,1842877.0,1843086.0,1843308.0,1843544.0,1843734.0,1843926.0,1844113.0,1844290.0,1844458.0,1844668.0,1844883.0,1845072.0,1845245.0,1845467.0,1845694.0,1845939.0,1846181.0,1846354.0,1846585.0,1846801.0,1847010.0,1847256.0,1847479.0,1847703.0,1848053.0,1848320.0,1848577.0,1848796.0,1849037.0,1849245.0,1849426.0,1849645.0,1849884.0,1850108.0,1850336.0,1850572.0,1850779.0,1851028.0,1851266.0,1851520.0,1851764.0,1851970.0,1852221.0,1852467.0,1852690.0,1852985.0,1853161.0,1853335.0,1853500.0,1853666.0,1853813.0,1853969.0,1854117.0,1854271.0,1854426.0,1854582.0,1854721.0,1854856.0,1854995.0,1855118.0,1855233.0,1855363.0,1855483.0,1855629.0,1855754.0,1855867.0,1856018.0,1856207.0,1856356.0,1856531.0,1856712.0,1856847.0,1856979.0,1857102.0,1857226.0,1857325.0,1857479.0,1857695.0,1857904.0,1858130.0,1858388.0,1858580.0,1858816.0,,,,,,,,,1860851.0,1861084.0,1861303.0,1861660.0,1862023.0,1862284.0,1862582.0,1862828.0,1863097.0,1863341.0,1863568.0,1863793.0,1864017.0,1864254.0,1864460.0,1864671.0,1864938.0,1865137.0,1865324.0,1865509.0,1865656.0,1865837.0,1866018.0,1866186.0,1866333.0,1866475.0,1866627.0,1866800.0,1866991.0,1867169.0,1867336.0,1867484.0,1867699.0,1867869.0,1868041.0,1868208.0,1868402.0,1868578.0,1868721.0,1868895.0,1869068.0,1869240.0,1869429.0,1869612.0,1869760.0,1869930.0,1870132.0,1870351.0,1870504
7PlBGuxTAVs,657148.0,659423.0,661797.0,664109.0,666423.0,668540.0,670376.0,672178.0,673886.0,675431.0,676952.0,678179.0,679522.0,680828.0,682164.0,683394.0,684515.0,685440.0,686330.0,687234.0,688092.0,689072.0,689894.0,690777.0,691672.0,692452.0,693349.0,694099.0,694857.0,695609.0,696311.0,697015.0,697676.0,698375.0,698976.0,699636.0,700320.0,700987.0,701727.0,702397.0,703050.0,703742.0,704366.0,705000.0,705539.0,706070.0,706557.0,707108.0,707626.0,708117.0,708685.0,709207.0,709770.0,710352.0,710915.0,711484.0,712009.0,712519.0,713166.0,713703.0,714305.0,714945.0,715493.0,716122.0,716671.0,717261.0,717863.0,718493.0,719025.0,719677.0,720256.0,720926.0,721650.0,722292.0,722910.0,723757.0,724431.0,725132.0,725780.0,726357.0,726925.0,727347.0,727888.0,728432.0,728930.0,729513.0,730186.0,730800.0,731479.0,732168.0,732841.0,733590.0,734355.0,735227.0,736148.0,736890.0,737620.0,738306.0,738945.0,739535.0,740164.0,740799.0,741345.0,741928.0,742510.0,743042.0,743595.0,744154.0,744668.0,745115.0,745561.0,745949.0,746481.0,746965.0,747524.0,748067.0,748535.0,748996.0,749510.0,749974.0,750515.0,751079.0,751630.0,752120.0,752633.0,753068.0,753492.0,754010.0,754524.0,755044.0,755505.0,755942.0,756370.0,756813.0,,,,,,,,,760873.0,761320.0,761771.0,762178.0,762620.0,763044.0,763519.0,763876.0,764398.0,764886.0,765304.0,765744.0,766205.0,766616.0,767030.0,767489.0,767912.0,768224.0,768638.0,769003.0,769294.0,769634.0,770011.0,770342.0,770654.0,770959.0,771271.0,771676.0,772008.0,772415.0,772709.0,773014.0,773326.0,773689.0,773998.0,774371.0,774675.0,774975.0,775258.0,775567.0,775860.0,776171.0,776552.0,776932.0,777228.0,777503.0,777816.0,778140.0,778490
7SupqyXe96s,89668.0,89709.0,89739.0,89779.0,89822.0,89852.0,89888.0,89920.0,89963.0,90005.0,90047.0,90119.0,90221.0,90346.0,90477.0,90900.0,91230.0,91469.0,91613.0,91757.0,91860.0,91922.0,91990.0,92055.0,92120.0,92215.0,92282.0,92332.0,92373.0,92422.0,92456.0,92504.0,92536.0,92573.0,92612.0,92642.0,92703.0,92737.0,92785.0,92812.0,92849.0,92868.0,92901.0,92936.0,92968.0,92991.0,93014.0,93043.0,93066.0,93084.0,93110.0,93134.0,93164.0,93185.0,93219.0,93252.0,93282.0,93305.0,93334.0,93361.0,93392.0,93417.0,93452.0,93467.0,93489.0,93512.0,93533.0,93550.0,93573.0,93598.0,93622.0,93645.0,93670.0,93683.0,93705.0,93719.0,93744.0,93763.0,93788.0,93811.0,93834.0,93848.0,93868.0,93907.0,93932.0,93938.0,93951.0,93980.0,93997.0,94009.0,94020.0,94031.0,94049.0,94066.0,94090.0,94111.0,94125.0,94146.0,94166.0,94185.0,94194.0,94215.0,94230.0,94241.0,94261.0,94279.0,94297.0,94317.0,94335.0,94344.0,94360.0,94373.0,94397.0,94412.0,94439.0,94465.0,94491.0,94509.0,94528.0,94547.0,94567.0,94591.0,94636.0,94650.0,94671.0,94665.0,94692.0,94709.0,94731.0,94750.0,94770.0,94798.0,94831.0,94858.0,,,,,,,,,95441.0,95528.0,95618.0,95698.0,95787.0,95874.0,95938.0,95996.0,96069.0,96130.0,96171.0,96233.0,96271.0,96305.0,96340.0,96384.0,96413.0,96458.0,96508.0,96540.0,96583.0,96625.0,96672.0,96721.0,96803.0,96854.0,96981.0,97106.0,97202.0,97290.0,97364.0,97441.0,97537.0,97598.0,97677.0,97740.0,97789.0,97834.0,97872.0,97922.0,97953.0,98011.0,98052.0,98091.0,98130.0,98166.0,98191.0,98233.0,98272
sVTnAajWDOA,10550.0,10564.0,10575.0,10582.0,10592.0,10608.0,10621.0,10631.0,10642.0,10656.0,10665.0,10676.0,10695.0,10704.0,10715.0,10728.0,10745.0,10773.0,10795.0,10813.0,10819.0,10828.0,10843.0,10849.0,10859.0,10870.0,10884.0,10893.0,10903.0,10915.0,10933.0,10945.0,10946.0,10957.0,10973.0,10997.0,11005.0,11024.0,11037.0,11041.0,11051.0,11058.0,11061.0,11072.0,11086.0,11093.0,11104.0,11113.0,11124.0,11138.0,11152.0,11172.0,11176.0,11185.0,11196.0,11203.0,11214.0,11222.0,11238.0,11241.0,11255.0,11259.0,11266.0,11274.0,11283.0,11287.0,11302.0,11310.0,11318.0,11327.0,11335.0,11338.0,11340.0,11345.0,11347.0,11349.0,11354.0,11372.0,11384.0,11395.0,11403.0,11414.0,11418.0,11426.0,11444.0,11453.0,11464.0,11467.0,11479.0,11494.0,11498.0,11505.0,11513.0,11519.0,11523.0,11533.0,11539.0,11547.0,11555.0,11564.0,11576.0,11591.0,11614.0,11632.0,11661.0,11684.0,11701.0,11721.0,11735.0,11742.0,11757.0,11771.0,11784.0,11807.0,11821.0,11833.0,11848.0,11858.0,11870.0,11876.0,11884.0,11900.0,11910.0,11923.0,11937.0,11948.0,11958.0,11976.0,11995.0,12008.0,12024.0,12033.0,12047.0,12058.0,,,,,,,,,12173.0,12190.0,12205.0,12218.0,12241.0,12272.0,12308.0,12328.0,12344.0,12381.0,12418.0,12451.0,12489.0,12526.0,12544.0,12567.0,12585.0,12607.0,12629.0,12649.0,12668.0,12686.0,12705.0,12717.0,12741.0,12760.0,12777.0,12794.0,12813.0,12828.0,12840.0,12853.0,12865.0,12875.0,12887.0,12905.0,12911.0,12923.0,12929.0,12950.0,12960.0,12974.0,12978.0,12988.0,12995.0,13004.0,13015.0,13026.0,13041
1iOB4quhJ38,2780.0,2786.0,2794.0,2800.0,2814.0,2829.0,2844.0,2868.0,2890.0,2913.0,2936.0,2955.0,2979.0,2992.0,3012.0,3024.0,3042.0,3067.0,3088.0,3103.0,3119.0,3146.0,3164.0,3174.0,3182.0,3194.0,3220.0,3232.0,3248.0,3269.0,3292.0,3321.0,3336.0,3354.0,3374.0,3390.0,3407.0,3424.0,3435.0,3455.0,3471.0,3486.0,3492.0,3514.0,3523.0,3529.0,3543.0,3555.0,3569.0,3581.0,3588.0,3597.0,3607.0,3619.0,3631.0,3646.0,3654.0,3668.0,3681.0,3699.0,3716.0,3730.0,3754.0,3769.0,3787.0,3796.0,3805.0,3822.0,3834.0,3848.0,3861.0,3872.0,3881.0,3886.0,3901.0,3911.0,3918.0,3926.0,3939.0,3949.0,3960.0,3970.0,3980.0,3987.0,3993.0,4011.0,4022.0,4036.0,4057.0,4069.0,4078.0,4089.0,4110.0,4121.0,4137.0,4148.0,4165.0,4180.0,4195.0,4211.0,4229.0,4247.0,4256.0,4276.0,4279.0,4285.0,4290.0,4297.0,4311.0,4319.0,4324.0,4330.0,4336.0,4344.0,4353.0,4359.0,4359.0,4362.0,4368.0,4373.0,4376.0,4377.0,4382.0,4387.0,4392.0,4394.0,4397.0,4398.0,4403.0,4408.0,4415.0,4420.0,4422.0,4425.0,,,,,,,,,4645.0,4765.0,4975.0,5241.0,5473.0,5736.0,5976.0,6114.0,6267.0,6426.0,6584.0,6831.0,7063.0,7229.0,7409.0,7625.0,7912.0,8109.0,8262.0,8316.0,8391.0,8439.0,8477.0,8527.0,8593.0,8669.0,8736.0,8799.0,8844.0,8890.0,8941.0,8984.0,9042.0,9077.0,9126.0,9165.0,9203.0,9254.0,9314.0,9353.0,9390.0,9453.0,9493.0,9531.0,9568.0,9620.0,9664.0,9715.0,9754
tRmdA882ZvQ,11550.0,11596.0,11661.0,11721.0,11795.0,11853.0,11909.0,11995.0,12066.0,12128.0,12195.0,12243.0,12296.0,12349.0,12401.0,12476.0,12537.0,12606.0,12663.0,12707.0,12749.0,12804.0,12854.0,12907.0,12959.0,13025.0,13066.0,13119.0,13179.0,13227.0,13289.0,13347.0,13414.0,13478.0,13522.0,13580.0,13618.0,13654.0,13705.0,13753.0,13798.0,13845.0,13883.0,13929.0,13972.0,14019.0,14055.0,14104.0,14146.0,14185.0,14219.0,14241.0,14277.0,14302.0,14336.0,14374.0,14408.0,14445.0,14483.0,14518.0,14572.0,14622.0,14683.0,14744.0,14786.0,14822.0,14853.0,14898.0,14930.0,14969.0,15012.0,15060.0,15095.0,15123.0,15180.0,15214.0,15276.0,15317.0,15363.0,15413.0,15466.0,15500.0,15548.0,15586.0,15623.0,15673.0,15687.0,15733.0,15775.0,15815.0,15869.0,15899.0,15924.0,15957.0,15992.0,16024.0,16056.0,16091.0,16116.0,16151.0,16179.0,16220.0,16246.0,16288.0,16318.0,16352.0,16376.0,16396.0,16422.0,16450.0,16476.0,16535.0,16579.0,16614.0,16649.0,16707.0,16728.0,16774.0,16827.0,16875.0,16933.0,16970.0,16998.0,17031.0,17059.0,17100.0,17136.0,17169.0,17200.0,17232.0,17255.0,17294.0,17321.0,17351.0,,,,,,,,,17719.0,17747.0,17777.0,17809.0,17865.0,17933.0,17976.0,18013.0,18054.0,18098.0,18127.0,18146.0,18178.0,18238.0,18295.0,18333.0,18366.0,18400.0,18420.0,18459.0,18480.0,18503.0,18541.0,18573.0,18597.0,18622.0,18653.0,18684.0,18703.0,18739.0,18767.0,18792.0,18828.0,18851.0,18867.0,18887.0,18908.0,18927.0,18952.0,18974.0,19002.0,19022.0,19045.0,19060.0,19083.0,19097.0,19129.0,19152.0,19174
PGoeFdmkzhw,3331501.0,3332947.0,3334428.0,3335429.0,3336820.0,3337905.0,3339629.0,3341145.0,3342419.0,3344213.0,3345311.0,3346757.0,3347850.0,3349522.0,3351037.0,3352527.0,3353853.0,3355067.0,3356517.0,3358048.0,3359317.0,3360452.0,3361427.0,3362312.0,3363409.0,3364510.0,3365288.0,3366891.0,3368458.0,3370028.0,3371487.0,3372529.0,3373661.0,3374637.0,3375433.0,3376140.0,3376815.0,3377637.0,3378521.0,3379260.0,3380010.0,3380806.0,3381550.0,3382405.0,3383199.0,3383948.0,3384723.0,3386709.0,3388790.0,3390587.0,3393112.0,3397569.0,3401560.0,3408205.0,3417135.0,3424834.0,3427475.0,3430345.0,3434876.0,3438048.0,3440782.0,3443478.0,3446650.0,3451315.0,3456030.0,3460213.0,3464745.0,3468557.0,3470729.0,3476924.0,3478319.0,3479157.0,3480161.0,3481121.0,3482076.0,3482941.0,3483881.0,3484753.0,3485624.0,3486518.0,3487393.0,3488279.0,3489092.0,3489948.0,3490768.0,3491557.0,3492303.0,3493440.0,3494468.0,3495499.0,3496397.0,3497336.0,3498100.0,3498887.0,3499639.0,3500412.0,3501185.0,3501930.0,3502715.0,3503379.0,3504187.0,3505028.0,3505877.0,3506678.0,3507470.0,3508210.0,3508914.0,3509672.0,3510512.0,3511300.0,3512074.0,3512904.0,3513630.0,3514960.0,3516262.0,3517502.0,3518577.0,3519587.0,3520705.0,3521703.0,3522713.0,3523565.0,3524455.0,3525281.0,3526087.0,3526979.0,3527847.0,3528799.0,3529888.0,3530891.0,3531947.0,3533060.0,3534074.0,3535007.0,,,,,,,,,3542896.0,3543707.0,3544552.0,3545388.0,3546556.0,3548079.0,3549014.0,3549927.0,3550819.0,3551700.0,3552616.0,3553573.0,3554489.0,3555377.0,3556193.0,3556916.0,3557695.0,3558432.0,3559126.0,3559814.0,3560420.0,3561204.0,3561923.0,3562554.0,3563265.0,3563951.0,3564632.0,3565231.0,3565817.0,3566387.0,3567155.0,3567768.0,3568421.0,3569042.0,3569605.0,3570184.0,3570727.0,3571280.0,3571980.0,3572754.0,3573318.0,3574002.0,3574632.0,3575205.0,3575783.0,3576326.0,3576876.0,3577451.0,3578011
2RwFzNL66Hs,36686.0,36791.0,36913.0,37034.0,37160.0,37292.0,37453.0,37623.0,37870.0,38210.0,38465.0,38685.0,38870.0,39046.0,39215.0,39421.0,39592.0,39743.0,39880.0,40032.0,40166.0,40297.0,40412.0,40538.0,40653.0,40789.0,40914.0,41030.0,41143.0,41248.0,41355.0,41465.0,41567.0,41663.0,41782.0,41880.0,41999.0,42096.0,42225.0,42332.0,42444.0,42589.0,42736.0,42981.0,43297.0,43578.0,43780.0,43945.0,44100.0,44260.0,44453.0,44652.0,44873.0,45097.0,45324.0,45572.0,45828.0,46189.0,46519.0,46900.0,47181.0,47581.0,47893.0,48157.0,48498.0,48857.0,49245.0,49623.0,49968.0,50410.0,50768.0,51171.0,51683.0,52139.0,52590.0,53041.0,53494.0,53871.0,54669.0,55457.0,56214.0,56792.0,57292.0,57771.0,58221.0,58561.0,58973.0,59426.0,59880.0,60280.0,60673.0,61077.0,61567.0,62143.0,62722.0,63334.0,63863.0,64411.0,64875.0,65319.0,65844.0,66519.0,67243.0,67849.0,68429.0,68916.0,69498.0,70193.0,70880.0,71487.0,72077.0,72663.0,73163.0,75425.0,77903.0,79913.0,81653.0,83142.0,84388.0,85489.0,86639.0,87562.0,88460.0,89281.0,90178.0,91078.0,91986.0,92901.0,93862.0,94734.0,95600.0,96410.0,97258.0,98057.0,,,,,,,,,104461.0,105201.0,105959.0,106679.0,107329.0,107985.0,108452.0,109043.0,109660.0,110197.0,110763.0,111274.0,111803.0,112270.0,112809.0,113269.0,113787.0,114317.0,114654.0,115153.0,115543.0,116015.0,116431.0,116821.0,117199.0,117540.0,117925.0,118316.0,118759.0,119209.0,119594.0,119911.0,120311.0,120717.0,121162.0,121564.0,122080.0,122587.0,123121.0,123565.0,123959.0,124512.0,125222.0,125799.0,126331.0,126807.0,127251.0,127699.0,128225
bbXDg3NhxT4,4930686.0,4941677.0,4952925.0,4963113.0,4973543.0,4983475.0,4993865.0,5003797.0,5012367.0,5020643.0,5027693.0,5033712.0,5039724.0,5046020.0,5051936.0,5057246.0,5062193.0,5066673.0,5070547.0,5074077.0,5077542.0,5081042.0,5084802.0,5088970.0,5092568.0,5095822.0,5098819.0,5102277.0,5105453.0,5108277.0,5111076.0,5113643.0,5116122.0,5118729.0,5121363.0,5123821.0,5126604.0,5129649.0,5132414.0,5135087.0,5137741.0,5140154.0,5142607.0,5145092.0,5147459.0,5149673.0,5151678.0,5153730.0,5155708.0,5157453.0,5159261.0,5161097.0,5162984.0,5164671.0,5166375.0,5168003.0,5169590.0,5171161.0,5172777.0,5174336.0,5175654.0,5177139.0,5178680.0,5180217.0,5181651.0,5183065.0,5184446.0,5185694.0,5186849.0,5188735.0,5190347.0,5191962.0,5193497.0,5194857.0,5196265.0,5197730.0,5199072.0,5200448.0,5201800.0,5203173.0,5204660.0,5206204.0,5208182.0,5210298.0,5212504.0,5214862.0,5216906.0,5218920.0,5220789.0,5222621.0,5224128.0,5226388.0,5229448.0,5231872.0,5234200.0,5235906.0,5237428.0,5238960.0,5240374.0,5241712.0,5243156.0,5244571.0,5245752.0,5246887.0,5248150.0,5249747.0,5251158.0,5252353.0,5253477.0,5254491.0,5255494.0,5256439.0,5257350.0,5258306.0,5259453.0,5260479.0,5261321.0,5262166.0,5263028.0,5263813.0,5264834.0,5265910.0,5266833.0,5267591.0,5268351.0,5269104.0,5269970.0,5270870.0,5271816.0,5272637.0,5273324.0,5274045.0,5274721.0,5275408.0,,,,,,,,,5282425.0,5283331.0,5284049.0,5284704.0,5285376.0,5286103.0,5286890.0,5287669.0,5288582.0,5289336.0,5290123.0,5290908.0,5291707.0,5292456.0,5293327.0,5294291.0,5295014.0,5295665.0,5296474.0,5297080.0,5297697.0,5298349.0,5299063.0,5299636.0,5300214.0,5300736.0,5301253.0,5301867.0,5302494.0,5303169.0,5303720.0,5304231.0,5304780.0,5305269.0,5305710.0,5306312.0,5306852.0,5307316.0,5307857.0,5308411.0,5309027.0,5309666.0,5310307.0,5310922.0,5311465.0,5312000.0,5312606.0,5313217.0,5313807
kuEYteqHlCo,329759.0,331731.0,333612.0,335308.0,337383.0,339503.0,341538.0,343513.0,345499.0,347227.0,348892.0,350774.0,352980.0,354952.0,357002.0,358726.0,360361.0,361734.0,363454.0,365058.0,366959.0,368695.0,370368.0,371838.0,373131.0,374663.0,376128.0,377732.0,379412.0,381346.0,383522.0,385512.0,387978.0,390605.0,393136.0,395321.0,397458.0,399014.0,400690.0,402541.0,404458.0,406211.0,407907.0,409737.0,411209.0,412914.0,414729.0,416577.0,418388.0,420182.0,421925.0,423518.0,424660.0,426369.0,427988.0,429539.0,431292.0,433232.0,434835.0,436229.0,437867.0,439482.0,441135.0,442750.0,444314.0,445762.0,447002.0,448525.0,449861.0,451458.0,452862.0,453982.0,455312.0,456442.0,457765.0,459135.0,460550.0,461953.0,463420.0,464544.0,465479.0,466889.0,468169.0,469453.0,470631.0,472046.0,473139.0,474129.0,475311.0,476596.0,477979.0,479252.0,480743.0,481762.0,482731.0,483932.0,485114.0,486349.0,487689.0,488939.0,489862.0,491023.0,492312.0,493500.0,494884.0,496195.0,497364.0,498454.0,499345.0,500604.0,501883.0,503034.0,504207.0,505352.0,506425.0,507429.0,508675.0,509902.0,511201.0,512459.0,513501.0,514468.0,515363.0,516278.0,517222.0,518284.0,519289.0,520421.0,521255.0,522207.0,523360.0,524544.0,525727.0,526936.0,,,,,,,,,536724.0,537715.0,538932.0,540156.0,541332.0,542530.0,543640.0,544676.0,545823.0,547192.0,548479.0,549920.0,551263.0,552517.0,553612.0,554489.0,555915.0,557314.0,558791.0,560209.0,561409.0,562384.0,563392.0,564568.0,565902.0,567231.0,568550.0,570094.0,571598.0,573227.0,575124.0,576869.0,578691.0,580385.0,581998.0,583415.0,584679.0,586323.0,588118.0,589963.0,591759.0,593438.0,594813.0,596056.0,597608.0,599074.0,600640.0,602350.0,603835
yy8tHUW5bhU,198594.0,199105.0,199833.0,200396.0,200904.0,201429.0,201999.0,202598.0,203147.0,203693.0,204246.0,204791.0,205605.0,206208.0,206886.0,207524.0,208202.0,208776.0,209372.0,210019.0,210588.0,211223.0,211848.0,212456.0,212973.0,213421.0,213893.0,214461.0,215047.0,215645.0,216185.0,216667.0,217221.0,217798.0,218279.0,218796.0,219308.0,219833.0,220294.0,220752.0,221136.0,221701.0,222142.0,222621.0,223097.0,223580.0,223993.0,224446.0,224827.0,225393.0,225887.0,226335.0,226665.0,227060.0,227491.0,227961.0,228373.0,228782.0,229220.0,229591.0,229946.0,230380.0,230833.0,231229.0,231701.0,232198.0,232604.0,232956.0,233286.0,233763.0,234113.0,234477.0,234830.0,235240.0,235580.0,235921.0,236345.0,236679.0,237034.0,237380.0,237677.0,238015.0,238399.0,238717.0,239065.0,239440.0,239908.0,240233.0,240623.0,240994.0,241365.0,241779.0,242153.0,242561.0,242903.0,243259.0,243627.0,243984.0,244347.0,244720.0,245084.0,245432.0,245796.0,246222.0,246586.0,246976.0,247656.0,248384.0,248959.0,249461.0,250002.0,250452.0,250978.0,251470.0,251981.0,252435.0,252851.0,253292.0,253668.0,254067.0,254450.0,254839.0,255215.0,255636.0,256059.0,256452.0,256787.0,257195.0,257589.0,257933.0,258313.0,258682.0,259066.0,259449.0,,,,,,,,,262998.0,263392.0,263711.0,264023.0,264368.0,264697.0,265111.0,265429.0,265783.0,266121.0,266472.0,266857.0,267232.0,267586.0,267917.0,268254.0,268549.0,268899.0,269274.0,269584.0,269905.0,270203.0,270493.0,270738.0,271059.0,271438.0,271777.0,272089.0,272452.0,272754.0,273094.0,273396.0,273726.0,274013.0,274317.0,274593.0,274903.0,275174.0,275451.0,275757.0,276081.0,276427.0,276769.0,277165.0,277545.0,277962.0,278319.0,278643.0,278981
aHTI0SXGVS0,18137985.0,18209834.0,18292939.0,18377072.0,18454026.0,18529176.0,18606263.0,18683317.0,18755608.0,18826576.0,18897971.0,18971599.0,19066649.0,19151039.0,19233169.0,19312406.0,19397694.0,19476951.0,19547778.0,19614784.0,19685746.0,19760636.0,19831370.0,19902382.0,19971796.0,20040585.0,20107256.0,20174044.0,20245524.0,20313092.0,20381976.0,20446084.0,20503716.0,20562875.0,20624628.0,20687348.0,20754939.0,20826490.0,20894193.0,20953466.0,21014333.0,21076553.0,21141518.0,21211740.0,21283880.0,21350336.0,21412125.0,21475808.0,21536843.0,21600716.0,21662926.0,21732561.0,21792454.0,21849721.0,21909634.0,21969312.0,22030870.0,22094678.0,22158838.0,22222152.0,22282177.0,22338655.0,22393922.0,22449450.0,22507990.0,22567310.0,22620111.0,22679031.0,22730923.0,22796964.0,22849617.0,22897288.0,22947745.0,23000051.0,23054324.0,23110273.0,23167024.0,23218749.0,23271751.0,23320679.0,23367400.0,23416291.0,23464084.0,23512235.0,23559393.0,23605544.0,23650314.0,23692699.0,23735232.0,23778175.0,23822850.0,23867075.0,23911272.0,23958724.0,24004791.0,24047598.0,24091629.0,24136279.0,24180579.0,24226536.0,24275923.0,24321103.0,24364262.0,24404878.0,24444842.0,24485733.0,24530783.0,24583303.0,24634828.0,24680957.0,24731027.0,24778921.0,24834315.0,24884276.0,24934975.0,24984400.0,25032666.0,25083218.0,25131761.0,25177832.0,25225553.0,25277408.0,25325869.0,25368331.0,25412956.0,25456513.0,25498930.0,25544672.0,25592484.0,25639518.0,25688305.0,25736601.0,25782668.0,25826687.0,,,,,,,,,26240644.0,26293214.0,26342712.0,26393744.0,26446016.0,26499977.0,26556429.0,26613892.0,26672723.0,26720174.0,26767990.0,26820358.0,26871952.0,26927450.0,26982749.0,27035841.0,27081352.0,27129657.0,27175198.0,27215059.0,27254352.0,27296072.0,27335914.0,27373729.0,27410483.0,27447858.0,27486008.0,27526672.0,27566744.0,27604520.0,27642781.0,27680270.0,27717184.0,27753326.0,27788512.0,27825188.0,27860060.0,27893032.0,27928006.0,27962971.0,27998102.0,28034717.0,28076375.0,28118810.0,28158795.0,28196998.0,28234387.0,28272561.0,28308915
c5Fc6r4A9d8,5454290.0,5632332.0,5787950.0,5818010.0,5846230.0,5875066.0,5900967.0,5928709.0,5955612.0,5981595.0,6005962.0,6030316.0,6061120.0,6089557.0,6117350.0,6142889.0,6168611.0,6192165.0,6214496.0,6236084.0,6258353.0,6280749.0,6302881.0,6324130.0,6344888.0,6364807.0,6383894.0,6403393.0,6423460.0,6442172.0,6459787.0,6476575.0,6492934.0,6509696.0,6526703.0,6544119.0,6562894.0,6580824.0,6597717.0,6615756.0,6634236.0,6652203.0,6670252.0,6689896.0,6708219.0,6725395.0,6742014.0,6758861.0,6774629.0,6789342.0,6803433.0,6818241.0,6831692.0,6844738.0,6858731.0,6871362.0,6884110.0,6897290.0,6910862.0,6923563.0,6936243.0,6948631.0,6961107.0,6973527.0,6985662.0,6997129.0,7007868.0,7018759.0,7028399.0,7041254.0,7053619.0,7064706.0,7075507.0,7086181.0,7096645.0,7107344.0,7118943.0,7129741.0,7140774.0,7151815.0,7162324.0,7173061.0,7183692.0,7194291.0,7204720.0,7215768.0,7226175.0,7236408.0,7246981.0,7256993.0,7267233.0,7277340.0,7288344.0,7299920.0,7310622.0,7320724.0,7330870.0,7341082.0,7351115.0,7362008.0,7373296.0,7383396.0,7393350.0,7402524.0,7412148.0,7421316.0,7433934.0,7450127.0,7464568.0,7477426.0,7490886.0,7503238.0,7519233.0,7532106.0,7544349.0,7555224.0,7565767.0,7576384.0,7586678.0,7596575.0,7606527.0,7617130.0,7626396.0,7635240.0,7644408.0,7653506.0,7662827.0,7672699.0,7682677.0,7691796.0,7700664.0,7709842.0,7719104.0,7727482.0,,,,,,,,,7808447.0,7816498.0,7824087.0,7831512.0,7838964.0,7846105.0,7852850.0,7859929.0,7866857.0,7873797.0,7880444.0,7887195.0,7894372.0,7901123.0,7907697.0,7913854.0,7920309.0,7927099.0,7934049.0,7941007.0,7947846.0,7955659.0,7962580.0,7969227.0,7977065.0,7985278.0,7992857.0,8000946.0,8008220.0,8015061.0,8021810.0,8028998.0,8036136.0,8042753.0,8049466.0,8055960.0,8062325.0,8068395.0,8074532.0,8080462.0,8086425.0,8092706.0,8099681.0,8106607.0,8113392.0,8119772.0,8126279.0,8132603.0,8139121
BydbhAzmAzg,8485610.0,8508370.0,8534278.0,8559186.0,8582553.0,8606533.0,8629582.0,8652988.0,8678963.0,8705861.0,8730168.0,8753545.0,8781680.0,8808196.0,8836154.0,8861540.0,8887260.0,8911376.0,8934972.0,8958118.0,8981742.0,9006764.0,9033906.0,9060697.0,9083686.0,9104420.0,9126784.0,9149301.0,9173350.0,9196066.0,9218626.0,9238898.0,9258570.0,9278401.0,9298282.0,9319049.0,9341744.0,9363521.0,9383391.0,9402663.0,9422581.0,9441320.0,9459827.0,9478948.0,9498108.0,9516262.0,9534504.0,9551367.0,9568070.0,9585216.0,9601313.0,9618261.0,9633755.0,9648520.0,9665157.0,9681418.0,9697758.0,9714780.0,9732782.0,9749826.0,9764723.0,9780592.0,9796452.0,9810537.0,9824299.0,9838445.0,9851550.0,9866479.0,9879726.0,9897700.0,9912099.0,9924414.0,9938004.0,9952436.0,9966655.0,9981915.0,9998537.0,10014255.0,10032789.0,10049618.0,10064175.0,10079136.0,10094259.0,10109417.0,10124048.0,10139792.0,10154407.0,10168457.0,10182397.0,10195767.0,10209467.0,10223905.0,10241861.0,10260289.0,10277289.0,10291841.0,10306134.0,10320719.0,10335816.0,10352240.0,10369407.0,10384917.0,10399204.0,10412428.0,10425718.0,10439023.0,10455270.0,10476497.0,10496757.0,10515695.0,10535542.0,10555641.0,10576383.0,10595534.0,10613969.0,10631102.0,10647208.0,10663469.0,10679202.0,10693785.0,10709166.0,10725096.0,10739682.0,10753275.0,10767770.0,10783031.0,10799342.0,10815219.0,10830711.0,10845465.0,10859890.0,10874819.0,10889753.0,10903192.0,,,,,,,,,11035989.0,11050698.0,11064929.0,11078822.0,11092240.0,11105897.0,11119038.0,11131804.0,11143825.0,11155688.0,11167636.0,11179775.0,11193297.0,11206286.0,11218836.0,11230385.0,11241752.0,11253921.0,11266735.0,11280377.0,11294553.0,11310276.0,11324588.0,11338340.0,11354139.0,11369677.0,11384082.0,11399763.0,11413942.0,11428125.0,11442105.0,11456830.0,11471667.0,11486494.0,11500375.0,11514113.0,11528169.0,11541006.0,11554382.0,11567699.0,11580792.0,11594241.0,11609117.0,11622715.0,11636182.0,11649263.0,11662040.0,11675060.0,11687666
nrCvV2lF9FQ,149706.0,150624.0,151672.0,152588.0,153472.0,154716.0,155778.0,156956.0,158687.0,160440.0,162075.0,163663.0,165221.0,166920.0,168448.0,169765.0,171053.0,172257.0,173687.0,175046.0,176461.0,178408.0,180564.0,182016.0,183453.0,185076.0,186912.0,188643.0,190420.0,192226.0,193389.0,194610.0,196139.0,197806.0,199370.0,200934.0,202491.0,203648.0,204674.0,206094.0,207354.0,208985.0,210213.0,211533.0,213116.0,214355.0,215541.0,216858.0,218358.0,219668.0,220928.0,222278.0,223506.0,224710.0,226080.0,227451.0,228802.0,230426.0,231913.0,233190.0,234594.0,236347.0,238098.0,239884.0,241406.0,242877.0,244072.0,245463.0,246767.0,248460.0,250119.0,251459.0,252958.0,254425.0,256019.0,257496.0,259191.0,260779.0,262594.0,264133.0,265477.0,267168.0,268817.0,270570.0,272082.0,273589.0,274788.0,275889.0,277209.0,278484.0,279745.0,281179.0,282367.0,283550.0,284626.0,285781.0,287415.0,289029.0,290450.0,292076.0,293377.0,294664.0,296310.0,297664.0,299233.0,300796.0,302291.0,303719.0,305053.0,306659.0,308408.0,310073.0,311600.0,313293.0,314742.0,315977.0,317377.0,319032.0,320804.0,322546.0,324073.0,325493.0,326615.0,327988.0,329400.0,330687.0,331995.0,333418.0,334578.0,335566.0,336676.0,337990.0,339286.0,340637.0,,,,,,,,,351649.0,352759.0,353936.0,355093.0,356426.0,357929.0,359271.0,360638.0,362405.0,364559.0,366748.0,368971.0,371745.0,373949.0,376129.0,377970.0,380048.0,382373.0,384750.0,386646.0,388272.0,389767.0,391266.0,393190.0,395238.0,396968.0,398752.0,400569.0,402229.0,403934.0,406133.0,407909.0,409681.0,411384.0,412946.0,414401.0,415722.0,417309.0,419027.0,420692.0,422230.0,423919.0,425537.0,426928.0,428732.0,430579.0,432353.0,434202.0,436038
bgblQb-XFFY,2568186.0,2572239.0,2576502.0,2581007.0,2584971.0,2589623.0,2593938.0,2599561.0,2608068.0,2625227.0,2643076.0,2660530.0,2678241.0,2695364.0,2714632.0,2734101.0,2752664.0,2770120.0,2787055.0,2805680.0,2825103.0,2845634.0,2865490.0,2884581.0,2903602.0,2921441.0,2938363.0,2955488.0,2972964.0,2991054.0,3010136.0,3027490.0,3043671.0,3060274.0,3078266.0,3098552.0,3119484.0,3138107.0,3156655.0,3174516.0,3192560.0,3211018.0,3229585.0,3249448.0,3269421.0,3288479.0,3306339.0,3324618.0,3342303.0,3359838.0,3376261.0,3394184.0,3411818.0,3427677.0,3442187.0,3458014.0,3474819.0,3491653.0,3508794.0,3525631.0,3541358.0,3557217.0,3572586.0,3587184.0,3601754.0,3616452.0,3631697.0,3646414.0,3658978.0,3674661.0,3689013.0,3703321.0,3718124.0,3734240.0,3750010.0,3764381.0,3779592.0,3794743.0,3810098.0,3825531.0,3841366.0,3856706.0,3870897.0,3885105.0,3898602.0,3912079.0,3926008.0,3939795.0,3952706.0,3964703.0,3976998.0,3989267.0,4001655.0,4014828.0,4028460.0,4040250.0,4050951.0,4062184.0,4073228.0,4084849.0,4097898.0,4110994.0,4122822.0,4133917.0,4145819.0,4157412.0,4168416.0,4180076.0,4192058.0,4202526.0,4212401.0,4222776.0,4232992.0,4243121.0,4254256.0,4265808.0,4276164.0,4285733.0,4295215.0,4305030.0,4315012.0,4325730.0,4336980.0,4346953.0,4357813.0,4368904.0,4379983.0,4391630.0,4403224.0,4415767.0,4427560.0,4439461.0,4451241.0,4462859.0,,,,,,,,,4565202.0,4577060.0,4587506.0,4597558.0,4607589.0,4617702.0,4627396.0,4637037.0,4647453.0,4656655.0,4666534.0,4677965.0,4698815.0,4715556.0,4732608.0,4750474.0,4766579.0,4783809.0,4801357.0,4819370.0,4841623.0,4864829.0,4886675.0,4905899.0,4925046.0,4943046.0,4960737.0,4978156.0,4995758.0,5013376.0,5029281.0,5044971.0,5060554.0,5076350.0,5091801.0,5107874.0,5123955.0,5138856.0,5153931.0,5169414.0,5185353.0,5201516.0,5218211.0,5235437.0,5250908.0,5266009.0,5281178.0,5296338.0,5312034
nPoL3GwHrEQ,1045843.0,1047522.0,1049603.0,1051889.0,1054250.0,1056589.0,1058836.0,1061303.0,1063957.0,1066413.0,1068998.0,1071404.0,1073930.0,1076846.0,1080471.0,1084221.0,1088112.0,1091863.0,1095328.0,1099496.0,1104880.0,1110407.0,1114869.0,1118930.0,1122731.0,1126343.0,1129705.0,1132932.0,1135823.0,1138635.0,1141110.0,1143544.0,1146060.0,1148522.0,1150970.0,1153390.0,1155778.0,1157890.0,1160051.0,1162125.0,1164076.0,1166116.0,1167983.0,1170044.0,1172122.0,1174087.0,1175773.0,1177537.0,1179289.0,1180917.0,1182556.0,1184301.0,1185858.0,1187254.0,1188696.0,1190155.0,1191594.0,1193099.0,1194570.0,1196001.0,1197399.0,1198834.0,1200262.0,1201686.0,1203157.0,1204565.0,1205922.0,1207105.0,1208343.0,1209929.0,1211384.0,1212693.0,1214071.0,1215271.0,1216542.0,1217826.0,1219055.0,1220212.0,1221445.0,1222747.0,1224014.0,1225215.0,1226482.0,1227812.0,1229080.0,1230240.0,1231373.0,1232494.0,1233670.0,1234906.0,1236189.0,1237428.0,1238748.0,1240076.0,1241475.0,1242609.0,1243813.0,1244932.0,1246144.0,1247314.0,1248532.0,1250016.0,1251347.0,1252624.0,1253963.0,1255203.0,1256338.0,1257528.0,1258802.0,1259833.0,1261027.0,1262258.0,1263486.0,1264632.0,1265770.0,1266911.0,1268043.0,1269119.0,1270217.0,1271240.0,1272349.0,1273497.0,1274527.0,1275497.0,1276460.0,1277436.0,1278460.0,1279573.0,1280593.0,1281607.0,1282582.0,1283567.0,1284584.0,1285504.0,,,,,,,,,1295699.0,1297278.0,1298565.0,1299901.0,1301344.0,1302662.0,1306334.0,1308425.0,1311358.0,1312787.0,1314061.0,1315255.0,1316500.0,1317687.0,1318784.0,1320412.0,1321619.0,1324153.0,1328198.0,1331621.0,1334602.0,1337533.0,1340090.0,1342356.0,1344591.0,1346538.0,1348416.0,1349929.0,1351564.0,1353102.0,1354431.0,1355735.0,1357054.0,1358380.0,1359563.0,1360747.0,1361919.0,1363039.0,1364214.0,1365312.0,1366484.0,1367618.0,1368897.0,1370111.0,1371188.0,1372292.0,1373338.0,1374625.0,1375663
Rrmrm11L1ss,629997.0,631635.0,633290.0,634880.0,636768.0,638481.0,640224.0,641918.0,643880.0,645672.0,647385.0,649270.0,651260.0,653168.0,655873.0,658343.0,660517.0,662670.0,664965.0,667515.0,669766.0,671951.0,674085.0,676084.0,677956.0,679741.0,681682.0,683494.0,685250.0,687009.0,688561.0,689974.0,691420.0,692834.0,694373.0,696128.0,697806.0,699270.0,700656.0,702225.0,703499.0,705050.0,706446.0,707839.0,708929.0,710075.0,711068.0,712129.0,713126.0,714217.0,715163.0,716191.0,717058.0,717945.0,718858.0,719707.0,720673.0,721626.0,722441.0,723318.0,724256.0,725096.0,726130.0,727117.0,728014.0,728870.0,729732.0,730635.0,731409.0,732322.0,733143.0,733962.0,734725.0,735365.0,736121.0,736888.0,737815.0,738576.0,739459.0,740162.0,740964.0,741784.0,742577.0,743396.0,744123.0,744957.0,745735.0,746407.0,747149.0,747995.0,748757.0,749554.0,750286.0,750993.0,751723.0,752428.0,753211.0,753868.0,754664.0,755398.0,756081.0,756884.0,757760.0,758708.0,759665.0,760567.0,761288.0,762038.0,762774.0,763520.0,764301.0,765095.0,765968.0,766839.0,767523.0,768110.0,768808.0,769536.0,770186.0,770907.0,771412.0,772076.0,772685.0,773303.0,773917.0,774583.0,775322.0,775981.0,776528.0,777055.0,777661.0,778218.0,778846.0,779475.0,,,,,,,,,785366.0,785943.0,786660.0,787328.0,788044.0,788821.0,789383.0,790038.0,790794.0,791423.0,791998.0,792684.0,793587.0,794359.0,795233.0,795986.0,796594.0,797509.0,799069.0,800339.0,801400.0,802426.0,803435.0,804541.0,805804.0,806924.0,808134.0,809339.0,810474.0,811673.0,812910.0,814084.0,815283.0,816421.0,817471.0,818520.0,819382.0,820333.0,821251.0,822391.0,823829.0,825467.0,826903.0,828146.0,829542.0,830993.0,832329.0,833615.0,835124
27KI1NUxpFA,357772.0,358624.0,359519.0,360432.0,361374.0,362418.0,363277.0,364065.0,364949.0,365861.0,366754.0,367739.0,368657.0,369769.0,370995.0,371803.0,372920.0,374112.0,375441.0,376557.0,377708.0,379011.0,380373.0,381440.0,382433.0,383400.0,384432.0,385373.0,386341.0,387393.0,388372.0,389211.0,390215.0,391237.0,392226.0,393226.0,394274.0,394989.0,395704.0,396607.0,397309.0,398191.0,399013.0,399867.0,400753.0,401598.0,402506.0,403646.0,404710.0,405738.0,407139.0,408665.0,409822.0,411051.0,412381.0,413570.0,414874.0,416437.0,417856.0,419130.0,420451.0,421671.0,422878.0,424319.0,425467.0,426537.0,427557.0,429046.0,430203.0,431580.0,432817.0,433990.0,435322.0,436556.0,437672.0,438813.0,440080.0,441184.0,442077.0,443003.0,444150.0,445155.0,446074.0,446914.0,447796.0,448800.0,449611.0,450392.0,451218.0,452272.0,453198.0,454068.0,454990.0,455777.0,456559.0,457397.0,458379.0,459296.0,460184.0,461039.0,461827.0,462637.0,463602.0,464569.0,465551.0,466495.0,467454.0,468305.0,469118.0,470052.0,470931.0,471839.0,472619.0,473445.0,474310.0,475206.0,476177.0,477248.0,478282.0,479319.0,480201.0,481099.0,481846.0,482479.0,483175.0,483852.0,484688.0,485517.0,486185.0,486937.0,487636.0,488455.0,489222.0,490075.0,,,,,,,,,496565.0,497241.0,497988.0,498660.0,499287.0,499855.0,500484.0,501019.0,501593.0,502189.0,502892.0,503458.0,504142.0,504638.0,505255.0,505788.0,506424.0,506958.0,507568.0,508296.0,508866.0,509561.0,510152.0,510857.0,511385.0,511870.0,512474.0,513164.0,513830.0,514417.0,514985.0,515597.0,516151.0,516584.0,517086.0,517624.0,518195.0,518827.0,519489.0,520097.0,520675.0,521199.0,521656.0,522196.0,522597.0,523106.0,523656.0,524211.0,524809
2HZbPz-r2UA,1536873.0,1538254.0,1539617.0,1540950.0,1542117.0,1543410.0,1544540.0,1545779.0,1546943.0,1548241.0,1549389.0,1550480.0,1551691.0,1552636.0,1553617.0,1554504.0,1555336.0,1556103.0,1556835.0,1557572.0,1558659.0,1559422.0,1560191.0,1560921.0,1561628.0,1562403.0,1563091.0,1563814.0,1564551.0,1565302.0,1566016.0,1566782.0,1567495.0,1568169.0,1568839.0,1569639.0,1570405.0,1571155.0,1571948.0,1572737.0,1573518.0,1574279.0,1574945.0,1575692.0,1576432.0,1577143.0,1577784.0,1578518.0,1579167.0,1579890.0,1580554.0,1581303.0,1581979.0,1582621.0,1583310.0,1584066.0,1584746.0,1585533.0,1586239.0,1586996.0,1587778.0,1588617.0,1589712.0,1590462.0,1591242.0,1591897.0,1592599.0,1593461.0,1594156.0,1595041.0,1596143.0,1597996.0,1599409.0,1600590.0,1601775.0,1602831.0,1603829.0,1604656.0,1605691.0,1606597.0,1607463.0,1608318.0,1609248.0,1610197.0,1610972.0,1611873.0,1612744.0,1613494.0,1614325.0,1615142.0,1615931.0,1616721.0,1617396.0,1618304.0,1619087.0,1619748.0,1620355.0,1620945.0,1621594.0,1622177.0,1622904.0,1623517.0,1624043.0,1624764.0,1625371.0,1625939.0,1626585.0,1627270.0,1627889.0,1628484.0,1629022.0,1629501.0,1629953.0,1630485.0,1630925.0,1631413.0,1631831.0,1632292.0,1632721.0,1633283.0,1633771.0,1634223.0,1634747.0,1635219.0,1635653.0,1636153.0,1636591.0,1637065.0,1637469.0,1637886.0,1638284.0,1638682.0,1639051.0,1639429.0,,,,,,,,,1642746.0,1643121.0,1643497.0,1643805.0,1644155.0,1644494.0,1644903.0,1645369.0,1645849.0,1646251.0,1646734.0,1647219.0,1647775.0,1648217.0,1648787.0,1649280.0,1649815.0,1650312.0,1650806.0,1651260.0,1651701.0,1652231.0,1652756.0,1653229.0,1653796.0,1654347.0,1654779.0,1655225.0,1655618.0,1656198.0,1656747.0,1657227.0,1657702.0,1658123.0,1658488.0,1658929.0,1659378.0,1659731.0,1660067.0,1660443.0,1660826.0,1661163.0,1661505.0,1661887.0,1662254.0,1662608.0,1662952.0,1663276.0,1663639
jgqdpXbYWNI,15179.0,15362.0,15487.0,15629.0,15775.0,15925.0,16067.0,16209.0,16392.0,16495.0,16624.0,16761.0,16887.0,16998.0,17150.0,17283.0,17390.0,17517.0,17636.0,17772.0,17879.0,18014.0,18146.0,18255.0,18355.0,18481.0,18594.0,18730.0,18832.0,18951.0,19044.0,19137.0,19239.0,19330.0,19454.0,19532.0,19619.0,19709.0,19794.0,19912.0,19982.0,20081.0,20182.0,20283.0,20358.0,20433.0,20519.0,20613.0,20716.0,20809.0,20926.0,21019.0,21118.0,21230.0,21337.0,21467.0,21583.0,21705.0,21801.0,21885.0,22022.0,22199.0,22418.0,22632.0,22812.0,23010.0,23113.0,23245.0,23383.0,23556.0,23693.0,23808.0,23930.0,24086.0,24222.0,24366.0,24507.0,24644.0,24781.0,24917.0,25018.0,25131.0,25280.0,25409.0,25545.0,25694.0,25797.0,25909.0,26028.0,26163.0,26273.0,26380.0,26466.0,26576.0,26664.0,26760.0,26886.0,26973.0,27049.0,27154.0,27241.0,27346.0,27428.0,27539.0,27634.0,27749.0,27858.0,27920.0,27966.0,28031.0,28108.0,28199.0,28271.0,28358.0,28429.0,28488.0,28559.0,28623.0,28705.0,28790.0,28858.0,28929.0,28998.0,29064.0,29151.0,29227.0,29302.0,29376.0,29422.0,29472.0,29528.0,29606.0,29671.0,29744.0,,,,,,,,,30413.0,30483.0,30551.0,30628.0,30727.0,30851.0,30968.0,31038.0,31151.0,31225.0,31342.0,31453.0,31568.0,31676.0,31754.0,31895.0,32005.0,32118.0,32213.0,32279.0,32340.0,32378.0,32421.0,32479.0,32527.0,32589.0,32664.0,32716.0,32792.0,32836.0,32882.0,32932.0,32983.0,33042.0,33096.0,33161.0,33217.0,33279.0,33338.0,33423.0,33473.0,33519.0,33564.0,33615.0,33671.0,33715.0,33766.0,33832.0,33879
whrNetEPe_M,4500006.0,4503888.0,4508546.0,4513188.0,4517678.0,4522494.0,4526950.0,4531256.0,4535795.0,4541626.0,4547341.0,4552702.0,4558791.0,4564237.0,4569653.0,4574621.0,4579722.0,4584817.0,4589690.0,4594632.0,4599611.0,4604546.0,4609089.0,4613639.0,4618312.0,4622619.0,4626851.0,4631259.0,4635658.0,4639873.0,4644027.0,4648182.0,4652191.0,4656326.0,4660627.0,4665207.0,4669471.0,4673910.0,4678406.0,4682609.0,4686675.0,4690764.0,4694776.0,4698519.0,4702393.0,4706511.0,4710638.0,4715015.0,4720542.0,4728193.0,4733395.0,4738635.0,4743087.0,4747389.0,4751857.0,4756146.0,4760220.0,4763899.0,4767693.0,4771447.0,4775059.0,4778898.0,4782682.0,4786461.0,4789892.0,4793106.0,4796379.0,4799809.0,4803034.0,4807128.0,4810620.0,4813807.0,4817141.0,4820542.0,4824312.0,4827583.0,4830869.0,4834345.0,4837801.0,4841355.0,4844820.0,4847911.0,4851191.0,4855014.0,4858782.0,4862492.0,4866367.0,4870235.0,4875881.0,4883669.0,4891553.0,4898904.0,4905817.0,4913613.0,4923200.0,4930554.0,4935963.0,4940648.0,4944857.0,4948691.0,4952816.0,4956861.0,4960585.0,4963985.0,4967354.0,4970628.0,4973709.0,4977016.0,4980508.0,4983790.0,4987163.0,4990450.0,4993768.0,4997157.0,5001040.0,5005054.0,5008619.0,5012019.0,5015227.0,5018867.0,5022719.0,5026441.0,5030401.0,5033937.0,5037611.0,5041103.0,5044922.0,5049291.0,5053497.0,5057334.0,5061106.0,5064601.0,5068040.0,5071295.0,,,,,,,,,5101308.0,5104831.0,5107968.0,5111478.0,5115384.0,5119595.0,5123535.0,5127035.0,5131208.0,5134834.0,5138086.0,5141193.0,5144417.0,5147585.0,5150931.0,5154195.0,5157226.0,5160483.0,5163690.0,5166589.0,5169594.0,5172681.0,5175680.0,5178565.0,5181650.0,5184592.0,5187509.0,5190205.0,5193044.0,5196052.0,5199189.0,5202004.0,5205004.0,5208109.0,5210619.0,5213264.0,5216252.0,5219074.0,5222154.0,5225117.0,5227935.0,5230634.0,5233479.0,5236310.0,5239052.0,5241602.0,5244011.0,5246563.0,5249030
9BXF8gSpEwY,8079819.0,8085954.0,8092858.0,8100245.0,8107297.0,8113798.0,8120370.0,8127103.0,8135251.0,8144253.0,8152930.0,8160839.0,8168826.0,8176437.0,8184586.0,8192866.0,8201227.0,8209057.0,8216755.0,8224137.0,8231729.0,8239238.0,8246794.0,8254629.0,8262202.0,8269403.0,8276765.0,8284386.0,8292176.0,8299789.0,8307751.0,8315425.0,8323188.0,8330850.0,8338693.0,8346660.0,8354738.0,8362933.0,8370889.0,8378381.0,8385769.0,8392991.0,8399849.0,8406857.0,8414398.0,8422080.0,8429683.0,8437612.0,8446497.0,8456357.0,8463861.0,8471361.0,8478495.0,8485052.0,8491750.0,8498516.0,8505240.0,8511536.0,8518316.0,8525214.0,8532116.0,8540280.0,8548031.0,8555414.0,8562420.0,8569100.0,8576402.0,8583429.0,8589671.0,8597494.0,8604453.0,8611472.0,8618713.0,8625621.0,8632834.0,8639502.0,8646330.0,8652938.0,8659679.0,8666647.0,8673634.0,8680157.0,8686377.0,8692799.0,8699063.0,8705498.0,8712360.0,8719034.0,8726119.0,8734586.0,8741855.0,8748858.0,8756419.0,8764723.0,8773966.0,8780858.0,8786541.0,8791947.0,8797136.0,8802356.0,8808095.0,8814374.0,8819861.0,8824597.0,8829390.0,8834127.0,8838801.0,8843811.0,8849237.0,8854589.0,8859993.0,8865392.0,8870471.0,8875702.0,8881303.0,8887129.0,8892579.0,8897546.0,8902485.0,8907803.0,8913404.0,8919075.0,8924863.0,8930148.0,8935444.0,8940655.0,8946000.0,8951336.0,8957183.0,8963175.0,8968304.0,8973483.0,8978850.0,8983686.0,,,,,,,,,9036328.0,9042635.0,9048214.0,9053547.0,9058944.0,9064970.0,9070469.0,9075859.0,9083001.0,9089291.0,9095179.0,9100817.0,9106885.0,9112904.0,9119299.0,9125461.0,9131524.0,9137224.0,9142968.0,9148446.0,9153998.0,9159838.0,9165816.0,9171216.0,9176505.0,9181815.0,9187069.0,9192432.0,9197920.0,9203768.0,9209491.0,9214829.0,9220233.0,9225269.0,9229814.0,9234862.0,9241535.0,9247976.0,9254840.0,9261641.0,9268452.0,9274919.0,9281705.0,9288302.0,9294499.0,9300603.0,9306557.0,9312698.0,9318897
2hwiRN8t8Ok,44784168.0,44794122.0,44805193.0,44817020.0,44828115.0,44839207.0,44849634.0,44860777.0,44872958.0,44886177.0,44900086.0,44913138.0,44926480.0,44939778.0,44953903.0,44967440.0,44981824.0,44996790.0,45011395.0,45025313.0,45038706.0,45051956.0,45064651.0,45077354.0,45090233.0,45102105.0,45113983.0,45126247.0,45137745.0,45149055.0,45160170.0,45170631.0,45181271.0,45192574.0,45204500.0,45217366.0,45229592.0,45241567.0,45253629.0,45264601.0,45275256.0,45286163.0,45296725.0,45307363.0,45318758.0,45330014.0,45340664.0,45352273.0,45365918.0,45381708.0,45393159.0,45405770.0,45417291.0,45427956.0,45438110.0,45448636.0,45459128.0,45470145.0,45481750.0,45493560.0,45505182.0,45518324.0,45531361.0,45543772.0,45555096.0,45566187.0,45577551.0,45589298.0,45599929.0,45612349.0,45622948.0,45633196.0,45644217.0,45655069.0,45665959.0,45676399.0,45687274.0,45698855.0,45710602.0,45721728.0,45732351.0,45742812.0,45753131.0,45763442.0,45773227.0,45783103.0,45792322.0,45801840.0,45813435.0,45827953.0,45841530.0,45854606.0,45867779.0,45881076.0,45895686.0,45908632.0,45919920.0,45930068.0,45939927.0,45949768.0,45960433.0,45970455.0,45979285.0,45987673.0,45996105.0,46004380.0,46012732.0,46021325.0,46030755.0,46039596.0,46048328.0,46056860.0,46064842.0,46073458.0,46082443.0,46091872.0,46100619.0,46109153.0,46117745.0,46126066.0,46134664.0,46144024.0,46153378.0,46161555.0,46169866.0,46178431.0,46187334.0,46196182.0,46205069.0,46213727.0,46221718.0,46229738.0,46237797.0,46245054.0,,,,,,,,,46317256.0,46326507.0,46334552.0,46342614.0,46351106.0,46360576.0,46368817.0,46376603.0,46385039.0,46392654.0,46399688.0,46406943.0,46414635.0,46421842.0,46429307.0,46436957.0,46444403.0,46452183.0,46459126.0,46465573.0,46472318.0,46479365.0,46486659.0,46493191.0,46499468.0,46505798.0,46511999.0,46518263.0,46525003.0,46531973.0,46538665.0,46544611.0,46550415.0,46556517.0,46562370.0,46568650.0,46575477.0,46582077.0,46588734.0,46596045.0,46602867.0,46609497.0,46616542.0,46623586.0,46630060.0,46636330.0,46642662.0,46648897.0,46655006
bgE7LMwwUDU,148215.0,149678.0,151155.0,152476.0,154054.0,155460.0,156721.0,158094.0,159507.0,160880.0,162185.0,163575.0,164926.0,166346.0,167949.0,169578.0,170634.0,171893.0,173219.0,174444.0,175830.0,177426.0,178870.0,180329.0,181556.0,182997.0,184210.0,185869.0,187145.0,188383.0,189539.0,190573.0,191673.0,192985.0,194332.0,195690.0,196929.0,198011.0,199065.0,200232.0,201499.0,202698.0,203741.0,204977.0,205934.0,206839.0,208369.0,210188.0,211949.0,213519.0,215180.0,216476.0,217586.0,218828.0,220357.0,221775.0,223108.0,224533.0,225983.0,227251.0,228700.0,230135.0,231420.0,232963.0,234390.0,235634.0,236855.0,238135.0,239275.0,240745.0,242115.0,243359.0,244581.0,245724.0,247147.0,248776.0,250225.0,251729.0,253062.0,254350.0,255590.0,256919.0,258237.0,259536.0,261052.0,262485.0,263700.0,264678.0,265751.0,267170.0,268450.0,269774.0,270807.0,271893.0,272802.0,273719.0,274787.0,275850.0,276908.0,278084.0,279141.0,280107.0,281114.0,282178.0,283505.0,284635.0,285644.0,286586.0,287643.0,288796.0,289738.0,290744.0,291598.0,292584.0,293450.0,294213.0,295202.0,296326.0,297476.0,298367.0,299528.0,300630.0,301582.0,302635.0,303546.0,304470.0,305422.0,306263.0,307009.0,307770.0,308538.0,309387.0,310329.0,311324.0,,,,,,,,,319295.0,320112.0,321165.0,322160.0,323079.0,323957.0,324846.0,325691.0,326427.0,327312.0,328139.0,329106.0,330075.0,331072.0,332103.0,332934.0,333865.0,334856.0,335895.0,336777.0,337545.0,338213.0,338964.0,339913.0,340765.0,341616.0,342426.0,343146.0,343915.0,344568.0,345401.0,346236.0,346956.0,347625.0,348347.0,349085.0,349796.0,350635.0,351363.0,352065.0,352793.0,353562.0,354362.0,355074.0,355870.0,356605.0,357395.0,358096.0,358785
hnrOnOx1ik4,2149275.0,2152845.0,2156567.0,2160359.0,2164086.0,2167676.0,2171202.0,2175054.0,2179041.0,2182895.0,2186660.0,2190575.0,2195012.0,2198500.0,2202851.0,2208142.0,2213198.0,2216891.0,2220352.0,2224471.0,2229547.0,2234882.0,2240232.0,2244476.0,2248974.0,2254200.0,2259735.0,2264430.0,2269744.0,2274531.0,2279021.0,2283120.0,2286908.0,2290286.0,2293798.0,2297316.0,2300716.0,2303646.0,2306903.0,2310337.0,2313538.0,2316212.0,2318714.0,2321823.0,2325948.0,2329633.0,2332254.0,2334740.0,2336814.0,2338784.0,2340810.0,2343073.0,2345796.0,2347767.0,2349345.0,2350808.0,2352225.0,2354108.0,2356234.0,2357984.0,2359347.0,2360908.0,2362493.0,2364153.0,2365749.0,2367119.0,2368520.0,2370249.0,2371729.0,2373697.0,2375682.0,2377368.0,2378932.0,2380256.0,2381648.0,2383210.0,2384932.0,2386795.0,2388513.0,2390137.0,2391555.0,2392968.0,2394321.0,2395732.0,2397242.0,2398837.0,2400139.0,2401529.0,2402904.0,2404363.0,2405821.0,2407177.0,2408671.0,2410204.0,2411557.0,2412935.0,2414290.0,2415761.0,2417177.0,2418666.0,2420187.0,2421750.0,2423290.0,2424986.0,2426654.0,2428209.0,2429989.0,2431568.0,2433033.0,2434519.0,2435912.0,2437407.0,2438695.0,2439960.0,2441145.0,2442249.0,2443360.0,2444516.0,2445774.0,2447557.0,2449545.0,2451251.0,2452884.0,2454255.0,2455675.0,2457099.0,2458460.0,2459685.0,2460958.0,2462074.0,2463241.0,2464238.0,2465232.0,2466110.0,,,,,,,,,2474087.0,2475167.0,2476188.0,2477169.0,2478251.0,2479236.0,2480185.0,2481215.0,2482239.0,2483146.0,2484140.0,2485068.0,2486086.0,2487097.0,2488059.0,2488947.0,2489891.0,2490793.0,2491825.0,2492852.0,2493774.0,2494659.0,2495541.0,2496489.0,2497296.0,2498365.0,2499299.0,2500278.0,2501253.0,2502225.0,2503238.0,2504166.0,2505219.0,2506156.0,2507158.0,2508240.0,2509216.0,2510273.0,2511248.0,2512139.0,2512950.0,2513851.0,2514758.0,2515500.0,2516351.0,2517207.0,2518042.0,2518851.0,2519748
5RM1LxYiY-I,19211.0,19264.0,19345.0,19415.0,19474.0,19517.0,19575.0,19632.0,19679.0,19787.0,19844.0,19898.0,19945.0,20018.0,20046.0,20103.0,20141.0,20206.0,20260.0,20298.0,20346.0,20380.0,20413.0,20478.0,20542.0,20581.0,20639.0,20683.0,20727.0,20789.0,20822.0,20867.0,20907.0,20939.0,20973.0,21019.0,21058.0,21119.0,21162.0,21198.0,21242.0,21279.0,21319.0,21350.0,21386.0,21411.0,21474.0,21515.0,21552.0,21575.0,21619.0,21648.0,21685.0,21703.0,21729.0,21756.0,21781.0,21806.0,21830.0,21843.0,21865.0,21888.0,21916.0,21928.0,21941.0,21957.0,21975.0,21992.0,22014.0,22031.0,22045.0,22062.0,22082.0,22093.0,22109.0,22125.0,22142.0,22154.0,22174.0,22192.0,22215.0,22232.0,22259.0,22272.0,22283.0,22297.0,22312.0,22329.0,22349.0,22358.0,22378.0,22400.0,22427.0,22442.0,22459.0,22477.0,22485.0,22498.0,22513.0,22527.0,22538.0,22558.0,22571.0,22586.0,22600.0,22605.0,22620.0,22642.0,22661.0,22678.0,22692.0,22715.0,22725.0,22737.0,22751.0,22761.0,22768.0,22776.0,22794.0,22808.0,22816.0,22826.0,22833.0,22837.0,22847.0,22867.0,22875.0,22889.0,22892.0,22902.0,22905.0,22916.0,22927.0,22937.0,,,,,,,,,23019.0,23034.0,23041.0,23049.0,23055.0,23063.0,23072.0,23082.0,23091.0,23097.0,23110.0,23112.0,23119.0,23127.0,23137.0,23141.0,23152.0,23158.0,23165.0,23174.0,23183.0,23190.0,23198.0,23203.0,23210.0,23216.0,23218.0,23222.0,23224.0,23234.0,23244.0,23253.0,23258.0,23266.0,23275.0,23282.0,23292.0,23300.0,23303.0,23308.0,23321.0,23327.0,23339.0,23347.0,23354.0,23361.0,23369.0,23372.0,23381
6smBL60VNFk,130044.0,133574.0,137015.0,140550.0,144764.0,148946.0,153313.0,158291.0,163929.0,168263.0,171884.0,177241.0,183774.0,188446.0,193341.0,198652.0,202353.0,205299.0,209338.0,213900.0,219047.0,224726.0,230190.0,235650.0,240368.0,247905.0,255172.0,262192.0,269699.0,276866.0,282505.0,287856.0,295725.0,304288.0,311613.0,318873.0,326551.0,332268.0,337554.0,342873.0,347086.0,355290.0,361967.0,368710.0,375226.0,380558.0,387969.0,396601.0,405150.0,415816.0,425694.0,433121.0,437879.0,445696.0,454353.0,464190.0,473649.0,481807.0,488503.0,493523.0,501027.0,509566.0,517671.0,527012.0,536152.0,543074.0,549396.0,558164.0,565512.0,576506.0,585144.0,592367.0,599744.0,605861.0,614469.0,623589.0,631959.0,640790.0,652545.0,660241.0,665953.0,674272.0,683197.0,693039.0,701588.0,710560.0,717836.0,723723.0,733280.0,743396.0,753104.0,762112.0,772746.0,780793.0,787052.0,798313.0,807884.0,817605.0,827117.0,835621.0,842463.0,848228.0,856484.0,864156.0,872395.0,880292.0,887639.0,892834.0,897750.0,905575.0,913406.0,920531.0,927299.0,933336.0,939375.0,945247.0,952683.0,960356.0,969160.0,977592.0,985274.0,993088.0,999670.0,1005220.0,1010509.0,1016579.0,1023823.0,1032801.0,1040091.0,1046686.0,1055901.0,1064272.0,1072813.0,1080972.0,,,,,,,,,1161724.0,1168662.0,1178234.0,1188033.0,1198918.0,1211127.0,1220807.0,1227980.0,1235118.0,1245474.0,1255703.0,1265908.0,1276133.0,1287086.0,1296382.0,1305034.0,1316848.0,1330021.0,1342249.0,1353107.0,1364907.0,1374538.0,1382533.0,1394578.0,1406048.0,1418564.0,1430594.0,1443054.0,1452612.0,1460525.0,1471930.0,1484318.0,1497720.0,1508188.0,1518521.0,1527855.0,1535174.0,1544436.0,1554716.0,1565393.0,1576314.0,1588052.0,1597537.0,1604729.0,1614005.0,1624082.0,1633343.0,1642803.0,1651042
HP6sqYfVqRQ,64979.0,65259.0,65551.0,65873.0,66164.0,66518.0,66909.0,67251.0,67587.0,67908.0,68188.0,68446.0,68699.0,68922.0,69182.0,69429.0,69722.0,69946.0,70169.0,70432.0,70738.0,70966.0,71243.0,71534.0,71758.0,72001.0,72285.0,72551.0,72838.0,73084.0,73330.0,73574.0,73821.0,74011.0,74222.0,74440.0,74720.0,75025.0,75274.0,75488.0,75677.0,75887.0,76102.0,76334.0,76604.0,76909.0,77096.0,77288.0,77482.0,77664.0,77848.0,78088.0,78329.0,78553.0,78760.0,78969.0,79160.0,79327.0,79531.0,79739.0,79952.0,80163.0,80398.0,80595.0,80765.0,80961.0,81154.0,81396.0,81574.0,81772.0,81961.0,82179.0,82342.0,82568.0,82734.0,82890.0,83096.0,83304.0,83495.0,83663.0,83844.0,83997.0,84199.0,84368.0,84514.0,84687.0,84881.0,85046.0,85190.0,85357.0,85559.0,85767.0,85949.0,86134.0,86299.0,86444.0,86632.0,86795.0,86970.0,87122.0,87266.0,87389.0,87517.0,87661.0,87817.0,87949.0,88202.0,88466.0,88619.0,88741.0,88896.0,89034.0,89197.0,89360.0,89492.0,89637.0,89776.0,89909.0,90062.0,90222.0,90380.0,90525.0,90664.0,90830.0,90973.0,91123.0,91261.0,91410.0,91518.0,91653.0,91747.0,91901.0,92057.0,92210.0,,,,,,,,,93429.0,93571.0,93703.0,93811.0,93927.0,94077.0,94254.0,94437.0,94594.0,94755.0,94876.0,95049.0,95198.0,95341.0,95491.0,95671.0,95830.0,95981.0,96137.0,96247.0,96403.0,96558.0,96705.0,96838.0,96963.0,97089.0,97282.0,97407.0,97533.0,97636.0,97783.0,97904.0,98048.0,98173.0,98314.0,98444.0,98556.0,98703.0,98818.0,98955.0,99088.0,99213.0,99342.0,99466.0,99572.0,99678.0,99816.0,99922.0,100043
hUZVGKqE2q0,1861.0,1879.0,1894.0,1918.0,1939.0,1956.0,1981.0,2011.0,2041.0,2071.0,2092.0,2118.0,2131.0,2148.0,2166.0,2185.0,2222.0,2234.0,2259.0,2277.0,2296.0,2325.0,2351.0,2375.0,2398.0,2424.0,2454.0,2470.0,2487.0,2516.0,2541.0,2565.0,2595.0,2608.0,2625.0,2648.0,2665.0,2689.0,2706.0,2737.0,2760.0,2787.0,2810.0,2832.0,2859.0,2879.0,2904.0,2928.0,2943.0,2959.0,2988.0,3009.0,3029.0,3057.0,3077.0,3099.0,3120.0,3150.0,3175.0,3186.0,3215.0,3239.0,3259.0,3287.0,3316.0,3335.0,3357.0,3378.0,3401.0,3427.0,3452.0,3478.0,3495.0,3514.0,3530.0,3550.0,3589.0,3603.0,3627.0,3652.0,3666.0,3700.0,3717.0,3741.0,3763.0,3787.0,3815.0,3831.0,3851.0,3869.0,3895.0,3915.0,3946.0,3965.0,4000.0,4016.0,4040.0,4073.0,4113.0,4122.0,4134.0,4146.0,4171.0,4185.0,4208.0,4223.0,4240.0,4267.0,4283.0,4301.0,4313.0,4348.0,4440.0,4572.0,4682.0,4713.0,4671.0,4571.0,4601.0,4617.0,4645.0,4654.0,4654.0,4664.0,4683.0,4699.0,4708.0,4724.0,4728.0,4741.0,4755.0,4774.0,4789.0,4806.0,,,,,,,,,4943.0,4952.0,4965.0,4981.0,5023.0,5064.0,5078.0,5097.0,5117.0,5136.0,5152.0,5166.0,5191.0,5217.0,5236.0,5257.0,5277.0,5288.0,5306.0,5321.0,5328.0,5332.0,5346.0,5353.0,5368.0,5380.0,5396.0,5410.0,5425.0,5438.0,5448.0,5463.0,5477.0,5500.0,5517.0,5529.0,5539.0,5550.0,5569.0,5579.0,5588.0,5599.0,5613.0,5627.0,5655.0,5671.0,5684.0,5707.0,5727
OgkLjE8EEZg,464.0,465.0,466.0,470.0,473.0,479.0,484.0,486.0,490.0,492.0,498.0,501.0,503.0,505.0,507.0,512.0,513.0,515.0,518.0,521.0,525.0,524.0,530.0,536.0,538.0,539.0,542.0,547.0,549.0,551.0,555.0,561.0,564.0,568.0,572.0,573.0,577.0,579.0,581.0,645.0,645.0,661.0,671.0,748.0,771.0,772.0,783.0,831.0,853.0,866.0,872.0,880.0,887.0,894.0,897.0,905.0,910.0,914.0,917.0,925.0,929.0,930.0,937.0,938.0,943.0,945.0,951.0,982.0,989.0,993.0,995.0,999.0,999.0,1008.0,1008.0,1010.0,1023.0,1025.0,1030.0,1036.0,1049.0,1052.0,1052.0,1055.0,1059.0,1059.0,1062.0,1063.0,1065.0,1068.0,1069.0,1070.0,1070.0,1072.0,1072.0,1075.0,1076.0,1077.0,1081.0,1085.0,1086.0,1088.0,1090.0,1091.0,1093.0,1098.0,1100.0,1103.0,1104.0,1105.0,1105.0,1106.0,1108.0,1108.0,1109.0,1111.0,1111.0,1111.0,1111.0,1111.0,1112.0,1112.0,1112.0,1116.0,1122.0,1124.0,1132.0,1135.0,1135.0,1137.0,1137.0,1140.0,1147.0,1149.0,,,,,,,,,1169.0,1170.0,1170.0,1175.0,1177.0,1177.0,1182.0,1185.0,1188.0,1189.0,1190.0,1192.0,1194.0,1194.0,1196.0,1200.0,1200.0,1200.0,1201.0,1202.0,1203.0,1204.0,1205.0,1207.0,1208.0,1208.0,1208.0,1212.0,1215.0,1216.0,1216.0,1217.0,1217.0,1218.0,1219.0,1221.0,1224.0,1224.0,1225.0,1226.0,1227.0,1228.0,1228.0,1230.0,1231.0,1232.0,1232.0,1234.0,1236
ia2Ph61bYzc,27814010.0,28075280.0,28366586.0,28640582.0,28904638.0,29284663.0,29655835.0,30084527.0,30462046.0,30814809.0,31152131.0,31515349.0,31882997.0,32258185.0,32624552.0,32972865.0,33298273.0,33595849.0,33809571.0,34010499.0,34227894.0,34461283.0,34721786.0,34996972.0,35266722.0,35554963.0,35852321.0,36139049.0,36420976.0,36713402.0,36990900.0,37241868.0,37512275.0,37800751.0,38087550.0,38361175.0,38723294.0,39077905.0,39361648.0,39635999.0,39902869.0,40168031.0,40443088.0,40733859.0,41011426.0,41269737.0,41517538.0,41769844.0,42006259.0,42266492.0,42516203.0,42771805.0,43007415.0,43229491.0,43453669.0,43670438.0,43886392.0,44093798.0,44313823.0,44547608.0,44760770.0,44964093.0,45161194.0,45358107.0,45560905.0,45773244.0,45959559.0,46171397.0,46373396.0,46648582.0,46874568.0,47086499.0,47282299.0,47475633.0,47690274.0,47919372.0,48131357.0,48344245.0,48536185.0,48725639.0,48903219.0,49080784.0,49260835.0,49444835.0,49625832.0,49799135.0,49966356.0,50123668.0,50278000.0,50432469.0,50598267.0,50763038.0,50915081.0,51064477.0,51207158.0,51350610.0,51496728.0,51643486.0,51794606.0,51945251.0,52098062.0,52244423.0,52382562.0,52520602.0,52656755.0,52792784.0,52927796.0,53066996.0,53202200.0,53333525.0,53468662.0,53606601.0,53735778.0,53862853.0,53991704.0,54114878.0,54239626.0,54362461.0,54482535.0,54598925.0,54719152.0,54838880.0,54955590.0,55071359.0,55190430.0,55315191.0,55458825.0,55637227.0,55839162.0,56025483.0,56216324.0,56399420.0,56564800.0,56727356.0,,,,,,,,,58009102.0,58137368.0,58259190.0,58382005.0,58503621.0,58615855.0,58718815.0,58818540.0,58911866.0,59003072.0,59099603.0,59200659.0,59304028.0,59405755.0,59500213.0,59589299.0,59678545.0,59772656.0,59865865.0,59970024.0,60074805.0,60184939.0,60288931.0,60396233.0,60502127.0,60613014.0,60726965.0,60840540.0,60951924.0,61062810.0,61176033.0,61294626.0,61414041.0,61530304.0,61641992.0,61757241.0,61871192.0,61980939.0,62097804.0,62215075.0,62330811.0,62446172.0,62561039.0,62665930.0,62773288.0,62886699.0,62993070.0,63100590.0,63206390
vJB6baLzeHw,602515.0,606978.0,611656.0,616095.0,620009.0,623846.0,627305.0,630775.0,634201.0,637858.0,640976.0,643718.0,646157.0,648396.0,650650.0,653064.0,655267.0,657304.0,659087.0,660957.0,662925.0,664709.0,666606.0,668433.0,670122.0,671652.0,673283.0,674958.0,676513.0,678017.0,679603.0,681051.0,682440.0,684049.0,685531.0,687418.0,689157.0,690663.0,692106.0,693572.0,695177.0,696868.0,698484.0,700139.0,702110.0,703973.0,705775.0,707471.0,709314.0,711664.0,713457.0,715370.0,717125.0,718553.0,720268.0,721951.0,723615.0,725392.0,727165.0,728799.0,730375.0,732008.0,733561.0,734919.0,736209.0,737525.0,738892.0,740177.0,741406.0,742852.0,744173.0,745455.0,746870.0,748200.0,749592.0,751003.0,752403.0,753741.0,755141.0,756647.0,758021.0,759420.0,760804.0,762167.0,763511.0,764905.0,766634.0,769250.0,770979.0,772396.0,773787.0,775002.0,776306.0,777921.0,779617.0,781145.0,782450.0,783725.0,784955.0,786220.0,787861.0,789560.0,791009.0,792187.0,793579.0,794966.0,796361.0,797761.0,799350.0,800848.0,802188.0,803451.0,804679.0,805879.0,807149.0,808487.0,809609.0,810625.0,812056.0,813521.0,815006.0,816408.0,817895.0,819186.0,820411.0,821653.0,822911.0,824341.0,825716.0,827181.0,828396.0,829558.0,830549.0,831469.0,,,,,,,,,839900.0,841286.0,842285.0,843222.0,844051.0,844813.0,845632.0,846375.0,847327.0,848135.0,848938.0,849647.0,850525.0,851319.0,852316.0,853274.0,854072.0,854855.0,855721.0,856565.0,857312.0,858194.0,859254.0,860120.0,860901.0,861716.0,862547.0,863379.0,864267.0,865163.0,866134.0,867045.0,868083.0,869065.0,869929.0,870881.0,871753.0,872539.0,873335.0,874063.0,874897.0,875643.0,876472.0,877309.0,877992.0,878727.0,879449.0,880246.0,881009
y3FgAAgMR2A,3986273.0,4029403.0,4077848.0,4128880.0,4181957.0,4227795.0,4274554.0,4319386.0,4366286.0,4409022.0,4448588.0,4487098.0,4525221.0,4562590.0,4602730.0,4642839.0,4680058.0,4715095.0,4750560.0,4784237.0,4816818.0,4850554.0,4884303.0,4921399.0,4956825.0,4996885.0,5037210.0,5079159.0,5118259.0,5156951.0,5192788.0,5221539.0,5251498.0,5282768.0,5313296.0,5342715.0,5371934.0,5397503.0,5420456.0,5443037.0,5466585.0,5487936.0,5509578.0,5532658.0,5553690.0,5574090.0,5596321.0,5619969.0,5641568.0,5660925.0,5680015.0,5700377.0,5717792.0,5736187.0,5755095.0,5772727.0,5790912.0,5809615.0,5827749.0,5845131.0,5864226.0,5884178.0,5903792.0,5922679.0,5940526.0,5959298.0,5977080.0,5995229.0,6010130.0,6028179.0,6046075.0,6064650.0,6083453.0,6101369.0,6120364.0,6137704.0,6155015.0,6173718.0,6195637.0,6215118.0,6231701.0,6249546.0,6267541.0,6287123.0,6306206.0,6325087.0,6343778.0,6360891.0,6378084.0,6395568.0,6414069.0,6431271.0,6450422.0,6471627.0,6491355.0,6509584.0,6526902.0,6543396.0,6560936.0,6578865.0,6598002.0,6617230.0,6635444.0,6652194.0,6668406.0,6685227.0,6701492.0,6718043.0,6733853.0,6747687.0,6761183.0,6775381.0,6789858.0,6805356.0,6821568.0,6837830.0,6856553.0,6873784.0,6891555.0,6906830.0,6921896.0,6938217.0,6953262.0,6966153.0,6979393.0,6992817.0,7006642.0,7025267.0,7049558.0,7071280.0,7090013.0,7108373.0,7126634.0,7145876.0,,,,,,,,,7307753.0,7324226.0,7339984.0,7355582.0,7374278.0,7392296.0,7408315.0,7425176.0,7441020.0,7455995.0,7470235.0,7484732.0,7501993.0,7519099.0,7536122.0,7552200.0,7569132.0,7585499.0,7602229.0,7618816.0,7634972.0,7652926.0,7671236.0,7688761.0,7704573.0,7724843.0,7743271.0,7762662.0,7780978.0,7798393.0,7815542.0,7833249.0,7850542.0,7867447.0,7883784.0,7900358.0,7916257.0,7931899.0,7947860.0,7964148.0,7980726.0,7998096.0,8015414.0,8031771.0,8048107.0,8064991.0,8082124.0,8099082.0,8116316
WFUMZiFKXgU,3440.0,3551.0,3675.0,3779.0,3935.0,4098.0,4204.0,4329.0,4564.0,4811.0,4915.0,5050.0,5143.0,5236.0,5339.0,5481.0,5627.0,5744.0,5896.0,6069.0,6172.0,6262.0,6344.0,6407.0,6461.0,6565.0,6663.0,6734.0,6778.0,6835.0,6865.0,6907.0,6941.0,6984.0,7030.0,7073.0,7138.0,7179.0,7205.0,7236.0,7284.0,7336.0,7397.0,7463.0,7507.0,7554.0,7600.0,7664.0,7713.0,7776.0,7845.0,7881.0,7919.0,7964.0,8028.0,8115.0,8169.0,8235.0,8259.0,8291.0,8319.0,8373.0,8407.0,8448.0,8492.0,8547.0,8580.0,8615.0,8671.0,8727.0,8762.0,8780.0,8808.0,8834.0,8882.0,8921.0,8948.0,8983.0,9016.0,9039.0,9065.0,9098.0,9125.0,9154.0,9181.0,9212.0,9227.0,9249.0,9265.0,9288.0,9311.0,9330.0,9349.0,9369.0,9385.0,9394.0,9413.0,9434.0,9451.0,9474.0,9496.0,9510.0,9534.0,9547.0,9562.0,9585.0,9602.0,9612.0,9624.0,9636.0,9643.0,9654.0,9662.0,9673.0,9689.0,9712.0,9756.0,9779.0,9798.0,9815.0,9828.0,9845.0,9854.0,9862.0,9876.0,9894.0,9907.0,9925.0,9932.0,9948.0,9953.0,9970.0,9986.0,10003.0,,,,,,,,,10141.0,10161.0,10174.0,10183.0,10194.0,10202.0,10207.0,10212.0,10228.0,10244.0,10275.0,10298.0,10317.0,10328.0,10339.0,10359.0,10377.0,10398.0,10414.0,10433.0,10446.0,10457.0,10463.0,10474.0,10485.0,10496.0,10506.0,10519.0,10523.0,10537.0,10549.0,10567.0,10581.0,10591.0,10603.0,10608.0,10624.0,10635.0,10641.0,10652.0,10658.0,10671.0,10677.0,10688.0,10697.0,10708.0,10726.0,10736.0,10746
R2-yomhYAj4,27428266.0,28073562.0,28787371.0,29493147.0,30132299.0,30765147.0,31408809.0,32060233.0,32725353.0,33418485.0,34085690.0,34688713.0,35321534.0,35959995.0,36637288.0,37355528.0,38133111.0,38862664.0,39550714.0,40221938.0,40920509.0,41638378.0,42354841.0,43056363.0,43756633.0,44424648.0,45079721.0,45732606.0,46381394.0,47022309.0,47678412.0,48285370.0,48875714.0,49491630.0,50087892.0,50735483.0,51452424.0,52230400.0,52956831.0,53567494.0,54180432.0,54824367.0,55452879.0,56100148.0,56747396.0,57336734.0,57835262.0,58387759.0,58934018.0,59494968.0,60064821.0,60662263.0,61211454.0,61700880.0,62238353.0,62751583.0,63289239.0,63900493.0,64530355.0,65116241.0,65641856.0,66149012.0,66681351.0,67240971.0,67832245.0,68497735.0,69087006.0,69655685.0,70124902.0,70712821.0,71232955.0,71766281.0,72340459.0,72912114.0,73452035.0,74016795.0,74577885.0,75147295.0,75703031.0,76283648.0,76913125.0,77515496.0,78104830.0,78681980.0,79267462.0,79854980.0,80476401.0,81140180.0,81728748.0,82302262.0,82846106.0,83361417.0,83888827.0,84477110.0,85101858.0,85660626.0,86224530.0,86795414.0,87363817.0,87940774.0,88590212.0,89281761.0,89849408.0,90399047.0,90983913.0,91571216.0,92174518.0,92861223.0,93567109.0,94128668.0,94641667.0,95176774.0,95709946.0,96265834.0,96943491.0,97637586.0,98201454.0,98724344.0,99260363.0,99810245.0,100383938.0,101023256.0,101668208.0,102182550.0,102648732.0,103100466.0,103584044.0,104080658.0,104610149.0,105130815.0,105561639.0,106003538.0,106474316.0,106975139.0,,,,,,,,,111675065.0,112249100.0,112724323.0,113155551.0,113594987.0,114013277.0,114422549.0,114862945.0,115334386.0,115711326.0,116073812.0,116427387.0,116818083.0,117216514.0,117672316.0,118122630.0,118509984.0,118871739.0,119248243.0,119638978.0,120054702.0,120551311.0,121047297.0,121438416.0,121811831.0,122190788.0,122589310.0,123016939.0,123480484.0,123956380.0,124339657.0,124710899.0,125087866.0,125456472.0,125833346.0,126281402.0,126706552.0,127057385.0,127406812.0,127766021.0,128131095.0,128512001.0,128949882.0,129387243.0,129755611.0,130105625.0,130467579.0,130833855.0,131210590
JzxMUAca2Ww,164623.0,164938.0,165266.0,165585.0,165846.0,166155.0,166402.0,166675.0,166921.0,167270.0,167621.0,167864.0,168095.0,168389.0,168602.0,168851.0,169201.0,169556.0,169834.0,170066.0,170299.0,170497.0,170754.0,170998.0,171407.0,171576.0,171833.0,172162.0,172398.0,172671.0,173009.0,173323.0,173539.0,173781.0,174015.0,174227.0,174482.0,174727.0,174989.0,175206.0,175393.0,175598.0,175768.0,176001.0,176255.0,176485.0,176711.0,176887.0,177107.0,177323.0,177550.0,177804.0,177998.0,178193.0,178390.0,178624.0,178884.0,179169.0,179414.0,179717.0,180026.0,180289.0,180511.0,180759.0,180998.0,181245.0,181437.0,181688.0,181855.0,182133.0,182312.0,182540.0,182739.0,183003.0,183188.0,183372.0,183542.0,183692.0,183920.0,184126.0,184353.0,184537.0,184673.0,184843.0,185006.0,185170.0,185374.0,185540.0,185769.0,185951.0,186056.0,186277.0,186464.0,186712.0,186943.0,187111.0,187238.0,187388.0,187540.0,187693.0,187910.0,188136.0,188275.0,188419.0,188593.0,188754.0,188936.0,189128.0,189339.0,189518.0,189652.0,189803.0,189949.0,190114.0,190368.0,190609.0,190758.0,190942.0,191085.0,191251.0,191452.0,191658.0,191837.0,192005.0,192194.0,192363.0,192549.0,192721.0,192884.0,193037.0,193160.0,193264.0,193396.0,193515.0,,,,,,,,,194713.0,194884.0,194999.0,195131.0,195256.0,195345.0,195475.0,195610.0,195745.0,195875.0,195994.0,196121.0,196233.0,196355.0,196526.0,196671.0,196778.0,196890.0,197025.0,197176.0,197285.0,197436.0,197599.0,197695.0,197810.0,197908.0,198020.0,198148.0,198258.0,198402.0,198509.0,198601.0,198728.0,198846.0,198935.0,199136.0,199341.0,199453.0,199597.0,199756.0,199882.0,200027.0,200186.0,200370.0,200466.0,200573.0,200697.0,200803.0,200905
KIQlIcqgZ3Y,86035.0,86455.0,86938.0,87338.0,87737.0,88077.0,88407.0,88787.0,89129.0,89527.0,90032.0,90306.0,90594.0,90951.0,91218.0,91599.0,91999.0,92458.0,92813.0,93110.0,93427.0,93730.0,94039.0,94397.0,94907.0,95191.0,95508.0,95980.0,96336.0,96718.0,97109.0,97506.0,97761.0,98053.0,98396.0,98670.0,98945.0,99292.0,99595.0,99843.0,100010.0,100296.0,100503.0,100779.0,101098.0,101359.0,101640.0,101940.0,102204.0,102447.0,102722.0,103027.0,103349.0,103617.0,103903.0,104186.0,104487.0,104747.0,105035.0,105452.0,105867.0,106252.0,106543.0,106843.0,107206.0,107510.0,107817.0,108076.0,108273.0,108613.0,108857.0,109107.0,109371.0,109660.0,109896.0,110143.0,110349.0,110551.0,110785.0,111053.0,111312.0,111475.0,111705.0,111868.0,112111.0,112301.0,112530.0,112784.0,113011.0,113235.0,113414.0,113643.0,113944.0,114242.0,114570.0,114836.0,115060.0,115255.0,115504.0,115726.0,116066.0,116388.0,116630.0,116820.0,117046.0,117255.0,117493.0,117797.0,118097.0,118379.0,118550.0,118767.0,119010.0,119208.0,119528.0,119820.0,120009.0,120210.0,120411.0,120644.0,120952.0,121214.0,121437.0,121718.0,121950.0,122221.0,122479.0,122734.0,122939.0,123126.0,123345.0,123526.0,123722.0,123916.0,,,,,,,,,125561.0,125784.0,125914.0,126099.0,126254.0,126385.0,126568.0,126759.0,126938.0,127092.0,127242.0,127422.0,127599.0,127759.0,127991.0,128194.0,128366.0,128498.0,128705.0,128903.0,129033.0,129214.0,129384.0,129504.0,129651.0,129784.0,129915.0,130078.0,130252.0,130440.0,130608.0,130733.0,130895.0,131037.0,131164.0,131391.0,131691.0,131910.0,132093.0,132281.0,132441.0,132642.0,132916.0,133123.0,133285.0,133454.0,133602.0,133814.0,133993
bQsZZTI2MFY,149773.0,162332.0,174348.0,184218.0,194671.0,203286.0,208902.0,218122.0,225425.0,233805.0,243430.0,257506.0,272445.0,286033.0,294872.0,299725.0,304703.0,308320.0,311999.0,315215.0,318282.0,320981.0,323959.0,326117.0,327922.0,330127.0,332617.0,334923.0,337275.0,339645.0,341546.0,344054.0,347553.0,350672.0,353695.0,356496.0,359047.0,360879.0,362436.0,363928.0,365583.0,367007.0,368440.0,369629.0,371035.0,372055.0,373213.0,374572.0,375918.0,377306.0,378568.0,379766.0,380762.0,381842.0,382912.0,383938.0,384919.0,385864.0,386782.0,387574.0,388498.0,389529.0,390494.0,391308.0,392257.0,393031.0,393716.0,394516.0,395222.0,396187.0,397125.0,398062.0,398818.0,399705.0,400577.0,401537.0,402483.0,403392.0,404243.0,404879.0,405400.0,406100.0,406872.0,407731.0,408621.0,409432.0,410326.0,411027.0,411749.0,412499.0,413402.0,414144.0,414823.0,415449.0,415927.0,416515.0,417171.0,417802.0,418407.0,418967.0,419508.0,419954.0,420470.0,420956.0,421486.0,421962.0,422429.0,422957.0,423413.0,423976.0,424506.0,425058.0,425558.0,426090.0,426559.0,426965.0,427396.0,427892.0,428401.0,428858.0,429391.0,429829.0,430220.0,430629.0,430977.0,431489.0,432038.0,432646.0,433126.0,433517.0,433958.0,434423.0,434887.0,435409.0,,,,,,,,,440243.0,440690.0,441266.0,441758.0,442254.0,442786.0,443201.0,443608.0,443995.0,444457.0,444949.0,445465.0,446093.0,446643.0,447076.0,447517.0,448004.0,448473.0,448949.0,449394.0,449817.0,450255.0,450620.0,451034.0,451482.0,451932.0,452412.0,452842.0,453264.0,453598.0,454065.0,454431.0,454873.0,455370.0,455775.0,456170.0,456567.0,456962.0,457359.0,457966.0,458514.0,458990.0,459456.0,459791.0,460209.0,460651.0,461027.0,461503.0,461915
_mCfGAoQu64,227668.0,228483.0,229517.0,230302.0,231258.0,232198.0,233229.0,234377.0,235381.0,236296.0,236994.0,237973.0,238886.0,239991.0,241143.0,242004.0,242714.0,243337.0,244073.0,244731.0,245494.0,246177.0,246864.0,247545.0,248206.0,248896.0,249579.0,250284.0,250931.0,251659.0,252333.0,253044.0,253768.0,254488.0,255145.0,255835.0,256648.0,257363.0,257935.0,258506.0,259056.0,259650.0,260280.0,260880.0,261453.0,261902.0,262566.0,263281.0,263814.0,264450.0,264962.0,265569.0,266104.0,266707.0,267199.0,267825.0,268405.0,269013.0,269568.0,270063.0,270668.0,271140.0,271732.0,272298.0,272972.0,273486.0,273963.0,274565.0,275054.0,275670.0,276161.0,276722.0,277211.0,277813.0,278447.0,279031.0,279576.0,280041.0,280607.0,281018.0,281390.0,281849.0,282282.0,282870.0,283365.0,283852.0,284396.0,284800.0,285212.0,285723.0,286187.0,286796.0,287328.0,287811.0,288265.0,288743.0,289242.0,289650.0,290129.0,290609.0,290952.0,291347.0,291820.0,292211.0,292607.0,293105.0,293573.0,293952.0,294449.0,294843.0,295337.0,295776.0,296168.0,296591.0,297083.0,297523.0,297935.0,298441.0,298959.0,299445.0,299926.0,300396.0,300805.0,301192.0,301558.0,301987.0,302401.0,302745.0,303193.0,303510.0,303898.0,304420.0,304955.0,305448.0,,,,,,,,,309882.0,310354.0,310914.0,311459.0,311934.0,312382.0,312800.0,313213.0,313663.0,314135.0,314715.0,315452.0,316140.0,316816.0,317319.0,317715.0,318228.0,318654.0,319119.0,319507.0,319982.0,320430.0,320768.0,321211.0,321646.0,322049.0,322567.0,323072.0,323477.0,323901.0,324296.0,324799.0,325184.0,325620.0,326088.0,326490.0,326888.0,327293.0,327779.0,328366.0,328812.0,329373.0,329805.0,330192.0,330577.0,330989.0,331452.0,331945.0,332441
b-nS_07yIws,25098.0,26222.0,27266.0,27950.0,28674.0,29323.0,30254.0,31136.0,32172.0,32834.0,33450.0,34081.0,34742.0,35347.0,35859.0,36385.0,36869.0,37216.0,37589.0,37889.0,38170.0,38563.0,38881.0,39138.0,39322.0,39534.0,39823.0,40087.0,40383.0,40627.0,40837.0,41028.0,41220.0,41480.0,41739.0,41953.0,42203.0,42420.0,42579.0,42775.0,42980.0,43173.0,43355.0,43521.0,43689.0,43875.0,44035.0,44221.0,44418.0,44597.0,44820.0,45004.0,45133.0,45278.0,45492.0,45660.0,45833.0,46030.0,46236.0,46381.0,46551.0,46707.0,46872.0,47059.0,47252.0,47389.0,47515.0,47668.0,47813.0,47966.0,48091.0,48266.0,48396.0,48493.0,48611.0,48729.0,48895.0,49017.0,49156.0,49287.0,49391.0,49502.0,49617.0,49741.0,49867.0,50011.0,50120.0,50233.0,50319.0,50434.0,50557.0,50671.0,50797.0,50887.0,50971.0,51084.0,51195.0,51310.0,51433.0,51604.0,51703.0,51801.0,51934.0,52058.0,52177.0,52308.0,52451.0,52554.0,52660.0,52784.0,52918.0,53041.0,53161.0,53300.0,53427.0,53529.0,53644.0,53770.0,53869.0,53980.0,54082.0,54191.0,54284.0,54359.0,54464.0,54560.0,54658.0,54755.0,54841.0,54908.0,54993.0,55064.0,55174.0,55295.0,,,,,,,,,56146.0,56215.0,56295.0,56375.0,56453.0,56560.0,56684.0,56759.0,56840.0,56904.0,56986.0,57068.0,57155.0,57234.0,57332.0,57404.0,57481.0,57563.0,57670.0,57766.0,57850.0,57927.0,57994.0,58085.0,58166.0,58227.0,58295.0,58409.0,58475.0,58525.0,58597.0,58681.0,58782.0,58852.0,58953.0,59021.0,59076.0,59127.0,59217.0,59316.0,59414.0,59489.0,59584.0,59637.0,59697.0,59782.0,59846.0,59916.0,60004
SVppOV0D3TE,54976.0,55631.0,56270.0,56997.0,57660.0,58286.0,58869.0,59499.0,60094.0,60663.0,61273.0,61873.0,62474.0,63082.0,63649.0,64170.0,64722.0,65221.0,65679.0,66147.0,66620.0,67119.0,67643.0,68108.0,68615.0,69116.0,70017.0,70861.0,71637.0,72353.0,73134.0,73809.0,74847.0,76133.0,77214.0,78763.0,79994.0,80991.0,81867.0,82711.0,83394.0,84064.0,84671.0,85419.0,86035.0,86594.0,87094.0,87670.0,88148.0,88629.0,89108.0,89609.0,90056.0,90508.0,91003.0,91459.0,92068.0,92737.0,93749.0,94697.0,95625.0,96450.0,97336.0,98064.0,98810.0,99508.0,100422.0,101451.0,102240.0,103146.0,103913.0,104833.0,106179.0,107150.0,108011.0,108819.0,109671.0,110340.0,111112.0,111824.0,112509.0,113238.0,113902.0,114503.0,115056.0,115656.0,116461.0,117180.0,117881.0,118533.0,119214.0,119695.0,120315.0,120883.0,121432.0,121873.0,122416.0,123031.0,123578.0,124032.0,124512.0,124932.0,125416.0,125852.0,126304.0,126783.0,127294.0,127829.0,128322.0,128765.0,129187.0,129609.0,130065.0,130497.0,130936.0,131360.0,131695.0,132079.0,132426.0,132808.0,133208.0,133589.0,133945.0,134292.0,134629.0,134962.0,135293.0,135698.0,136112.0,136434.0,136803.0,137127.0,137463.0,137783.0,,,,,,,,,141345.0,141719.0,142030.0,142377.0,142694.0,142991.0,143340.0,143630.0,144027.0,144353.0,144744.0,145094.0,145426.0,145769.0,146027.0,146338.0,146750.0,147094.0,147395.0,147670.0,147897.0,148214.0,148587.0,148868.0,149188.0,149545.0,149880.0,150260.0,150559.0,150903.0,151233.0,151643.0,152041.0,152353.0,152780.0,153103.0,153527.0,153863.0,154240.0,154676.0,155104.0,156224.0,158425.0,159412.0,160369.0,161549.0,162519.0,163376.0,164107
nVAX5zHYX3k,106.0,107.0,107.0,101.0,102.0,102.0,103.0,102.0,102.0,102.0,105.0,106.0,107.0,109.0,108.0,108.0,111.0,111.0,113.0,113.0,115.0,115.0,114.0,114.0,114.0,114.0,114.0,114.0,114.0,114.0,114.0,114.0,114.0,114.0,114.0,114.0,114.0,114.0,114.0,115.0,115.0,115.0,115.0,115.0,117.0,117.0,118.0,118.0,118.0,118.0,118.0,118.0,118.0,118.0,118.0,118.0,119.0,119.0,120.0,120.0,120.0,121.0,121.0,121.0,122.0,122.0,122.0,123.0,123.0,123.0,123.0,123.0,123.0,123.0,124.0,125.0,125.0,126.0,126.0,126.0,126.0,126.0,127.0,127.0,128.0,128.0,128.0,128.0,128.0,128.0,128.0,129.0,129.0,129.0,129.0,129.0,129.0,129.0,129.0,129.0,129.0,130.0,131.0,131.0,131.0,132.0,133.0,133.0,133.0,134.0,136.0,138.0,139.0,139.0,139.0,139.0,139.0,139.0,139.0,139.0,139.0,140.0,140.0,140.0,140.0,140.0,140.0,140.0,140.0,140.0,140.0,140.0,140.0,140.0,,,,,,,,,141.0,141.0,141.0,141.0,143.0,143.0,143.0,143.0,143.0,143.0,143.0,143.0,143.0,143.0,143.0,143.0,143.0,143.0,143.0,143.0,143.0,143.0,143.0,143.0,143.0,143.0,143.0,143.0,143.0,143.0,143.0,143.0,143.0,143.0,143.0,143.0,143.0,143.0,143.0,143.0,143.0,143.0,143.0,143.0,143.0,143.0,143.0,143.0,143
HDue9xqfYTQ,4847.0,4880.0,4895.0,4915.0,4933.0,4954.0,4975.0,4988.0,4999.0,5015.0,5032.0,5043.0,5059.0,5079.0,5098.0,5108.0,5120.0,5124.0,5134.0,5144.0,5155.0,5165.0,5186.0,5197.0,5205.0,5216.0,5226.0,5240.0,5251.0,5264.0,5275.0,5279.0,5287.0,5299.0,5307.0,5315.0,5320.0,5335.0,5343.0,5346.0,5358.0,5371.0,5389.0,5400.0,5410.0,5418.0,5426.0,5435.0,5441.0,5451.0,5459.0,5473.0,5479.0,5488.0,5501.0,5508.0,5516.0,5519.0,5526.0,5528.0,5539.0,5545.0,5557.0,5565.0,5574.0,5578.0,5582.0,5590.0,5600.0,5613.0,5621.0,5627.0,5634.0,5642.0,5652.0,5663.0,5668.0,5674.0,5682.0,5694.0,5701.0,5713.0,5712.0,5722.0,5725.0,5733.0,5740.0,5745.0,5751.0,5756.0,5762.0,5766.0,5781.0,5789.0,5797.0,5804.0,5811.0,5825.0,5831.0,5835.0,5840.0,5844.0,5852.0,5861.0,5867.0,5872.0,5879.0,5888.0,5892.0,5899.0,5903.0,5908.0,5918.0,5926.0,5943.0,5946.0,5950.0,5958.0,5965.0,5972.0,5982.0,5989.0,5995.0,6002.0,6005.0,6010.0,6015.0,6018.0,6022.0,6031.0,6042.0,6046.0,6054.0,6060.0,,,,,,,,,6115.0,6119.0,6128.0,6138.0,6151.0,6165.0,6175.0,6192.0,6205.0,6208.0,6212.0,6220.0,6228.0,6236.0,6242.0,6257.0,6263.0,6275.0,6283.0,6285.0,6288.0,6289.0,6294.0,6294.0,6294.0,6296.0,6298.0,6299.0,6301.0,6304.0,6307.0,6311.0,6313.0,6314.0,6314.0,6316.0,6318.0,6319.0,6322.0,6329.0,6333.0,6334.0,6336.0,6339.0,6341.0,6342.0,6343.0,6344.0,6346
OGB2xc8fuFs,411581.0,413868.0,416150.0,418976.0,422770.0,426291.0,430921.0,435584.0,440772.0,445174.0,449475.0,454640.0,459741.0,464820.0,470095.0,475429.0,480071.0,483566.0,488068.0,491983.0,497281.0,503726.0,510400.0,514356.0,518465.0,523614.0,528892.0,533877.0,539125.0,543479.0,546653.0,550102.0,554833.0,559926.0,563783.0,568875.0,573839.0,578140.0,581772.0,586596.0,591153.0,596548.0,602747.0,607370.0,612165.0,615544.0,621133.0,626076.0,630486.0,633787.0,636657.0,641458.0,643885.0,647331.0,650142.0,653233.0,656453.0,661103.0,665382.0,668969.0,673195.0,678238.0,683641.0,689915.0,696365.0,703269.0,709020.0,718692.0,726624.0,739297.0,747644.0,752509.0,757126.0,760763.0,766721.0,773844.0,780292.0,786779.0,792637.0,796242.0,799837.0,805553.0,812819.0,819896.0,826646.0,832913.0,836939.0,840643.0,847679.0,855533.0,863378.0,870484.0,877797.0,882481.0,885867.0,891232.0,897411.0,903649.0,910817.0,916926.0,921607.0,925307.0,931187.0,937831.0,944829.0,951263.0,959440.0,965426.0,970584.0,978806.0,986347.0,994706.0,1002633.0,1009753.0,1014288.0,1018295.0,1024354.0,1031430.0,1038238.0,1044424.0,1049856.0,1055366.0,1059808.0,1063828.0,1069315.0,1075590.0,1082043.0,1088695.0,1094089.0,1098890.0,1105526.0,1112319.0,1118970.0,1125164.0,,,,,,,,,1186093.0,1191461.0,1199188.0,1206810.0,1213887.0,1221856.0,1229342.0,1235727.0,1242330.0,1249326.0,1256765.0,1265451.0,1273588.0,1280602.0,1285006.0,1291742.0,1298442.0,1306032.0,1312488.0,1318953.0,1325335.0,1329844.0,1333928.0,1339434.0,1345142.0,1351368.0,1358193.0,1365825.0,1370863.0,1375120.0,1381412.0,1388482.0,1395649.0,1402681.0,1409471.0,1414864.0,1419192.0,1425189.0,1431894.0,1438508.0,1446030.0,1454156.0,1460362.0,1465024.0,1472438.0,1479547.0,1486569.0,1493954.0,1501002
ZHGK4JBZKT4,1387.0,1390.0,1396.0,1403.0,1409.0,1411.0,1415.0,1417.0,1419.0,1422.0,1426.0,1428.0,1435.0,1447.0,1453.0,1457.0,1461.0,1468.0,1476.0,1477.0,1481.0,1482.0,1487.0,1491.0,1495.0,1503.0,1505.0,1507.0,1509.0,1517.0,1521.0,1522.0,1526.0,1529.0,1543.0,1565.0,1566.0,1571.0,1572.0,1573.0,1577.0,1582.0,1597.0,1628.0,1631.0,1632.0,1639.0,1639.0,1657.0,1676.0,1687.0,1693.0,1703.0,1706.0,1711.0,1715.0,1718.0,1719.0,1725.0,1730.0,1732.0,1736.0,1737.0,1738.0,1739.0,1740.0,1743.0,1746.0,1749.0,1754.0,1755.0,1758.0,1761.0,1762.0,1766.0,1767.0,1768.0,1770.0,1772.0,1775.0,1784.0,1793.0,1808.0,1814.0,1814.0,1816.0,1817.0,1819.0,1820.0,1821.0,1825.0,1827.0,1828.0,1831.0,1831.0,1832.0,1832.0,1833.0,1843.0,1850.0,1855.0,1858.0,1864.0,1867.0,1867.0,1870.0,1874.0,1878.0,1878.0,1879.0,1885.0,1890.0,1890.0,1890.0,1892.0,1892.0,1893.0,1894.0,1898.0,1898.0,1898.0,1898.0,1900.0,1903.0,1905.0,1905.0,1908.0,1910.0,1910.0,1911.0,1914.0,1914.0,1915.0,1918.0,,,,,,,,,1986.0,1991.0,1997.0,2009.0,2011.0,2024.0,2035.0,2035.0,2035.0,2035.0,2037.0,2044.0,2059.0,2071.0,2072.0,2074.0,2084.0,2092.0,2098.0,2103.0,2109.0,2116.0,2125.0,2127.0,2132.0,2146.0,2150.0,2155.0,2163.0,2164.0,2165.0,2165.0,2167.0,2167.0,2168.0,2169.0,2170.0,2171.0,2172.0,2174.0,2174.0,2177.0,2177.0,2178.0,2179.0,2179.0,2179.0,2181.0,2182
nXsFh8KKHMI,455407.0,455704.0,455903.0,456037.0,456249.0,456452.0,456564.0,456718.0,456855.0,456978.0,457085.0,457179.0,457313.0,457413.0,457514.0,457609.0,457688.0,457753.0,457802.0,457857.0,457897.0,457958.0,458014.0,458064.0,458111.0,458150.0,458184.0,458230.0,458258.0,458302.0,458365.0,458394.0,458418.0,458444.0,458473.0,458501.0,458531.0,458563.0,458592.0,458618.0,458651.0,458672.0,458697.0,458733.0,458751.0,458770.0,458803.0,458828.0,458849.0,458879.0,458909.0,458932.0,458959.0,458974.0,458997.0,459039.0,459076.0,459111.0,459160.0,459200.0,459242.0,459268.0,459295.0,459338.0,459360.0,459387.0,459412.0,459432.0,459455.0,459471.0,459477.0,459496.0,459510.0,459530.0,459549.0,459568.0,459579.0,459596.0,459626.0,459651.0,459678.0,459705.0,459718.0,459742.0,459757.0,459804.0,459823.0,459857.0,459882.0,459894.0,459905.0,459923.0,459948.0,459977.0,459990.0,460015.0,460035.0,460051.0,460059.0,460073.0,460096.0,460115.0,460142.0,460157.0,460181.0,460204.0,460225.0,460247.0,460268.0,460287.0,460304.0,460323.0,460344.0,460368.0,460387.0,460412.0,460425.0,460436.0,460451.0,460462.0,460467.0,460481.0,460498.0,460509.0,460526.0,460534.0,460551.0,460564.0,460581.0,460607.0,460638.0,460667.0,460679.0,460691.0,,,,,,,,,460870.0,460902.0,460932.0,460974.0,460984.0,461005.0,461034.0,461059.0,461091.0,461121.0,461141.0,461171.0,461198.0,461220.0,461238.0,461269.0,461356.0,461416.0,461527.0,461585.0,461739.0,461849.0,461940.0,461968.0,462016.0,462066.0,462137.0,462214.0,462279.0,462344.0,462383.0,462416.0,462439.0,462460.0,462494.0,462527.0,462544.0,462566.0,462584.0,462601.0,462628.0,462644.0,462660.0,462675.0,462691.0,462710.0,462722.0,462740.0,462759
IVd1ZkT52No,255.0,260.0,261.0,263.0,264.0,265.0,267.0,276.0,276.0,281.0,282.0,285.0,290.0,293.0,296.0,297.0,300.0,301.0,302.0,306.0,310.0,315.0,318.0,325.0,328.0,332.0,335.0,338.0,341.0,343.0,345.0,349.0,358.0,360.0,362.0,364.0,367.0,370.0,372.0,376.0,376.0,376.0,376.0,377.0,377.0,378.0,381.0,383.0,385.0,385.0,385.0,387.0,387.0,387.0,387.0,391.0,397.0,405.0,416.0,418.0,420.0,423.0,424.0,428.0,433.0,433.0,438.0,438.0,440.0,441.0,441.0,471.0,479.0,483.0,486.0,486.0,487.0,488.0,489.0,490.0,494.0,496.0,499.0,499.0,500.0,501.0,504.0,504.0,506.0,508.0,509.0,509.0,510.0,513.0,517.0,517.0,523.0,523.0,528.0,530.0,531.0,538.0,539.0,540.0,541.0,543.0,546.0,546.0,547.0,549.0,552.0,552.0,552.0,553.0,554.0,555.0,555.0,556.0,557.0,558.0,558.0,558.0,558.0,559.0,559.0,560.0,560.0,563.0,563.0,566.0,568.0,568.0,568.0,574.0,,,,,,,,,588.0,588.0,589.0,592.0,592.0,594.0,594.0,594.0,597.0,599.0,599.0,599.0,599.0,600.0,601.0,602.0,603.0,604.0,604.0,606.0,606.0,606.0,607.0,607.0,607.0,608.0,608.0,608.0,609.0,611.0,612.0,613.0,614.0,614.0,615.0,616.0,616.0,616.0,617.0,619.0,619.0,619.0,620.0,620.0,621.0,621.0,621.0,621.0,624
wkfU29Y7yuE,587.0,587.0,587.0,587.0,589.0,590.0,590.0,590.0,591.0,593.0,595.0,597.0,598.0,600.0,600.0,600.0,600.0,600.0,600.0,600.0,600.0,600.0,601.0,601.0,601.0,602.0,602.0,603.0,604.0,604.0,605.0,606.0,606.0,606.0,606.0,606.0,606.0,606.0,606.0,606.0,606.0,606.0,606.0,608.0,613.0,615.0,618.0,619.0,620.0,621.0,621.0,627.0,628.0,632.0,637.0,640.0,643.0,647.0,651.0,655.0,657.0,661.0,667.0,670.0,674.0,685.0,696.0,702.0,705.0,708.0,713.0,718.0,722.0,729.0,737.0,740.0,743.0,744.0,745.0,751.0,754.0,754.0,756.0,756.0,759.0,762.0,769.0,772.0,780.0,782.0,785.0,789.0,795.0,800.0,809.0,812.0,817.0,824.0,829.0,832.0,837.0,846.0,854.0,866.0,881.0,889.0,894.0,910.0,920.0,927.0,937.0,941.0,943.0,944.0,953.0,965.0,970.0,982.0,988.0,993.0,1004.0,1006.0,1022.0,1027.0,1033.0,1037.0,1045.0,1051.0,1055.0,1062.0,1063.0,1069.0,1076.0,1080.0,,,,,,,,,1135.0,1141.0,1152.0,1160.0,1169.0,1173.0,1175.0,1177.0,1182.0,1182.0,1184.0,1186.0,1188.0,1191.0,1193.0,1194.0,1200.0,1202.0,1202.0,1202.0,1202.0,1207.0,1209.0,1209.0,1209.0,1209.0,1209.0,1209.0,1213.0,1214.0,1216.0,1219.0,1220.0,1223.0,1225.0,1226.0,1226.0,1226.0,1229.0,1230.0,1232.0,1233.0,1233.0,1234.0,1234.0,1237.0,1240.0,1240.0,1240
mj-DPqiTZzc,8293286.0,8310162.0,8325651.0,8336610.0,8348564.0,8360569.0,8372309.0,8384103.0,8399625.0,8412420.0,8425542.0,8437526.0,8449257.0,8460452.0,8471355.0,8483722.0,8497464.0,8511655.0,8525290.0,8536579.0,8545686.0,8554120.0,8561882.0,8571063.0,8579238.0,8587092.0,8599779.0,8611327.0,8624989.0,8639244.0,8649596.0,8657892.0,8665715.0,8673524.0,8681189.0,8688140.0,8694826.0,8701220.0,8710153.0,8718990.0,8727269.0,8737042.0,8747422.0,8762733.0,8776491.0,8786798.0,8795313.0,8803422.0,8810544.0,8816995.0,8822892.0,8828638.0,8833663.0,8838329.0,8843257.0,8847956.0,8852756.0,8857342.0,8862073.0,8867601.0,8873069.0,8878267.0,8883258.0,8888065.0,8892966.0,8897738.0,8901805.0,8905668.0,8908963.0,8913475.0,8917482.0,8921392.0,8925342.0,8929436.0,8933307.0,8937040.0,8940853.0,8944331.0,8948074.0,8951767.0,8955061.0,8958086.0,8961216.0,8964474.0,8967726.0,8971063.0,8974297.0,8977051.0,8979927.0,8982789.0,8985547.0,8988202.0,8990836.0,8993511.0,8996048.0,8998635.0,9001376.0,9003884.0,9006358.0,9008907.0,9012685.0,9016268.0,9019333.0,9022085.0,9024769.0,9027241.0,9029769.0,9032249.0,9034625.0,9037040.0,9039337.0,9041838.0,9044278.0,9046768.0,9049212.0,9051564.0,9053850.0,9056041.0,9058416.0,9060697.0,9063377.0,9066113.0,9068802.0,9071369.0,9074008.0,9076563.0,9079025.0,9081485.0,9084002.0,9086225.0,9088320.0,9090507.0,9092837.0,9094939.0,,,,,,,,,9113461.0,9115655.0,9117826.0,9119774.0,9121837.0,9123824.0,9125773.0,9127698.0,9129568.0,9131486.0,9133414.0,9135150.0,9137098.0,9139098.0,9140979.0,9142739.0,9144613.0,9146493.0,9148309.0,9150047.0,9151763.0,9153469.0,9155035.0,9156588.0,9158013.0,9159661.0,9161312.0,9163069.0,9164677.0,9166402.0,9167989.0,9169617.0,9171392.0,9173019.0,9174553.0,9176100.0,9177599.0,9179150.0,9180711.0,9182381.0,9184021.0,9185568.0,9187212.0,9188767.0,9190303.0,9191810.0,9193322.0,9195246.0,9197182
65Ed7fT3FFk,1578.0,1578.0,1578.0,1579.0,1581.0,1582.0,1582.0,1582.0,1582.0,1582.0,1582.0,1582.0,1582.0,1583.0,1584.0,1586.0,1586.0,1586.0,1587.0,1587.0,1587.0,1588.0,1588.0,1589.0,1589.0,1589.0,1589.0,1589.0,1589.0,1589.0,1589.0,1589.0,1589.0,1589.0,1590.0,1590.0,1591.0,1590.0,1591.0,1592.0,1592.0,1592.0,1593.0,1593.0,1593.0,1593.0,1593.0,1593.0,1593.0,1594.0,1594.0,1595.0,1595.0,1595.0,1595.0,1595.0,1595.0,1595.0,1595.0,1595.0,1595.0,1595.0,1595.0,1595.0,1595.0,1595.0,1595.0,1595.0,1595.0,1595.0,1595.0,1595.0,1595.0,1595.0,1595.0,1595.0,1595.0,1595.0,1595.0,1595.0,1595.0,1595.0,1596.0,1596.0,1597.0,1597.0,1598.0,1598.0,1599.0,1599.0,1599.0,1599.0,1599.0,1599.0,1600.0,1600.0,1600.0,1600.0,1600.0,1600.0,1600.0,1600.0,1600.0,1600.0,1600.0,1600.0,1600.0,1600.0,1600.0,1600.0,1600.0,1600.0,1600.0,1601.0,1601.0,1601.0,1601.0,1601.0,1601.0,1601.0,1601.0,1601.0,1601.0,1601.0,1601.0,1601.0,1602.0,1603.0,1603.0,1603.0,1603.0,1603.0,1604.0,1604.0,,,,,,,,,1605.0,1605.0,1605.0,1605.0,1605.0,1605.0,1605.0,1605.0,1605.0,1605.0,1605.0,1605.0,1605.0,1605.0,1605.0,1605.0,1605.0,1605.0,1606.0,1606.0,1606.0,1606.0,1607.0,1607.0,1607.0,1607.0,1607.0,1607.0,1607.0,1607.0,1607.0,1607.0,1608.0,1607.0,1607.0,1607.0,1607.0,1607.0,1607.0,1607.0,1607.0,1607.0,1607.0,1608.0,1608.0,1608.0,1608.0,1608.0,1608
cagi7IfrZzw,9385.0,9386.0,9387.0,9388.0,9389.0,9392.0,9393.0,9394.0,9394.0,9394.0,9394.0,9395.0,9397.0,9398.0,9400.0,9401.0,9403.0,9403.0,9404.0,9404.0,9404.0,9404.0,9405.0,9405.0,9405.0,9405.0,9405.0,9405.0,9405.0,9405.0,9405.0,9405.0,9405.0,9405.0,9405.0,9405.0,9405.0,9405.0,9406.0,9406.0,9406.0,9406.0,9407.0,9407.0,9407.0,9407.0,9407.0,9407.0,9407.0,9407.0,9407.0,9408.0,9407.0,9407.0,9407.0,9407.0,9407.0,9407.0,9407.0,9407.0,9408.0,9408.0,9408.0,9408.0,9408.0,9408.0,9408.0,9408.0,9408.0,9408.0,9408.0,9408.0,9408.0,9408.0,9408.0,9408.0,9408.0,9408.0,9408.0,9408.0,9408.0,9409.0,9409.0,9409.0,9409.0,9411.0,9411.0,9413.0,9413.0,9413.0,9413.0,9413.0,9413.0,9413.0,9414.0,9414.0,9414.0,9414.0,9414.0,9415.0,9415.0,9415.0,9415.0,9415.0,9415.0,9415.0,9415.0,9415.0,9415.0,9415.0,9415.0,9415.0,9415.0,9415.0,9416.0,9416.0,9416.0,9416.0,9416.0,9416.0,9416.0,9416.0,9416.0,9416.0,9416.0,9416.0,9416.0,9416.0,9417.0,9418.0,9418.0,9418.0,9418.0,9418.0,,,,,,,,,9420.0,9420.0,9420.0,9420.0,9420.0,9420.0,9420.0,9420.0,9421.0,9421.0,9421.0,9421.0,9421.0,9421.0,9423.0,9423.0,9423.0,9423.0,9423.0,9423.0,9423.0,9423.0,9425.0,9425.0,9425.0,9425.0,9425.0,9425.0,9425.0,9425.0,9425.0,9425.0,9425.0,9426.0,9426.0,9426.0,9426.0,9426.0,9426.0,9426.0,9426.0,9426.0,9426.0,9428.0,9428.0,9428.0,9428.0,9428.0,9428
7xlkDjqhhag,1377338.0,1390651.0,1401733.0,1412358.0,1430168.0,1441266.0,1447041.0,1452044.0,1456020.0,1459850.0,1463265.0,1466086.0,1468427.0,1470044.0,1471533.0,1473037.0,1474331.0,1475522.0,1476670.0,1477712.0,1478650.0,1479590.0,1480499.0,1481325.0,1482216.0,1483138.0,1484003.0,1484807.0,1485547.0,1486252.0,1486882.0,1487460.0,1488156.0,1488836.0,1489556.0,1490223.0,1491090.0,1491764.0,1492496.0,1493134.0,1493686.0,1494255.0,1494740.0,1495270.0,1495809.0,1496284.0,1496758.0,1497312.0,1497754.0,1498276.0,1498943.0,1499420.0,1499896.0,1500403.0,1500908.0,1501415.0,1501905.0,1502621.0,1503220.0,1503784.0,1504243.0,1504672.0,1505106.0,1505568.0,1506026.0,1506505.0,1506995.0,1507413.0,1507723.0,1508165.0,1508606.0,1508996.0,1509424.0,1509880.0,1510278.0,1510695.0,1511071.0,1511464.0,1511840.0,1512243.0,1512634.0,1513697.0,1514310.0,1514744.0,1515219.0,1515615.0,1516019.0,1516413.0,1516782.0,1517118.0,1517434.0,1517754.0,1518093.0,1518430.0,1518827.0,1519112.0,1519372.0,1519644.0,1519899.0,1520159.0,1520463.0,1520741.0,1521025.0,1521246.0,1521487.0,1521713.0,1521947.0,1522222.0,1522613.0,1522887.0,1523149.0,1523398.0,1523611.0,1523915.0,1524201.0,1524483.0,1524792.0,1525015.0,1525263.0,1525477.0,1525684.0,1525936.0,1526247.0,1526548.0,1526774.0,1526991.0,1527291.0,1527511.0,1527802.0,1528060.0,1528394.0,1528665.0,1528931.0,1529166.0,,,,,,,,,1534688.0,1535181.0,1535634.0,1535946.0,1536273.0,1536558.0,1536907.0,1537172.0,1537502.0,1537880.0,1538196.0,1538484.0,1538799.0,1539122.0,1539427.0,1539722.0,1540113.0,1540443.0,1540710.0,1540977.0,1541237.0,1541535.0,1541896.0,1542135.0,1542305.0,1542508.0,1542685.0,1542859.0,1543054.0,1543250.0,1543450.0,1543629.0,1543797.0,1543939.0,1544085.0,1544236.0,1544408.0,1544543.0,1544699.0,1544837.0,1544968.0,1545130.0,1545311.0,1545495.0,1545629.0,1545762.0,1545903.0,1546096.0,1546258
suNPJoZ20WY,200514.0,204819.0,209271.0,213382.0,217710.0,221557.0,225101.0,228616.0,232181.0,235410.0,238588.0,241789.0,244899.0,248182.0,251222.0,254046.0,257063.0,259780.0,262356.0,265045.0,267785.0,270548.0,272911.0,275415.0,277867.0,280184.0,282584.0,284777.0,286741.0,288928.0,290935.0,292983.0,295178.0,297198.0,299005.0,301043.0,303108.0,305143.0,306947.0,308884.0,310824.0,312567.0,314231.0,315857.0,317564.0,319117.0,320509.0,322176.0,323686.0,325037.0,326423.0,327682.0,329078.0,330497.0,331815.0,333007.0,334226.0,335504.0,336655.0,337819.0,339077.0,340120.0,341281.0,342427.0,343528.0,344669.0,345612.0,346734.0,347587.0,348856.0,349703.0,350747.0,351870.0,352792.0,353978.0,355215.0,356387.0,357592.0,358720.0,359864.0,360987.0,362303.0,363490.0,364577.0,365489.0,366538.0,367370.0,368317.0,369211.0,370332.0,371218.0,372079.0,373251.0,374132.0,375077.0,375885.0,376795.0,377699.0,378408.0,379328.0,380009.0,380674.0,381363.0,382298.0,383022.0,383855.0,384537.0,385237.0,386053.0,386784.0,387463.0,388266.0,389047.0,389953.0,390642.0,391369.0,392282.0,393187.0,393982.0,394729.0,395443.0,396216.0,396907.0,397726.0,398386.0,399124.0,399932.0,400661.0,401198.0,401781.0,402461.0,403036.0,403547.0,404090.0,,,,,,,,,410183.0,410721.0,411415.0,412025.0,412707.0,413357.0,414004.0,414583.0,415232.0,415844.0,416436.0,417064.0,417707.0,418282.0,418998.0,419616.0,420205.0,420808.0,421386.0,421936.0,422480.0,422993.0,423549.0,424066.0,424570.0,425121.0,425649.0,426109.0,426577.0,427095.0,427605.0,428189.0,428763.0,429267.0,429752.0,430190.0,430646.0,431102.0,431524.0,431941.0,432407.0,432887.0,433369.0,433836.0,434315.0,434772.0,435178.0,435617.0,436203
7NeG3lMiABY,2792.0,2829.0,2877.0,2918.0,2965.0,2993.0,3030.0,3058.0,3088.0,3115.0,3141.0,3166.0,3223.0,3267.0,3339.0,3377.0,3394.0,3423.0,3465.0,3494.0,3543.0,3571.0,3609.0,3625.0,3647.0,3670.0,3697.0,3725.0,3740.0,3754.0,3762.0,3779.0,3793.0,3804.0,3831.0,3848.0,3862.0,3880.0,3908.0,3931.0,3955.0,3975.0,3990.0,4011.0,4021.0,4033.0,4047.0,4078.0,4107.0,4134.0,4163.0,4187.0,4210.0,4227.0,4250.0,4274.0,4300.0,4320.0,4344.0,4359.0,4385.0,4402.0,4416.0,4430.0,4446.0,4456.0,4462.0,4477.0,4484.0,4502.0,4520.0,4530.0,4535.0,4545.0,4556.0,4575.0,4597.0,4618.0,4651.0,4678.0,4702.0,4726.0,4759.0,4794.0,4824.0,4855.0,4869.0,4900.0,4921.0,4943.0,4960.0,4986.0,5006.0,5022.0,5029.0,5044.0,5058.0,5083.0,5098.0,5109.0,5125.0,5141.0,5149.0,5164.0,5173.0,5184.0,5192.0,5197.0,5206.0,5215.0,5221.0,5228.0,5239.0,5247.0,5254.0,5268.0,5279.0,5288.0,5294.0,5302.0,5317.0,5324.0,5334.0,5338.0,5343.0,5344.0,5349.0,5360.0,5367.0,5371.0,5378.0,5386.0,5388.0,5393.0,,,,,,,,,5443.0,5446.0,5447.0,5454.0,5457.0,5460.0,5470.0,5481.0,5488.0,5493.0,5498.0,5500.0,5501.0,5509.0,5516.0,5517.0,5520.0,5525.0,5529.0,5532.0,5537.0,5540.0,5542.0,5548.0,5551.0,5553.0,5556.0,5560.0,5560.0,5564.0,5566.0,5570.0,5572.0,5576.0,5578.0,5583.0,5589.0,5592.0,5598.0,5598.0,5601.0,5606.0,5606.0,5608.0,5610.0,5611.0,5611.0,5614.0,5616
LsN6YbpxM8o,715228.0,730457.0,748324.0,764361.0,778363.0,792989.0,806609.0,820879.0,834083.0,847899.0,861935.0,873838.0,885634.0,897255.0,909348.0,920633.0,932958.0,944527.0,955253.0,965606.0,974448.0,983613.0,991869.0,1000851.0,1009278.0,1016686.0,1023541.0,1030659.0,1037032.0,1043152.0,1049666.0,1055496.0,1060860.0,1066364.0,1071796.0,1077138.0,1082277.0,1087520.0,1093011.0,1097580.0,1102444.0,1106939.0,1111601.0,1115959.0,1120477.0,1125028.0,1129490.0,1135188.0,1140051.0,1144781.0,1149199.0,1153236.0,1157038.0,1160574.0,1164417.0,1167864.0,1171393.0,1174414.0,1177597.0,1180819.0,1183969.0,1187002.0,1190157.0,1193036.0,1195911.0,1198553.0,1201352.0,1204136.0,1206607.0,1210084.0,1213180.0,1216361.0,1219481.0,1222484.0,1225365.0,1228183.0,1230940.0,1234020.0,1237282.0,1240598.0,1243534.0,1246043.0,1248480.0,1250915.0,1253493.0,1256079.0,1258885.0,1261572.0,1264031.0,1266472.0,1269017.0,1271413.0,1274001.0,1276946.0,1279641.0,1281783.0,1283975.0,1286302.0,1288538.0,1290747.0,1293236.0,1295712.0,1297711.0,1299725.0,1301807.0,1304027.0,1306176.0,1308690.0,1311000.0,1312993.0,1314948.0,1317115.0,1319143.0,1321181.0,1323450.0,1325853.0,1327778.0,1329704.0,1331596.0,1333439.0,1335591.0,1337780.0,1339946.0,1342089.0,1344100.0,1346153.0,1348161.0,1350236.0,1352197.0,1354175.0,1356108.0,1357941.0,1359771.0,1361647.0,,,,,,,,,1380972.0,1383080.0,1384728.0,1386258.0,1387710.0,1389061.0,1390340.0,1391757.0,1393313.0,1394516.0,1395727.0,1396879.0,1397999.0,1399245.0,1400622.0,1402046.0,1403166.0,1404387.0,1405697.0,1407086.0,1408393.0,1409780.0,1411205.0,1412339.0,1413581.0,1414741.0,1416006.0,1417206.0,1418510.0,1419836.0,1420970.0,1422136.0,1423324.0,1424508.0,1425784.0,1427227.0,1428891.0,1430167.0,1431643.0,1433170.0,1434592.0,1435998.0,1437455.0,1438931.0,1440172.0,1441458.0,1442680.0,1444165.0,1445679
LnLWM8yHLuQ,43381.0,43682.0,44006.0,44375.0,44645.0,45112.0,45383.0,45968.0,46642.0,47124.0,47501.0,47778.0,48009.0,48263.0,48485.0,48740.0,48953.0,49130.0,49306.0,49483.0,49647.0,49899.0,50112.0,50282.0,50492.0,50655.0,50826.0,50977.0,51167.0,51339.0,51516.0,51725.0,51912.0,52066.0,52260.0,52397.0,52576.0,52780.0,52946.0,53126.0,53306.0,53487.0,53653.0,53834.0,53984.0,54206.0,54394.0,54534.0,54690.0,54861.0,55015.0,55173.0,55343.0,55499.0,55636.0,55771.0,55874.0,55995.0,56113.0,56243.0,56335.0,56413.0,56508.0,56614.0,56713.0,56836.0,56933.0,57018.0,57103.0,57181.0,57260.0,57350.0,57431.0,57524.0,57606.0,57688.0,57760.0,57837.0,57908.0,57982.0,58095.0,58166.0,58229.0,58298.0,58392.0,58445.0,58520.0,58599.0,58696.0,58738.0,58797.0,58855.0,58895.0,58943.0,59005.0,59045.0,59082.0,59118.0,59151.0,59185.0,59228.0,59276.0,59324.0,59355.0,59394.0,59437.0,59474.0,59517.0,59560.0,59589.0,59623.0,59656.0,59697.0,59740.0,59781.0,59827.0,59871.0,59890.0,59921.0,59953.0,59985.0,60023.0,60075.0,60125.0,60175.0,60207.0,60260.0,60298.0,60359.0,60411.0,60457.0,60532.0,60591.0,60691.0,,,,,,,,,61248.0,61291.0,61340.0,61377.0,61424.0,61462.0,61504.0,61532.0,61573.0,61616.0,61673.0,61758.0,61851.0,61930.0,61987.0,62046.0,62103.0,62175.0,62227.0,62282.0,62351.0,62411.0,62488.0,62551.0,62605.0,62650.0,62686.0,62732.0,62771.0,62825.0,62874.0,62922.0,62961.0,63003.0,63047.0,63096.0,63152.0,63197.0,63226.0,63247.0,63280.0,63310.0,63347.0,63390.0,63439.0,63480.0,63526.0,63576.0,63615
tS1410lTGKQ,4979.0,5069.0,5188.0,5267.0,5369.0,5462.0,5551.0,5631.0,5741.0,5825.0,5911.0,6028.0,6105.0,6187.0,6273.0,6345.0,6421.0,6467.0,6537.0,6579.0,6657.0,6762.0,6819.0,6902.0,6950.0,7019.0,7095.0,7157.0,7220.0,7302.0,7381.0,7441.0,7492.0,7566.0,7644.0,7710.0,7767.0,7827.0,7879.0,7946.0,8005.0,8067.0,8129.0,8179.0,8264.0,8326.0,8381.0,8433.0,8478.0,8520.0,8571.0,8602.0,8632.0,8681.0,8716.0,8752.0,8794.0,8846.0,8896.0,8929.0,8977.0,9019.0,9060.0,9111.0,9149.0,9176.0,9205.0,9246.0,9262.0,9295.0,9338.0,9365.0,9402.0,9442.0,9478.0,9512.0,9551.0,9611.0,9657.0,9690.0,9723.0,9750.0,9784.0,9819.0,9849.0,9882.0,9906.0,9929.0,9957.0,9984.0,10023.0,10059.0,10096.0,10133.0,10164.0,10197.0,10225.0,10283.0,10328.0,10356.0,10388.0,10453.0,10502.0,10565.0,10614.0,10644.0,10704.0,10738.0,10782.0,10848.0,10915.0,10961.0,11005.0,11060.0,11121.0,11157.0,11186.0,11211.0,11263.0,11315.0,11395.0,11431.0,11455.0,11489.0,11501.0,11541.0,11577.0,11600.0,11637.0,11686.0,11711.0,11740.0,11783.0,11800.0,,,,,,,,,12047.0,12077.0,12098.0,12145.0,12168.0,12204.0,12241.0,12266.0,12291.0,12308.0,12347.0,12376.0,12400.0,12426.0,12441.0,12453.0,12470.0,12495.0,12521.0,12542.0,12558.0,12567.0,12587.0,12612.0,12627.0,12644.0,12661.0,12673.0,12685.0,12697.0,12708.0,12727.0,12745.0,12759.0,12767.0,12783.0,12793.0,12815.0,12835.0,12857.0,12877.0,12905.0,12920.0,12940.0,12962.0,12979.0,12993.0,13012.0,13040
IuqRbHKtk_w,47660.0,47714.0,47766.0,47831.0,47880.0,47928.0,47969.0,48016.0,48052.0,48076.0,48117.0,48150.0,48189.0,48235.0,48289.0,48340.0,48369.0,48402.0,48436.0,48477.0,48511.0,48557.0,48598.0,48661.0,48702.0,48753.0,48810.0,48891.0,48969.0,49044.0,49116.0,49177.0,49211.0,49266.0,49342.0,49398.0,49458.0,49512.0,49571.0,49627.0,49682.0,49731.0,49787.0,49838.0,49909.0,49953.0,49997.0,50066.0,50115.0,50177.0,50224.0,50282.0,50331.0,50372.0,50421.0,50479.0,50527.0,50562.0,50604.0,50640.0,50679.0,50721.0,50749.0,50776.0,50800.0,50828.0,50848.0,50868.0,50894.0,50920.0,50943.0,50974.0,50995.0,51017.0,51034.0,51050.0,51074.0,51097.0,51119.0,51131.0,51150.0,51175.0,51198.0,51228.0,51259.0,51270.0,51291.0,51305.0,51328.0,51355.0,51373.0,51387.0,51410.0,51435.0,51455.0,51491.0,51513.0,51540.0,51550.0,51557.0,51575.0,51597.0,51605.0,51619.0,51633.0,51655.0,51673.0,51710.0,51727.0,51745.0,51761.0,51779.0,51794.0,51811.0,51826.0,51844.0,51851.0,51860.0,51871.0,51883.0,51893.0,51906.0,51929.0,51938.0,51950.0,51965.0,51986.0,52008.0,52021.0,52030.0,52042.0,52048.0,52058.0,52069.0,,,,,,,,,52180.0,52194.0,52202.0,52214.0,52227.0,52235.0,52247.0,52257.0,52268.0,52283.0,52297.0,52309.0,52327.0,52339.0,52348.0,52356.0,52367.0,52376.0,52393.0,52403.0,52416.0,52424.0,52434.0,52444.0,52458.0,52468.0,52510.0,52527.0,52550.0,52563.0,52575.0,52591.0,52603.0,52615.0,52623.0,52634.0,52642.0,52653.0,52659.0,52664.0,52679.0,52693.0,52705.0,52716.0,52727.0,52734.0,52739.0,52751.0,52762
w8DyhYhjxtA,832570.0,876888.0,898172.0,919686.0,942959.0,966550.0,988500.0,1001637.0,1001746.0,1001902.0,1002096.0,1002291.0,1002483.0,1002776.0,1003240.0,1003802.0,1004261.0,1004628.0,1005038.0,1005400.0,1005647.0,1005823.0,1005986.0,1006139.0,1006261.0,1006359.0,1006549.0,1006805.0,1006959.0,1007080.0,1007197.0,1007360.0,1007524.0,1007673.0,1007761.0,1007851.0,1007929.0,1008023.0,1008105.0,1008225.0,1008302.0,1008374.0,1008442.0,1008499.0,1008571.0,1008666.0,1008778.0,1008979.0,1009177.0,1009360.0,1009492.0,1009660.0,1009756.0,1009867.0,1009994.0,1010083.0,1010192.0,1010288.0,1010368.0,1010427.0,1010464.0,1010517.0,1010568.0,1010617.0,1010686.0,1010757.0,1010813.0,1010876.0,1010947.0,1011029.0,1011088.0,1011151.0,1011221.0,1011273.0,1011338.0,1011382.0,1011437.0,1011493.0,1011555.0,1011613.0,1011694.0,1011769.0,1011810.0,1011855.0,1011886.0,1011929.0,1011970.0,1012009.0,1012036.0,1012092.0,1012130.0,1012183.0,1012218.0,1012247.0,1012272.0,1012301.0,1012339.0,1012372.0,1012404.0,1012438.0,1012474.0,1012497.0,1012527.0,1012551.0,1012604.0,1012626.0,1012658.0,1012683.0,1012706.0,1012735.0,1012755.0,1012791.0,1012827.0,1012852.0,1012871.0,1012900.0,1012923.0,1012947.0,1012967.0,1012995.0,1013009.0,1013034.0,1013051.0,1013066.0,1013089.0,1013115.0,1013136.0,1013164.0,1013178.0,1013199.0,1013220.0,1013247.0,1013288.0,1013315.0,,,,,,,,,1013524.0,1013552.0,1013576.0,1013612.0,1013631.0,1013667.0,1013699.0,1013739.0,1013766.0,1013792.0,1013823.0,1013851.0,1013892.0,1013917.0,1013938.0,1013973.0,1014005.0,1014032.0,1014064.0,1014092.0,1014122.0,1014150.0,1014176.0,1014202.0,1014227.0,1014274.0,1014311.0,1014346.0,1014374.0,1014402.0,1014419.0,1014443.0,1014466.0,1014488.0,1014529.0,1014548.0,1014573.0,1014591.0,1014612.0,1014639.0,1014652.0,1014669.0,1014682.0,1014692.0,1014708.0,1014733.0,1014770.0,1014885.0,1014965
bw9ZJQS79AI,4458.0,4484.0,4505.0,4523.0,4540.0,4565.0,4586.0,4601.0,4627.0,4637.0,4653.0,4670.0,4679.0,4688.0,4706.0,4721.0,4733.0,4742.0,4745.0,4748.0,4756.0,4767.0,4778.0,4787.0,4796.0,4801.0,4813.0,4817.0,4832.0,4844.0,4854.0,4866.0,4873.0,4883.0,4893.0,4906.0,4920.0,4934.0,4948.0,4962.0,4974.0,4987.0,4991.0,4996.0,5003.0,5009.0,5013.0,5015.0,5023.0,5034.0,5043.0,5054.0,5058.0,5065.0,5077.0,5081.0,5100.0,5105.0,5119.0,5126.0,5137.0,5143.0,5153.0,5160.0,5169.0,5174.0,5180.0,5185.0,5195.0,5199.0,5207.0,5210.0,5218.0,5222.0,5223.0,5226.0,5235.0,5241.0,5252.0,5260.0,5272.0,5279.0,5288.0,5292.0,5311.0,5318.0,5323.0,5340.0,5346.0,5353.0,5361.0,5362.0,5370.0,5378.0,5384.0,5387.0,5389.0,5394.0,5400.0,5404.0,5411.0,5428.0,5438.0,5440.0,5440.0,5447.0,5452.0,5455.0,5460.0,5466.0,5467.0,5471.0,5473.0,5476.0,5477.0,5479.0,5482.0,5481.0,5483.0,5485.0,5487.0,5490.0,5495.0,5496.0,5500.0,5504.0,5506.0,5507.0,5509.0,5523.0,5528.0,5530.0,5538.0,5557.0,,,,,,,,,5593.0,5602.0,5604.0,5609.0,5612.0,5616.0,5619.0,5625.0,5632.0,5636.0,5641.0,5644.0,5647.0,5658.0,5668.0,5673.0,5677.0,5680.0,5685.0,5689.0,5691.0,5693.0,5697.0,5702.0,5704.0,5707.0,5707.0,5710.0,5713.0,5714.0,5719.0,5719.0,5725.0,5730.0,5733.0,5744.0,5748.0,5751.0,5754.0,5756.0,5761.0,5764.0,5771.0,5773.0,5775.0,5777.0,5784.0,5790.0,5790
wHeughaw2Bo,2001.0,2008.0,2024.0,2042.0,2059.0,2074.0,2079.0,2104.0,2118.0,2133.0,2143.0,2174.0,2193.0,2213.0,2240.0,2259.0,2296.0,2320.0,2353.0,2368.0,2383.0,2403.0,2434.0,2451.0,2468.0,2472.0,2487.0,2494.0,2504.0,2519.0,2532.0,2542.0,2548.0,2555.0,2569.0,2590.0,2598.0,2608.0,2617.0,2627.0,2652.0,2664.0,2687.0,2703.0,2711.0,2744.0,2769.0,2792.0,2806.0,2817.0,2822.0,2837.0,2865.0,2878.0,2885.0,2891.0,2901.0,2909.0,2919.0,2936.0,2945.0,2951.0,2962.0,2973.0,2984.0,2995.0,3014.0,3024.0,3034.0,3049.0,3061.0,3066.0,3073.0,3093.0,3111.0,3127.0,3141.0,3153.0,3162.0,3171.0,3192.0,3200.0,3213.0,3219.0,3224.0,3238.0,3246.0,3257.0,3266.0,3289.0,3298.0,3304.0,3316.0,3322.0,3329.0,3344.0,3352.0,3364.0,3367.0,3375.0,3378.0,3392.0,3402.0,3407.0,3411.0,3413.0,3430.0,3437.0,3467.0,3474.0,3481.0,3477.0,3471.0,3475.0,3481.0,3483.0,3486.0,3492.0,3501.0,3506.0,3524.0,3529.0,3541.0,3553.0,3563.0,3570.0,3577.0,3584.0,3587.0,3596.0,3612.0,3624.0,3632.0,3638.0,,,,,,,,,3718.0,3729.0,3736.0,3750.0,3756.0,3765.0,3774.0,3783.0,3791.0,3799.0,3803.0,3812.0,3820.0,3829.0,3832.0,3843.0,3864.0,3869.0,3875.0,3878.0,3887.0,3891.0,3894.0,3898.0,3905.0,3905.0,3909.0,3916.0,3917.0,3920.0,3926.0,3932.0,3936.0,3941.0,3946.0,3951.0,3966.0,3970.0,3977.0,3980.0,3982.0,3988.0,3990.0,3995.0,4005.0,4008.0,4012.0,4019.0,4022
u7uko6XB2nQ,2989599.0,3067373.0,3147453.0,3228363.0,3316829.0,3401978.0,3486029.0,3571687.0,3653439.0,3729212.0,3805056.0,3886144.0,3970573.0,4056998.0,4145922.0,4230860.0,4313874.0,4396785.0,4488295.0,4572629.0,4655116.0,4737717.0,4821244.0,4898650.0,4972320.0,5049042.0,5125869.0,5199428.0,5273374.0,5349539.0,5423324.0,5489322.0,5562582.0,5633747.0,5704492.0,5767173.0,5831808.0,5896088.0,5954278.0,6016341.0,6079471.0,6141100.0,6199767.0,6261078.0,6314516.0,6367711.0,6424821.0,6485391.0,6542287.0,6597598.0,6651824.0,6707795.0,6756507.0,6812533.0,6868343.0,6921127.0,6974919.0,7026742.0,7075186.0,7122435.0,7174805.0,7226708.0,7276822.0,7327500.0,7379078.0,7427690.0,7472551.0,7519982.0,7559038.0,7609402.0,7653874.0,7696990.0,7741183.0,7782398.0,7825873.0,7868230.0,7911068.0,7953219.0,7996752.0,8037255.0,8075795.0,8116845.0,8158384.0,8201909.0,8243877.0,8285892.0,8324232.0,8360686.0,8399350.0,8436548.0,8474405.0,8512645.0,8551986.0,8588748.0,8624508.0,8661975.0,8698991.0,8734222.0,8770168.0,8804272.0,8836147.0,8868632.0,8902068.0,8934708.0,8967041.0,8999927.0,9031842.0,9063333.0,9094719.0,9127013.0,9158376.0,9189619.0,9220246.0,9249517.0,9277524.0,9304191.0,9332423.0,9359848.0,9388762.0,9417626.0,9444597.0,9472528.0,9498257.0,9524762.0,9553645.0,9584837.0,9615159.0,9647457.0,9674313.0,9700319.0,9728773.0,9755089.0,9781692.0,9807914.0,,,,,,,,,10043306.0,10069249.0,10096301.0,10122997.0,10149309.0,10175288.0,10202081.0,10226611.0,10250945.0,10275384.0,10299703.0,10324353.0,10351387.0,10376579.0,10401393.0,10424831.0,10449584.0,10474561.0,10500155.0,10524710.0,10550662.0,10577085.0,10601771.0,10626443.0,10651899.0,10676483.0,10701019.0,10725769.0,10749243.0,10772154.0,10795918.0,10820157.0,10844224.0,10866712.0,10889164.0,10913723.0,10937323.0,10962385.0,10990293.0,11018457.0,11046363.0,11073562.0,11099279.0,11123550.0,11148797.0,11174633.0,11200029.0,11224834.0,11250651
7xlkDjqhhag,1377338.0,1390651.0,1401733.0,1412358.0,1430168.0,1441266.0,1447041.0,1452044.0,1456053.0,1459850.0,1463265.0,1466086.0,1468427.0,1470044.0,1471533.0,1473037.0,1474331.0,1475522.0,1476670.0,1477712.0,1478650.0,1479590.0,1480499.0,1481325.0,1482216.0,1483138.0,1484003.0,1484807.0,1485547.0,1486252.0,1486882.0,1487460.0,1488156.0,1488836.0,1489556.0,1490223.0,1491090.0,1491764.0,1492496.0,1493134.0,1493686.0,1494255.0,1494740.0,1495270.0,1495809.0,1496284.0,1496758.0,1497312.0,1497754.0,1498276.0,1498943.0,1499420.0,1499896.0,1500403.0,1500909.0,1501415.0,1501905.0,1502621.0,1503220.0,1503784.0,1504243.0,1504672.0,1505106.0,1505568.0,1506026.0,1506505.0,1506995.0,1507413.0,1507723.0,1508165.0,1508606.0,1508996.0,1509424.0,1509880.0,1510278.0,1510695.0,1511071.0,1511464.0,1511840.0,1512232.0,1512637.0,1513697.0,1514310.0,1514744.0,1515219.0,1515615.0,1516019.0,1516413.0,1516782.0,1517118.0,1517434.0,1517754.0,1518093.0,1518430.0,1518827.0,1519112.0,1519372.0,1519644.0,1519899.0,1520159.0,1520463.0,1520741.0,1521025.0,1521246.0,1521488.0,1521713.0,1521947.0,1522222.0,1522613.0,1522887.0,1523149.0,1523398.0,1523611.0,1523915.0,1524201.0,1524483.0,1524792.0,1525015.0,1525263.0,1525477.0,1525684.0,1525936.0,1526247.0,1526548.0,1526774.0,1526991.0,1527291.0,1527511.0,1527802.0,1528060.0,1528394.0,1528665.0,1528931.0,1529166.0,,,,,,,,,1534688.0,1535181.0,1535634.0,1535946.0,1536273.0,1536558.0,1536907.0,1537172.0,1537502.0,1537880.0,1538196.0,1538484.0,1538799.0,1539122.0,1539427.0,1539722.0,1540113.0,1540443.0,1540710.0,1540977.0,1541237.0,1541535.0,1541896.0,1542135.0,1542305.0,1542508.0,1542685.0,1542859.0,1543054.0,1543250.0,1543450.0,1543629.0,1543797.0,1543939.0,1544085.0,1544236.0,1544408.0,1544543.0,1544699.0,1544837.0,1544968.0,1545130.0,1545311.0,1545495.0,1545629.0,1545762.0,1545903.0,1546096.0,1546258
kXgxo4uM2vc,12954.0,12993.0,13040.0,13069.0,13111.0,13146.0,13176.0,13225.0,13258.0,13284.0,13335.0,13375.0,13392.0,13417.0,13434.0,13440.0,13448.0,13471.0,13484.0,13490.0,13499.0,13501.0,13508.0,13517.0,13520.0,13531.0,13535.0,13540.0,13544.0,13547.0,13552.0,13565.0,13571.0,13582.0,13603.0,13613.0,13618.0,13628.0,13631.0,13635.0,13651.0,13667.0,13678.0,13686.0,13694.0,13699.0,13714.0,13726.0,13732.0,13738.0,13743.0,13747.0,13755.0,13767.0,13772.0,13779.0,13783.0,13787.0,13796.0,13804.0,13805.0,13815.0,13820.0,13824.0,13826.0,13832.0,13850.0,13875.0,13888.0,13897.0,13900.0,13904.0,13913.0,13920.0,13927.0,13936.0,13944.0,13951.0,13954.0,13971.0,13975.0,13983.0,13986.0,13993.0,13996.0,13999.0,14002.0,14007.0,14016.0,14019.0,14026.0,14032.0,14040.0,14049.0,14054.0,14057.0,14060.0,14066.0,14067.0,14067.0,14068.0,14069.0,14072.0,14074.0,14075.0,14081.0,14081.0,14083.0,14084.0,14087.0,14088.0,14089.0,14089.0,14089.0,14091.0,14091.0,14091.0,14092.0,14094.0,14095.0,14096.0,14102.0,14105.0,14108.0,14108.0,14109.0,14109.0,14113.0,14113.0,14120.0,14124.0,14124.0,14127.0,14129.0,,,,,,,,,14135.0,14136.0,14138.0,14138.0,14140.0,14141.0,14144.0,14144.0,14144.0,14145.0,14149.0,14149.0,14152.0,14154.0,14155.0,14160.0,14164.0,14166.0,14169.0,14175.0,14181.0,14185.0,14186.0,14188.0,14190.0,14190.0,14190.0,14192.0,14194.0,14195.0,14197.0,14198.0,14202.0,14204.0,14205.0,14207.0,14208.0,14209.0,14211.0,14212.0,14214.0,14214.0,14215.0,14215.0,14217.0,14218.0,14218.0,14221.0,14222
z6AhbFIToHo,1264.0,1283.0,1303.0,1329.0,1345.0,1362.0,1376.0,1392.0,1418.0,1434.0,1462.0,1482.0,1498.0,1522.0,1533.0,1554.0,1571.0,1585.0,1599.0,1609.0,1625.0,1650.0,1685.0,1701.0,1725.0,1745.0,1763.0,1787.0,1804.0,1822.0,1839.0,1863.0,1874.0,1882.0,1899.0,1911.0,1927.0,1944.0,1966.0,1981.0,1994.0,2007.0,2019.0,2028.0,2042.0,2058.0,2071.0,2080.0,2095.0,2108.0,2126.0,2146.0,2158.0,2172.0,2193.0,2203.0,2216.0,2226.0,2243.0,2262.0,2283.0,2299.0,2313.0,2323.0,2341.0,2356.0,2376.0,2387.0,2399.0,2419.0,2434.0,2461.0,2491.0,2519.0,2539.0,2555.0,2569.0,2587.0,2602.0,2622.0,2638.0,2654.0,2666.0,2678.0,2690.0,2706.0,2724.0,2735.0,2739.0,2752.0,2773.0,2791.0,2802.0,2815.0,2826.0,2833.0,2840.0,2853.0,2861.0,2868.0,2878.0,2888.0,2902.0,2914.0,2920.0,2927.0,2934.0,2944.0,2957.0,2964.0,2978.0,2994.0,3009.0,3021.0,3034.0,3050.0,3066.0,3081.0,3094.0,3099.0,3115.0,3129.0,3143.0,3161.0,3173.0,3185.0,3194.0,3199.0,3209.0,3219.0,3231.0,3242.0,3254.0,3260.0,,,,,,,,,3385.0,3409.0,3428.0,3534.0,3603.0,3690.0,3724.0,3754.0,3797.0,3816.0,3835.0,3849.0,3858.0,3872.0,3894.0,3910.0,3923.0,3933.0,3947.0,3960.0,3972.0,3981.0,4013.0,4022.0,4038.0,4043.0,4052.0,4060.0,4075.0,4092.0,4103.0,4113.0,4126.0,4135.0,4148.0,4158.0,4168.0,4177.0,4192.0,4200.0,4209.0,4215.0,4222.0,4228.0,4236.0,4247.0,4257.0,4270.0,4279
PrSYC-6obe4,638199.0,642915.0,647566.0,650562.0,652461.0,653780.0,654495.0,655253.0,656223.0,656986.0,657584.0,657910.0,658234.0,658507.0,658762.0,659009.0,659256.0,659449.0,659584.0,659711.0,659828.0,659963.0,660150.0,660405.0,660611.0,660846.0,661054.0,661250.0,661488.0,661684.0,661816.0,661997.0,662113.0,662209.0,662300.0,662404.0,662498.0,662619.0,662727.0,662812.0,662920.0,662998.0,663105.0,663195.0,663279.0,663392.0,663490.0,663584.0,663679.0,663825.0,663953.0,664070.0,664206.0,664328.0,664467.0,664592.0,664723.0,664848.0,665051.0,665188.0,665309.0,665396.0,665506.0,665598.0,665711.0,665816.0,665936.0,666056.0,666138.0,666262.0,666420.0,666582.0,666728.0,666837.0,666942.0,667041.0,667148.0,667231.0,667317.0,667398.0,667477.0,667529.0,667589.0,667635.0,667674.0,667710.0,667760.0,667815.0,667855.0,667892.0,667934.0,668016.0,668071.0,668122.0,668199.0,668275.0,668348.0,668437.0,668560.0,668643.0,668708.0,668890.0,669077.0,669201.0,669314.0,669387.0,669505.0,669570.0,669667.0,669698.0,669740.0,669825.0,669969.0,670105.0,670221.0,670297.0,670337.0,670383.0,670511.0,670602.0,670695.0,670763.0,670802.0,670844.0,670876.0,670917.0,670955.0,670997.0,671030.0,671070.0,671119.0,671169.0,671220.0,671253.0,,,,,,,,,671794.0,671876.0,671916.0,671955.0,671994.0,672029.0,672053.0,672088.0,672118.0,672141.0,672176.0,672204.0,672241.0,672272.0,672316.0,672348.0,672385.0,672422.0,672445.0,672468.0,672491.0,672532.0,672564.0,672594.0,672627.0,672652.0,672678.0,672702.0,672741.0,672780.0,672803.0,672841.0,672867.0,672899.0,672918.0,672957.0,672979.0,673011.0,673040.0,673075.0,673111.0,673137.0,673169.0,673201.0,673222.0,673251.0,673289.0,673328.0,673357
SQ1DMnQDkaY,284989.0,291197.0,296922.0,301915.0,308161.0,313008.0,317950.0,323208.0,328475.0,333020.0,336678.0,340974.0,345150.0,349225.0,353237.0,356927.0,360287.0,363169.0,366320.0,369072.0,371977.0,374687.0,377398.0,379890.0,381840.0,384088.0,386363.0,388934.0,391902.0,394727.0,397257.0,399571.0,402044.0,404373.0,406278.0,408242.0,410337.0,412319.0,414031.0,415840.0,417634.0,419718.0,421589.0,423351.0,424913.0,426289.0,427646.0,429265.0,430928.0,432472.0,434148.0,435469.0,436687.0,438068.0,439479.0,441005.0,442461.0,444180.0,445735.0,447213.0,448868.0,450460.0,452288.0,453986.0,455586.0,457145.0,458539.0,460050.0,461176.0,462826.0,464264.0,465594.0,466901.0,468316.0,470408.0,472962.0,475698.0,478420.0,481567.0,484320.0,486335.0,488442.0,490424.0,492228.0,493795.0,495338.0,496607.0,497727.0,498962.0,500134.0,501411.0,502545.0,503748.0,504871.0,505866.0,506936.0,508021.0,508972.0,510082.0,511198.0,512377.0,513455.0,514853.0,516474.0,517879.0,519209.0,520737.0,521990.0,523179.0,524489.0,525653.0,526814.0,528030.0,529244.0,530280.0,531252.0,532118.0,533243.0,534371.0,535375.0,536333.0,537268.0,538200.0,539090.0,539860.0,540915.0,541993.0,543197.0,544200.0,545167.0,546253.0,547386.0,548615.0,549782.0,,,,,,,,,560552.0,561565.0,562956.0,564363.0,565640.0,566782.0,567795.0,568782.0,569879.0,571129.0,572473.0,573688.0,575230.0,576589.0,577889.0,579041.0,580271.0,581542.0,582866.0,584093.0,585260.0,586408.0,587487.0,588576.0,589836.0,591042.0,592387.0,593849.0,595021.0,596115.0,597355.0,598444.0,599707.0,601077.0,602403.0,603637.0,604668.0,605667.0,606741.0,607986.0,609106.0,610319.0,611260.0,612073.0,613172.0,614288.0,615307.0,616401.0,617431
9_AIpHmjwvY,112137.0,112310.0,112593.0,112814.0,113023.0,113230.0,113409.0,113612.0,113778.0,113935.0,114106.0,114224.0,114368.0,114474.0,114566.0,114660.0,114755.0,114837.0,114914.0,114988.0,115070.0,115194.0,115270.0,115343.0,115423.0,115478.0,115515.0,115565.0,115605.0,115661.0,115727.0,115774.0,115821.0,115864.0,115897.0,115937.0,115973.0,116038.0,116078.0,116116.0,116156.0,116211.0,116257.0,116300.0,116326.0,116362.0,116402.0,116448.0,116479.0,116525.0,116560.0,116603.0,116644.0,116674.0,116740.0,116773.0,116820.0,116851.0,116876.0,116907.0,116936.0,116968.0,116999.0,117027.0,117063.0,117090.0,117130.0,117155.0,117188.0,117210.0,117243.0,117268.0,117301.0,117338.0,117361.0,117386.0,117424.0,117446.0,117452.0,117477.0,117488.0,117507.0,117529.0,117543.0,117559.0,117580.0,117600.0,117623.0,117641.0,117671.0,117714.0,117733.0,117752.0,117779.0,117793.0,117816.0,117832.0,117852.0,117880.0,117899.0,117916.0,117938.0,117950.0,117972.0,117988.0,118010.0,118023.0,118043.0,118079.0,118095.0,118118.0,118145.0,118153.0,118164.0,118183.0,118194.0,118215.0,118219.0,118228.0,118242.0,118261.0,118273.0,118290.0,118323.0,118343.0,118360.0,118387.0,118406.0,118440.0,118474.0,118506.0,118529.0,118553.0,118580.0,,,,,,,,,118728.0,118749.0,118760.0,118777.0,118798.0,118819.0,118838.0,118855.0,118870.0,118877.0,118887.0,118901.0,118908.0,118917.0,118933.0,118944.0,118950.0,118959.0,118975.0,118983.0,118993.0,119014.0,119028.0,119040.0,119059.0,119067.0,119080.0,119095.0,119108.0,119124.0,119139.0,119148.0,119160.0,119176.0,119194.0,119204.0,119221.0,119227.0,119242.0,119251.0,119259.0,119266.0,119278.0,119287.0,119296.0,119304.0,119312.0,119320.0,119332
2lB65Hz0OHQ,727368.0,733305.0,739667.0,745583.0,751339.0,756692.0,762348.0,770724.0,777338.0,783871.0,791185.0,797097.0,802555.0,807272.0,811788.0,815579.0,819263.0,822616.0,825710.0,828624.0,831418.0,834490.0,837494.0,840326.0,842823.0,845152.0,847472.0,849804.0,851733.0,853534.0,855449.0,857280.0,859010.0,860842.0,862607.0,864556.0,866625.0,868665.0,870521.0,872371.0,874156.0,876004.0,878022.0,880085.0,882266.0,884310.0,886082.0,887876.0,889465.0,891093.0,892610.0,894427.0,895968.0,897521.0,899129.0,900846.0,902432.0,903990.0,906009.0,907852.0,909555.0,911275.0,912986.0,914637.0,916180.0,917606.0,919069.0,920429.0,921566.0,923273.0,924753.0,926144.0,927592.0,928988.0,930368.0,931751.0,933210.0,934604.0,936084.0,937601.0,939243.0,940736.0,942098.0,943412.0,944612.0,945951.0,947705.0,949495.0,951068.0,952715.0,954241.0,955797.0,957448.0,959116.0,960736.0,962066.0,963352.0,964478.0,965612.0,966981.0,968483.0,969836.0,971000.0,972180.0,973247.0,974386.0,975470.0,976470.0,977600.0,978634.0,979631.0,980826.0,981839.0,982844.0,983890.0,984930.0,985894.0,986834.0,987771.0,988586.0,989416.0,990384.0,991261.0,992175.0,993040.0,993911.0,994859.0,995809.0,996795.0,997741.0,998548.0,999617.0,1000697.0,1001630.0,,,,,,,,,1009066.0,1009863.0,1010604.0,1011349.0,1012013.0,1012704.0,1013460.0,1014165.0,1015080.0,1015782.0,1016469.0,1017274.0,1018068.0,1019057.0,1019900.0,1020779.0,1021586.0,1022347.0,1023179.0,1023981.0,1024764.0,1025613.0,1026506.0,1027363.0,1028121.0,1028929.0,1029754.0,1030553.0,1031283.0,1031962.0,1032625.0,1033277.0,1033995.0,1034707.0,1035517.0,1036313.0,1037083.0,1037748.0,1038431.0,1039147.0,1039801.0,1040471.0,1041232.0,1041994.0,1042733.0,1043437.0,1044024.0,1044701.0,1045426
XTDjhReAp8A,567142.0,575935.0,585753.0,595124.0,605173.0,615286.0,624566.0,635735.0,646216.0,658385.0,668624.0,679950.0,691583.0,702291.0,715079.0,726465.0,735522.0,744667.0,755986.0,766263.0,775696.0,784210.0,794909.0,806747.0,817867.0,830147.0,840326.0,852368.0,864850.0,879433.0,891026.0,901010.0,911256.0,921520.0,931298.0,941775.0,950585.0,956882.0,962442.0,968846.0,975887.0,982710.0,989145.0,996233.0,1002354.0,1008288.0,1015396.0,1022358.0,1028829.0,1034577.0,1040236.0,1045233.0,1049536.0,1054336.0,1059347.0,1064387.0,1069746.0,1075009.0,1080245.0,1084506.0,1089069.0,1093825.0,1098557.0,1103321.0,1107857.0,1112027.0,1115846.0,1120257.0,1124380.0,1129836.0,1134924.0,1139904.0,1144448.0,1148187.0,1152726.0,1157321.0,1161836.0,1166188.0,1170714.0,1174666.0,1178650.0,1183146.0,1187831.0,1192649.0,1197922.0,1203011.0,1207234.0,1210966.0,1215130.0,1219686.0,1224359.0,1228853.0,1233424.0,1237772.0,1241741.0,1246063.0,1250438.0,1254742.0,1259055.0,1263188.0,1266847.0,1270502.0,1275097.0,1279310.0,1283350.0,1287964.0,1292709.0,1296190.0,1299988.0,1305145.0,1309986.0,1314540.0,1318955.0,1323592.0,1327215.0,1330322.0,1334034.0,1337990.0,1342016.0,1346013.0,1349448.0,1352731.0,1355953.0,1359334.0,1362785.0,1366079.0,1369411.0,1372969.0,1376465.0,1379793.0,1383275.0,1386853.0,1390427.0,1393975.0,,,,,,,,,1422953.0,1425579.0,1428359.0,1431341.0,1434341.0,1437534.0,1440348.0,1442916.0,1445428.0,1448367.0,1451809.0,1455183.0,1458746.0,1462012.0,1464719.0,1467102.0,1470029.0,1472806.0,1475702.0,1478410.0,1481140.0,1483530.0,1485846.0,1488349.0,1490964.0,1493891.0,1496917.0,1499919.0,1502443.0,1504675.0,1507442.0,1510269.0,1513134.0,1515739.0,1518375.0,1520804.0,1523022.0,1525753.0,1528743.0,1531755.0,1534770.0,1537637.0,1540197.0,1542615.0,1545153.0,1547763.0,1550673.0,1553770.0,1556701
ryz_axmf0Xo,147831.0,149216.0,150410.0,151879.0,153716.0,155403.0,156854.0,160987.0,165021.0,169080.0,173132.0,178543.0,182785.0,185975.0,190028.0,196415.0,200831.0,203965.0,206770.0,212352.0,218234.0,224532.0,230952.0,236549.0,241877.0,247255.0,252016.0,257273.0,262662.0,267249.0,270957.0,274400.0,278516.0,281480.0,284921.0,289043.0,292935.0,295913.0,298715.0,301680.0,304490.0,307599.0,310729.0,314492.0,318609.0,322111.0,325806.0,329606.0,333051.0,335507.0,337939.0,340115.0,342134.0,344394.0,346634.0,348710.0,350845.0,353132.0,355467.0,357602.0,359946.0,362448.0,364487.0,366728.0,369795.0,373279.0,375920.0,378682.0,380900.0,383452.0,385871.0,388127.0,390337.0,392277.0,394547.0,396849.0,399571.0,402138.0,405105.0,407776.0,410132.0,412844.0,415279.0,418280.0,421243.0,424468.0,427580.0,430358.0,433687.0,436701.0,439682.0,442540.0,445270.0,447948.0,450328.0,452923.0,455281.0,458008.0,460567.0,463415.0,466022.0,468456.0,471302.0,474170.0,477110.0,480091.0,483156.0,485910.0,488459.0,491282.0,493926.0,496721.0,499490.0,502487.0,505175.0,507507.0,509960.0,512254.0,514534.0,517339.0,519951.0,522294.0,524436.0,526451.0,528963.0,531545.0,533808.0,535919.0,537724.0,539371.0,541045.0,542677.0,544326.0,545801.0,,,,,,,,,558567.0,559811.0,561180.0,562360.0,563622.0,564867.0,565969.0,567356.0,568839.0,570398.0,572064.0,574058.0,576199.0,578089.0,579775.0,581176.0,583045.0,585659.0,587919.0,589658.0,591209.0,592628.0,593985.0,595367.0,596910.0,598301.0,599866.0,601390.0,602741.0,603945.0,605227.0,606611.0,607878.0,609291.0,611029.0,612798.0,614290.0,615943.0,617232.0,618539.0,619876.0,621339.0,622766.0,623923.0,625412.0,626794.0,628072.0,629351.0,630539
DnSWoE8x6jg,131780.0,132080.0,132445.0,132793.0,133121.0,133440.0,133753.0,134030.0,134306.0,134706.0,134979.0,135245.0,135493.0,135732.0,135977.0,136194.0,136383.0,136585.0,136794.0,136973.0,137222.0,137421.0,137611.0,137812.0,138005.0,138194.0,138395.0,138590.0,138771.0,138978.0,139175.0,139388.0,139543.0,139726.0,139899.0,140065.0,140225.0,140421.0,140571.0,140729.0,140901.0,141051.0,141214.0,141388.0,141563.0,141756.0,141933.0,142114.0,142306.0,142482.0,142652.0,142798.0,142930.0,143067.0,143207.0,143344.0,143475.0,143623.0,143761.0,143893.0,144035.0,144152.0,144282.0,144407.0,144557.0,144696.0,144798.0,144905.0,145000.0,145162.0,145316.0,145435.0,145552.0,145656.0,145778.0,145903.0,146040.0,146148.0,146249.0,146402.0,146554.0,146677.0,146796.0,146936.0,147046.0,147144.0,147267.0,147393.0,147518.0,147637.0,147737.0,147825.0,147951.0,148035.0,148124.0,148222.0,148313.0,148394.0,148492.0,148577.0,148676.0,148771.0,148869.0,148956.0,149043.0,149144.0,149243.0,149345.0,149454.0,149543.0,149638.0,149742.0,149814.0,149899.0,149981.0,150081.0,150225.0,150333.0,150426.0,150518.0,150631.0,150712.0,150821.0,150947.0,151016.0,151091.0,151174.0,151250.0,151343.0,151438.0,151513.0,151578.0,151672.0,151753.0,,,,,,,,,152484.0,152573.0,152655.0,152782.0,152908.0,153023.0,153136.0,153230.0,153333.0,153445.0,153563.0,153666.0,153768.0,153869.0,153983.0,154065.0,154172.0,154247.0,154338.0,154423.0,154504.0,154585.0,154651.0,154739.0,154839.0,154922.0,155030.0,155101.0,155173.0,155264.0,155354.0,155423.0,155532.0,155599.0,155652.0,155748.0,155840.0,155913.0,155977.0,156062.0,156148.0,156232.0,156316.0,156397.0,156460.0,156532.0,156602.0,156675.0,156753
pDzCO_bU5F0,57911.0,59047.0,59392.0,59990.0,60229.0,60478.0,60729.0,60967.0,61176.0,61408.0,61597.0,61797.0,62024.0,62184.0,62346.0,62501.0,62664.0,62845.0,63016.0,63175.0,63319.0,63519.0,63738.0,63946.0,64170.0,64342.0,64509.0,64737.0,64915.0,65083.0,65252.0,65393.0,65505.0,65627.0,65749.0,65875.0,66008.0,66090.0,66161.0,66262.0,66338.0,66379.0,66424.0,66479.0,66546.0,66612.0,66639.0,66692.0,66728.0,66788.0,66832.0,66881.0,66907.0,66934.0,66984.0,67015.0,67056.0,67082.0,67113.0,67148.0,67181.0,67215.0,67239.0,67273.0,67295.0,67332.0,67364.0,67402.0,67419.0,67449.0,67481.0,67507.0,67541.0,67584.0,67615.0,67645.0,67679.0,67713.0,67748.0,67806.0,67837.0,67867.0,67897.0,67927.0,67967.0,68005.0,68042.0,68079.0,68106.0,68145.0,68182.0,68207.0,68243.0,68273.0,68300.0,68326.0,68351.0,68369.0,68396.0,68414.0,68435.0,68455.0,68474.0,68500.0,68513.0,68532.0,68547.0,68568.0,68594.0,68611.0,68627.0,68650.0,68663.0,68686.0,68710.0,68717.0,68738.0,68759.0,68772.0,68782.0,68793.0,68809.0,68832.0,68847.0,68855.0,68872.0,68890.0,68917.0,68929.0,68949.0,68960.0,68975.0,68989.0,69003.0,,,,,,,,,69148.0,69166.0,69184.0,69200.0,69244.0,69403.0,69465.0,69488.0,69504.0,69527.0,69550.0,69582.0,69601.0,69613.0,69633.0,69656.0,69671.0,69690.0,69706.0,69722.0,69747.0,69782.0,69799.0,69818.0,69830.0,69844.0,69855.0,69869.0,69877.0,69898.0,69927.0,69952.0,69984.0,69997.0,70012.0,70027.0,70039.0,70061.0,70076.0,70087.0,70101.0,70119.0,70137.0,70155.0,70171.0,70184.0,70204.0,70216.0,70226
O62xCbgN3ho,17307.0,17674.0,18003.0,18363.0,18995.0,19844.0,20690.0,22100.0,23249.0,24497.0,25532.0,26301.0,26943.0,28921.0,30968.0,32731.0,34300.0,36526.0,38836.0,40139.0,40885.0,42009.0,43088.0,43916.0,44487.0,45171.0,45352.0,45569.0,45764.0,45999.0,46150.0,46314.0,46589.0,46855.0,47099.0,47330.0,47515.0,47625.0,47759.0,47902.0,48058.0,48230.0,48444.0,48679.0,48887.0,49047.0,49228.0,49386.0,49577.0,49792.0,49976.0,50126.0,50298.0,50506.0,50803.0,51224.0,51540.0,51788.0,52018.0,52228.0,52470.0,52719.0,53037.0,53528.0,53870.0,54217.0,54655.0,55080.0,55455.0,55825.0,56169.0,56512.0,56755.0,56954.0,57154.0,57396.0,57685.0,57889.0,58077.0,58193.0,58313.0,58482.0,58629.0,58806.0,58990.0,59218.0,59363.0,59586.0,59865.0,60104.0,60302.0,60409.0,60622.0,60727.0,60814.0,60955.0,61042.0,61125.0,61213.0,61341.0,61488.0,61607.0,61724.0,61863.0,61998.0,62141.0,62298.0,62487.0,62660.0,62791.0,62917.0,63059.0,63252.0,63408.0,63564.0,63708.0,63853.0,64048.0,64252.0,64474.0,64693.0,64854.0,65001.0,65119.0,65266.0,65444.0,65635.0,65784.0,65916.0,66075.0,66177.0,66378.0,66579.0,66736.0,,,,,,,,,68288.0,68461.0,68663.0,68869.0,69063.0,69298.0,69513.0,69683.0,69890.0,70045.0,70186.0,70389.0,70618.0,70935.0,71153.0,71390.0,71584.0,71770.0,71982.0,72197.0,72387.0,72545.0,72733.0,73087.0,73382.0,73629.0,73865.0,74079.0,74281.0,74468.0,74693.0,74906.0,75121.0,75344.0,75569.0,75762.0,75965.0,76184.0,76319.0,76481.0,76640.0,76806.0,76981.0,77132.0,77241.0,77399.0,77561.0,77719.0,77880
UFZTU8I0McQ,81495.0,83837.0,85921.0,87836.0,89623.0,91434.0,92927.0,94370.0,95837.0,97214.0,98431.0,99468.0,100719.0,101925.0,103150.0,104360.0,105505.0,106488.0,107483.0,108366.0,109324.0,110222.0,111093.0,111965.0,112747.0,113519.0,114333.0,115085.0,115884.0,116644.0,117527.0,118300.0,119060.0,119864.0,120609.0,121333.0,122077.0,122771.0,123393.0,123953.0,124551.0,125067.0,125591.0,126142.0,126632.0,127147.0,127698.0,128268.0,128857.0,129360.0,129872.0,130330.0,130793.0,131165.0,131510.0,131868.0,132218.0,132582.0,132968.0,133302.0,133702.0,134102.0,134541.0,134913.0,135360.0,135753.0,136069.0,136489.0,136803.0,137356.0,137757.0,138249.0,138619.0,138942.0,139221.0,139519.0,139849.0,140223.0,140560.0,140874.0,141131.0,141419.0,141712.0,142029.0,142328.0,142590.0,142895.0,143181.0,143429.0,143676.0,143953.0,144190.0,144415.0,144663.0,144922.0,145200.0,145428.0,145659.0,145884.0,146137.0,146391.0,146657.0,146917.0,147149.0,147392.0,147568.0,147796.0,148007.0,148232.0,148458.0,148636.0,148824.0,149010.0,149221.0,149460.0,149651.0,149815.0,150010.0,150198.0,150361.0,150572.0,150745.0,150942.0,151111.0,151322.0,151460.0,151642.0,151806.0,152007.0,152194.0,152374.0,152587.0,152781.0,152941.0,,,,,,,,,154591.0,154779.0,154917.0,155111.0,155264.0,155433.0,155582.0,155745.0,155897.0,156058.0,156232.0,156378.0,156518.0,156714.0,156901.0,157114.0,157287.0,157491.0,157668.0,157849.0,157994.0,158180.0,158354.0,158545.0,158688.0,158834.0,158999.0,159174.0,159357.0,159552.0,159717.0,159876.0,160095.0,160252.0,160451.0,160645.0,160832.0,161022.0,161209.0,161395.0,161557.0,161749.0,161946.0,162103.0,162298.0,162504.0,162726.0,162927.0,163136
hnrOnOx1ik4,2149275.0,2152845.0,2156567.0,2160359.0,2164086.0,2167676.0,2171202.0,2175054.0,2179041.0,2182895.0,2186660.0,2190575.0,2195012.0,2198500.0,2202851.0,2208142.0,2213198.0,2216891.0,2220352.0,2224471.0,2229547.0,2234882.0,2240232.0,2244476.0,2248974.0,2254200.0,2259735.0,2264430.0,2269744.0,2274531.0,2279021.0,2283120.0,2286908.0,2290286.0,2293798.0,2297316.0,2300716.0,2303646.0,2306903.0,2310337.0,2313538.0,2316212.0,2318714.0,2321823.0,2325948.0,2329633.0,2332254.0,2334751.0,2336814.0,2338784.0,2340810.0,2343073.0,2345796.0,2347767.0,2349345.0,2350808.0,2352225.0,2354108.0,2356234.0,2357984.0,2359347.0,2360908.0,2362493.0,2364153.0,2365749.0,2367119.0,2368520.0,2370249.0,2371729.0,2373697.0,2375682.0,2377368.0,2378932.0,2380256.0,2381648.0,2383210.0,2384932.0,2386795.0,2388513.0,2390137.0,2391555.0,2392968.0,2394321.0,2395732.0,2397242.0,2398837.0,2400139.0,2401529.0,2402904.0,2404363.0,2405821.0,2407177.0,2408671.0,2410204.0,2411557.0,2412935.0,2414290.0,2415761.0,2417177.0,2418666.0,2420187.0,2421750.0,2423290.0,2424986.0,2426654.0,2428209.0,2429989.0,2431568.0,2433033.0,2434519.0,2435912.0,2437407.0,2438695.0,2439960.0,2441145.0,2442249.0,2443360.0,2444516.0,2445774.0,2447557.0,2449545.0,2451251.0,2452884.0,2454255.0,2455675.0,2457099.0,2458460.0,2459685.0,2460958.0,2462074.0,2463241.0,2464238.0,2465232.0,2466110.0,,,,,,,,,2474087.0,2475167.0,2476188.0,2477169.0,2478251.0,2479236.0,2480185.0,2481215.0,2482239.0,2483146.0,2484140.0,2485068.0,2486086.0,2487097.0,2488059.0,2488947.0,2489891.0,2490793.0,2491825.0,2492852.0,2493774.0,2494659.0,2495541.0,2496489.0,2497296.0,2498365.0,2499299.0,2500278.0,2501253.0,2502225.0,2503238.0,2504166.0,2505219.0,2506156.0,2507158.0,2508240.0,2509216.0,2510273.0,2511248.0,2512139.0,2512950.0,2513851.0,2514758.0,2515500.0,2516351.0,2517207.0,2518042.0,2518851.0,2519748
0am8__P17S4,133747.0,134143.0,134593.0,135024.0,135333.0,135690.0,135997.0,136252.0,136559.0,136891.0,137240.0,137614.0,137993.0,138419.0,138777.0,139081.0,139356.0,139627.0,139881.0,140290.0,140560.0,140910.0,141318.0,142050.0,143063.0,144219.0,145030.0,145501.0,145968.0,146347.0,146687.0,146954.0,147172.0,147365.0,147516.0,147700.0,147858.0,148032.0,148262.0,148407.0,148510.0,148612.0,148747.0,148846.0,148945.0,149082.0,149182.0,149297.0,149399.0,149505.0,149584.0,149672.0,149762.0,149861.0,149948.0,150031.0,150100.0,150227.0,150340.0,150441.0,150549.0,150665.0,150758.0,150836.0,150938.0,151071.0,151172.0,151273.0,151358.0,151432.0,151545.0,151639.0,151735.0,151863.0,151935.0,151992.0,152092.0,152166.0,152237.0,152310.0,152388.0,152445.0,152505.0,152546.0,152632.0,152690.0,152749.0,152809.0,152874.0,152928.0,152983.0,153023.0,153081.0,153137.0,153218.0,153264.0,153293.0,153336.0,153379.0,153443.0,153503.0,153558.0,153618.0,153664.0,153707.0,153763.0,153802.0,153854.0,153916.0,153986.0,154025.0,154066.0,154104.0,154149.0,154191.0,154237.0,154259.0,154285.0,154323.0,154364.0,154408.0,154458.0,154499.0,154525.0,154555.0,154581.0,154613.0,154642.0,154692.0,154744.0,154794.0,154824.0,154862.0,154895.0,,,,,,,,,155112.0,155139.0,155174.0,155200.0,155228.0,155246.0,155263.0,155278.0,155306.0,155323.0,155346.0,155362.0,155402.0,155439.0,155481.0,155510.0,155543.0,155566.0,155594.0,155624.0,155646.0,155678.0,155707.0,155733.0,155780.0,155802.0,155828.0,155862.0,155903.0,155926.0,155976.0,155998.0,156021.0,156057.0,156092.0,156127.0,156156.0,156196.0,156248.0,156276.0,156329.0,156358.0,156395.0,156431.0,156464.0,156488.0,156516.0,156557.0,156590
LKG4Y4Em8Vc,662.0,662.0,663.0,663.0,663.0,664.0,665.0,667.0,668.0,669.0,670.0,671.0,672.0,672.0,672.0,675.0,675.0,676.0,676.0,676.0,677.0,679.0,679.0,679.0,679.0,679.0,680.0,680.0,680.0,681.0,681.0,681.0,682.0,683.0,683.0,683.0,684.0,685.0,685.0,685.0,687.0,687.0,688.0,688.0,688.0,688.0,688.0,688.0,689.0,690.0,690.0,691.0,693.0,693.0,694.0,694.0,696.0,696.0,696.0,696.0,697.0,698.0,698.0,698.0,698.0,700.0,700.0,700.0,702.0,702.0,702.0,702.0,703.0,704.0,704.0,704.0,704.0,705.0,705.0,705.0,705.0,705.0,705.0,705.0,705.0,706.0,706.0,706.0,706.0,707.0,707.0,707.0,708.0,708.0,708.0,708.0,708.0,709.0,709.0,710.0,710.0,710.0,710.0,710.0,710.0,710.0,710.0,710.0,711.0,711.0,711.0,711.0,712.0,712.0,712.0,712.0,712.0,713.0,713.0,713.0,713.0,713.0,713.0,713.0,713.0,713.0,714.0,714.0,714.0,714.0,715.0,715.0,716.0,716.0,,,,,,,,,718.0,718.0,718.0,718.0,719.0,719.0,719.0,719.0,719.0,719.0,719.0,719.0,719.0,719.0,719.0,720.0,720.0,720.0,720.0,720.0,720.0,721.0,721.0,721.0,721.0,721.0,721.0,721.0,721.0,721.0,721.0,721.0,721.0,721.0,721.0,721.0,721.0,722.0,722.0,722.0,722.0,724.0,724.0,724.0,724.0,724.0,724.0,724.0,725
_RRUqOPfAnA,13442.0,13505.0,13587.0,13667.0,13731.0,13788.0,13841.0,13907.0,13957.0,14015.0,14078.0,14120.0,14186.0,14245.0,14297.0,14342.0,14401.0,14432.0,14475.0,14507.0,14543.0,14571.0,14607.0,14638.0,14670.0,14700.0,14729.0,14753.0,14780.0,14832.0,14879.0,14913.0,14939.0,14966.0,14996.0,15018.0,15058.0,15073.0,15110.0,15131.0,15144.0,15168.0,15210.0,15246.0,15266.0,15284.0,15299.0,15319.0,15337.0,15351.0,15365.0,15380.0,15401.0,15413.0,15434.0,15447.0,15467.0,15481.0,15495.0,15513.0,15527.0,15537.0,15554.0,15573.0,15596.0,15613.0,15627.0,15638.0,15652.0,15676.0,15685.0,15694.0,15699.0,15709.0,15718.0,15733.0,15743.0,15750.0,15760.0,15774.0,15785.0,15793.0,15799.0,15809.0,15813.0,15820.0,15830.0,15839.0,15850.0,15864.0,15880.0,15893.0,15913.0,15927.0,15942.0,15951.0,15972.0,15980.0,15988.0,15996.0,16008.0,16017.0,16036.0,16061.0,16078.0,16091.0,16114.0,16123.0,16134.0,16150.0,16156.0,16162.0,16177.0,16191.0,16205.0,16212.0,16224.0,16237.0,16254.0,16263.0,16269.0,16285.0,16293.0,16307.0,16321.0,16345.0,16358.0,16373.0,16390.0,16411.0,16426.0,16435.0,16444.0,16455.0,,,,,,,,,16566.0,16587.0,16605.0,16616.0,16625.0,16638.0,16652.0,16665.0,16675.0,16687.0,16699.0,16713.0,16723.0,16731.0,16744.0,16757.0,16766.0,16783.0,16788.0,16795.0,16800.0,16810.0,16816.0,16827.0,16833.0,16840.0,16845.0,16850.0,16854.0,16861.0,16866.0,16874.0,16885.0,16893.0,16899.0,16909.0,16920.0,16926.0,16941.0,16950.0,16964.0,16970.0,16977.0,16985.0,16990.0,16994.0,17005.0,17015.0,17015
5vaXnYX4VEY,17802.0,17819.0,17831.0,17853.0,17870.0,17890.0,17915.0,17925.0,17940.0,17966.0,17991.0,17998.0,18016.0,18032.0,18049.0,18069.0,18082.0,18093.0,18108.0,18114.0,18127.0,18148.0,18175.0,18198.0,18211.0,18225.0,18245.0,18255.0,18282.0,18302.0,18321.0,18328.0,18361.0,18378.0,18402.0,18427.0,18456.0,18470.0,18504.0,18527.0,18548.0,18567.0,18584.0,18611.0,18620.0,18638.0,18653.0,18699.0,18715.0,18734.0,18750.0,18764.0,18778.0,18786.0,18802.0,18823.0,18832.0,18846.0,18861.0,18870.0,18884.0,18902.0,18911.0,18925.0,18943.0,18953.0,18963.0,18984.0,19004.0,19031.0,19042.0,19047.0,19065.0,19078.0,19087.0,19096.0,19110.0,19120.0,19134.0,19148.0,19157.0,19165.0,19177.0,19195.0,19199.0,19210.0,19227.0,19236.0,19253.0,19265.0,19280.0,19284.0,19292.0,19300.0,19313.0,19326.0,19344.0,19351.0,19363.0,19379.0,19386.0,19399.0,19410.0,19419.0,19435.0,19449.0,19459.0,19472.0,19485.0,19491.0,19499.0,19508.0,19517.0,19525.0,19532.0,19541.0,19549.0,19557.0,19567.0,19572.0,19582.0,19589.0,19593.0,19613.0,19622.0,19631.0,19644.0,19656.0,19662.0,19671.0,19686.0,19698.0,19705.0,19719.0,,,,,,,,,19808.0,19814.0,19831.0,19841.0,19857.0,19874.0,19882.0,19892.0,19906.0,19916.0,19928.0,19942.0,19955.0,19961.0,19973.0,19981.0,19987.0,20007.0,20019.0,20031.0,20039.0,20044.0,20053.0,20063.0,20067.0,20076.0,20085.0,20094.0,20105.0,20113.0,20122.0,20133.0,20144.0,20156.0,20166.0,20180.0,20185.0,20189.0,20201.0,20206.0,20215.0,20222.0,20231.0,20241.0,20251.0,20267.0,20277.0,20288.0,20295
bbXDg3NhxT4,4930686.0,4941677.0,4952925.0,4963113.0,4973543.0,4983475.0,4993865.0,5003797.0,5012367.0,5020643.0,5027693.0,5033712.0,5039724.0,5046020.0,5051936.0,5057246.0,5062193.0,5066673.0,5070547.0,5074077.0,5077542.0,5081042.0,5084802.0,5088970.0,5092568.0,5095822.0,5098819.0,5102277.0,5105453.0,5108277.0,5111076.0,5113643.0,5116122.0,5118729.0,5121363.0,5123821.0,5126604.0,5129649.0,5132414.0,5135087.0,5137741.0,5140154.0,5142607.0,5145092.0,5147459.0,5149673.0,5151678.0,5153730.0,5155708.0,5157453.0,5159261.0,5161097.0,5162984.0,5164671.0,5166375.0,5168003.0,5169590.0,5171161.0,5172777.0,5174336.0,5175654.0,5177139.0,5178680.0,5180217.0,5181651.0,5183065.0,5184446.0,5185694.0,5186849.0,5188735.0,5190347.0,5191962.0,5193497.0,5194857.0,5196265.0,5197730.0,5199072.0,5200448.0,5201800.0,5203173.0,5204660.0,5206204.0,5208182.0,5210298.0,5212504.0,5214862.0,5216906.0,5218920.0,5220789.0,5222621.0,5224128.0,5226388.0,5229448.0,5231872.0,5234200.0,5235906.0,5237428.0,5238960.0,5240374.0,5241712.0,5243156.0,5244571.0,5245752.0,5246887.0,5248150.0,5249747.0,5251158.0,5252353.0,5253477.0,5254491.0,5255494.0,5256439.0,5257350.0,5258306.0,5259453.0,5260479.0,5261321.0,5262166.0,5263028.0,5263813.0,5264834.0,5265910.0,5266833.0,5267591.0,5268351.0,5269107.0,5269970.0,5270870.0,5271816.0,5272637.0,5273324.0,5274045.0,5274721.0,5275408.0,,,,,,,,,5282425.0,5283331.0,5284049.0,5284704.0,5285376.0,5286103.0,5286890.0,5287669.0,5288587.0,5289336.0,5290123.0,5290908.0,5291707.0,5292456.0,5293327.0,5294291.0,5295014.0,5295665.0,5296474.0,5297080.0,5297697.0,5298349.0,5299063.0,5299636.0,5300214.0,5300736.0,5301253.0,5301867.0,5302494.0,5303169.0,5303720.0,5304231.0,5304780.0,5305269.0,5305710.0,5306312.0,5306852.0,5307316.0,5307857.0,5308411.0,5309027.0,5309666.0,5310307.0,5310922.0,5311465.0,5312000.0,5312606.0,5313217.0,5313807
_XztsB7PIIA,73787.0,73843.0,73914.0,73985.0,74086.0,74186.0,74268.0,74333.0,74408.0,74465.0,74509.0,74578.0,74645.0,74725.0,74802.0,74873.0,74946.0,75010.0,75084.0,75152.0,75202.0,75257.0,75336.0,75399.0,75448.0,75539.0,75613.0,75668.0,75731.0,75796.0,75841.0,75898.0,75950.0,76009.0,76073.0,76134.0,76191.0,76242.0,76284.0,76335.0,76384.0,76437.0,76507.0,76553.0,76603.0,76634.0,76688.0,76741.0,76795.0,76861.0,76905.0,76940.0,76976.0,77053.0,77103.0,77161.0,77212.0,77261.0,77332.0,77375.0,77438.0,77492.0,77537.0,77588.0,77640.0,77694.0,77738.0,77780.0,77841.0,77897.0,77951.0,77988.0,78025.0,78058.0,78083.0,78129.0,78176.0,78222.0,78288.0,78328.0,78367.0,78404.0,78457.0,78496.0,78541.0,78591.0,78634.0,78669.0,78719.0,78765.0,78820.0,78884.0,78939.0,78989.0,79041.0,79093.0,79190.0,79300.0,79461.0,79563.0,79639.0,79692.0,79744.0,79809.0,79885.0,79930.0,80002.0,80042.0,80079.0,80144.0,80203.0,80262.0,80321.0,80390.0,80462.0,80506.0,80571.0,80627.0,80699.0,80767.0,80842.0,80884.0,80924.0,80972.0,81012.0,81050.0,81087.0,81124.0,81171.0,81214.0,81266.0,81317.0,81355.0,81392.0,,,,,,,,,81787.0,81840.0,81886.0,81926.0,81975.0,82000.0,82041.0,82070.0,82102.0,82148.0,82184.0,82225.0,82280.0,82315.0,82361.0,82380.0,82424.0,82453.0,82480.0,82509.0,82550.0,82577.0,82606.0,82642.0,82683.0,82724.0,82774.0,82805.0,82829.0,82852.0,82887.0,82912.0,82940.0,82977.0,83013.0,83041.0,83069.0,83105.0,83147.0,83195.0,83229.0,83268.0,83303.0,83329.0,83361.0,83406.0,83464.0,83553.0,83588
lsuSzybBIpw,2663.0,2675.0,2691.0,2697.0,2704.0,2716.0,2724.0,2732.0,2738.0,2744.0,2747.0,2753.0,2762.0,2767.0,2772.0,2777.0,2785.0,2791.0,2794.0,2806.0,2814.0,2820.0,2830.0,2841.0,2847.0,2855.0,2864.0,2869.0,2881.0,2884.0,2888.0,2893.0,2903.0,2905.0,2911.0,2917.0,2924.0,2931.0,2933.0,2934.0,2937.0,2942.0,2949.0,2952.0,2958.0,2962.0,2967.0,2970.0,2974.0,2983.0,2987.0,2988.0,2993.0,2995.0,3000.0,3007.0,3013.0,3016.0,3019.0,3025.0,3030.0,3033.0,3036.0,3040.0,3047.0,3052.0,3057.0,3060.0,3066.0,3068.0,3072.0,3074.0,3077.0,3080.0,3083.0,3084.0,3090.0,3094.0,3095.0,3101.0,3103.0,3105.0,3109.0,3110.0,3110.0,3115.0,3114.0,3115.0,3118.0,3120.0,3121.0,3125.0,3125.0,3130.0,3136.0,3149.0,3155.0,3161.0,3165.0,3171.0,3180.0,3188.0,3193.0,3198.0,3202.0,3205.0,3206.0,3215.0,3217.0,3222.0,3225.0,3229.0,3232.0,3236.0,3239.0,3243.0,3244.0,3245.0,3250.0,3255.0,3255.0,3257.0,3257.0,3261.0,3262.0,3263.0,3265.0,3267.0,3269.0,3270.0,3271.0,3273.0,3275.0,3278.0,,,,,,,,,3300.0,3307.0,3315.0,3320.0,3322.0,3327.0,3331.0,3333.0,3336.0,3339.0,3340.0,3344.0,3344.0,3347.0,3347.0,3348.0,3350.0,3353.0,3360.0,3364.0,3366.0,3367.0,3372.0,3377.0,3380.0,3383.0,3385.0,3387.0,3390.0,3391.0,3390.0,3390.0,3390.0,3396.0,3397.0,3403.0,3404.0,3405.0,3407.0,3410.0,3410.0,3411.0,3415.0,3415.0,3416.0,3419.0,3422.0,3424.0,3424
ZV_XheH7FJw,2312.0,2365.0,2407.0,2469.0,2567.0,2633.0,2669.0,2749.0,2855.0,2920.0,2945.0,2979.0,3014.0,3056.0,3085.0,3138.0,3159.0,3175.0,3207.0,3243.0,3270.0,3313.0,3383.0,3404.0,3424.0,3451.0,3481.0,3506.0,3536.0,3585.0,3608.0,3624.0,3647.0,3669.0,3690.0,3719.0,3736.0,3772.0,3802.0,3839.0,3855.0,3882.0,3901.0,3933.0,3950.0,3974.0,3985.0,4000.0,4013.0,4040.0,4054.0,4070.0,4079.0,4088.0,4104.0,4111.0,4124.0,4137.0,4151.0,4164.0,4176.0,4190.0,4201.0,4206.0,4220.0,4231.0,4244.0,4258.0,4267.0,4272.0,4284.0,4298.0,4306.0,4317.0,4331.0,4343.0,4351.0,4357.0,4373.0,4384.0,4394.0,4404.0,4425.0,4438.0,4455.0,4479.0,4498.0,4508.0,4519.0,4528.0,4541.0,4548.0,4554.0,4567.0,4579.0,4589.0,4603.0,4611.0,4618.0,4626.0,4635.0,4643.0,4659.0,4678.0,4699.0,4709.0,4724.0,4737.0,4754.0,4774.0,4791.0,4828.0,4843.0,4862.0,4875.0,4884.0,4890.0,4931.0,4945.0,4974.0,4982.0,4988.0,5009.0,5023.0,5029.0,5039.0,5046.0,5059.0,5065.0,5074.0,5082.0,5092.0,5100.0,5110.0,,,,,,,,,5205.0,5208.0,5216.0,5227.0,5243.0,5254.0,5271.0,5289.0,5297.0,5305.0,5320.0,5335.0,5343.0,5358.0,5368.0,5383.0,5390.0,5400.0,5416.0,5436.0,5444.0,5448.0,5454.0,5464.0,5473.0,5478.0,5487.0,5493.0,5499.0,5505.0,5509.0,5516.0,5525.0,5531.0,5538.0,5549.0,5556.0,5562.0,5569.0,5572.0,5579.0,5586.0,5594.0,5600.0,5608.0,5612.0,5618.0,5622.0,5630
ObNohVnJZwM,730.0,731.0,733.0,734.0,734.0,737.0,740.0,740.0,741.0,744.0,745.0,745.0,746.0,747.0,747.0,751.0,754.0,755.0,759.0,760.0,761.0,764.0,766.0,767.0,768.0,769.0,769.0,771.0,773.0,774.0,776.0,779.0,779.0,779.0,779.0,785.0,788.0,790.0,790.0,790.0,790.0,791.0,792.0,793.0,796.0,796.0,796.0,796.0,796.0,796.0,797.0,797.0,797.0,798.0,798.0,800.0,800.0,800.0,800.0,800.0,801.0,801.0,802.0,802.0,804.0,805.0,806.0,806.0,807.0,807.0,810.0,810.0,810.0,810.0,810.0,810.0,811.0,811.0,812.0,813.0,814.0,814.0,814.0,815.0,816.0,817.0,817.0,817.0,817.0,817.0,818.0,819.0,819.0,820.0,820.0,820.0,820.0,820.0,822.0,822.0,822.0,822.0,822.0,822.0,822.0,822.0,822.0,822.0,822.0,823.0,824.0,825.0,827.0,828.0,828.0,828.0,828.0,828.0,828.0,828.0,828.0,828.0,830.0,832.0,835.0,835.0,835.0,835.0,835.0,836.0,836.0,836.0,836.0,837.0,,,,,,,,,845.0,845.0,846.0,846.0,847.0,847.0,848.0,848.0,849.0,849.0,849.0,850.0,850.0,850.0,850.0,850.0,851.0,851.0,851.0,852.0,853.0,853.0,853.0,854.0,854.0,855.0,855.0,855.0,855.0,857.0,857.0,857.0,857.0,857.0,857.0,857.0,857.0,857.0,857.0,859.0,859.0,863.0,863.0,862.0,865.0,865.0,865.0,865.0,865
hxhQzUtPY6g,54363.0,55870.0,57575.0,59118.0,60722.0,62185.0,63587.0,65182.0,66294.0,67429.0,68414.0,69416.0,70520.0,71679.0,72741.0,73769.0,74912.0,75790.0,76774.0,77779.0,79024.0,80331.0,81441.0,82540.0,83423.0,84439.0,85563.0,86575.0,87667.0,88656.0,89405.0,90102.0,91257.0,92987.0,94864.0,96246.0,96988.0,97531.0,97974.0,98590.0,99131.0,99791.0,100604.0,101542.0,102211.0,102739.0,103211.0,103778.0,104389.0,105026.0,105641.0,106181.0,106702.0,107514.0,108421.0,109385.0,110272.0,111821.0,113349.0,114184.0,114964.0,115597.0,116203.0,116769.0,117272.0,117863.0,118371.0,118884.0,119285.0,119766.0,120241.0,120643.0,121086.0,121472.0,121949.0,122341.0,122929.0,123412.0,123972.0,124411.0,124768.0,125250.0,125631.0,126020.0,126490.0,126878.0,127266.0,127584.0,127986.0,128388.0,128802.0,129156.0,129504.0,129865.0,130183.0,130570.0,130905.0,131221.0,131606.0,131961.0,132222.0,132516.0,132965.0,133401.0,133773.0,134167.0,134510.0,134843.0,135171.0,135492.0,135800.0,136130.0,136434.0,136792.0,137064.0,137341.0,137601.0,137957.0,138317.0,138722.0,139083.0,139412.0,139766.0,140029.0,140348.0,140656.0,140908.0,141226.0,141522.0,141799.0,142176.0,142532.0,142889.0,143195.0,,,,,,,,,145695.0,145869.0,146098.0,146364.0,146634.0,146884.0,147173.0,147412.0,147684.0,148035.0,148341.0,148794.0,149106.0,149468.0,149733.0,150033.0,150351.0,150602.0,150900.0,151134.0,151360.0,151539.0,151748.0,152008.0,152279.0,152577.0,152847.0,153105.0,153366.0,153569.0,153812.0,154051.0,154355.0,154554.0,154796.0,154947.0,155152.0,155359.0,155564.0,155799.0,155999.0,156276.0,156469.0,156690.0,156938.0,157171.0,157440.0,157666.0,157930
I1M3AtVYBxY,610.0,621.0,638.0,645.0,644.0,653.0,657.0,660.0,664.0,672.0,674.0,688.0,698.0,708.0,717.0,726.0,730.0,739.0,741.0,748.0,755.0,761.0,764.0,767.0,770.0,775.0,781.0,786.0,794.0,803.0,809.0,818.0,820.0,825.0,834.0,838.0,843.0,844.0,847.0,848.0,851.0,857.0,863.0,867.0,873.0,874.0,876.0,878.0,878.0,880.0,882.0,883.0,885.0,887.0,889.0,892.0,893.0,893.0,897.0,897.0,899.0,905.0,908.0,913.0,919.0,924.0,925.0,927.0,930.0,932.0,936.0,941.0,941.0,943.0,946.0,947.0,948.0,948.0,954.0,954.0,957.0,959.0,960.0,966.0,968.0,969.0,972.0,972.0,972.0,973.0,973.0,973.0,974.0,975.0,975.0,978.0,983.0,984.0,986.0,993.0,996.0,998.0,1000.0,1002.0,1005.0,1008.0,1011.0,1011.0,1013.0,1015.0,1015.0,1018.0,1018.0,1019.0,1022.0,1025.0,1028.0,1034.0,1035.0,1040.0,1043.0,1043.0,1045.0,1047.0,1047.0,1050.0,1052.0,1054.0,1055.0,1059.0,1059.0,1060.0,1060.0,1061.0,,,,,,,,,1074.0,1074.0,1074.0,1077.0,1077.0,1080.0,1081.0,1084.0,1084.0,1084.0,1087.0,1087.0,1087.0,1087.0,1087.0,1087.0,1093.0,1093.0,1094.0,1098.0,1102.0,1102.0,1104.0,1105.0,1105.0,1105.0,1106.0,1106.0,1105.0,1105.0,1105.0,1108.0,1110.0,1111.0,1114.0,1116.0,1117.0,1120.0,1121.0,1121.0,1123.0,1124.0,1124.0,1128.0,1129.0,1131.0,1132.0,1134.0,1137
MD7a8erZAko,18678.0,19732.0,20654.0,21698.0,22519.0,23378.0,24395.0,25767.0,27266.0,28547.0,29450.0,30012.0,30599.0,31257.0,31748.0,32186.0,32573.0,32869.0,33220.0,33463.0,33712.0,34064.0,34387.0,34580.0,34756.0,34989.0,35262.0,35490.0,35638.0,35842.0,36029.0,36167.0,36373.0,36574.0,36718.0,36872.0,37012.0,37140.0,37248.0,37416.0,37580.0,37740.0,37892.0,38003.0,38117.0,38255.0,38385.0,38498.0,38617.0,38734.0,38814.0,38881.0,38968.0,39042.0,39154.0,39262.0,39367.0,39458.0,39508.0,39589.0,39680.0,39757.0,39828.0,39897.0,39981.0,40090.0,40184.0,40257.0,40322.0,40406.0,40465.0,40532.0,40587.0,40652.0,40714.0,40771.0,40875.0,40953.0,41018.0,41083.0,41142.0,41205.0,41274.0,41366.0,41425.0,41481.0,41535.0,41587.0,41634.0,41693.0,41762.0,41830.0,41914.0,41977.0,42040.0,42116.0,42191.0,42248.0,42290.0,42334.0,42372.0,42429.0,42480.0,42533.0,42566.0,42612.0,42660.0,42687.0,42731.0,42791.0,42833.0,42885.0,42925.0,42952.0,43024.0,43064.0,43103.0,43158.0,43205.0,43257.0,43304.0,43346.0,43385.0,43433.0,43475.0,43517.0,43544.0,43597.0,43645.0,43690.0,43715.0,43752.0,43791.0,43873.0,,,,,,,,,44305.0,44344.0,44397.0,44445.0,44505.0,44562.0,44615.0,44651.0,44700.0,44746.0,44798.0,44833.0,44873.0,44940.0,44976.0,45003.0,45051.0,45091.0,45139.0,45178.0,45217.0,45259.0,45284.0,45323.0,45350.0,45390.0,45429.0,45477.0,45520.0,45543.0,45581.0,45605.0,45636.0,45685.0,45709.0,45735.0,45765.0,45806.0,45857.0,45893.0,45926.0,45964.0,46027.0,46094.0,46126.0,46166.0,46217.0,46267.0,46325
Z9UuIhZxc4c,104098.0,104513.0,105004.0,105543.0,106112.0,106581.0,107195.0,107760.0,108394.0,108962.0,109511.0,110068.0,110574.0,111060.0,111598.0,111990.0,112549.0,113068.0,113612.0,114107.0,114653.0,115385.0,116091.0,116603.0,117216.0,117868.0,118519.0,119307.0,120080.0,120809.0,121362.0,121964.0,122615.0,123130.0,123721.0,124284.0,124829.0,125280.0,125784.0,126431.0,127000.0,127563.0,128166.0,128658.0,129194.0,129708.0,130180.0,130701.0,131208.0,131690.0,132223.0,132633.0,133079.0,133479.0,133950.0,134416.0,134844.0,135376.0,135806.0,136267.0,136870.0,137405.0,137961.0,138559.0,139127.0,139692.0,140216.0,140773.0,141253.0,141842.0,142355.0,142882.0,143400.0,143890.0,144344.0,144753.0,145164.0,145541.0,146073.0,146472.0,146938.0,147434.0,147925.0,148445.0,148946.0,149412.0,149896.0,150424.0,150967.0,151444.0,151898.0,152365.0,152882.0,153329.0,153758.0,154284.0,154808.0,155328.0,155883.0,156394.0,156899.0,157457.0,158061.0,158641.0,159234.0,159739.0,160109.0,160707.0,161222.0,161763.0,162259.0,162812.0,163256.0,163807.0,164212.0,164730.0,165217.0,165681.0,166175.0,166603.0,166999.0,167439.0,167850.0,168235.0,168656.0,169057.0,169510.0,169912.0,170375.0,170841.0,171220.0,171614.0,172124.0,172609.0,,,,,,,,,176424.0,176862.0,177279.0,177581.0,178006.0,178416.0,178782.0,179141.0,179590.0,179984.0,180363.0,180737.0,181094.0,181506.0,181888.0,182249.0,182625.0,183008.0,183354.0,183701.0,184134.0,184565.0,184978.0,185324.0,185728.0,186094.0,186546.0,186949.0,187383.0,187797.0,188152.0,188689.0,189111.0,189538.0,189959.0,190407.0,190699.0,191145.0,191513.0,191922.0,192389.0,192931.0,193318.0,193807.0,194266.0,194642.0,195076.0,195471.0,195867
vTU8orIArcM,4596.0,4632.0,4665.0,4694.0,4732.0,4783.0,4827.0,4869.0,4926.0,4973.0,5009.0,5067.0,5123.0,5171.0,5227.0,5266.0,5299.0,5320.0,5357.0,5393.0,5434.0,5479.0,5518.0,5555.0,5579.0,5605.0,5642.0,5696.0,5749.0,5790.0,5821.0,5850.0,5879.0,5910.0,5943.0,5983.0,6011.0,6034.0,6052.0,6070.0,6098.0,6123.0,6147.0,6173.0,6187.0,6207.0,6224.0,6256.0,6279.0,6303.0,6339.0,6363.0,6382.0,6402.0,6434.0,6469.0,6490.0,6519.0,6543.0,6563.0,6583.0,6605.0,6629.0,6653.0,6672.0,6696.0,6717.0,6741.0,6757.0,6785.0,6816.0,6834.0,6854.0,6868.0,6927.0,6950.0,6974.0,7009.0,7030.0,7046.0,7061.0,7101.0,7124.0,7155.0,7173.0,7196.0,7212.0,7224.0,7239.0,7256.0,7284.0,7315.0,7337.0,7355.0,7368.0,7411.0,7435.0,7466.0,7492.0,7516.0,7531.0,7550.0,7571.0,7598.0,7617.0,7636.0,7668.0,7691.0,7708.0,7736.0,7751.0,7778.0,7793.0,7818.0,7840.0,7860.0,7900.0,7918.0,7940.0,7981.0,8000.0,8015.0,8033.0,8049.0,8070.0,8079.0,8105.0,8118.0,8131.0,8141.0,8165.0,8183.0,8212.0,8247.0,,,,,,,,,8476.0,8488.0,8499.0,8517.0,8547.0,8578.0,8603.0,8627.0,8643.0,8666.0,8691.0,8718.0,8742.0,8788.0,8818.0,8835.0,8862.0,8884.0,8908.0,8927.0,8948.0,8972.0,8987.0,9014.0,9039.0,9056.0,9079.0,9099.0,9115.0,9131.0,9151.0,9170.0,9190.0,9208.0,9239.0,9257.0,9269.0,9295.0,9313.0,9331.0,9356.0,9374.0,9400.0,9416.0,9433.0,9445.0,9469.0,9481.0,9512
nz2_gNQDiVM,1006079.0,1027405.0,1049272.0,1070151.0,1092214.0,1113364.0,1133457.0,1154488.0,1175435.0,1195237.0,1213187.0,1231052.0,1250841.0,1269738.0,1286987.0,1302236.0,1315896.0,1327559.0,1340257.0,1352571.0,1363910.0,1375862.0,1387588.0,1399437.0,1409509.0,1420059.0,1430025.0,1439707.0,1450422.0,1460432.0,1469359.0,1477067.0,1486357.0,1495040.0,1504156.0,1512549.0,1520376.0,1528581.0,1535935.0,1543637.0,1550815.0,1558095.0,1564684.0,1571646.0,1578307.0,1583970.0,1590770.0,1597973.0,1604058.0,1610660.0,1616986.0,1622948.0,1628497.0,1634312.0,1641330.0,1648006.0,1654239.0,1660694.0,1666877.0,1672584.0,1678410.0,1684996.0,1690285.0,1696608.0,1702732.0,1707912.0,1712971.0,1718590.0,1723821.0,1730320.0,1735783.0,1740947.0,1745667.0,1749518.0,1754754.0,1759849.0,1765064.0,1770544.0,1776023.0,1781259.0,1785252.0,1790152.0,1794913.0,1799705.0,1804533.0,1809686.0,1814442.0,1818576.0,1823174.0,1827907.0,1832735.0,1837798.0,1842928.0,1848054.0,1852148.0,1857015.0,1861853.0,1866544.0,1871138.0,1876304.0,1881027.0,1885241.0,1889676.0,1894511.0,1899185.0,1904064.0,1908299.0,1912879.0,1916744.0,1921076.0,1925644.0,1929695.0,1933804.0,1937901.0,1942280.0,1946352.0,1950485.0,1954909.0,1959557.0,1964268.0,1968337.0,1972191.0,1976097.0,1979790.0,1982715.0,1985840.0,1988683.0,1992232.0,1995727.0,1998861.0,2002873.0,2006448.0,2010359.0,2013892.0,,,,,,,,,2049946.0,2053383.0,2057081.0,2060884.0,2064361.0,2067778.0,2071182.0,2074476.0,2077705.0,2081848.0,2085824.0,2089726.0,2094673.0,2099227.0,2102997.0,2106455.0,2110474.0,2114564.0,2118682.0,2122677.0,2127048.0,2130681.0,2133851.0,2137514.0,2141176.0,2144480.0,2147946.0,2151246.0,2154624.0,2157653.0,2161068.0,2164634.0,2167836.0,2170762.0,2174179.0,2177881.0,2180587.0,2183859.0,2187476.0,2190526.0,2193629.0,2197012.0,2199916.0,2203110.0,2206303.0,2209530.0,2212599.0,2215542.0,2218852
PFwOJ_Rankw,84810.0,85027.0,85225.0,85402.0,85612.0,85803.0,85934.0,86058.0,86141.0,86268.0,86350.0,86459.0,86542.0,86617.0,86715.0,86811.0,86867.0,86945.0,87021.0,87085.0,87150.0,87218.0,87350.0,87439.0,87503.0,87572.0,87666.0,87732.0,87794.0,87860.0,87938.0,87978.0,88015.0,88064.0,88098.0,88145.0,88210.0,88265.0,88311.0,88340.0,88381.0,88433.0,88467.0,88494.0,88518.0,88535.0,88566.0,88590.0,88612.0,88645.0,88684.0,88722.0,88745.0,88771.0,88800.0,88837.0,88865.0,88900.0,88921.0,88957.0,88995.0,89023.0,89054.0,89087.0,89125.0,89161.0,89201.0,89224.0,89254.0,89308.0,89335.0,89371.0,89416.0,89442.0,89475.0,89501.0,89532.0,89575.0,89607.0,89643.0,89663.0,89692.0,89719.0,89738.0,89764.0,89786.0,89813.0,89834.0,89894.0,89945.0,89999.0,90027.0,90060.0,90092.0,90131.0,90172.0,90196.0,90225.0,90241.0,90259.0,90268.0,90294.0,90320.0,90352.0,90423.0,90472.0,90493.0,90518.0,90542.0,90577.0,90615.0,90655.0,90679.0,90699.0,90729.0,90746.0,90783.0,90806.0,90818.0,90833.0,90857.0,90887.0,90906.0,90931.0,90939.0,90954.0,90985.0,91005.0,91028.0,91054.0,91078.0,91088.0,91105.0,91114.0,,,,,,,,,91300.0,91322.0,91340.0,91358.0,91383.0,91403.0,91432.0,91451.0,91467.0,91486.0,91508.0,91525.0,91535.0,91560.0,91590.0,91609.0,91627.0,91653.0,91674.0,91689.0,91705.0,91716.0,91736.0,91769.0,91792.0,91802.0,91819.0,91841.0,91861.0,91881.0,91894.0,91913.0,91932.0,91950.0,91965.0,91993.0,92017.0,92027.0,92041.0,92057.0,92076.0,92100.0,92124.0,92148.0,92163.0,92179.0,92198.0,92211.0,92232
Quw1Vt3g9AE,208384.0,209654.0,210645.0,211678.0,213382.0,214008.0,214361.0,214693.0,215010.0,215392.0,215614.0,215869.0,216030.0,216173.0,216281.0,216383.0,216481.0,216578.0,216674.0,216754.0,216836.0,216900.0,216967.0,217007.0,217079.0,217120.0,217175.0,217210.0,217260.0,217310.0,217339.0,217373.0,217403.0,217448.0,217476.0,217516.0,217540.0,217583.0,217613.0,217627.0,217654.0,217674.0,217715.0,217742.0,217764.0,217802.0,217835.0,217856.0,217880.0,217901.0,217920.0,217951.0,217976.0,218002.0,218027.0,218049.0,218074.0,218100.0,218120.0,218141.0,218166.0,218185.0,218198.0,218222.0,218239.0,218259.0,218274.0,218293.0,218314.0,218340.0,218358.0,218372.0,218392.0,218416.0,218427.0,218448.0,218463.0,218475.0,218487.0,218499.0,218511.0,218531.0,218551.0,218569.0,218581.0,218595.0,218609.0,218625.0,218640.0,218650.0,218666.0,218680.0,218694.0,218708.0,218720.0,218727.0,218745.0,218757.0,218765.0,218778.0,218791.0,218803.0,218813.0,218829.0,218851.0,218865.0,218866.0,218878.0,218888.0,218904.0,218912.0,218925.0,218945.0,218959.0,218984.0,219001.0,219034.0,219050.0,219062.0,219074.0,219090.0,219106.0,219118.0,219129.0,219147.0,219161.0,219174.0,219182.0,219196.0,219210.0,219221.0,219228.0,219241.0,219246.0,,,,,,,,,219342.0,219347.0,219364.0,219380.0,219385.0,219392.0,219400.0,219405.0,219421.0,219426.0,219433.0,219447.0,219451.0,219462.0,219475.0,219495.0,219509.0,219514.0,219522.0,219522.0,219527.0,219536.0,219550.0,219556.0,219561.0,219567.0,219576.0,219585.0,219594.0,219605.0,219610.0,219611.0,219623.0,219628.0,219633.0,219640.0,219646.0,219652.0,219655.0,219658.0,219667.0,219671.0,219675.0,219679.0,219684.0,219693.0,219695.0,219698.0,219705
Vc0D6onbAvU,38666.0,38836.0,38981.0,39097.0,39199.0,39271.0,39357.0,39427.0,39494.0,39539.0,39595.0,39643.0,39675.0,39705.0,39742.0,39780.0,39813.0,39832.0,39853.0,39864.0,39889.0,39897.0,39919.0,39928.0,39938.0,39953.0,39966.0,39977.0,39985.0,39991.0,40003.0,40011.0,40021.0,40028.0,40035.0,40045.0,40057.0,40063.0,40076.0,40085.0,40101.0,40103.0,40114.0,40122.0,40126.0,40135.0,40144.0,40152.0,40157.0,40165.0,40172.0,40178.0,40181.0,40184.0,40189.0,40192.0,40200.0,40214.0,40221.0,40225.0,40228.0,40235.0,40238.0,40244.0,40251.0,40254.0,40261.0,40268.0,40269.0,40276.0,40277.0,40278.0,40280.0,40283.0,40289.0,40294.0,40300.0,40300.0,40302.0,40307.0,40311.0,40314.0,40316.0,40322.0,40326.0,40331.0,40337.0,40342.0,40342.0,40346.0,40348.0,40353.0,40359.0,40364.0,40369.0,40373.0,40378.0,40382.0,40383.0,40387.0,40393.0,40401.0,40403.0,40405.0,40407.0,40411.0,40414.0,40420.0,40421.0,40423.0,40426.0,40429.0,40431.0,40433.0,40436.0,40437.0,40438.0,40440.0,40440.0,40441.0,40444.0,40444.0,40446.0,40450.0,40455.0,40458.0,40460.0,40463.0,40464.0,40469.0,40469.0,40469.0,40469.0,40471.0,,,,,,,,,40496.0,40502.0,40508.0,40514.0,40521.0,40530.0,40532.0,40537.0,40545.0,40547.0,40547.0,40547.0,40549.0,40551.0,40559.0,40562.0,40564.0,40566.0,40570.0,40570.0,40571.0,40575.0,40577.0,40581.0,40584.0,40587.0,40591.0,40598.0,40601.0,40603.0,40606.0,40609.0,40610.0,40611.0,40614.0,40615.0,40617.0,40619.0,40623.0,40625.0,40628.0,40629.0,40634.0,40635.0,40640.0,40641.0,40645.0,40649.0,40650
CpmbqvF35jA,10680.0,10848.0,10994.0,11114.0,11211.0,11352.0,11483.0,11609.0,11732.0,11826.0,11909.0,12021.0,12155.0,12266.0,12373.0,12451.0,12524.0,12624.0,12706.0,12808.0,12923.0,13025.0,13133.0,13231.0,13332.0,13393.0,13466.0,13536.0,13638.0,13721.0,13810.0,13872.0,13983.0,14048.0,14149.0,14221.0,14303.0,14369.0,14431.0,14519.0,14605.0,14705.0,14821.0,14901.0,14967.0,15036.0,15115.0,15200.0,15265.0,15332.0,15405.0,15487.0,15527.0,15589.0,15667.0,15739.0,15805.0,15867.0,15922.0,15989.0,16074.0,16155.0,16234.0,16315.0,16407.0,16486.0,16557.0,16628.0,16687.0,16773.0,16836.0,16914.0,16971.0,17036.0,17095.0,17167.0,17239.0,17302.0,17373.0,17440.0,17488.0,17547.0,17614.0,17694.0,17748.0,17825.0,17890.0,17960.0,18046.0,18094.0,18154.0,18214.0,18272.0,18314.0,18384.0,18444.0,18503.0,18575.0,18664.0,18736.0,18803.0,18861.0,18933.0,19007.0,19064.0,19130.0,19200.0,19258.0,19315.0,19379.0,19448.0,19520.0,19568.0,19641.0,19687.0,19763.0,19812.0,19859.0,19926.0,19994.0,20053.0,20103.0,20157.0,20218.0,20275.0,20341.0,20391.0,20439.0,20485.0,20534.0,20588.0,20664.0,20718.0,20775.0,,,,,,,,,21539.0,21608.0,21702.0,21796.0,21875.0,21963.0,22045.0,22102.0,22179.0,22267.0,22368.0,22460.0,22574.0,22688.0,22773.0,22938.0,23081.0,23211.0,23369.0,23501.0,23609.0,23701.0,23798.0,23892.0,23994.0,24128.0,24229.0,24363.0,24473.0,24567.0,24685.0,24767.0,24853.0,24932.0,25022.0,25087.0,25185.0,25263.0,25356.0,25424.0,25504.0,25594.0,25663.0,25727.0,25790.0,25872.0,25977.0,26066.0,26154
Hf2wjEU2rzo,153920.0,155598.0,156911.0,158421.0,160546.0,162520.0,163588.0,164397.0,165013.0,165554.0,166044.0,166398.0,166688.0,166986.0,167249.0,167514.0,167756.0,168037.0,168248.0,168453.0,168666.0,168821.0,168983.0,169169.0,169360.0,169477.0,169637.0,169798.0,169927.0,170051.0,170155.0,170260.0,170367.0,170492.0,170592.0,170734.0,170835.0,170983.0,171110.0,171240.0,171374.0,171444.0,171546.0,171669.0,171797.0,171911.0,172023.0,172147.0,172230.0,172352.0,172426.0,172494.0,172546.0,172612.0,172685.0,172760.0,172843.0,172898.0,172961.0,173013.0,173087.0,173144.0,173202.0,173276.0,173329.0,173395.0,173456.0,173505.0,173540.0,173593.0,173638.0,173687.0,173735.0,173803.0,173867.0,173947.0,173997.0,174046.0,174093.0,174149.0,174237.0,174298.0,174346.0,174408.0,174465.0,174515.0,174570.0,174615.0,174666.0,174776.0,174812.0,174856.0,174901.0,174928.0,174983.0,175023.0,175092.0,175146.0,175194.0,175226.0,175261.0,175295.0,175332.0,175372.0,175402.0,175439.0,175479.0,175525.0,175582.0,175637.0,175670.0,175698.0,175717.0,175750.0,175770.0,175809.0,175853.0,175894.0,175922.0,175954.0,175984.0,176015.0,176043.0,176077.0,176104.0,176139.0,176176.0,176237.0,176297.0,176371.0,176441.0,176492.0,176532.0,176577.0,,,,,,,,,176930.0,176967.0,176997.0,177049.0,177078.0,177113.0,177148.0,177179.0,177217.0,177250.0,177286.0,177312.0,177337.0,177366.0,177405.0,177445.0,177466.0,177494.0,177532.0,177567.0,177595.0,177629.0,177668.0,177701.0,177735.0,177762.0,177801.0,177825.0,177857.0,177882.0,177914.0,177944.0,177971.0,177994.0,178036.0,178061.0,178094.0,178127.0,178156.0,178185.0,178203.0,178230.0,178281.0,178340.0,178397.0,178426.0,178485.0,178512.0,178539
VOcLp_t39Lk,157695.0,158147.0,158757.0,159197.0,159873.0,160818.0,161668.0,162674.0,163658.0,164585.0,165659.0,168112.0,170879.0,173327.0,175565.0,177213.0,178770.0,180350.0,181940.0,183631.0,184779.0,185818.0,187096.0,188148.0,189030.0,190479.0,191358.0,192494.0,193517.0,194403.0,195377.0,196062.0,197178.0,198101.0,199156.0,200182.0,201152.0,201948.0,202710.0,203313.0,204067.0,204901.0,205579.0,206313.0,206992.0,207617.0,208174.0,208978.0,209599.0,210353.0,211196.0,211933.0,212576.0,213225.0,214044.0,214666.0,215364.0,216045.0,216665.0,217135.0,217699.0,218590.0,219507.0,220388.0,220993.0,221487.0,222070.0,222634.0,223091.0,223640.0,224559.0,225281.0,225792.0,226314.0,227027.0,227671.0,228205.0,228598.0,228995.0,229434.0,229858.0,230406.0,230816.0,231397.0,232173.0,232962.0,233691.0,234409.0,235253.0,235887.0,236674.0,237371.0,238105.0,238634.0,239155.0,239621.0,240216.0,240751.0,241255.0,241880.0,242358.0,242768.0,243264.0,243793.0,244446.0,245060.0,245604.0,246069.0,246473.0,247031.0,247555.0,248078.0,248575.0,249094.0,249651.0,250068.0,250521.0,251159.0,251695.0,252376.0,252843.0,253367.0,253797.0,254247.0,254668.0,255103.0,255528.0,256002.0,256423.0,256813.0,257295.0,257696.0,258202.0,258785.0,,,,,,,,,264394.0,264907.0,265433.0,265978.0,266719.0,267331.0,267795.0,268159.0,268708.0,269362.0,270062.0,270686.0,271525.0,272154.0,272712.0,273245.0,274097.0,274820.0,275539.0,276110.0,276706.0,277159.0,277543.0,278086.0,278681.0,279113.0,279626.0,280143.0,280604.0,281002.0,281421.0,281922.0,282405.0,282862.0,283393.0,283852.0,284341.0,284843.0,285374.0,285976.0,286452.0,286956.0,287356.0,287724.0,288214.0,288795.0,289274.0,289761.0,290197
uR6IfFiP9r0,276.0,277.0,277.0,278.0,278.0,278.0,278.0,279.0,279.0,279.0,279.0,280.0,282.0,283.0,283.0,283.0,283.0,283.0,283.0,283.0,283.0,283.0,283.0,283.0,283.0,283.0,283.0,283.0,283.0,283.0,283.0,283.0,283.0,283.0,283.0,283.0,283.0,283.0,283.0,284.0,284.0,284.0,284.0,284.0,285.0,285.0,285.0,285.0,285.0,285.0,285.0,285.0,285.0,285.0,285.0,285.0,285.0,285.0,285.0,285.0,285.0,285.0,285.0,285.0,285.0,286.0,286.0,286.0,286.0,286.0,286.0,286.0,287.0,287.0,287.0,287.0,287.0,287.0,287.0,287.0,287.0,287.0,288.0,288.0,289.0,289.0,289.0,289.0,290.0,290.0,290.0,290.0,290.0,290.0,290.0,290.0,290.0,291.0,291.0,291.0,291.0,291.0,292.0,292.0,293.0,293.0,293.0,293.0,293.0,293.0,293.0,293.0,293.0,293.0,293.0,293.0,293.0,293.0,293.0,293.0,294.0,295.0,295.0,294.0,294.0,294.0,294.0,294.0,294.0,294.0,294.0,295.0,295.0,295.0,,,,,,,,,295.0,295.0,295.0,295.0,296.0,296.0,296.0,297.0,298.0,298.0,298.0,298.0,298.0,298.0,298.0,298.0,298.0,298.0,298.0,298.0,298.0,298.0,298.0,298.0,298.0,298.0,298.0,298.0,298.0,298.0,298.0,298.0,298.0,298.0,298.0,298.0,298.0,298.0,298.0,298.0,298.0,299.0,299.0,299.0,299.0,299.0,300.0,300.0,300
skRqI7cVJ90,601.0,606.0,612.0,615.0,619.0,627.0,632.0,637.0,638.0,647.0,650.0,652.0,661.0,669.0,676.0,683.0,690.0,696.0,703.0,709.0,721.0,726.0,733.0,736.0,747.0,750.0,755.0,761.0,769.0,775.0,780.0,787.0,792.0,795.0,797.0,803.0,809.0,815.0,820.0,823.0,824.0,829.0,836.0,840.0,846.0,852.0,856.0,859.0,866.0,874.0,881.0,882.0,885.0,894.0,899.0,905.0,910.0,912.0,919.0,922.0,927.0,931.0,936.0,944.0,946.0,952.0,958.0,962.0,969.0,974.0,979.0,993.0,998.0,999.0,1004.0,1011.0,1015.0,1023.0,1033.0,1038.0,1047.0,1051.0,1059.0,1067.0,1072.0,1082.0,1093.0,1097.0,1103.0,1110.0,1113.0,1122.0,1126.0,1136.0,1148.0,1153.0,1158.0,1163.0,1169.0,1170.0,1171.0,1176.0,1182.0,1188.0,1194.0,1197.0,1201.0,1203.0,1209.0,1214.0,1215.0,1225.0,1227.0,1230.0,1236.0,1240.0,1248.0,1256.0,1258.0,1264.0,1266.0,1268.0,1271.0,1275.0,1282.0,1283.0,1283.0,1284.0,1290.0,1294.0,1296.0,1297.0,1304.0,1307.0,,,,,,,,,1342.0,1347.0,1350.0,1354.0,1362.0,1366.0,1372.0,1379.0,1393.0,1398.0,1401.0,1409.0,1418.0,1422.0,1426.0,1433.0,1440.0,1439.0,1446.0,1451.0,1454.0,1456.0,1459.0,1464.0,1471.0,1473.0,1480.0,1489.0,1494.0,1497.0,1498.0,1500.0,1501.0,1507.0,1509.0,1513.0,1518.0,1521.0,1528.0,1532.0,1537.0,1543.0,1546.0,1548.0,1553.0,1557.0,1563.0,1572.0,1575
boLbRoX6M3A,66411.0,67938.0,69749.0,71398.0,73227.0,75155.0,77801.0,80062.0,82321.0,84230.0,85997.0,87549.0,88956.0,90583.0,91987.0,93207.0,94309.0,95379.0,96517.0,97600.0,98743.0,99880.0,101021.0,102038.0,103086.0,104109.0,105310.0,106405.0,107530.0,108554.0,109778.0,110549.0,111372.0,112130.0,112990.0,114008.0,114944.0,115783.0,116433.0,117121.0,117763.0,118603.0,119480.0,120361.0,120956.0,121612.0,122258.0,122839.0,123367.0,123951.0,124433.0,124903.0,125334.0,125811.0,126385.0,126907.0,127476.0,128031.0,128483.0,129010.0,129561.0,130053.0,130650.0,131090.0,131484.0,131886.0,132290.0,132649.0,133079.0,133549.0,133914.0,134241.0,134605.0,135064.0,135549.0,136080.0,136489.0,136806.0,137088.0,137331.0,137611.0,137943.0,138210.0,138566.0,138880.0,139226.0,139483.0,139754.0,140041.0,140343.0,140627.0,140938.0,141239.0,141545.0,141836.0,142149.0,142405.0,142712.0,143044.0,143335.0,143580.0,143845.0,144138.0,144443.0,144768.0,145090.0,145382.0,145626.0,145910.0,146180.0,146489.0,146783.0,147071.0,147366.0,147609.0,147786.0,148029.0,148225.0,148505.0,148833.0,149053.0,149285.0,149475.0,149672.0,149845.0,150046.0,150277.0,150496.0,150690.0,150839.0,151051.0,151239.0,151411.0,151608.0,,,,,,,,,153428.0,153622.0,153819.0,154002.0,154210.0,154458.0,154704.0,154863.0,155052.0,155289.0,155487.0,155729.0,155965.0,156172.0,156323.0,156514.0,156728.0,156964.0,157155.0,157339.0,157529.0,157689.0,157858.0,158029.0,158229.0,158452.0,158642.0,158856.0,159008.0,159147.0,159333.0,159500.0,159708.0,159884.0,160043.0,160148.0,160277.0,160404.0,160581.0,160742.0,160919.0,161085.0,161277.0,161427.0,161564.0,161743.0,161921.0,162087.0,162250
xj7ZqceXoao,35253.0,35863.0,36676.0,37151.0,37623.0,38090.0,38433.0,38893.0,39356.0,39941.0,40440.0,40910.0,41370.0,41847.0,42290.0,42813.0,43279.0,43774.0,44211.0,44549.0,44868.0,45259.0,45692.0,46220.0,46622.0,47021.0,47337.0,47715.0,48046.0,48435.0,48752.0,49142.0,49472.0,49761.0,50117.0,50484.0,50897.0,51337.0,51674.0,51976.0,52289.0,52560.0,52848.0,53136.0,53433.0,53726.0,53978.0,54303.0,54636.0,54940.0,55189.0,55553.0,55811.0,56053.0,56356.0,56611.0,56890.0,57178.0,57458.0,57717.0,58023.0,58298.0,58565.0,58882.0,59246.0,59708.0,59992.0,60332.0,60631.0,60890.0,61151.0,61419.0,61666.0,61885.0,62092.0,62292.0,62502.0,62808.0,63093.0,63517.0,63854.0,64176.0,64487.0,64829.0,65223.0,65712.0,66173.0,66526.0,66912.0,67230.0,67642.0,67976.0,68351.0,68752.0,69075.0,69410.0,69741.0,70033.0,70366.0,70801.0,71114.0,71513.0,71899.0,72322.0,72697.0,73071.0,73486.0,73856.0,74194.0,74525.0,74924.0,75301.0,75680.0,76078.0,76514.0,76790.0,77152.0,77523.0,77861.0,78232.0,78571.0,78890.0,79280.0,79724.0,80145.0,80516.0,81001.0,81316.0,81636.0,81969.0,82262.0,82604.0,82904.0,83216.0,,,,,,,,,86591.0,86977.0,87339.0,87620.0,88005.0,88434.0,88852.0,89347.0,89782.0,90180.0,90581.0,91068.0,91561.0,91989.0,92388.0,92726.0,93112.0,93504.0,93924.0,94286.0,94628.0,94978.0,95350.0,95675.0,96012.0,96392.0,96664.0,97049.0,97409.0,97720.0,98040.0,98313.0,98627.0,98886.0,99211.0,99523.0,99822.0,100052.0,100365.0,100637.0,100937.0,101218.0,101473.0,101764.0,102028.0,102296.0,102602.0,102919.0,103307
jS0edWOKxJg,30495.0,30594.0,30650.0,30694.0,30743.0,30803.0,30855.0,30899.0,30940.0,30983.0,31029.0,31056.0,31093.0,31126.0,31164.0,31211.0,31269.0,31298.0,31333.0,31372.0,31416.0,31456.0,31497.0,31533.0,31567.0,31606.0,31682.0,31755.0,31832.0,31877.0,31939.0,31992.0,32032.0,32075.0,32117.0,32153.0,32182.0,32227.0,32257.0,32296.0,32335.0,32377.0,32415.0,32450.0,32486.0,32523.0,32569.0,32596.0,32659.0,32726.0,32752.0,32809.0,32844.0,32881.0,32918.0,32963.0,32997.0,33023.0,33057.0,33087.0,33138.0,33192.0,33237.0,33281.0,33326.0,33377.0,33409.0,33452.0,33499.0,33564.0,33619.0,33666.0,33719.0,33749.0,33779.0,33820.0,33847.0,33883.0,33929.0,33956.0,33990.0,34025.0,34051.0,34085.0,34115.0,34148.0,34184.0,34207.0,34226.0,34261.0,34284.0,34318.0,34335.0,34368.0,34402.0,34408.0,34438.0,34465.0,34487.0,34511.0,34538.0,34562.0,34587.0,34613.0,34641.0,34666.0,34679.0,34689.0,34706.0,34728.0,34752.0,34774.0,34797.0,34821.0,34842.0,34863.0,34877.0,34897.0,34921.0,34941.0,34966.0,34991.0,35013.0,35040.0,35057.0,35082.0,35106.0,35140.0,35166.0,35185.0,35219.0,35239.0,35266.0,35279.0,,,,,,,,,35462.0,35479.0,35492.0,35507.0,35521.0,35533.0,35541.0,35553.0,35576.0,35596.0,35606.0,35627.0,35646.0,35667.0,35690.0,35705.0,35727.0,35737.0,35756.0,35780.0,35805.0,35823.0,35836.0,35858.0,35881.0,35893.0,35906.0,35922.0,35938.0,35949.0,35963.0,35983.0,35995.0,36008.0,36020.0,36036.0,36043.0,36056.0,36070.0,36086.0,36098.0,36121.0,36141.0,36155.0,36180.0,36198.0,36217.0,36240.0,36251
wBHofKoOmRI,110766.0,114156.0,117779.0,121166.0,124862.0,128480.0,131726.0,134893.0,138415.0,141754.0,144777.0,147739.0,151449.0,155177.0,159305.0,163440.0,167507.0,171504.0,175920.0,179781.0,183158.0,187702.0,191571.0,195580.0,199062.0,202121.0,205644.0,208581.0,211843.0,215079.0,218159.0,220722.0,223520.0,226295.0,229237.0,232055.0,235150.0,238669.0,241709.0,244220.0,246541.0,248625.0,251084.0,253794.0,257105.0,259865.0,262843.0,265325.0,267588.0,270231.0,272518.0,275083.0,277047.0,278955.0,281045.0,282753.0,284711.0,286663.0,288608.0,290263.0,291710.0,293126.0,294631.0,296344.0,297700.0,298945.0,300517.0,302155.0,303400.0,305031.0,306800.0,308469.0,309802.0,310897.0,311965.0,313230.0,314421.0,315981.0,317488.0,318849.0,320302.0,321562.0,322871.0,324366.0,325944.0,327643.0,329491.0,330923.0,332438.0,333962.0,335768.0,337217.0,338468.0,339748.0,340895.0,342119.0,343424.0,344885.0,346265.0,347594.0,348894.0,349902.0,350946.0,352188.0,353429.0,354564.0,355602.0,356838.0,358239.0,359471.0,360928.0,362453.0,363683.0,364902.0,366437.0,367346.0,368656.0,369797.0,370948.0,372275.0,373814.0,374897.0,375953.0,376823.0,377764.0,378857.0,379757.0,380758.0,381973.0,383046.0,384061.0,385020.0,385955.0,386911.0,,,,,,,,,403789.0,406414.0,408900.0,411986.0,414915.0,418572.0,422971.0,426271.0,431520.0,439538.0,449055.0,459998.0,472457.0,492687.0,511561.0,530361.0,541913.0,554508.0,566823.0,573332.0,578067.0,581570.0,584345.0,587203.0,590178.0,592791.0,595110.0,597444.0,599618.0,601692.0,603764.0,605982.0,608057.0,609928.0,612133.0,614329.0,616031.0,617732.0,620032.0,622261.0,624794.0,627869.0,630490.0,632848.0,635428.0,637830.0,640419.0,642867.0,645537
3uBTOeens6Q,22432.0,22612.0,22832.0,23001.0,23161.0,23382.0,23572.0,23788.0,23957.0,24113.0,24270.0,24429.0,24605.0,24740.0,24910.0,25046.0,25160.0,25254.0,25363.0,25489.0,25583.0,25713.0,25794.0,25905.0,26022.0,26129.0,26204.0,26312.0,26415.0,26536.0,26644.0,26705.0,26795.0,26900.0,26987.0,27073.0,27150.0,27216.0,27285.0,27355.0,27447.0,27509.0,27565.0,27638.0,27682.0,27743.0,27800.0,27873.0,27926.0,27990.0,28046.0,28110.0,28168.0,28228.0,28278.0,28331.0,28381.0,28435.0,28488.0,28531.0,28590.0,28646.0,28694.0,28742.0,28785.0,28813.0,28829.0,28888.0,28912.0,28958.0,29006.0,29049.0,29088.0,29128.0,29163.0,29203.0,29260.0,29292.0,29333.0,29382.0,29434.0,29469.0,29512.0,29564.0,29607.0,29651.0,29694.0,29732.0,29785.0,29826.0,29872.0,29914.0,29974.0,30023.0,30053.0,30104.0,30147.0,30180.0,30224.0,30260.0,30300.0,30331.0,30367.0,30404.0,30447.0,30483.0,30519.0,30549.0,30573.0,30604.0,30645.0,30674.0,30709.0,30748.0,30775.0,30805.0,30838.0,30875.0,30903.0,30945.0,30986.0,31012.0,31038.0,31078.0,31120.0,31154.0,31187.0,31219.0,31250.0,31278.0,31309.0,31350.0,31384.0,31411.0,,,,,,,,,31766.0,31785.0,31805.0,31837.0,31862.0,31881.0,31915.0,31952.0,31978.0,32013.0,32037.0,32073.0,32102.0,32124.0,32145.0,32165.0,32194.0,32223.0,32245.0,32275.0,32304.0,32346.0,32388.0,32419.0,32452.0,32481.0,32513.0,32532.0,32563.0,32590.0,32626.0,32640.0,32665.0,32699.0,32739.0,32786.0,32826.0,32881.0,32957.0,32994.0,33039.0,33107.0,33184.0,33276.0,33363.0,33421.0,33490.0,33532.0,33608
a0nOY2or9ks,27459.0,28892.0,30187.0,31427.0,33067.0,34573.0,35884.0,37259.0,38642.0,39681.0,40510.0,41553.0,42713.0,43821.0,44956.0,46004.0,46932.0,47833.0,48776.0,49699.0,50531.0,51270.0,52062.0,52855.0,53409.0,54253.0,54892.0,55496.0,56121.0,56828.0,57373.0,57890.0,58438.0,59001.0,59510.0,59913.0,60423.0,60769.0,61136.0,61599.0,61998.0,62410.0,62818.0,63222.0,63652.0,63969.0,64333.0,64730.0,65134.0,65453.0,65830.0,66157.0,66410.0,66659.0,66955.0,67225.0,67500.0,67726.0,67985.0,68190.0,68436.0,68684.0,68965.0,69171.0,69421.0,69656.0,69809.0,70106.0,70343.0,70639.0,70920.0,71204.0,71422.0,71661.0,71976.0,72294.0,72620.0,72874.0,73165.0,73381.0,73617.0,73852.0,74087.0,74363.0,74602.0,74884.0,75072.0,75274.0,75513.0,75755.0,76042.0,76298.0,76620.0,76862.0,77051.0,77283.0,77508.0,77718.0,77919.0,78132.0,78331.0,78509.0,78720.0,78951.0,79235.0,79450.0,79702.0,79875.0,80058.0,80280.0,80455.0,80685.0,80936.0,81137.0,81314.0,81477.0,81701.0,81899.0,82114.0,82352.0,82552.0,82679.0,82806.0,82939.0,83146.0,83332.0,83509.0,83653.0,83771.0,83907.0,84096.0,84247.0,84427.0,84605.0,,,,,,,,,86000.0,86141.0,86288.0,86458.0,86639.0,86792.0,86955.0,87085.0,87205.0,87351.0,87524.0,87663.0,87963.0,88239.0,88441.0,88654.0,88895.0,89076.0,89275.0,89498.0,89640.0,89813.0,89946.0,90093.0,90256.0,90433.0,90587.0,90717.0,90810.0,90901.0,91004.0,91138.0,91261.0,91392.0,91527.0,91625.0,91720.0,91828.0,91904.0,92021.0,92136.0,92243.0,92334.0,92443.0,92549.0,92653.0,92774.0,92910.0,92987
8FR4iyQ7JdI,212251.0,212414.0,212557.0,212697.0,212821.0,212945.0,213114.0,213270.0,213417.0,213615.0,213777.0,213950.0,214106.0,214296.0,214484.0,214639.0,214821.0,214959.0,215119.0,215260.0,215448.0,215664.0,215908.0,216126.0,216300.0,216662.0,217042.0,217371.0,217668.0,217929.0,218154.0,218345.0,218640.0,219037.0,219327.0,219695.0,219964.0,220210.0,220446.0,220694.0,220851.0,221036.0,221213.0,221409.0,221532.0,221675.0,221805.0,221931.0,222076.0,222226.0,222341.0,222490.0,222575.0,222664.0,222805.0,222921.0,223030.0,223157.0,223251.0,223362.0,223463.0,223594.0,223710.0,223838.0,223935.0,224082.0,224184.0,224372.0,224483.0,224618.0,224740.0,224872.0,225029.0,225139.0,225237.0,225359.0,225551.0,225692.0,225798.0,225938.0,226066.0,226170.0,226335.0,226482.0,226611.0,226768.0,226881.0,227018.0,227166.0,227354.0,227522.0,227687.0,227806.0,227976.0,228143.0,228258.0,228437.0,228577.0,228697.0,228849.0,228970.0,229111.0,229260.0,229382.0,229511.0,229664.0,229793.0,230001.0,230156.0,230295.0,230416.0,230559.0,230688.0,230841.0,230983.0,231103.0,231228.0,231327.0,231464.0,231626.0,231780.0,231936.0,232079.0,232183.0,232321.0,232467.0,232597.0,232708.0,232870.0,233019.0,233156.0,233317.0,233473.0,233649.0,,,,,,,,,235341.0,235487.0,235701.0,235928.0,236132.0,236391.0,236701.0,236972.0,237337.0,237713.0,238065.0,238381.0,238829.0,239160.0,239456.0,239743.0,240121.0,240500.0,240843.0,241071.0,241247.0,241436.0,241589.0,241732.0,241872.0,242012.0,242152.0,242325.0,242465.0,242637.0,242786.0,242962.0,243121.0,243334.0,243545.0,243692.0,243871.0,244052.0,244255.0,244402.0,244588.0,244779.0,244933.0,245104.0,245245.0,245414.0,245553.0,245823.0,247330
P4EQ2bsD3Qo,33203.0,33236.0,33265.0,33299.0,33342.0,33380.0,33402.0,33431.0,33456.0,33477.0,33505.0,33531.0,33575.0,33606.0,33648.0,33691.0,33739.0,33779.0,33822.0,33874.0,33928.0,33965.0,34004.0,34040.0,34068.0,34117.0,34161.0,34200.0,34232.0,34285.0,34315.0,34349.0,34398.0,34432.0,34482.0,34531.0,34569.0,34598.0,34629.0,34663.0,34699.0,34743.0,34787.0,34827.0,34857.0,34887.0,34924.0,34971.0,35008.0,35049.0,35072.0,35111.0,35145.0,35179.0,35216.0,35243.0,35278.0,35314.0,35350.0,35370.0,35398.0,35430.0,35465.0,35491.0,35525.0,35552.0,35585.0,35611.0,35633.0,35656.0,35691.0,35730.0,35768.0,35813.0,35845.0,35878.0,35899.0,35921.0,35954.0,35980.0,36008.0,36037.0,36068.0,36092.0,36120.0,36141.0,36171.0,36201.0,36229.0,36257.0,36276.0,36300.0,36320.0,36359.0,36384.0,36410.0,36435.0,36465.0,36497.0,36524.0,36556.0,36595.0,36619.0,36646.0,36678.0,36717.0,36747.0,36792.0,36835.0,36880.0,36914.0,36949.0,36979.0,37002.0,37023.0,37051.0,37075.0,37108.0,37145.0,37179.0,37227.0,37239.0,37257.0,37277.0,37300.0,37328.0,37361.0,37403.0,37430.0,37456.0,37484.0,37521.0,37547.0,37582.0,,,,,,,,,37852.0,37876.0,37902.0,37935.0,37964.0,37986.0,38016.0,38062.0,38105.0,38127.0,38158.0,38194.0,38225.0,38267.0,38304.0,38328.0,38343.0,38357.0,38381.0,38408.0,38429.0,38445.0,38461.0,38480.0,38499.0,38525.0,38555.0,38577.0,38588.0,38615.0,38640.0,38671.0,38692.0,38711.0,38728.0,38753.0,38773.0,38795.0,38825.0,38872.0,38898.0,38916.0,38931.0,38947.0,38970.0,38996.0,39021.0,39045.0,39089
gkzaARFOKI0,176960.0,179170.0,181458.0,183487.0,185603.0,187896.0,190205.0,192372.0,194529.0,196780.0,198974.0,200917.0,203156.0,205526.0,208048.0,210173.0,212604.0,214744.0,216634.0,218908.0,220908.0,223024.0,225279.0,227229.0,229150.0,230919.0,232528.0,234275.0,236216.0,238022.0,239729.0,241435.0,243637.0,245807.0,247785.0,249944.0,252368.0,254619.0,256602.0,258463.0,260266.0,262262.0,264157.0,266230.0,267981.0,269486.0,271381.0,273368.0,275538.0,277608.0,279716.0,282106.0,284205.0,286617.0,288850.0,291002.0,293341.0,294922.0,296281.0,297900.0,299600.0,301773.0,304129.0,306127.0,308237.0,310261.0,312031.0,313949.0,315470.0,317542.0,319487.0,321429.0,323320.0,325070.0,326794.0,328581.0,330327.0,332368.0,334629.0,336785.0,338588.0,340233.0,341883.0,343558.0,345536.0,347820.0,349893.0,352006.0,353933.0,355860.0,357602.0,359822.0,362258.0,364851.0,367224.0,369300.0,370938.0,372724.0,374523.0,376358.0,377954.0,380306.0,382553.0,384333.0,386037.0,387684.0,389393.0,390880.0,392148.0,393680.0,395281.0,397005.0,398795.0,400624.0,402042.0,403540.0,404934.0,406363.0,407775.0,409260.0,410795.0,412200.0,413450.0,414657.0,415878.0,417079.0,418295.0,419615.0,420831.0,422015.0,423282.0,424711.0,425992.0,427212.0,,,,,,,,,437783.0,438791.0,440014.0,441001.0,442225.0,443508.0,444836.0,446011.0,447472.0,448766.0,449884.0,451439.0,453081.0,454645.0,455950.0,457188.0,458637.0,460310.0,461931.0,463474.0,465066.0,466604.0,467932.0,469358.0,470843.0,472227.0,473647.0,475102.0,476427.0,477749.0,479153.0,480622.0,482046.0,483461.0,484952.0,486386.0,487842.0,489370.0,490968.0,492388.0,493913.0,495537.0,497288.0,498984.0,500722.0,502591.0,504471.0,506330.0,508216
9u7wYEizkK4,363585.0,366083.0,368719.0,371192.0,373511.0,375930.0,378205.0,380355.0,382651.0,384843.0,386911.0,388868.0,390806.0,392732.0,394635.0,396466.0,398243.0,399985.0,401443.0,403197.0,404896.0,406699.0,408469.0,410099.0,411591.0,413029.0,414626.0,416308.0,417893.0,419464.0,421029.0,422579.0,424021.0,425501.0,427104.0,428743.0,430312.0,431788.0,433273.0,434515.0,435841.0,437063.0,438189.0,439403.0,440677.0,441813.0,442852.0,444009.0,445080.0,446076.0,446968.0,448049.0,449100.0,450116.0,451232.0,452193.0,453247.0,454212.0,455188.0,456149.0,457030.0,457938.0,458699.0,459559.0,460373.0,461282.0,462132.0,462892.0,463609.0,464542.0,465430.0,466269.0,467010.0,467869.0,468691.0,469494.0,470287.0,471071.0,472015.0,472783.0,473733.0,474637.0,475444.0,476308.0,477242.0,478055.0,478827.0,479670.0,480530.0,481393.0,482114.0,482952.0,483723.0,484398.0,485232.0,485995.0,486675.0,487347.0,488000.0,488724.0,489447.0,490138.0,490896.0,491520.0,492287.0,492969.0,493581.0,494200.0,494850.0,495528.0,496236.0,496869.0,497618.0,498354.0,499033.0,499702.0,500330.0,500992.0,501707.0,502496.0,503230.0,503979.0,504834.0,505570.0,506266.0,506918.0,507610.0,508501.0,509107.0,509632.0,510328.0,511038.0,511689.0,512309.0,,,,,,,,,518473.0,519332.0,520069.0,520800.0,521518.0,522125.0,522711.0,523220.0,523769.0,524345.0,524926.0,525557.0,526217.0,526905.0,527495.0,528091.0,528809.0,529469.0,530166.0,530826.0,531522.0,532192.0,532965.0,533654.0,534371.0,535099.0,535816.0,536633.0,537351.0,537940.0,538759.0,539535.0,540224.0,540831.0,541469.0,542097.0,542683.0,543278.0,543915.0,544567.0,545242.0,545883.0,546494.0,547072.0,547705.0,548303.0,549070.0,549792.0,550503
8FR4iyQ7JdI,212240.0,212414.0,212557.0,212697.0,212822.0,212945.0,213114.0,213270.0,213417.0,213615.0,213777.0,213950.0,214106.0,214296.0,214461.0,214639.0,214821.0,214959.0,215119.0,215260.0,215448.0,215664.0,215910.0,216126.0,216300.0,216662.0,217042.0,217371.0,217668.0,217929.0,218154.0,218345.0,218640.0,219037.0,219327.0,219695.0,219964.0,220210.0,220447.0,220694.0,220843.0,221036.0,221213.0,221409.0,221532.0,221675.0,221805.0,221931.0,222076.0,222226.0,222341.0,222490.0,222575.0,222664.0,222805.0,222921.0,223030.0,223163.0,223251.0,223362.0,223460.0,223594.0,223710.0,223838.0,223935.0,224080.0,224184.0,224372.0,224483.0,224616.0,224740.0,224874.0,225029.0,225139.0,225239.0,225358.0,225551.0,225692.0,225798.0,225938.0,226066.0,226170.0,226335.0,226482.0,226611.0,226768.0,226900.0,227016.0,227164.0,227354.0,227522.0,227687.0,227806.0,227976.0,228143.0,228258.0,228437.0,228577.0,228697.0,228847.0,228970.0,229111.0,229260.0,229382.0,229511.0,229664.0,229793.0,230001.0,230156.0,230295.0,230416.0,230559.0,230688.0,230840.0,230983.0,231103.0,231228.0,231327.0,231470.0,231626.0,231780.0,231936.0,232079.0,232183.0,232321.0,232467.0,232597.0,232708.0,232870.0,233019.0,233156.0,233317.0,233475.0,233649.0,,,,,,,,,235341.0,235487.0,235701.0,235928.0,236132.0,236391.0,236702.0,236972.0,237337.0,237714.0,238065.0,238381.0,238829.0,239138.0,239456.0,239743.0,240121.0,240500.0,240843.0,241071.0,241253.0,241436.0,241589.0,241732.0,241871.0,242012.0,242152.0,242325.0,242465.0,242637.0,242786.0,242962.0,243121.0,243334.0,243545.0,243692.0,243871.0,244048.0,244255.0,244402.0,244588.0,244779.0,244933.0,245102.0,245245.0,245414.0,245562.0,245823.0,247330
UWyw9wTPgv4,2040536.0,2050844.0,2062512.0,2070829.0,2082194.0,2090621.0,2101952.0,2101978.0,2105694.0,2110566.0,2117285.0,2122520.0,2127149.0,2130955.0,2134735.0,2138534.0,2141907.0,2144530.0,2147070.0,2149541.0,2151972.0,2154274.0,2156437.0,2158580.0,2160625.0,2162596.0,2164488.0,2166334.0,2168252.0,2170149.0,2171995.0,2173730.0,2175472.0,2177315.0,2178992.0,2180762.0,2182668.0,2184390.0,2186064.0,2187694.0,2189300.0,2190972.0,2192560.0,2194071.0,2195484.0,2197020.0,2198683.0,2200603.0,2202266.0,2203867.0,2205502.0,2207592.0,2209670.0,2211540.0,2213423.0,2215335.0,2217133.0,2219133.0,2221093.0,2222904.0,2224531.0,2226197.0,2227877.0,2229663.0,2231312.0,2232783.0,2234163.0,2235610.0,2236982.0,2238632.0,2240139.0,2241492.0,2243004.0,2244439.0,2245729.0,2246937.0,2248104.0,2249430.0,2250799.0,2252338.0,2253672.0,2254944.0,2256389.0,2257621.0,2259096.0,2260629.0,2262028.0,2263214.0,2264617.0,2265642.0,2267234.0,2268235.0,2269408.0,2270728.0,2271920.0,2273195.0,2274296.0,2275544.0,2276860.0,2278152.0,2279488.0,2280949.0,2282290.0,2283630.0,2284982.0,2286468.0,2287893.0,2289243.0,2290657.0,2292015.0,2293310.0,2294666.0,2296038.0,2297335.0,2298772.0,2300088.0,2301341.0,2302562.0,2303842.0,2305068.0,2306306.0,2307618.0,2308861.0,2310000.0,2311115.0,2312278.0,2313392.0,2314547.0,2315628.0,2316655.0,2317574.0,2318760.0,2319890.0,2321112.0,,,,,,,,,2333671.0,2334960.0,2336260.0,2337493.0,2338678.0,2339914.0,2341217.0,2342511.0,2343756.0,2344816.0,2345923.0,2347009.0,2348158.0,2349325.0,2350402.0,2351425.0,2352447.0,2353543.0,2354432.0,2355464.0,2356568.0,2357729.0,2358831.0,2359815.0,2360893.0,2361852.0,2362854.0,2363955.0,2364992.0,2366031.0,2367059.0,2368051.0,2369228.0,2370426.0,2371506.0,2372525.0,2373495.0,2374432.0,2375498.0,2376688.0,2377772.0,2378906.0,2380018.0,2381150.0,2382128.0,2383306.0,2384400.0,2385486.0,2386512
oOxespBOLHA,47189.0,51305.0,54206.0,55702.0,57311.0,59007.0,60314.0,61549.0,62730.0,63692.0,64552.0,65432.0,66310.0,67066.0,68026.0,68899.0,69648.0,70217.0,70878.0,71496.0,71959.0,72470.0,72940.0,73300.0,73655.0,74007.0,74338.0,74765.0,75127.0,75444.0,75823.0,76164.0,76482.0,76748.0,77091.0,77394.0,77695.0,78044.0,78331.0,78571.0,78775.0,79046.0,79310.0,79608.0,79825.0,80016.0,80239.0,80433.0,80679.0,80884.0,81079.0,81325.0,81502.0,81715.0,81939.0,82151.0,82358.0,82530.0,82794.0,82959.0,83162.0,83348.0,83514.0,83719.0,83916.0,84106.0,84298.0,84481.0,84695.0,84940.0,85154.0,85328.0,85513.0,85697.0,85869.0,86068.0,86247.0,86426.0,86579.0,86737.0,86852.0,86995.0,87136.0,87264.0,87407.0,87554.0,87687.0,87846.0,87976.0,88118.0,88273.0,88443.0,88615.0,88766.0,88901.0,89075.0,89196.0,89330.0,89465.0,89634.0,89790.0,89908.0,90068.0,90240.0,90405.0,90565.0,90703.0,90836.0,90959.0,91112.0,91302.0,91465.0,91623.0,91792.0,91900.0,92012.0,92163.0,92271.0,92404.0,92549.0,92646.0,92829.0,92940.0,93025.0,93121.0,93223.0,93326.0,93431.0,93516.0,93624.0,93750.0,93956.0,94083.0,94362.0,,,,,,,,,95376.0,95480.0,95583.0,95728.0,95818.0,95917.0,96040.0,96142.0,96222.0,96303.0,96418.0,96541.0,96638.0,96807.0,96911.0,97019.0,97149.0,97254.0,97375.0,97544.0,97679.0,97783.0,97915.0,98025.0,98102.0,98194.0,98297.0,98439.0,98544.0,98641.0,98781.0,98888.0,98978.0,99067.0,99178.0,99290.0,99382.0,99415.0,99415.0,99416.0,99416.0,99416.0,99416.0,99416.0,99416.0,99416.0,99416.0,99416.0,99416
uCAhSTquvRs,4713.0,4734.0,4748.0,4773.0,4791.0,4805.0,4824.0,4899.0,4924.0,4957.0,4965.0,4976.0,4986.0,4992.0,4994.0,4998.0,5004.0,5008.0,5016.0,5020.0,5022.0,5027.0,5029.0,5030.0,5033.0,5037.0,5039.0,5042.0,5042.0,5042.0,5044.0,5045.0,5049.0,5049.0,5051.0,5051.0,5053.0,5054.0,5056.0,5058.0,5059.0,5063.0,5066.0,5067.0,5068.0,5068.0,5068.0,5068.0,5068.0,5070.0,5071.0,5073.0,5074.0,5076.0,5077.0,5077.0,5078.0,5078.0,5078.0,5079.0,5079.0,5079.0,5079.0,5082.0,5084.0,5084.0,5085.0,5085.0,5085.0,5085.0,5085.0,5085.0,5086.0,5087.0,5087.0,5087.0,5088.0,5089.0,5089.0,5089.0,5089.0,5089.0,5090.0,5090.0,5090.0,5090.0,5090.0,5090.0,5090.0,5090.0,5090.0,5092.0,5092.0,5094.0,5094.0,5094.0,5094.0,5094.0,5095.0,5096.0,5096.0,5096.0,5096.0,5096.0,5097.0,5097.0,5097.0,5097.0,5100.0,5100.0,5100.0,5100.0,5100.0,5101.0,5102.0,5102.0,5103.0,5103.0,5104.0,5105.0,5106.0,5106.0,5106.0,5106.0,5106.0,5106.0,5106.0,5106.0,5106.0,5106.0,5107.0,5107.0,5107.0,5107.0,,,,,,,,,5111.0,5111.0,5111.0,5111.0,5111.0,5111.0,5111.0,5111.0,5111.0,5111.0,5112.0,5112.0,5112.0,5112.0,5112.0,5112.0,5112.0,5112.0,5112.0,5112.0,5112.0,5112.0,5112.0,5112.0,5113.0,5113.0,5113.0,5113.0,5114.0,5114.0,5114.0,5114.0,5114.0,5114.0,5114.0,5114.0,5115.0,5114.0,5114.0,5114.0,5114.0,5114.0,5114.0,5114.0,5115.0,5115.0,5115.0,5115.0,5115
EyHp8GISXeM,132697.0,136245.0,140038.0,143409.0,147615.0,154392.0,160170.0,165751.0,170742.0,174724.0,178323.0,182482.0,187380.0,192385.0,197276.0,201153.0,204706.0,208145.0,212503.0,218699.0,224103.0,227729.0,231376.0,234503.0,236865.0,240055.0,242908.0,246200.0,249005.0,252162.0,254511.0,256519.0,258814.0,261156.0,263577.0,265899.0,268492.0,270606.0,272484.0,274591.0,277131.0,279364.0,281605.0,283968.0,285966.0,288318.0,290734.0,293797.0,296767.0,299368.0,301894.0,304026.0,305799.0,308435.0,311484.0,314385.0,317129.0,320046.0,322662.0,324837.0,327322.0,330342.0,333174.0,336038.0,338705.0,340957.0,343145.0,345880.0,348876.0,352722.0,356031.0,359231.0,362362.0,365403.0,369840.0,374270.0,378488.0,382036.0,386121.0,389265.0,391909.0,395399.0,399217.0,403174.0,406972.0,410761.0,413869.0,416624.0,419783.0,422866.0,426391.0,429788.0,433029.0,435632.0,437835.0,440534.0,443681.0,447124.0,450839.0,454330.0,457135.0,459787.0,462990.0,466253.0,469225.0,472532.0,475639.0,478258.0,480683.0,483613.0,486550.0,489390.0,492318.0,495305.0,498062.0,500116.0,503038.0,506041.0,509294.0,512339.0,514858.0,517307.0,519319.0,521286.0,523301.0,525769.0,528121.0,531122.0,533472.0,535826.0,539773.0,543066.0,546680.0,549905.0,,,,,,,,,571276.0,573344.0,575360.0,577753.0,579714.0,581677.0,583777.0,585643.0,587298.0,589168.0,591249.0,593203.0,595720.0,598560.0,600564.0,602587.0,604931.0,607369.0,609747.0,611648.0,613463.0,615205.0,616796.0,618625.0,620705.0,622562.0,624305.0,626021.0,627734.0,629030.0,630337.0,631895.0,633526.0,634751.0,636074.0,637327.0,638372.0,639561.0,641049.0,642443.0,644019.0,645458.0,646505.0,647553.0,648875.0,650091.0,651479.0,652929.0,654218
4dler3qgY9A,48341.0,49962.0,51711.0,53356.0,55241.0,57056.0,58591.0,60106.0,61510.0,62635.0,63651.0,64858.0,66143.0,67333.0,68490.0,69567.0,70484.0,71415.0,72408.0,73296.0,74206.0,75271.0,76229.0,76997.0,77677.0,78658.0,79647.0,80431.0,81183.0,81899.0,82575.0,83100.0,83943.0,84579.0,85282.0,85908.0,86598.0,87149.0,87676.0,88199.0,88856.0,89294.0,89806.0,90265.0,90792.0,91132.0,91587.0,92162.0,92791.0,93331.0,93755.0,94132.0,94549.0,95061.0,95622.0,96156.0,96581.0,96934.0,97380.0,97734.0,98157.0,98475.0,98850.0,99279.0,99702.0,100412.0,101366.0,102237.0,103140.0,104683.0,106154.0,107294.0,108075.0,108610.0,109179.0,109710.0,110329.0,110951.0,111660.0,112158.0,112593.0,113233.0,113759.0,114377.0,115131.0,115943.0,116505.0,117074.0,117776.0,118537.0,119299.0,120027.0,121078.0,121786.0,122477.0,123221.0,124003.0,124703.0,125412.0,126042.0,126576.0,127087.0,127748.0,128363.0,129072.0,129703.0,130352.0,130792.0,131216.0,131914.0,132495.0,133104.0,133642.0,134191.0,134711.0,135118.0,135610.0,136095.0,136532.0,136952.0,137276.0,137560.0,137853.0,138201.0,138460.0,138794.0,139083.0,139393.0,139680.0,139974.0,140305.0,140671.0,141008.0,141404.0,,,,,,,,,144841.0,145086.0,145515.0,145897.0,146311.0,146730.0,147097.0,147361.0,147673.0,148095.0,148489.0,148822.0,149284.0,149749.0,150101.0,150415.0,150823.0,151368.0,151769.0,152233.0,152665.0,153034.0,153310.0,153715.0,154118.0,154434.0,154880.0,155311.0,155632.0,155950.0,156342.0,156750.0,157154.0,157615.0,157969.0,158370.0,158751.0,159232.0,159818.0,160290.0,160764.0,161303.0,161791.0,162201.0,162642.0,163111.0,163622.0,164083.0,164560
r13d3MXosOk,1545220.0,1556143.0,1564166.0,1570631.0,1576405.0,1580951.0,1584589.0,1588058.0,1591257.0,1595775.0,1599763.0,1606387.0,1610209.0,1612172.0,1613713.0,1614925.0,1616079.0,1616993.0,1617760.0,1618470.0,1619075.0,1619598.0,1620194.0,1620646.0,1621151.0,1621555.0,1621973.0,1622398.0,1622763.0,1623100.0,1623433.0,1623790.0,1624279.0,1624817.0,1625264.0,1625673.0,1626057.0,1626417.0,1626746.0,1627078.0,1627344.0,1627682.0,1627974.0,1628235.0,1628531.0,1628844.0,1629134.0,1629403.0,1629642.0,1629891.0,1630102.0,1630293.0,1630547.0,1630766.0,1631020.0,1631294.0,1631549.0,1631786.0,1632017.0,1632243.0,1632500.0,1632719.0,1632924.0,1633120.0,1633325.0,1633559.0,1633807.0,1634075.0,1634281.0,1634513.0,1634771.0,1635033.0,1635246.0,1635488.0,1635702.0,1635876.0,1636073.0,1636300.0,1636491.0,1636691.0,1636892.0,1637084.0,1637284.0,1637460.0,1637684.0,1637906.0,1638119.0,1638383.0,1638631.0,1638840.0,1639079.0,1639241.0,1639457.0,1639678.0,1639879.0,1640074.0,1640248.0,1640466.0,1640617.0,1640821.0,1641006.0,1641198.0,1641420.0,1641593.0,1641768.0,1641935.0,1642098.0,1642307.0,1642511.0,1642713.0,1642909.0,1643097.0,1643273.0,1643442.0,1643650.0,1643826.0,1643987.0,1644154.0,1644328.0,1644481.0,1644639.0,1644833.0,1645067.0,1645261.0,1645395.0,1645524.0,1645690.0,1645885.0,1646052.0,1646251.0,1646411.0,1646552.0,1646701.0,1646851.0,,,,,,,,,1648330.0,1648548.0,1648704.0,1648868.0,1649015.0,1649182.0,1649287.0,1649433.0,1649606.0,1649744.0,1649899.0,1650039.0,1650249.0,1650387.0,1650555.0,1650751.0,1650925.0,1651066.0,1651227.0,1651366.0,1651546.0,1651718.0,1651908.0,1652050.0,1652214.0,1652375.0,1652570.0,1652787.0,1653041.0,1653392.0,1653783.0,1654058.0,1654234.0,1654438.0,1654659.0,1654826.0,1655030.0,1655230.0,1655385.0,1655548.0,1655720.0,1655883.0,1656038.0,1656222.0,1656357.0,1656484.0,1656618.0,1656768.0,1656889
WvkepQSuJsk,391220.0,405885.0,419147.0,429925.0,443316.0,455868.0,467641.0,478784.0,491063.0,500631.0,508545.0,518227.0,528914.0,541065.0,552619.0,562855.0,570953.0,580831.0,593187.0,601726.0,609632.0,619084.0,629801.0,639024.0,646187.0,654158.0,661924.0,670212.0,677521.0,684498.0,692196.0,697462.0,703870.0,709990.0,714611.0,719411.0,725074.0,729925.0,734204.0,739258.0,744562.0,750630.0,756066.0,761806.0,766183.0,770530.0,776010.0,781424.0,786161.0,790906.0,795689.0,800415.0,804544.0,809941.0,815818.0,820706.0,826124.0,832090.0,837518.0,841819.0,847081.0,853893.0,860685.0,866577.0,872771.0,877983.0,883506.0,894418.0,901904.0,910846.0,918594.0,924327.0,930215.0,935178.0,942047.0,949167.0,955525.0,960840.0,966696.0,971810.0,976990.0,983663.0,990906.0,998557.0,1006252.0,1013065.0,1018138.0,1022331.0,1027923.0,1033819.0,1039378.0,1044591.0,1050687.0,1055496.0,1060043.0,1065657.0,1070435.0,1075081.0,1080632.0,1086120.0,1090937.0,1094884.0,1099715.0,1104931.0,1110685.0,1116357.0,1121436.0,1125547.0,1129763.0,1135645.0,1141344.0,1145865.0,1150550.0,1154869.0,1158796.0,1162081.0,1166454.0,1170904.0,1175468.0,1179676.0,1182551.0,1185600.0,1188490.0,1191379.0,1194166.0,1197544.0,1200901.0,1204227.0,1207161.0,1209582.0,1212195.0,1215226.0,1218294.0,1222154.0,,,,,,,,,1254312.0,1257131.0,1260581.0,1263649.0,1267510.0,1271311.0,1275083.0,1278119.0,1281215.0,1284918.0,1288638.0,1292277.0,1295770.0,1299264.0,1302251.0,1305167.0,1308689.0,1312418.0,1315863.0,1320269.0,1324677.0,1328441.0,1331821.0,1336361.0,1340385.0,1344369.0,1348598.0,1352874.0,1356339.0,1359362.0,1363178.0,1366922.0,1370472.0,1373736.0,1377074.0,1379760.0,1382257.0,1385554.0,1388856.0,1391949.0,1395299.0,1398816.0,1401685.0,1404156.0,1407559.0,1410658.0,1413869.0,1417219.0,1420879
EzXvFrKRBaI,102451.0,106138.0,108882.0,112052.0,143013.0,146002.0,147000.0,147780.0,148408.0,149072.0,149655.0,149974.0,150251.0,150512.0,150741.0,150973.0,151221.0,151492.0,151675.0,151839.0,152056.0,152164.0,152308.0,152462.0,152595.0,152708.0,152811.0,152916.0,153033.0,153120.0,153260.0,153383.0,153453.0,153549.0,153634.0,153721.0,153786.0,153887.0,153970.0,154042.0,154112.0,154185.0,154255.0,154328.0,154420.0,154510.0,154576.0,154669.0,154738.0,154792.0,154855.0,154939.0,155043.0,155141.0,155212.0,155267.0,155336.0,155404.0,155475.0,155554.0,155638.0,155719.0,155772.0,155826.0,155882.0,155925.0,155980.0,156038.0,156090.0,156135.0,156164.0,156217.0,156261.0,156304.0,156342.0,156380.0,156423.0,156445.0,156477.0,156525.0,156578.0,156617.0,156648.0,156687.0,156714.0,156764.0,156804.0,156847.0,156877.0,156895.0,156923.0,156949.0,156976.0,157014.0,157046.0,157071.0,157092.0,157117.0,157137.0,157158.0,157187.0,157212.0,157243.0,157267.0,157288.0,157301.0,157332.0,157360.0,157383.0,157390.0,157416.0,157434.0,157450.0,157470.0,157490.0,157506.0,157528.0,157546.0,157558.0,157571.0,157588.0,157617.0,157642.0,157663.0,157690.0,157722.0,157771.0,157807.0,157838.0,157883.0,157904.0,157933.0,157965.0,157990.0,,,,,,,,,158182.0,158205.0,158221.0,158237.0,158246.0,158257.0,158277.0,158287.0,158306.0,158322.0,158336.0,158349.0,158360.0,158372.0,158386.0,158403.0,158410.0,158420.0,158431.0,158447.0,158463.0,158475.0,158489.0,158500.0,158511.0,158530.0,158540.0,158550.0,158563.0,158577.0,158586.0,158603.0,158615.0,158622.0,158628.0,158646.0,158664.0,158680.0,158694.0,158707.0,158720.0,158743.0,158760.0,158783.0,158795.0,158813.0,158822.0,158835.0,158850
WT0RHSmUIGQ,13699.0,14612.0,15444.0,15977.0,16785.0,17019.0,18117.0,19438.0,19968.0,20475.0,21057.0,21577.0,22319.0,23097.0,23922.0,24635.0,25443.0,26145.0,26787.0,26806.0,26884.0,26976.0,27067.0,27142.0,27217.0,27273.0,27357.0,28343.0,29317.0,30257.0,31185.0,31955.0,32666.0,33335.0,33824.0,34106.0,34386.0,34756.0,35004.0,35273.0,35618.0,35960.0,36269.0,36717.0,37338.0,37951.0,38670.0,39374.0,40040.0,42001.0,45067.0,45712.0,45753.0,45785.0,45818.0,45863.0,45903.0,45961.0,46004.0,46058.0,46091.0,46133.0,46178.0,46224.0,46249.0,46294.0,46339.0,46383.0,46416.0,46460.0,46486.0,46531.0,46562.0,46590.0,46606.0,46646.0,46676.0,46697.0,46736.0,46772.0,46800.0,46825.0,46859.0,46883.0,46909.0,46947.0,46978.0,47002.0,47030.0,47067.0,47099.0,50552.0,54061.0,57445.0,61053.0,65014.0,69268.0,77223.0,77421.0,77464.0,77511.0,77555.0,77599.0,77645.0,77709.0,77759.0,77843.0,77878.0,77916.0,77950.0,77973.0,78013.0,78048.0,78090.0,78116.0,78140.0,78163.0,78195.0,78218.0,78241.0,78254.0,78271.0,78292.0,78309.0,78319.0,78336.0,78361.0,78385.0,78399.0,78424.0,78446.0,78476.0,78522.0,78547.0,,,,,,,,,78792.0,78824.0,78848.0,78871.0,78897.0,78919.0,78936.0,78947.0,78971.0,79011.0,79047.0,79072.0,79091.0,79107.0,79122.0,79147.0,79168.0,79185.0,79209.0,79227.0,79245.0,79267.0,79280.0,79290.0,79305.0,79305.0,79340.0,79360.0,79381.0,79395.0,79409.0,79431.0,79445.0,79469.0,79484.0,79498.0,79509.0,79530.0,79544.0,79553.0,79566.0,79577.0,79589.0,79600.0,79611.0,79619.0,79627.0,79633.0,79653
BkfJyLwcKdA,165726.0,166131.0,166582.0,167037.0,167427.0,167737.0,168103.0,168402.0,168759.0,169035.0,169366.0,169628.0,169839.0,170040.0,170205.0,170385.0,170569.0,170719.0,170848.0,170954.0,171111.0,171250.0,171347.0,171425.0,171538.0,171637.0,171743.0,171834.0,171937.0,172028.0,172100.0,172164.0,172254.0,172334.0,172393.0,172483.0,172560.0,172664.0,172768.0,172847.0,172926.0,173023.0,173110.0,173188.0,173255.0,173326.0,173388.0,173469.0,173548.0,173622.0,173688.0,173762.0,173849.0,173935.0,173993.0,174051.0,174120.0,174194.0,174243.0,174320.0,174382.0,174446.0,174494.0,174541.0,174620.0,174681.0,174736.0,174807.0,174887.0,174954.0,175018.0,175086.0,175152.0,175230.0,175284.0,175337.0,175389.0,175437.0,175504.0,175548.0,175607.0,175658.0,175708.0,175747.0,175794.0,175840.0,175870.0,175907.0,175951.0,175988.0,176024.0,176062.0,176091.0,176141.0,176193.0,176240.0,176270.0,176303.0,176332.0,176369.0,176406.0,176449.0,176483.0,176517.0,176551.0,176590.0,176625.0,176675.0,176718.0,176755.0,176801.0,176890.0,176933.0,176965.0,176998.0,177035.0,177061.0,177089.0,177118.0,177143.0,177175.0,177195.0,177227.0,177248.0,177267.0,177302.0,177328.0,177357.0,177384.0,177415.0,177447.0,177474.0,177495.0,177522.0,,,,,,,,,177736.0,177764.0,177784.0,177849.0,177886.0,177904.0,177914.0,177939.0,177970.0,177996.0,178069.0,178115.0,178139.0,178172.0,178192.0,178218.0,178237.0,178251.0,178270.0,178290.0,178313.0,178338.0,178367.0,178392.0,178418.0,178448.0,178471.0,178495.0,178520.0,178545.0,178576.0,178617.0,178635.0,178656.0,178674.0,178689.0,178712.0,178734.0,178757.0,178783.0,178810.0,178824.0,178853.0,178879.0,178916.0,178931.0,178952.0,178983.0,179012
I6YYqKY2pz8,204850.0,219366.0,234936.0,247128.0,260226.0,273391.0,285136.0,297858.0,311122.0,322445.0,332078.0,343434.0,354634.0,365185.0,375768.0,386198.0,395594.0,404044.0,413981.0,423712.0,431931.0,439944.0,448004.0,455777.0,461983.0,468797.0,475471.0,482827.0,489977.0,496130.0,501293.0,505930.0,511545.0,516771.0,522396.0,527600.0,533231.0,538133.0,542454.0,547378.0,552174.0,557111.0,561946.0,567044.0,571608.0,574799.0,578693.0,583313.0,587971.0,593217.0,598422.0,603331.0,607490.0,611999.0,616729.0,621273.0,626003.0,631933.0,636922.0,641205.0,645194.0,648502.0,652305.0,656041.0,659552.0,662646.0,665163.0,668000.0,670437.0,673621.0,676104.0,678925.0,681672.0,683688.0,686063.0,688614.0,691178.0,693913.0,696646.0,698904.0,700809.0,703275.0,705749.0,708008.0,710301.0,712763.0,714687.0,716285.0,718186.0,720125.0,722288.0,724218.0,726585.0,728315.0,729735.0,731420.0,733343.0,735050.0,736684.0,738420.0,739992.0,741435.0,742983.0,744583.0,746266.0,747793.0,749412.0,750749.0,752022.0,753611.0,755045.0,756319.0,758153.0,760315.0,761974.0,763276.0,764825.0,766394.0,767763.0,769335.0,770785.0,772129.0,773303.0,774555.0,775868.0,777183.0,778638.0,780193.0,781472.0,782651.0,784197.0,785763.0,787311.0,788734.0,,,,,,,,,803477.0,804926.0,806549.0,808253.0,809779.0,811519.0,813212.0,814970.0,816756.0,818514.0,820380.0,822282.0,824071.0,825919.0,827730.0,829308.0,831047.0,832579.0,834137.0,835660.0,837182.0,838543.0,839829.0,841344.0,842876.0,844464.0,846311.0,848115.0,849934.0,851588.0,853609.0,855486.0,857512.0,859213.0,861095.0,863176.0,864827.0,866746.0,868614.0,871031.0,873348.0,875829.0,878133.0,879892.0,882167.0,884291.0,886391.0,888515.0,890662
t9XQb2b_KtE,1701552.0,1723067.0,1746458.0,1772389.0,1808573.0,1834415.0,1858278.0,1883684.0,1905234.0,1926944.0,1948089.0,1966948.0,1985944.0,2007539.0,2031949.0,2054207.0,2075694.0,2095199.0,2111813.0,2132947.0,2148359.0,2164243.0,2180273.0,2196291.0,2211403.0,2230418.0,2246980.0,2262499.0,2278555.0,2295025.0,2311013.0,2325214.0,2339132.0,2355350.0,2372144.0,2390350.0,2451233.0,2476519.0,2490905.0,2497339.0,2502273.0,2507494.0,2512402.0,2516802.0,2520922.0,2524517.0,2527611.0,2530578.0,2533322.0,2535931.0,2538771.0,2541361.0,2543521.0,2545223.0,2547052.0,2548727.0,2550414.0,2551913.0,2553558.0,2555316.0,2556564.0,2557760.0,2558988.0,2560201.0,2561401.0,2562710.0,2563923.0,2565019.0,2565987.0,2567218.0,2568427.0,2569474.0,2570730.0,2571945.0,2572983.0,2574006.0,2575029.0,2576089.0,2577249.0,2578491.0,2579840.0,2580931.0,2581955.0,2582847.0,2583892.0,2584939.0,2586005.0,2587035.0,2588103.0,2589015.0,2589857.0,2590656.0,2591521.0,2592397.0,2593355.0,2594178.0,2594937.0,2595815.0,2596656.0,2597618.0,2598590.0,2599555.0,2600340.0,2601078.0,2601805.0,2602530.0,2603212.0,2603987.0,2604834.0,2605588.0,2606298.0,2607021.0,2607737.0,2608460.0,2609327.0,2610233.0,2611189.0,2612037.0,2612860.0,2613662.0,2614585.0,2615440.0,2616420.0,2617242.0,2617985.0,2618790.0,2619671.0,2620831.0,2621988.0,2623091.0,2624104.0,2625094.0,2626057.0,2627198.0,,,,,,,,,2636168.0,2637202.0,2638054.0,2638779.0,2639492.0,2640256.0,2641015.0,2641786.0,2642598.0,2643398.0,2644047.0,2644698.0,2645400.0,2646109.0,2646764.0,2647702.0,2648398.0,2649108.0,2649670.0,2650334.0,2651011.0,2651817.0,2652678.0,2653276.0,2653904.0,2654449.0,2655074.0,2655716.0,2656372.0,2657073.0,2657690.0,2658350.0,2659057.0,2659698.0,2660290.0,2660911.0,2661661.0,2662310.0,2662874.0,2663459.0,2663987.0,2664496.0,2665072.0,2665631.0,2666226.0,2666786.0,2667300.0,2667874.0,2668415
B45UviB4P7g,31964.0,32987.0,33514.0,33888.0,34366.0,34884.0,35337.0,35761.0,36319.0,36594.0,36841.0,37198.0,37509.0,37834.0,38254.0,38593.0,38864.0,39099.0,39436.0,39829.0,40125.0,40441.0,40767.0,40982.0,41139.0,41374.0,41595.0,41852.0,42075.0,42340.0,42532.0,42687.0,42880.0,43117.0,43376.0,43596.0,43832.0,44022.0,44134.0,44343.0,44528.0,44720.0,44888.0,45069.0,45220.0,45310.0,45473.0,45628.0,45796.0,45937.0,46084.0,46241.0,46349.0,46476.0,46607.0,46734.0,46866.0,46995.0,47101.0,47196.0,47339.0,47458.0,47601.0,47738.0,47898.0,48042.0,48127.0,48255.0,48366.0,48511.0,48622.0,48733.0,48826.0,48909.0,49028.0,49156.0,49293.0,49534.0,49718.0,49835.0,49946.0,50083.0,50222.0,50332.0,50423.0,50515.0,50625.0,50705.0,50814.0,50934.0,51092.0,51249.0,51356.0,51431.0,51515.0,51610.0,51726.0,51852.0,51955.0,52074.0,52149.0,52226.0,52341.0,52466.0,52566.0,52672.0,52776.0,52852.0,52919.0,53016.0,53079.0,53143.0,53217.0,53304.0,53399.0,53476.0,53545.0,53628.0,53730.0,53831.0,53914.0,53962.0,54024.0,54087.0,54175.0,54264.0,54332.0,54422.0,54485.0,54547.0,54609.0,54671.0,54772.0,54868.0,,,,,,,,,55652.0,55743.0,55814.0,55891.0,56022.0,56126.0,56281.0,56340.0,56432.0,56499.0,56585.0,56681.0,56793.0,56917.0,57010.0,57090.0,57196.0,57284.0,57399.0,57473.0,57554.0,57614.0,57667.0,57738.0,57818.0,57874.0,57952.0,58014.0,58090.0,58147.0,58230.0,58303.0,58359.0,58425.0,58492.0,58550.0,58590.0,58656.0,58729.0,58792.0,58869.0,58980.0,59065.0,59111.0,59201.0,59293.0,59408.0,59503.0,59576
TRW_hNcTcJo,30680.0,30799.0,30948.0,31133.0,31323.0,31550.0,31776.0,32191.0,32651.0,32905.0,33213.0,33444.0,33690.0,34062.0,34217.0,34341.0,34433.0,34512.0,34572.0,34632.0,34668.0,34698.0,34733.0,34748.0,34760.0,34785.0,34796.0,34812.0,34841.0,34874.0,34890.0,34901.0,34910.0,34927.0,34948.0,34976.0,35000.0,35018.0,35031.0,35036.0,35061.0,35068.0,35083.0,35096.0,35104.0,35109.0,35123.0,35133.0,35145.0,35157.0,35159.0,35170.0,35177.0,35187.0,35196.0,35203.0,35206.0,35214.0,35225.0,35231.0,35236.0,35239.0,35246.0,35257.0,35267.0,35271.0,35277.0,35286.0,35293.0,35301.0,35304.0,35309.0,35312.0,35316.0,35324.0,35330.0,35334.0,35338.0,35340.0,35346.0,35353.0,35359.0,35360.0,35367.0,35370.0,35372.0,35374.0,35376.0,35380.0,35381.0,35381.0,35384.0,35384.0,35386.0,35387.0,35387.0,35388.0,35390.0,35394.0,35396.0,35396.0,35398.0,35400.0,35403.0,35421.0,35425.0,35428.0,35430.0,35435.0,35437.0,35438.0,35439.0,35443.0,35446.0,35449.0,35452.0,35455.0,35456.0,35457.0,35458.0,35460.0,35462.0,35465.0,35465.0,35465.0,35466.0,35467.0,35468.0,35469.0,35471.0,35472.0,35475.0,35476.0,35477.0,,,,,,,,,35508.0,35511.0,35513.0,35519.0,35520.0,35520.0,35520.0,35523.0,35525.0,35529.0,35530.0,35532.0,35532.0,35536.0,35537.0,35538.0,35541.0,35541.0,35543.0,35543.0,35547.0,35547.0,35548.0,35550.0,35559.0,35563.0,35565.0,35566.0,35566.0,35567.0,35567.0,35567.0,35568.0,35568.0,35569.0,35570.0,35571.0,35573.0,35573.0,35574.0,35574.0,35576.0,35577.0,35578.0,35578.0,35579.0,35579.0,35579.0,35581
CwWUSZlWzZs,18698.0,18898.0,19116.0,19493.0,19743.0,19930.0,20185.0,20335.0,20458.0,20529.0,20540.0,20600.0,20636.0,20679.0,20702.0,20728.0,20741.0,20755.0,20771.0,20781.0,20795.0,20817.0,20837.0,20826.0,20831.0,20849.0,20859.0,20874.0,20887.0,20896.0,20902.0,20907.0,20916.0,20917.0,20931.0,20941.0,20943.0,20948.0,20946.0,20952.0,20961.0,20964.0,20977.0,21028.0,21006.0,20996.0,20988.0,20992.0,21010.0,21005.0,21020.0,21028.0,21019.0,21022.0,21031.0,21031.0,21031.0,21048.0,21042.0,21046.0,21042.0,21047.0,21054.0,21060.0,21066.0,21059.0,21063.0,21067.0,21069.0,21072.0,21084.0,21088.0,21088.0,21096.0,21097.0,21101.0,21107.0,21114.0,21125.0,21118.0,21126.0,21125.0,21131.0,21136.0,21136.0,21143.0,21133.0,21138.0,21138.0,21145.0,21154.0,21156.0,21159.0,21163.0,21172.0,21186.0,21179.0,21179.0,21181.0,21190.0,21198.0,21198.0,21198.0,21200.0,21200.0,21205.0,21217.0,21210.0,21206.0,21214.0,21212.0,21218.0,21223.0,21231.0,21214.0,21214.0,21215.0,21215.0,21215.0,21216.0,21216.0,21217.0,21217.0,21217.0,21219.0,21221.0,21222.0,21224.0,21229.0,21233.0,21234.0,21236.0,21237.0,21238.0,,,,,,,,,21246.0,21248.0,21248.0,21248.0,21250.0,21249.0,21250.0,21251.0,21251.0,21252.0,21252.0,21252.0,21252.0,21252.0,21253.0,21254.0,21254.0,21254.0,21255.0,21257.0,21258.0,21259.0,21261.0,21264.0,21265.0,21266.0,21267.0,21267.0,21267.0,21267.0,21267.0,21269.0,21269.0,21269.0,21270.0,21270.0,21271.0,21272.0,21274.0,21273.0,21275.0,21274.0,21274.0,21274.0,21274.0,21274.0,21275.0,21275.0,21276
YNoXkrM00lk,109476.0,113112.0,117251.0,121260.0,124479.0,127599.0,130184.0,133076.0,135523.0,137496.0,139933.0,142243.0,144927.0,147327.0,149582.0,151765.0,153981.0,155292.0,156436.0,157462.0,158621.0,159740.0,161051.0,162008.0,162944.0,163845.0,164756.0,165819.0,166802.0,167765.0,168970.0,170121.0,171632.0,173653.0,175438.0,177319.0,179267.0,181115.0,182647.0,184145.0,185651.0,186820.0,188171.0,189331.0,190473.0,191494.0,192376.0,193620.0,194918.0,196083.0,197172.0,198037.0,198784.0,199541.0,200311.0,201060.0,201849.0,202512.0,203243.0,204003.0,204660.0,205344.0,206010.0,206658.0,207248.0,207871.0,208397.0,208934.0,209336.0,209865.0,210313.0,210798.0,211250.0,211628.0,212028.0,212352.0,212725.0,213080.0,213487.0,213883.0,214453.0,214906.0,215247.0,215580.0,215898.0,216246.0,216571.0,216902.0,217254.0,217505.0,217775.0,218021.0,218408.0,218798.0,219355.0,219631.0,219832.0,220063.0,220288.0,220523.0,220764.0,220997.0,221239.0,221449.0,221665.0,221923.0,222111.0,222382.0,222624.0,222837.0,223023.0,223201.0,223391.0,223592.0,223774.0,223935.0,224150.0,224349.0,224510.0,224684.0,224874.0,225031.0,225198.0,225394.0,225594.0,225793.0,225964.0,226142.0,226319.0,226496.0,226632.0,226782.0,226933.0,227088.0,,,,,,,,,228402.0,228541.0,228695.0,228829.0,228985.0,229118.0,229278.0,229455.0,229705.0,229871.0,230033.0,230197.0,230335.0,230548.0,230680.0,230840.0,230990.0,231120.0,231250.0,231375.0,231518.0,231647.0,231783.0,231920.0,232051.0,232150.0,232286.0,232414.0,232526.0,232646.0,232750.0,232873.0,233006.0,233116.0,233247.0,233392.0,233570.0,233706.0,233846.0,233980.0,234123.0,234260.0,234411.0,234526.0,234655.0,234918.0,235156.0,235430.0,235638
UWyw9wTPgv4,2040536.0,2050844.0,2062512.0,2070829.0,2082194.0,2090621.0,2101952.0,2101978.0,2105694.0,2110566.0,2117285.0,2122520.0,2127149.0,2130955.0,2134735.0,2138534.0,2141907.0,2144530.0,2147070.0,2149541.0,2151972.0,2154274.0,2156437.0,2158580.0,2160625.0,2162596.0,2164488.0,2166334.0,2168252.0,2170149.0,2171995.0,2173730.0,2175472.0,2177315.0,2178992.0,2180762.0,2182668.0,2184390.0,2186064.0,2187694.0,2189300.0,2190972.0,2192560.0,2194071.0,2195484.0,2197020.0,2198683.0,2200603.0,2202266.0,2203867.0,2205502.0,2207592.0,2209670.0,2211540.0,2213423.0,2215335.0,2217133.0,2219133.0,2221093.0,2222904.0,2224531.0,2226197.0,2227877.0,2229663.0,2231312.0,2232783.0,2234163.0,2235610.0,2236982.0,2238632.0,2240139.0,2241492.0,2243004.0,2244439.0,2245729.0,2246937.0,2248104.0,2249430.0,2250799.0,2252338.0,2253672.0,2254944.0,2256389.0,2257621.0,2259096.0,2260629.0,2262028.0,2263214.0,2264617.0,2265642.0,2267234.0,2268235.0,2269408.0,2270728.0,2271920.0,2273195.0,2274296.0,2275544.0,2276860.0,2278152.0,2279488.0,2280949.0,2282290.0,2283630.0,2284982.0,2286468.0,2287893.0,2289243.0,2290657.0,2292015.0,2293310.0,2294666.0,2296038.0,2297335.0,2298772.0,2300088.0,2301341.0,2302562.0,2303842.0,2305068.0,2306306.0,2307618.0,2308861.0,2310000.0,2311115.0,2312311.0,2313392.0,2314547.0,2315628.0,2316655.0,2317574.0,2318760.0,2319890.0,2321112.0,,,,,,,,,2333671.0,2334960.0,2336260.0,2337493.0,2338678.0,2339914.0,2341217.0,2342511.0,2343756.0,2344816.0,2345923.0,2347009.0,2348158.0,2349325.0,2350402.0,2351425.0,2352447.0,2353543.0,2354432.0,2355464.0,2356568.0,2357729.0,2358831.0,2359815.0,2360893.0,2361852.0,2362854.0,2363955.0,2364992.0,2366031.0,2367059.0,2368051.0,2369228.0,2370426.0,2371506.0,2372525.0,2373495.0,2374432.0,2375498.0,2376688.0,2377772.0,2378906.0,2380018.0,2381150.0,2382128.0,2383306.0,2384400.0,2385486.0,2386512
vPfCmM89LH8,301749.0,307699.0,311368.0,315293.0,319795.0,321152.0,322038.0,322670.0,323147.0,323717.0,324321.0,324822.0,325152.0,325435.0,325683.0,325904.0,326120.0,326366.0,326555.0,326738.0,326928.0,327093.0,327310.0,327469.0,327621.0,327777.0,327898.0,328004.0,328119.0,328223.0,328331.0,328456.0,328577.0,328680.0,328787.0,328877.0,328967.0,329024.0,329103.0,329151.0,329212.0,329279.0,329327.0,329394.0,329449.0,329522.0,329574.0,329640.0,329723.0,329794.0,329849.0,329894.0,329949.0,329993.0,330043.0,330094.0,330143.0,330173.0,330237.0,330301.0,330361.0,330402.0,330453.0,330505.0,330551.0,330579.0,330617.0,330650.0,330691.0,330744.0,330795.0,330829.0,330872.0,330920.0,330970.0,331029.0,331089.0,331146.0,331200.0,331252.0,331310.0,331358.0,331395.0,331442.0,331482.0,331530.0,331576.0,331614.0,331651.0,331681.0,331719.0,331764.0,331833.0,331884.0,331930.0,331976.0,331999.0,332032.0,332069.0,332112.0,332174.0,332242.0,332281.0,332314.0,332348.0,332395.0,332435.0,332610.0,332835.0,332920.0,333018.0,333090.0,333198.0,333308.0,333375.0,333444.0,333527.0,333613.0,333712.0,333785.0,333842.0,333908.0,333965.0,334019.0,334085.0,334141.0,334193.0,334244.0,334290.0,334364.0,334419.0,334460.0,334514.0,334548.0,,,,,,,,,334810.0,334857.0,334890.0,334933.0,334981.0,335022.0,335052.0,335097.0,335138.0,335167.0,335208.0,335252.0,335282.0,335323.0,335353.0,335385.0,335417.0,335455.0,335490.0,335517.0,335553.0,335595.0,335637.0,335672.0,335696.0,335734.0,335757.0,335795.0,335830.0,335861.0,335901.0,335944.0,335981.0,336015.0,336062.0,336100.0,336142.0,336176.0,336199.0,336234.0,336280.0,336322.0,336361.0,336399.0,336436.0,336464.0,336505.0,336548.0,336572
F4x5hyXjnlM,5845347.0,6033592.0,6190723.0,6395633.0,6429916.0,6455839.0,6480052.0,6504788.0,6527687.0,6552270.0,6574708.0,6593749.0,6614741.0,6633907.0,6651377.0,6669488.0,6689301.0,6708096.0,6724277.0,6740266.0,6757416.0,6773074.0,6787770.0,6803686.0,6818485.0,6831348.0,6844406.0,6858289.0,6870355.0,6881076.0,6893651.0,6904745.0,6914439.0,6924004.0,6934548.0,6944702.0,6954637.0,6964945.0,6974478.0,6983848.0,6993389.0,7002434.0,7011328.0,7020086.0,7029204.0,7037962.0,7046126.0,7053818.0,7061572.0,7069451.0,7077424.0,7085460.0,7092955.0,7100390.0,7107914.0,7115095.0,7122058.0,7129158.0,7136432.0,7143565.0,7150510.0,7157189.0,7163858.0,7170613.0,7177364.0,7183506.0,7189678.0,7195957.0,7201920.0,7209848.0,7216338.0,7222116.0,7227979.0,7233570.0,7239188.0,7244689.0,7250559.0,7256478.0,7262515.0,7268338.0,7274040.0,7279397.0,7284859.0,7290464.0,7295847.0,7301562.0,7307464.0,7312652.0,7317978.0,7323187.0,7328389.0,7333600.0,7338987.0,7344842.0,7350506.0,7355129.0,7360087.0,7364959.0,7369825.0,7374730.0,7380109.0,7385242.0,7390009.0,7394529.0,7399279.0,7403851.0,7408258.0,7413181.0,7418166.0,7422823.0,7427936.0,7432386.0,7436719.0,7441030.0,7445377.0,7449644.0,7453421.0,7456955.0,7461150.0,7465036.0,7469063.0,7473414.0,7477822.0,7481938.0,7486233.0,7490711.0,7495264.0,7499971.0,7504855.0,7509435.0,7514075.0,7518481.0,7522806.0,7527459.0,,,,,,,,,7667657.0,7675989.0,7683032.0,7687512.0,7691522.0,7695469.0,7699274.0,7703400.0,7707596.0,7712029.0,7716315.0,7720832.0,7725259.0,7730079.0,7734785.0,7739912.0,7744900.0,7750539.0,7755743.0,7759897.0,7763665.0,7767878.0,7772020.0,7775486.0,7779458.0,7782968.0,7786705.0,7790444.0,7794629.0,7798591.0,7802312.0,7805559.0,7809095.0,7812461.0,7815938.0,7819995.0,7823728.0,7826852.0,7830128.0,7833184.0,7836159.0,7839066.0,7842418.0,7845468.0,7848091.0,7850678.0,7853324.0,7856172.0,7858985
15uk4bRtm1k,298402.0,306041.0,313109.0,319698.0,326194.0,332474.0,338110.0,343491.0,348808.0,353394.0,357616.0,361802.0,365671.0,369643.0,373622.0,377252.0,380869.0,384235.0,387537.0,390413.0,393195.0,395951.0,398511.0,400888.0,403179.0,405299.0,407504.0,409699.0,411836.0,414130.0,416272.0,418472.0,420580.0,422608.0,424555.0,426744.0,428896.0,430761.0,432481.0,434164.0,435852.0,437493.0,439195.0,440956.0,442752.0,444347.0,445924.0,447600.0,449114.0,450605.0,452055.0,453424.0,454649.0,455955.0,457380.0,458841.0,460386.0,462008.0,463570.0,465228.0,466822.0,468474.0,470024.0,471600.0,473139.0,474605.0,475995.0,477545.0,478803.0,480388.0,481903.0,483351.0,484685.0,485996.0,487314.0,488738.0,490257.0,491568.0,493104.0,494522.0,495849.0,497220.0,498663.0,500051.0,501409.0,502701.0,504009.0,505157.0,506293.0,507527.0,508848.0,510016.0,511161.0,512311.0,513360.0,514353.0,515555.0,516697.0,517846.0,518928.0,520138.0,521321.0,522415.0,523503.0,524584.0,525643.0,526838.0,527988.0,529148.0,530177.0,531273.0,532290.0,533355.0,534494.0,535559.0,536502.0,537424.0,538422.0,539391.0,540405.0,541330.0,542271.0,543238.0,544159.0,545100.0,546037.0,546950.0,547808.0,548643.0,549403.0,550328.0,551228.0,552196.0,553180.0,,,,,,,,,560926.0,561746.0,562440.0,563157.0,563762.0,564532.0,565159.0,565759.0,566491.0,567091.0,567727.0,568339.0,569073.0,569784.0,570373.0,570975.0,571674.0,572328.0,573070.0,573814.0,574538.0,575232.0,575976.0,576701.0,577456.0,578199.0,578923.0,579669.0,580377.0,581126.0,581807.0,582595.0,583271.0,584026.0,584703.0,585348.0,585950.0,586502.0,587076.0,587782.0,588462.0,589092.0,589808.0,590449.0,591084.0,591760.0,592456.0,593151.0,593813
sgYOWlKQ6U8,5161.0,5196.0,5220.0,5243.0,5273.0,5305.0,5342.0,5389.0,5432.0,5461.0,5476.0,5502.0,5526.0,5554.0,5592.0,5627.0,5664.0,5693.0,5727.0,5753.0,5779.0,5814.0,5856.0,5900.0,5919.0,5944.0,5972.0,6001.0,6027.0,6054.0,6079.0,6103.0,6132.0,6171.0,6209.0,6258.0,6286.0,6315.0,6333.0,6359.0,6377.0,6394.0,6421.0,6448.0,6481.0,6493.0,6517.0,6537.0,6576.0,6603.0,6642.0,6656.0,6667.0,6690.0,6718.0,6746.0,6772.0,6810.0,6843.0,6871.0,6895.0,6931.0,6963.0,6991.0,7019.0,7036.0,7058.0,7069.0,7099.0,7138.0,7160.0,7186.0,7202.0,7213.0,7247.0,7274.0,7300.0,7324.0,7336.0,7355.0,7368.0,7378.0,7395.0,7410.0,7436.0,7453.0,7474.0,7489.0,7507.0,7528.0,7541.0,7577.0,7600.0,7627.0,7652.0,7669.0,7686.0,7715.0,7757.0,7799.0,7821.0,7839.0,7869.0,7894.0,7915.0,7947.0,7974.0,8007.0,8027.0,8059.0,8087.0,8115.0,8139.0,8163.0,8183.0,8206.0,8230.0,8245.0,8266.0,8287.0,8302.0,8324.0,8342.0,8360.0,8401.0,8444.0,8471.0,8503.0,8530.0,8556.0,8584.0,8611.0,8632.0,8656.0,,,,,,,,,8950.0,8973.0,9002.0,9035.0,9069.0,9092.0,9115.0,9132.0,9167.0,9209.0,9234.0,9270.0,9301.0,9326.0,9345.0,9363.0,9394.0,9437.0,9472.0,9524.0,9553.0,9578.0,9602.0,9629.0,9659.0,9674.0,9689.0,9709.0,9731.0,9760.0,9783.0,9809.0,9826.0,9863.0,9892.0,9914.0,9924.0,9945.0,9964.0,9982.0,10014.0,10042.0,10073.0,10094.0,10121.0,10150.0,10178.0,10221.0,10256
H2IbC8uptL8,12170.0,12509.0,12753.0,13034.0,13416.0,13734.0,14027.0,14398.0,14814.0,15087.0,15380.0,15647.0,15907.0,16248.0,16593.0,16925.0,17153.0,17341.0,17537.0,17666.0,17879.0,18152.0,18394.0,18597.0,18747.0,18890.0,19064.0,19226.0,19453.0,19654.0,19794.0,19909.0,20086.0,20221.0,20408.0,20617.0,20862.0,21006.0,21126.0,21309.0,21467.0,21628.0,21814.0,22000.0,22225.0,22417.0,22604.0,22763.0,22942.0,23071.0,23170.0,23289.0,23381.0,23497.0,23615.0,23751.0,23902.0,24012.0,24061.0,24176.0,24252.0,24322.0,24400.0,24474.0,24530.0,24586.0,24655.0,24709.0,24744.0,24835.0,24898.0,24947.0,24981.0,25022.0,25081.0,25147.0,25197.0,25247.0,25293.0,25336.0,25381.0,25427.0,25465.0,25521.0,25568.0,25626.0,25669.0,25703.0,25739.0,25783.0,25835.0,25862.0,25917.0,25959.0,26003.0,26047.0,26082.0,26120.0,26163.0,26218.0,26254.0,26283.0,26318.0,26351.0,26397.0,26446.0,26482.0,26515.0,26538.0,26582.0,26621.0,26653.0,26681.0,26726.0,26766.0,26792.0,26817.0,26846.0,26881.0,26914.0,26936.0,26971.0,27016.0,27042.0,27061.0,27084.0,27111.0,27135.0,27168.0,27184.0,27217.0,27245.0,27284.0,27328.0,,,,,,,,,27589.0,27613.0,27641.0,27678.0,27701.0,27734.0,27761.0,27785.0,27805.0,27828.0,27855.0,27894.0,27932.0,27953.0,27973.0,28008.0,28027.0,28055.0,28087.0,28124.0,28152.0,28181.0,28199.0,28235.0,28260.0,28287.0,28319.0,28356.0,28376.0,28407.0,28421.0,28458.0,28491.0,28538.0,28578.0,28626.0,28650.0,28677.0,28720.0,28757.0,28796.0,28830.0,28858.0,28907.0,28944.0,28987.0,29034.0,29081.0,29104
l9GHMumFmlA,28562.0,29120.0,29595.0,30175.0,30752.0,31324.0,31850.0,32403.0,32935.0,33438.0,33820.0,34341.0,34990.0,35577.0,36277.0,37113.0,38274.0,39380.0,40429.0,41582.0,42776.0,43801.0,44801.0,45755.0,46608.0,47461.0,48251.0,48980.0,49718.0,50465.0,51261.0,52148.0,52955.0,53692.0,54445.0,55215.0,55961.0,56619.0,57252.0,57932.0,58519.0,59275.0,59912.0,60603.0,61198.0,61716.0,62322.0,63081.0,63732.0,64368.0,64966.0,65596.0,66240.0,66879.0,67751.0,68592.0,69359.0,70204.0,70994.0,71660.0,72349.0,73087.0,73843.0,74520.0,75381.0,75982.0,76714.0,77469.0,78112.0,78840.0,79560.0,80136.0,80736.0,81278.0,81893.0,82507.0,83111.0,83648.0,84354.0,84939.0,85458.0,86126.0,86712.0,87333.0,87799.0,88478.0,88978.0,89590.0,90140.0,90662.0,91229.0,91984.0,92667.0,93361.0,94014.0,94783.0,95290.0,95864.0,96486.0,97093.0,97668.0,98209.0,98709.0,99128.0,99665.0,100223.0,100822.0,101439.0,102005.0,102543.0,103184.0,103683.0,104129.0,104613.0,105073.0,105482.0,105978.0,106425.0,106925.0,107326.0,107676.0,108028.0,108398.0,108723.0,109117.0,109461.0,109928.0,110341.0,110727.0,111022.0,111455.0,111819.0,112221.0,112610.0,,,,,,,,,116294.0,116653.0,117024.0,117356.0,117776.0,118240.0,118758.0,119382.0,120085.0,120651.0,121268.0,121733.0,122217.0,122849.0,123300.0,123844.0,124237.0,124758.0,125161.0,125682.0,126083.0,126537.0,126974.0,127413.0,127849.0,128215.0,128644.0,129032.0,129511.0,129954.0,130396.0,130840.0,131360.0,131903.0,132408.0,133016.0,133537.0,134157.0,134754.0,135347.0,135986.0,136617.0,137216.0,137783.0,138487.0,139096.0,139598.0,140179.0,140672
_IwPhDHvdwY,5889.0,6878.0,7587.0,7919.0,8342.0,8798.0,9193.0,9691.0,10095.0,10389.0,10709.0,10981.0,11208.0,11414.0,11602.0,11777.0,11901.0,12015.0,12204.0,12411.0,12536.0,12712.0,12899.0,13053.0,13140.0,13288.0,13426.0,13531.0,13649.0,13770.0,13879.0,13973.0,14074.0,14148.0,14197.0,14266.0,14319.0,14349.0,14388.0,14424.0,14457.0,14491.0,14530.0,14569.0,14598.0,14625.0,14667.0,14703.0,14741.0,14764.0,14793.0,14819.0,14854.0,14879.0,14916.0,14956.0,14987.0,15022.0,15060.0,15082.0,15112.0,15153.0,15186.0,15220.0,15259.0,15280.0,15308.0,15365.0,15410.0,15442.0,15495.0,15520.0,15551.0,15580.0,15615.0,15648.0,15666.0,15692.0,15748.0,15765.0,15778.0,15801.0,15834.0,15861.0,15891.0,15919.0,15948.0,15962.0,15992.0,16021.0,16053.0,16080.0,16108.0,16136.0,16160.0,16176.0,16207.0,16226.0,16259.0,16286.0,16305.0,16327.0,16359.0,16386.0,16413.0,16437.0,16483.0,16516.0,16552.0,16588.0,16609.0,16639.0,16661.0,16688.0,16703.0,16717.0,16734.0,16757.0,16782.0,16801.0,16816.0,16827.0,16838.0,16847.0,16860.0,16876.0,16894.0,16906.0,16918.0,16943.0,16957.0,16964.0,16982.0,17000.0,,,,,,,,,17164.0,17178.0,17188.0,17209.0,17242.0,17263.0,17283.0,17301.0,17319.0,17341.0,17360.0,17381.0,17418.0,17444.0,17470.0,17483.0,17494.0,17522.0,17559.0,17567.0,17576.0,17582.0,17595.0,17605.0,17615.0,17623.0,17633.0,17644.0,17658.0,17675.0,17682.0,17694.0,17711.0,17719.0,17727.0,17735.0,17744.0,17756.0,17768.0,17778.0,17823.0,17858.0,17869.0,17877.0,17892.0,17904.0,17915.0,17922.0,17927
R9k40DYo0ZY,13167.0,15058.0,16992.0,18682.0,20992.0,23683.0,26488.0,28792.0,31170.0,32833.0,34239.0,35801.0,37685.0,39594.0,41451.0,44229.0,46848.0,49543.0,52673.0,55432.0,57521.0,59384.0,61460.0,62964.0,64412.0,66032.0,68071.0,70055.0,71930.0,73847.0,75547.0,76973.0,78740.0,80292.0,82231.0,84020.0,85590.0,86915.0,88063.0,89380.0,90851.0,92317.0,93554.0,94926.0,96064.0,97150.0,98529.0,100147.0,102649.0,105771.0,109934.0,115194.0,121578.0,129070.0,137080.0,146802.0,155960.0,163496.0,170057.0,174180.0,177852.0,181166.0,183730.0,185910.0,187798.0,189336.0,190566.0,192394.0,194019.0,195957.0,197656.0,199021.0,200546.0,201730.0,203476.0,205246.0,207219.0,209075.0,211021.0,212492.0,213762.0,215430.0,217086.0,218661.0,220327.0,222241.0,224002.0,225573.0,227355.0,229135.0,230809.0,232673.0,234519.0,235909.0,237120.0,238706.0,240395.0,242123.0,243869.0,245670.0,247310.0,248885.0,250771.0,252669.0,254276.0,256280.0,258008.0,259494.0,261206.0,263149.0,265289.0,267393.0,269621.0,272078.0,274112.0,275714.0,277471.0,279405.0,281384.0,283457.0,285068.0,286469.0,287945.0,289180.0,290345.0,291821.0,293249.0,295049.0,296674.0,298332.0,300020.0,301938.0,303739.0,305607.0,,,,,,,,,317590.0,318749.0,319936.0,321004.0,322082.0,323527.0,324827.0,326115.0,327416.0,328874.0,330505.0,331886.0,333725.0,335341.0,336729.0,338191.0,339847.0,341495.0,343031.0,344244.0,345365.0,346465.0,347438.0,348594.0,349859.0,351140.0,352324.0,353518.0,354583.0,355511.0,356601.0,357583.0,358694.0,359647.0,360639.0,361632.0,362434.0,363412.0,364487.0,365520.0,366458.0,367466.0,368458.0,369227.0,370060.0,371200.0,372249.0,373218.0,374230
5tItlYBJwro,18130.0,18291.0,18485.0,18653.0,18821.0,18985.0,19130.0,19472.0,20325.0,20812.0,21294.0,22109.0,22625.0,23263.0,23621.0,23888.0,24111.0,24333.0,24488.0,24714.0,24876.0,25043.0,25222.0,25573.0,25819.0,26004.0,26131.0,26242.0,26361.0,26433.0,26529.0,26606.0,26687.0,26799.0,26879.0,26992.0,27083.0,27174.0,27259.0,27365.0,27439.0,27553.0,27637.0,27730.0,27819.0,27928.0,28062.0,28177.0,28275.0,28404.0,28547.0,28627.0,28737.0,28816.0,28909.0,28984.0,29062.0,29158.0,29215.0,29274.0,29345.0,29421.0,29502.0,29596.0,29675.0,29726.0,29787.0,29883.0,29960.0,30054.0,30114.0,30168.0,30204.0,30248.0,30297.0,30375.0,30432.0,30505.0,30586.0,30641.0,30702.0,30774.0,30826.0,30908.0,30967.0,31025.0,31074.0,31103.0,31179.0,31211.0,31274.0,31322.0,31378.0,31416.0,31454.0,31502.0,31548.0,31607.0,31650.0,31674.0,31706.0,31731.0,31770.0,31818.0,31874.0,31913.0,31962.0,31996.0,32045.0,32092.0,32122.0,32166.0,32202.0,32243.0,32271.0,32305.0,32345.0,32381.0,32434.0,32486.0,32515.0,32544.0,32579.0,32609.0,32644.0,32680.0,32713.0,32756.0,32808.0,32859.0,32916.0,32962.0,33014.0,33049.0,,,,,,,,,33388.0,33421.0,33465.0,33493.0,33534.0,33575.0,33607.0,33639.0,33673.0,33707.0,33750.0,33778.0,33815.0,33849.0,33877.0,33911.0,33943.0,33976.0,34018.0,34057.0,34088.0,34118.0,34138.0,34176.0,34207.0,34235.0,34257.0,34289.0,34341.0,34379.0,34433.0,34473.0,34518.0,34552.0,34601.0,34631.0,34650.0,34681.0,34714.0,34742.0,34772.0,34796.0,34829.0,34856.0,34882.0,34906.0,34945.0,34980.0,35024
YKWlo7ZJ7TI,19599.0,20323.0,20850.0,21271.0,21751.0,22200.0,22707.0,23160.0,23570.0,23858.0,24146.0,24481.0,24844.0,25197.0,25558.0,25843.0,26073.0,26347.0,26631.0,26950.0,27220.0,27530.0,27770.0,27986.0,28183.0,28440.0,28621.0,28789.0,29021.0,29295.0,29513.0,29735.0,30048.0,30314.0,30550.0,30803.0,31014.0,31136.0,31254.0,31410.0,31600.0,31763.0,31936.0,32077.0,32223.0,32331.0,32481.0,32614.0,32741.0,32864.0,32992.0,33087.0,33186.0,33306.0,33445.0,33568.0,33715.0,33863.0,33958.0,34055.0,34187.0,34299.0,34419.0,34531.0,34625.0,34732.0,34817.0,34877.0,34951.0,35073.0,35205.0,35290.0,35391.0,35485.0,35597.0,35685.0,35781.0,35912.0,36024.0,36104.0,36197.0,36284.0,36371.0,36450.0,36535.0,36633.0,36710.0,36765.0,36847.0,36933.0,37022.0,37104.0,37192.0,37255.0,37340.0,37427.0,37506.0,37573.0,37635.0,37711.0,37794.0,37872.0,37989.0,38085.0,38187.0,38265.0,38404.0,38493.0,38578.0,38725.0,38831.0,38914.0,39016.0,39116.0,39184.0,39248.0,39333.0,39392.0,39475.0,39574.0,39629.0,39701.0,39767.0,39828.0,39896.0,39935.0,39989.0,40027.0,40078.0,40115.0,40167.0,40238.0,40304.0,40346.0,,,,,,,,,41097.0,41178.0,41287.0,41395.0,41486.0,41610.0,41698.0,41778.0,41853.0,41932.0,42022.0,42156.0,42236.0,42304.0,42385.0,42444.0,42518.0,42583.0,42666.0,42774.0,42835.0,42887.0,42947.0,43016.0,43103.0,43197.0,43275.0,43370.0,43456.0,43519.0,43596.0,43694.0,43780.0,43846.0,43929.0,43989.0,44048.0,44118.0,44206.0,44293.0,44375.0,44466.0,44522.0,44585.0,44678.0,44772.0,44855.0,44951.0,45048
WTkkggBxWSw,266489.0,268790.0,271194.0,273069.0,274861.0,276693.0,278457.0,280147.0,281703.0,283201.0,284736.0,286217.0,287857.0,289407.0,290940.0,292401.0,293996.0,295423.0,296792.0,298416.0,299842.0,301600.0,303356.0,304992.0,306402.0,307682.0,309246.0,310897.0,312462.0,313895.0,315412.0,316768.0,318202.0,319604.0,321191.0,322654.0,324169.0,325357.0,326308.0,327662.0,328952.0,330500.0,332001.0,333429.0,334804.0,336182.0,337343.0,338527.0,339940.0,341770.0,343711.0,345444.0,346821.0,348212.0,349794.0,351207.0,352619.0,353791.0,355034.0,356446.0,358002.0,359491.0,360937.0,362346.0,363826.0,365395.0,366705.0,368061.0,369194.0,370645.0,371886.0,373180.0,374813.0,376312.0,377767.0,379181.0,380424.0,381841.0,383483.0,385061.0,386707.0,388237.0,389764.0,391424.0,393018.0,394637.0,396160.0,397576.0,399122.0,400654.0,402211.0,404097.0,406063.0,407691.0,409203.0,410573.0,411829.0,413077.0,414357.0,415706.0,417030.0,418165.0,419387.0,420648.0,422034.0,423277.0,424574.0,426052.0,427276.0,428386.0,429452.0,430544.0,431828.0,433058.0,434326.0,435394.0,436697.0,437801.0,439016.0,440293.0,441628.0,442962.0,444274.0,445394.0,446494.0,447611.0,448898.0,450082.0,451223.0,452423.0,453457.0,454838.0,456140.0,457288.0,,,,,,,,,466055.0,466866.0,467866.0,468747.0,469698.0,470933.0,472041.0,473133.0,474594.0,475963.0,477333.0,478911.0,480675.0,482439.0,483756.0,485077.0,486442.0,488067.0,489656.0,491266.0,492969.0,494768.0,496285.0,497833.0,499455.0,500969.0,502608.0,504256.0,505916.0,507491.0,509096.0,510823.0,512546.0,514131.0,515736.0,517186.0,518728.0,520493.0,522431.0,524338.0,526337.0,528502.0,531605.0,534346.0,537219.0,540376.0,543452.0,546532.0,549480
bw9ZJQS79AI,4458.0,4484.0,4505.0,4522.0,4540.0,4565.0,4586.0,4602.0,4627.0,4637.0,4653.0,4670.0,4679.0,4688.0,4706.0,4720.0,4734.0,4742.0,4744.0,4748.0,4756.0,4767.0,4777.0,4787.0,4796.0,4801.0,4813.0,4820.0,4833.0,4844.0,4854.0,4866.0,4873.0,4882.0,4893.0,4906.0,4919.0,4934.0,4946.0,4962.0,4974.0,4987.0,4991.0,4996.0,5003.0,5009.0,5012.0,5015.0,5023.0,5034.0,5043.0,5053.0,5058.0,5065.0,5077.0,5081.0,5100.0,5105.0,5119.0,5126.0,5137.0,5143.0,5153.0,5160.0,5169.0,5174.0,5180.0,5185.0,5194.0,5199.0,5207.0,5210.0,5217.0,5222.0,5223.0,5226.0,5235.0,5241.0,5252.0,5260.0,5272.0,5279.0,5288.0,5292.0,5311.0,5318.0,5323.0,5340.0,5346.0,5353.0,5361.0,5362.0,5370.0,5378.0,5384.0,5387.0,5389.0,5394.0,5400.0,5404.0,5410.0,5427.0,5438.0,5440.0,5440.0,5447.0,5452.0,5455.0,5460.0,5466.0,5467.0,5471.0,5473.0,5476.0,5477.0,5479.0,5482.0,5481.0,5483.0,5485.0,5487.0,5490.0,5495.0,5496.0,5502.0,5504.0,5506.0,5507.0,5509.0,5523.0,5528.0,5530.0,5538.0,5557.0,,,,,,,,,5593.0,5602.0,5604.0,5609.0,5612.0,5616.0,5619.0,5625.0,5632.0,5636.0,5641.0,5643.0,5647.0,5658.0,5668.0,5673.0,5677.0,5680.0,5685.0,5689.0,5691.0,5693.0,5697.0,5702.0,5704.0,5707.0,5707.0,5710.0,5713.0,5715.0,5719.0,5719.0,5725.0,5730.0,5733.0,5744.0,5749.0,5751.0,5754.0,5756.0,5761.0,5764.0,5771.0,5773.0,5775.0,5777.0,5784.0,5790.0,5790
YNoXkrM00lk,109476.0,113112.0,117251.0,121260.0,124479.0,127599.0,130184.0,133076.0,135523.0,137496.0,139933.0,142243.0,144927.0,147327.0,149582.0,151765.0,153981.0,155292.0,156436.0,157462.0,158621.0,159740.0,161051.0,162008.0,162944.0,163845.0,164756.0,165819.0,166802.0,167765.0,168970.0,170121.0,171632.0,173653.0,175438.0,177319.0,179267.0,181115.0,182647.0,184145.0,185651.0,186820.0,188171.0,189331.0,190473.0,191494.0,192376.0,193620.0,194918.0,196083.0,197172.0,198037.0,198784.0,199541.0,200311.0,201060.0,201849.0,202512.0,203243.0,204003.0,204660.0,205344.0,206010.0,206658.0,207248.0,207871.0,208397.0,208934.0,209336.0,209865.0,210313.0,210798.0,211250.0,211628.0,212028.0,212352.0,212725.0,213080.0,213487.0,213883.0,214453.0,214906.0,215247.0,215580.0,215898.0,216246.0,216571.0,216902.0,217254.0,217516.0,217775.0,218021.0,218408.0,218798.0,219355.0,219632.0,219832.0,220063.0,220288.0,220523.0,220764.0,220997.0,221239.0,221449.0,221665.0,221887.0,222111.0,222382.0,222624.0,222837.0,223023.0,223201.0,223391.0,223592.0,223774.0,223935.0,224150.0,224349.0,224510.0,224679.0,224874.0,225031.0,225198.0,225394.0,225594.0,225793.0,225964.0,226142.0,226319.0,226496.0,226632.0,226782.0,226933.0,227088.0,,,,,,,,,228402.0,228541.0,228695.0,228829.0,228985.0,229118.0,229278.0,229455.0,229705.0,229871.0,230033.0,230197.0,230335.0,230548.0,230680.0,230840.0,230990.0,231120.0,231250.0,231375.0,231518.0,231647.0,231783.0,231920.0,232051.0,232150.0,232286.0,232414.0,232526.0,232646.0,232750.0,232873.0,233006.0,233116.0,233247.0,233392.0,233570.0,233706.0,233846.0,233980.0,234123.0,234260.0,234411.0,234526.0,234655.0,234918.0,235156.0,235430.0,235638
QaKwJQz2ST0,4766.0,4766.0,4767.0,4768.0,4768.0,4768.0,4769.0,4769.0,4771.0,4772.0,4772.0,4774.0,4774.0,4775.0,4776.0,4776.0,4778.0,4779.0,4778.0,4779.0,4779.0,4779.0,4779.0,4780.0,4780.0,4780.0,4782.0,4783.0,4783.0,4783.0,4783.0,4783.0,4784.0,4785.0,4785.0,4786.0,4788.0,4788.0,4788.0,4790.0,4790.0,4790.0,4791.0,4792.0,4794.0,4794.0,4794.0,4794.0,4794.0,4795.0,4796.0,4798.0,4798.0,4798.0,4799.0,4799.0,4799.0,4799.0,4799.0,4800.0,4800.0,4800.0,4801.0,4803.0,4804.0,4804.0,4803.0,4803.0,4803.0,4803.0,4803.0,4803.0,4804.0,4805.0,4805.0,4805.0,4805.0,4805.0,4805.0,4807.0,4808.0,4808.0,4808.0,4808.0,4808.0,4808.0,4809.0,4809.0,4809.0,4809.0,4809.0,4809.0,4809.0,4810.0,4812.0,4812.0,4813.0,4814.0,4814.0,4817.0,4817.0,4817.0,4817.0,4818.0,4818.0,4819.0,4819.0,4819.0,4820.0,4821.0,4826.0,4826.0,4826.0,4826.0,4826.0,4826.0,4826.0,4828.0,4828.0,4828.0,4828.0,4828.0,4828.0,4828.0,4828.0,4828.0,4828.0,4828.0,4830.0,4830.0,4830.0,4829.0,4829.0,4830.0,,,,,,,,,4832.0,4833.0,4834.0,4834.0,4837.0,4836.0,4836.0,4843.0,4857.0,4861.0,4863.0,4866.0,4867.0,4873.0,4885.0,4888.0,4894.0,4894.0,4897.0,4898.0,4902.0,4903.0,4903.0,4907.0,4908.0,4911.0,4911.0,4912.0,4913.0,4913.0,4915.0,4915.0,4915.0,4916.0,4916.0,4916.0,4916.0,4916.0,4917.0,4917.0,4917.0,4917.0,4917.0,4920.0,4921.0,4921.0,4919.0,4920.0,4920
HM3zXf_K7sM,6740.0,8146.0,8679.0,9018.0,9447.0,9873.0,10280.0,10726.0,11064.0,11483.0,11669.0,11930.0,12171.0,12398.0,12656.0,12864.0,13029.0,13165.0,13338.0,13541.0,13781.0,14024.0,14293.0,14475.0,14618.0,14788.0,14912.0,15033.0,15142.0,15262.0,15369.0,15488.0,15623.0,15792.0,15919.0,16036.0,16179.0,16315.0,16431.0,16569.0,16691.0,16834.0,16955.0,17084.0,17160.0,17248.0,17318.0,17421.0,17522.0,17634.0,17710.0,17772.0,17833.0,17894.0,17961.0,18031.0,18106.0,18184.0,18248.0,18321.0,18399.0,18492.0,18574.0,18647.0,18733.0,18821.0,18912.0,19000.0,19074.0,19166.0,19247.0,19316.0,19378.0,19449.0,19528.0,19615.0,19706.0,19807.0,19901.0,19954.0,20038.0,20119.0,20203.0,20286.0,20363.0,20444.0,20513.0,20573.0,20640.0,20706.0,20771.0,20838.0,20925.0,20976.0,21044.0,21095.0,21153.0,21217.0,21288.0,21377.0,21428.0,21473.0,21527.0,21606.0,21671.0,21751.0,21821.0,21887.0,21942.0,22029.0,22089.0,22181.0,22268.0,22368.0,22435.0,22463.0,22444.0,22508.0,22543.0,22603.0,22666.0,22702.0,22735.0,22791.0,22833.0,22871.0,22917.0,22963.0,23006.0,23046.0,23085.0,23130.0,23174.0,23217.0,,,,,,,,,23688.0,23736.0,23784.0,23819.0,23860.0,23905.0,23940.0,23978.0,24028.0,24079.0,24129.0,24175.0,24248.0,24293.0,24330.0,24374.0,24451.0,24517.0,24574.0,24618.0,24695.0,24736.0,24771.0,24824.0,24858.0,24897.0,24942.0,24988.0,25029.0,25069.0,25098.0,25130.0,25164.0,25189.0,25231.0,25260.0,25287.0,25318.0,25365.0,25408.0,25462.0,25523.0,25569.0,25603.0,25636.0,25672.0,25718.0,25751.0,25785
CA4Xn_qmZxc,20167.0,21445.0,22847.0,24051.0,25527.0,27333.0,29136.0,30748.0,32196.0,33196.0,34261.0,35235.0,36152.0,37049.0,37929.0,38762.0,39473.0,40147.0,40849.0,41536.0,42201.0,42852.0,43382.0,43928.0,44299.0,44818.0,45262.0,45767.0,46246.0,46658.0,47008.0,47319.0,47679.0,47994.0,48284.0,48567.0,48834.0,49065.0,49308.0,49597.0,49869.0,50148.0,50380.0,50610.0,50799.0,50966.0,51158.0,51365.0,51552.0,51752.0,51940.0,52097.0,52232.0,52410.0,52602.0,52789.0,52992.0,53167.0,53344.0,53522.0,53662.0,53805.0,53967.0,54100.0,54281.0,54448.0,54579.0,54737.0,54870.0,55011.0,55170.0,55274.0,55436.0,55576.0,55715.0,55849.0,55999.0,56138.0,56253.0,56365.0,56519.0,56648.0,56794.0,56939.0,57081.0,57226.0,57384.0,57480.0,57593.0,57727.0,57883.0,58026.0,58161.0,58312.0,58431.0,58566.0,58694.0,58830.0,58957.0,59069.0,59173.0,59282.0,59405.0,59579.0,59701.0,59833.0,59922.0,60032.0,60121.0,60276.0,60415.0,60547.0,60669.0,60788.0,60901.0,60978.0,61064.0,61162.0,61290.0,61407.0,61522.0,61611.0,61698.0,61820.0,61931.0,62030.0,62148.0,62263.0,62368.0,62488.0,62586.0,62692.0,62782.0,62877.0,,,,,,,,,63620.0,63685.0,63762.0,63843.0,63926.0,64030.0,64114.0,64190.0,64256.0,64347.0,64438.0,64533.0,64637.0,64765.0,64864.0,64950.0,65049.0,65150.0,65252.0,65333.0,65409.0,65492.0,65563.0,65659.0,65726.0,65804.0,65893.0,65989.0,66063.0,66143.0,66221.0,66303.0,66375.0,66456.0,66547.0,66601.0,66661.0,66736.0,66823.0,66892.0,66953.0,67030.0,67123.0,67185.0,67258.0,67337.0,67448.0,67522.0,67600
ABJKGH1XYaA,23535.0,24282.0,24881.0,25510.0,26009.0,26502.0,26942.0,27334.0,27752.0,28170.0,28555.0,28896.0,29245.0,29717.0,30081.0,30446.0,30733.0,31054.0,31360.0,31654.0,31945.0,32219.0,32488.0,32714.0,32923.0,33159.0,33396.0,33653.0,33977.0,34198.0,34449.0,34731.0,34932.0,35163.0,35335.0,35564.0,35775.0,35998.0,36230.0,36429.0,36621.0,36804.0,36963.0,37131.0,37309.0,37494.0,37701.0,37876.0,38083.0,38250.0,38402.0,38548.0,38700.0,38842.0,39014.0,39189.0,39333.0,39492.0,39643.0,39770.0,39908.0,40057.0,40215.0,40382.0,40488.0,40588.0,40713.0,40809.0,40915.0,41063.0,41190.0,41298.0,41416.0,41527.0,41618.0,41740.0,41873.0,41982.0,42100.0,42218.0,42333.0,42425.0,42502.0,42581.0,42647.0,42724.0,42790.0,42862.0,42952.0,43042.0,43165.0,43272.0,43362.0,43452.0,43536.0,43629.0,43717.0,43794.0,43865.0,43951.0,44046.0,44133.0,44221.0,44325.0,44410.0,44515.0,44608.0,44689.0,44767.0,44868.0,44963.0,45063.0,45131.0,45186.0,45294.0,45366.0,45446.0,45546.0,45672.0,45753.0,45828.0,45896.0,45952.0,46012.0,46057.0,46102.0,46159.0,46236.0,46288.0,46334.0,46389.0,46433.0,46473.0,46540.0,,,,,,,,,47060.0,47119.0,47170.0,47237.0,47297.0,47345.0,47389.0,47449.0,47514.0,47560.0,47633.0,47696.0,47760.0,47812.0,47872.0,47944.0,47995.0,48054.0,48125.0,48189.0,48248.0,48301.0,48361.0,48424.0,48487.0,48544.0,48600.0,48655.0,48709.0,48766.0,48841.0,48909.0,48984.0,49058.0,49102.0,49166.0,49222.0,49273.0,49342.0,49392.0,49436.0,49489.0,49546.0,49585.0,49646.0,49713.0,49761.0,49822.0,49884
C_T3lbBo6Jo,102643.0,103327.0,103927.0,104495.0,105055.0,105519.0,105977.0,106435.0,106926.0,107478.0,107952.0,108310.0,108743.0,109134.0,109516.0,109828.0,110303.0,110616.0,110981.0,111323.0,111694.0,112083.0,112482.0,112829.0,113234.0,113595.0,113993.0,114367.0,114775.0,115126.0,115489.0,115921.0,116389.0,117060.0,117643.0,118260.0,118899.0,119514.0,120033.0,120608.0,121042.0,121479.0,121956.0,122419.0,122794.0,123135.0,123565.0,123889.0,124268.0,124622.0,124910.0,125311.0,125638.0,125950.0,126304.0,126680.0,127063.0,127405.0,127897.0,128489.0,129194.0,129877.0,130489.0,130937.0,131461.0,131978.0,132622.0,133384.0,133898.0,134481.0,134998.0,135619.0,136416.0,137052.0,137579.0,138133.0,138669.0,139116.0,139696.0,140180.0,140650.0,141093.0,141552.0,141957.0,142325.0,142701.0,143307.0,143909.0,144371.0,144815.0,145229.0,145616.0,146124.0,146637.0,147080.0,147540.0,147905.0,148265.0,148662.0,149111.0,149495.0,149830.0,150220.0,150611.0,150938.0,151294.0,151673.0,152073.0,152363.0,152766.0,153157.0,153479.0,153831.0,154180.0,154559.0,154946.0,155290.0,155598.0,155852.0,156155.0,156486.0,156898.0,157260.0,157565.0,157865.0,158183.0,158463.0,158763.0,159057.0,159391.0,159675.0,160000.0,160326.0,160601.0,,,,,,,,,163811.0,164191.0,164506.0,164756.0,165022.0,165301.0,165558.0,165827.0,166130.0,166376.0,166654.0,166945.0,167308.0,167584.0,167893.0,168218.0,168519.0,168794.0,169070.0,169349.0,169583.0,169859.0,170066.0,170365.0,170643.0,170996.0,171431.0,171793.0,172151.0,172557.0,172899.0,173235.0,173673.0,174095.0,174515.0,174994.0,175452.0,175816.0,176284.0,176695.0,177133.0,177574.0,178178.0,178844.0,179450.0,180073.0,180803.0,181461.0,182099
kXG-oD12g0U,1686769.0,1689443.0,1693159.0,1696000.0,1698544.0,1700372.0,1705994.0,1710504.0,1714533.0,1716615.0,1721055.0,1728123.0,1736131.0,1744156.0,1752419.0,1760194.0,1767326.0,1774211.0,1783745.0,1793658.0,1802373.0,1811419.0,1819345.0,1824929.0,1831268.0,1839262.0,1846776.0,1853217.0,1859808.0,1866593.0,1871579.0,1876639.0,1882764.0,1889483.0,1895349.0,1898248.0,1901269.0,1908872.0,1914687.0,1917875.0,1920605.0,1926867.0,1929823.0,1931956.0,1937900.0,1943069.0,1947947.0,1951774.0,1955102.0,1958269.0,1961845.0,1964162.0,1966515.0,1969559.0,1973137.0,1976951.0,1981189.0,1987172.0,1992361.0,1996629.0,2001175.0,2006564.0,2012133.0,2018479.0,2022111.0,2024940.0,2028456.0,2031428.0,2034134.0,2037603.0,2041445.0,2044238.0,2046575.0,2048743.0,2051920.0,2055507.0,2058469.0,2061119.0,2064788.0,2067673.0,2070511.0,2073757.0,2077519.0,2081858.0,2085759.0,2089629.0,2092529.0,2094657.0,2098029.0,2101068.0,2104455.0,2107802.0,2110950.0,2113696.0,2115971.0,2119324.0,2122658.0,2126485.0,2130754.0,2135119.0,2139046.0,2142207.0,2146177.0,2150582.0,2154968.0,2159144.0,2163263.0,2166525.0,2169801.0,2173564.0,2177299.0,2181493.0,2185045.0,2188374.0,2191278.0,2193930.0,2197272.0,2200739.0,2204091.0,2206957.0,2209621.0,2212057.0,2214009.0,2215547.0,2217397.0,2219453.0,2221315.0,2223511.0,2225450.0,2227041.0,2228979.0,2230993.0,2233002.0,2234729.0,,,,,,,,,2255640.0,2257767.0,2260522.0,2263349.0,2265717.0,2268270.0,2270650.0,2272793.0,2274577.0,2277289.0,2279991.0,2282657.0,2285460.0,2288247.0,2290498.0,2292458.0,2294913.0,2297744.0,2300706.0,2303725.0,2306773.0,2309403.0,2311863.0,2314638.0,2317561.0,2320446.0,2323432.0,2326304.0,2328717.0,2330909.0,2333753.0,2336991.0,2340538.0,2343787.0,2346942.0,2349402.0,2351621.0,2354363.0,2357246.0,2360266.0,2363014.0,2366092.0,2368737.0,2370839.0,2373427.0,2376043.0,2378615.0,2381004.0,2383387
-io3ZkzEWjs,506708.0,521535.0,533974.0,545322.0,556645.0,569418.0,579760.0,591559.0,602574.0,612185.0,620733.0,629177.0,637813.0,646345.0,654965.0,662881.0,669778.0,676057.0,683338.0,690091.0,696517.0,703238.0,709048.0,714453.0,719554.0,725497.0,730989.0,736544.0,742641.0,748413.0,753487.0,757737.0,762712.0,767728.0,774588.0,780236.0,785099.0,789540.0,793571.0,798281.0,803733.0,808500.0,813202.0,818195.0,822686.0,826826.0,831254.0,835271.0,838873.0,842075.0,845163.0,848167.0,851029.0,854168.0,857335.0,860496.0,863730.0,866743.0,869721.0,872492.0,875509.0,878775.0,881913.0,884705.0,887525.0,890278.0,892705.0,895451.0,898032.0,901516.0,904577.0,907385.0,910012.0,912365.0,915374.0,918587.0,921643.0,924730.0,928002.0,931133.0,933843.0,936517.0,939452.0,942606.0,945783.0,949441.0,952693.0,955411.0,958748.0,963126.0,967087.0,970897.0,974247.0,977563.0,981456.0,986675.0,993687.0,999388.0,1005314.0,1010374.0,1015116.0,1019499.0,1023764.0,1027675.0,1031656.0,1034906.0,1037959.0,1040497.0,1042676.0,1045640.0,1048452.0,1051091.0,1053537.0,1055837.0,1057897.0,1059690.0,1062135.0,1064455.0,1066762.0,1068919.0,1071007.0,1072827.0,1074588.0,1076668.0,1078838.0,1080867.0,1082777.0,1084657.0,1086216.0,1087722.0,1089639.0,1091474.0,1093444.0,1095047.0,,,,,,,,,1110912.0,1112659.0,1114548.0,1116371.0,1118438.0,1120747.0,1122718.0,1124525.0,1126583.0,1128818.0,1131014.0,1133102.0,1135095.0,1137105.0,1138914.0,1140741.0,1142765.0,1145132.0,1147451.0,1149444.0,1151132.0,1152770.0,1154463.0,1156615.0,1158980.0,1160916.0,1162812.0,1164922.0,1166595.0,1168286.0,1170206.0,1172231.0,1174458.0,1176435.0,1178239.0,1179754.0,1181228.0,1182876.0,1184611.0,1186168.0,1187799.0,1189170.0,1190483.0,1191735.0,1193149.0,1194738.0,1196255.0,1197727.0,1199065
4LBqeAxDrHk,20075.0,20885.0,21500.0,22195.0,22699.0,23213.0,23668.0,24254.0,24679.0,25100.0,25407.0,25778.0,26158.0,26509.0,26758.0,27165.0,27481.0,27805.0,28129.0,28352.0,28610.0,28893.0,29251.0,29518.0,29763.0,29971.0,30169.0,30401.0,30597.0,30754.0,30933.0,31116.0,31291.0,31483.0,31630.0,31778.0,31940.0,32050.0,32207.0,32326.0,32447.0,32596.0,32774.0,32923.0,33047.0,33169.0,33310.0,33454.0,33627.0,33773.0,33926.0,34086.0,34209.0,34343.0,34493.0,34595.0,34726.0,34854.0,34962.0,35074.0,35185.0,35298.0,35419.0,35533.0,35622.0,35752.0,35832.0,35939.0,36023.0,36115.0,36212.0,36322.0,36468.0,36607.0,36719.0,36834.0,36910.0,37068.0,37177.0,37269.0,37363.0,37463.0,37542.0,37625.0,37712.0,37794.0,37865.0,37972.0,38086.0,38189.0,38311.0,38487.0,38667.0,38783.0,38932.0,39030.0,39161.0,39265.0,39399.0,39532.0,39643.0,39740.0,39845.0,39933.0,40019.0,40126.0,40203.0,40288.0,40375.0,40445.0,40538.0,40618.0,40725.0,40779.0,40878.0,40943.0,41014.0,41083.0,41165.0,41257.0,41306.0,41383.0,41453.0,41521.0,41571.0,41613.0,41682.0,41747.0,41815.0,41867.0,41931.0,41978.0,42044.0,42106.0,,,,,,,,,42797.0,42868.0,42946.0,43028.0,43108.0,43178.0,43263.0,43338.0,43411.0,43483.0,43546.0,43635.0,43754.0,43823.0,43881.0,43937.0,44033.0,44131.0,44227.0,44344.0,44479.0,44624.0,44755.0,44852.0,44988.0,45066.0,45161.0,45245.0,45350.0,45450.0,45559.0,45718.0,45836.0,45958.0,46065.0,46160.0,46260.0,46350.0,46476.0,46577.0,46696.0,46826.0,46940.0,47044.0,47153.0,47262.0,47378.0,47480.0,47572
peLX5ArUW70,129239.0,129906.0,130707.0,131421.0,131955.0,132402.0,132964.0,133419.0,133926.0,134469.0,135056.0,135598.0,136074.0,136531.0,136910.0,137418.0,137935.0,138353.0,138742.0,139284.0,139663.0,140029.0,140442.0,140914.0,141354.0,141751.0,142147.0,142540.0,142911.0,143289.0,143666.0,144037.0,144384.0,144835.0,145242.0,145687.0,146154.0,146486.0,146757.0,147049.0,147464.0,147853.0,148168.0,148464.0,148943.0,149314.0,149718.0,150061.0,150350.0,150698.0,151120.0,151492.0,151808.0,152107.0,152375.0,152671.0,153050.0,153368.0,153675.0,153955.0,154195.0,154492.0,154784.0,155067.0,155320.0,155557.0,155774.0,156058.0,156278.0,156521.0,156814.0,157053.0,157309.0,157514.0,157795.0,158101.0,158384.0,158673.0,158963.0,159198.0,159440.0,159706.0,159987.0,160275.0,160534.0,160818.0,161027.0,161269.0,161590.0,161828.0,162093.0,162424.0,162707.0,163025.0,163229.0,163513.0,163751.0,163971.0,164205.0,164493.0,164752.0,164930.0,165127.0,165370.0,165583.0,165801.0,166006.0,166182.0,166367.0,166532.0,166720.0,166922.0,167181.0,167425.0,167610.0,167793.0,168013.0,168161.0,168370.0,168534.0,168748.0,168909.0,169088.0,169246.0,169408.0,169571.0,169763.0,170027.0,170220.0,170385.0,170561.0,170760.0,170960.0,171123.0,,,,,,,,,172951.0,173117.0,173334.0,173498.0,173735.0,173911.0,174104.0,174263.0,174438.0,174633.0,174867.0,175185.0,175458.0,175800.0,176034.0,176220.0,176442.0,176624.0,176897.0,177099.0,177361.0,177668.0,177973.0,178283.0,178657.0,179002.0,179253.0,179544.0,179852.0,180140.0,180432.0,180735.0,181097.0,181368.0,181678.0,181964.0,182198.0,182496.0,182791.0,183105.0,183453.0,183745.0,184020.0,184225.0,184522.0,184774.0,185016.0,185312.0,185567
ePaQzwcQoN8,143351.0,145555.0,147609.0,149603.0,151841.0,153938.0,156083.0,158394.0,160311.0,162076.0,163409.0,164955.0,166644.0,168378.0,170197.0,171896.0,173524.0,175043.0,176804.0,178214.0,179653.0,181061.0,182586.0,184092.0,185286.0,186536.0,187753.0,189165.0,190643.0,191983.0,193235.0,194124.0,195505.0,196577.0,197740.0,199031.0,200074.0,201237.0,202020.0,203007.0,204059.0,204957.0,205937.0,206933.0,207858.0,208777.0,209959.0,211097.0,212052.0,213245.0,214406.0,216159.0,217645.0,218986.0,220488.0,221484.0,222520.0,223618.0,224578.0,225413.0,226500.0,227709.0,228949.0,230352.0,231480.0,232360.0,233352.0,234511.0,235649.0,236842.0,237879.0,239087.0,240396.0,241391.0,242747.0,244032.0,245383.0,246720.0,248218.0,249309.0,250256.0,251404.0,252405.0,253354.0,254382.0,255354.0,256277.0,256903.0,257809.0,258598.0,259515.0,260697.0,261721.0,262669.0,263366.0,264365.0,265257.0,265965.0,266883.0,267814.0,268910.0,269526.0,270351.0,271178.0,271934.0,272911.0,273612.0,274251.0,275031.0,275932.0,276589.0,277362.0,278205.0,279030.0,279721.0,280404.0,281048.0,281843.0,282529.0,283132.0,283794.0,284483.0,285169.0,285780.0,286387.0,287186.0,287885.0,288719.0,289396.0,290051.0,290839.0,291564.0,292516.0,293436.0,,,,,,,,,301462.0,302211.0,302929.0,303623.0,304291.0,305127.0,305787.0,306459.0,307078.0,307778.0,308853.0,309729.0,310747.0,311889.0,312618.0,313305.0,314222.0,315106.0,315930.0,316874.0,317743.0,318685.0,319705.0,320761.0,321704.0,322584.0,323433.0,324438.0,325369.0,326095.0,327143.0,328171.0,329108.0,330191.0,331190.0,332066.0,332996.0,334021.0,334975.0,335880.0,336916.0,337845.0,338816.0,339627.0,340600.0,341644.0,342486.0,343513.0,344614
gmnztLpdtGM,412292.0,414398.0,416616.0,418699.0,419698.0,420710.0,421762.0,422804.0,424076.0,426070.0,428294.0,429286.0,430296.0,431153.0,432100.0,433103.0,434978.0,436577.0,437439.0,438074.0,439015.0,439767.0,440582.0,442022.0,443241.0,444006.0,444640.0,445106.0,446006.0,446682.0,447913.0,449104.0,449742.0,450149.0,450811.0,451460.0,452170.0,453338.0,454496.0,455057.0,455515.0,455837.0,456414.0,456851.0,457734.0,458651.0,459163.0,459697.0,460194.0,460789.0,461318.0,462145.0,462887.0,463431.0,463988.0,464568.0,465081.0,465680.0,466255.0,466960.0,467527.0,467981.0,468508.0,469018.0,469537.0,470334.0,470830.0,471350.0,471825.0,472425.0,472796.0,473582.0,474076.0,474682.0,475031.0,475399.0,475753.0,476097.0,476420.0,476976.0,477524.0,477787.0,478130.0,478460.0,478727.0,478942.0,479431.0,479911.0,480120.0,480416.0,480654.0,480887.0,481141.0,481552.0,482094.0,482292.0,482519.0,482753.0,483018.0,483292.0,483756.0,484249.0,484488.0,484722.0,484956.0,485163.0,485482.0,485893.0,486451.0,486737.0,486982.0,487288.0,487552.0,487881.0,488387.0,488818.0,489023.0,489301.0,489469.0,489802.0,490320.0,490814.0,491243.0,491830.0,492261.0,492631.0,493077.0,493483.0,493810.0,494217.0,494437.0,494673.0,494837.0,495079.0,,,,,,,,,497540.0,497903.0,498130.0,498359.0,498656.0,498884.0,499167.0,499657.0,500277.0,500584.0,500991.0,501453.0,501984.0,502593.0,503519.0,504412.0,504907.0,505324.0,505836.0,506216.0,506781.0,507495.0,508318.0,508735.0,509154.0,509511.0,509927.0,510325.0,511070.0,511657.0,512068.0,512391.0,512745.0,513099.0,513517.0,514353.0,515018.0,515391.0,515654.0,515921.0,516481.0,516968.0,517786.0,518523.0,518936.0,519245.0,519666.0,519909.0,520247
fgRhYgBlbOY,241415.0,252582.0,263355.0,272905.0,278026.0,282767.0,287462.0,292652.0,298323.0,307047.0,315171.0,318940.0,322569.0,325920.0,329576.0,333783.0,340949.0,347158.0,350238.0,353171.0,356336.0,359850.0,363697.0,369396.0,374512.0,377143.0,379552.0,381854.0,384239.0,386880.0,391106.0,395007.0,397225.0,399391.0,401268.0,403182.0,405261.0,408457.0,411354.0,412742.0,414314.0,415680.0,417287.0,419064.0,422120.0,424927.0,426788.0,428891.0,430880.0,432818.0,434817.0,438179.0,441146.0,443488.0,446038.0,448744.0,451655.0,455057.0,458702.0,462232.0,464852.0,467255.0,469628.0,472023.0,474287.0,477286.0,480251.0,482602.0,484410.0,487190.0,489551.0,492400.0,494862.0,497082.0,498811.0,500499.0,502101.0,503426.0,504949.0,507472.0,509631.0,511008.0,512255.0,513611.0,514907.0,516301.0,518338.0,520568.0,521925.0,523299.0,524569.0,525772.0,527075.0,528987.0,530664.0,531766.0,532927.0,534074.0,535114.0,536149.0,537847.0,539551.0,540543.0,541544.0,542754.0,543984.0,545307.0,547340.0,549439.0,550909.0,552279.0,553585.0,554707.0,555892.0,557950.0,559898.0,561046.0,562171.0,563393.0,564782.0,567067.0,569161.0,571495.0,573540.0,575231.0,577112.0,579013.0,580748.0,582939.0,584984.0,586182.0,587334.0,588437.0,589503.0,,,,,,,,,603117.0,605292.0,606500.0,607716.0,608866.0,610011.0,611177.0,613221.0,615198.0,616233.0,617114.0,618475.0,619919.0,621428.0,623841.0,625949.0,627256.0,628518.0,629962.0,631604.0,633197.0,635666.0,638166.0,639576.0,641019.0,642457.0,643976.0,645621.0,648248.0,650803.0,652288.0,653642.0,655015.0,656385.0,657871.0,660638.0,663048.0,664364.0,665799.0,667014.0,668361.0,669997.0,672601.0,674975.0,676067.0,677257.0,678398.0,679521.0,680801
b04SsjH_IPU,48938.0,49602.0,50219.0,50765.0,51144.0,51425.0,51587.0,51773.0,51973.0,52416.0,52778.0,52935.0,53102.0,53244.0,53384.0,53511.0,53669.0,53853.0,53915.0,53955.0,54039.0,54105.0,54221.0,54352.0,54509.0,54582.0,54643.0,54714.0,54795.0,54854.0,54941.0,55035.0,55095.0,55135.0,55168.0,55214.0,55277.0,55345.0,55433.0,55472.0,55506.0,55536.0,55578.0,55616.0,55678.0,55741.0,55808.0,55863.0,55898.0,55940.0,55994.0,56085.0,56138.0,56196.0,56224.0,56295.0,56364.0,56440.0,56521.0,56596.0,56640.0,56678.0,56730.0,56760.0,56791.0,56822.0,56863.0,56901.0,56938.0,56991.0,57020.0,57072.0,57093.0,57132.0,57168.0,57192.0,57222.0,57254.0,57280.0,57317.0,57342.0,57357.0,57375.0,57400.0,57436.0,57459.0,57497.0,57537.0,57552.0,57564.0,57587.0,57597.0,57615.0,57657.0,57675.0,57684.0,57702.0,57718.0,57739.0,57755.0,57792.0,57824.0,57843.0,57864.0,57883.0,57902.0,57924.0,57966.0,58007.0,58031.0,58058.0,58112.0,58138.0,58155.0,58190.0,58238.0,58258.0,58286.0,58295.0,58311.0,58344.0,58363.0,58383.0,58402.0,58428.0,58440.0,58458.0,58485.0,58504.0,58519.0,58529.0,58542.0,58559.0,58576.0,,,,,,,,,58718.0,58739.0,58749.0,58761.0,58777.0,58796.0,58812.0,58840.0,58868.0,58889.0,58906.0,58942.0,58977.0,59004.0,59053.0,59100.0,59121.0,59138.0,59164.0,59185.0,59201.0,59225.0,59263.0,59274.0,59286.0,59295.0,59305.0,59326.0,59355.0,59378.0,59390.0,59402.0,59413.0,59431.0,59448.0,59482.0,59510.0,59517.0,59530.0,59538.0,59547.0,59570.0,59594.0,59617.0,59628.0,59643.0,59659.0,59665.0,59681
QzreAWOg8dI,30116.0,31674.0,32837.0,34187.0,35277.0,36605.0,37410.0,37890.0,38343.0,38806.0,39251.0,39612.0,39973.0,40370.0,40799.0,41148.0,41470.0,41706.0,42019.0,42287.0,42558.0,42786.0,43038.0,43267.0,43451.0,43659.0,43803.0,43955.0,44136.0,44328.0,44483.0,44655.0,44780.0,44908.0,45060.0,45227.0,45385.0,45517.0,45641.0,45795.0,45906.0,46060.0,46171.0,46328.0,46447.0,46560.0,46665.0,46786.0,46920.0,47026.0,47132.0,47251.0,47334.0,47432.0,47519.0,47582.0,47684.0,47761.0,47853.0,47950.0,48051.0,48148.0,48224.0,48298.0,48373.0,48431.0,48511.0,48601.0,48666.0,48736.0,48798.0,48861.0,48938.0,48994.0,49071.0,49135.0,49209.0,49270.0,49334.0,49397.0,49471.0,49545.0,49606.0,49663.0,49755.0,49831.0,49891.0,49949.0,50010.0,50078.0,50150.0,50214.0,50301.0,50384.0,50472.0,50547.0,50620.0,50687.0,50731.0,50801.0,50847.0,50932.0,51006.0,51132.0,51291.0,51384.0,51483.0,51617.0,51742.0,51865.0,51972.0,52051.0,52147.0,52241.0,52336.0,52416.0,52493.0,52570.0,52626.0,52698.0,52759.0,52823.0,52875.0,52921.0,52955.0,52994.0,53052.0,53116.0,53175.0,53226.0,53284.0,53328.0,53365.0,53418.0,,,,,,,,,53851.0,53908.0,53971.0,54040.0,54113.0,54172.0,54245.0,54327.0,54389.0,54448.0,54500.0,54557.0,54633.0,54700.0,54750.0,54790.0,54820.0,54873.0,54923.0,54963.0,54988.0,55022.0,55051.0,55084.0,55109.0,55151.0,55192.0,55217.0,55257.0,55284.0,55312.0,55343.0,55369.0,55407.0,55426.0,55452.0,55479.0,55512.0,55553.0,55587.0,55625.0,55665.0,55702.0,55726.0,55754.0,55792.0,55835.0,55871.0,55894
EuZrWU0hKpU,17292.0,17655.0,18018.0,18639.0,19165.0,19615.0,20071.0,20606.0,21074.0,21448.0,21883.0,22112.0,22346.0,22509.0,22649.0,22727.0,22802.0,22860.0,22920.0,22969.0,23006.0,23037.0,23051.0,23083.0,23103.0,23120.0,23145.0,23162.0,23180.0,23209.0,23227.0,23240.0,23257.0,23269.0,23283.0,23304.0,23328.0,23348.0,23355.0,23362.0,23366.0,23375.0,23387.0,23392.0,23398.0,23407.0,23410.0,23421.0,23428.0,23431.0,23439.0,23447.0,23453.0,23457.0,23463.0,23467.0,23473.0,23475.0,23477.0,23481.0,23484.0,23488.0,23492.0,23504.0,23510.0,23515.0,23525.0,23531.0,23536.0,23547.0,23554.0,23558.0,23563.0,23572.0,23577.0,23580.0,23582.0,23589.0,23593.0,23597.0,23599.0,23601.0,23603.0,23606.0,23606.0,23608.0,23610.0,23612.0,23614.0,23617.0,23619.0,23621.0,23625.0,23626.0,23626.0,23627.0,23629.0,23633.0,23634.0,23637.0,23644.0,23651.0,23652.0,23654.0,23656.0,23662.0,23669.0,23672.0,23676.0,23679.0,23684.0,23687.0,23690.0,23709.0,23717.0,23721.0,23727.0,23730.0,23731.0,23733.0,23738.0,23739.0,23741.0,23741.0,23742.0,23743.0,23745.0,23750.0,23755.0,23756.0,23758.0,23759.0,23761.0,23763.0,,,,,,,,,23782.0,23784.0,23784.0,23784.0,23784.0,23785.0,23785.0,23790.0,23796.0,23798.0,23799.0,23799.0,23802.0,23803.0,23806.0,23809.0,23811.0,23813.0,23815.0,23815.0,23817.0,23820.0,23821.0,23823.0,23825.0,23830.0,23834.0,23835.0,23836.0,23837.0,23837.0,23838.0,23838.0,23838.0,23840.0,23840.0,23841.0,23846.0,23847.0,23847.0,23852.0,23853.0,23855.0,23855.0,23856.0,23858.0,23858.0,23859.0,23859
Gim17pWLWRs,8550374.0,8552338.0,8554612.0,8556733.0,8558762.0,8560533.0,8561983.0,8563376.0,8564661.0,8565911.0,8567113.0,8568189.0,8569205.0,8570337.0,8571761.0,8572926.0,8574065.0,8575293.0,8576353.0,8577284.0,8578271.0,8579341.0,8580200.0,8581031.0,8581808.0,8582570.0,8583308.0,8584074.0,8584763.0,8585441.0,8586155.0,8586768.0,8587364.0,8587887.0,8588535.0,8589114.0,8589860.0,8590476.0,8591058.0,8591644.0,8592275.0,8592897.0,8593542.0,8594145.0,8594680.0,8595169.0,8595831.0,,8596787.0,8644364.0,8721713.0,8811018.0,8908154.0,8998051.0,9089225.0,9183885.0,9295547.0,9402407.0,9504619.0,9605806.0,9708209.0,9804738.0,9898505.0,9984970.0,10074545.0,10164566.0,10249976.0,10343118.0,10428418.0,10434930.0,10436138.0,10438353.0,10440740.0,10443032.0,10445042.0,10447037.0,10448817.0,10450635.0,10452168.0,10453741.0,10455197.0,10456323.0,10457460.0,10458597.0,10459771.0,10460832.0,10461824.0,10462780.0,10463760.0,10464701.0,10465646.0,10466444.0,10467292.0,10468095.0,10468895.0,10469720.0,10470405.0,10471096.0,10471818.0,10472433.0,10473217.0,10473976.0,10474612.0,10475210.0,10475864.0,10476630.0,10477298.0,10477982.0,10478854.0,10479583.0,10480203.0,10480833.0,10481367.0,10481904.0,10482466.0,10482997.0,10483438.0,10483844.0,10484295.0,10484799.0,10485223.0,10485656.0,10486085.0,10486516.0,10486942.0,10487350.0,10487803.0,10488316.0,10488881.0,10489419.0,10489906.0,10490344.0,10490776.0,10491204.0,,,,,,,,,10494943.0,10495347.0,10495687.0,10496059.0,10496407.0,10496854.0,10497255.0,10497662.0,10498105.0,10498498.0,10498908.0,10499298.0,10499687.0,10500158.0,10500585.0,10500961.0,10501333.0,10501730.0,10502090.0,10502434.0,10502776.0,10503156.0,10503534.0,10503849.0,10504133.0,10504443.0,10504753.0,10505060.0,10505337.0,10505653.0,10506019.0,10506304.0,10506607.0,10506899.0,10507168.0,10507441.0,10507726.0,10508020.0,10508291.0,10508579.0,10508881.0,10509186.0,10509445.0,10509783.0,10510097.0,10510379.0,10510646.0,10510933.0,10511197
cmLUGxJTi0s,21906.0,24611.0,27413.0,29544.0,32614.0,35419.0,37216.0,38634.0,40281.0,41918.0,42851.0,43882.0,44847.0,45944.0,47034.0,47789.0,48538.0,49235.0,49967.0,50832.0,51646.0,52365.0,53134.0,53930.0,54394.0,54974.0,55577.0,56188.0,56849.0,57443.0,57965.0,58355.0,58820.0,59221.0,59569.0,59989.0,60438.0,60845.0,61151.0,61467.0,61860.0,62281.0,62622.0,63100.0,63420.0,63701.0,63998.0,64388.0,64707.0,65042.0,65329.0,65615.0,65852.0,66142.0,66459.0,66749.0,67025.0,67364.0,67588.0,67771.0,68000.0,68290.0,68551.0,68811.0,69098.0,69331.0,69484.0,69681.0,69895.0,70114.0,70377.0,70567.0,70750.0,70941.0,71151.0,71390.0,71586.0,71779.0,72076.0,72317.0,72501.0,72711.0,72959.0,73188.0,73398.0,73618.0,73801.0,74042.0,74339.0,74558.0,74852.0,75038.0,75256.0,75453.0,75571.0,75783.0,75988.0,76221.0,76449.0,76708.0,76919.0,77106.0,77324.0,77545.0,77767.0,77978.0,78229.0,78464.0,78672.0,78945.0,79245.0,79492.0,79758.0,80054.0,80255.0,80406.0,80624.0,80907.0,81193.0,81438.0,81639.0,81808.0,81926.0,82079.0,82214.0,82337.0,82477.0,82614.0,82789.0,82941.0,83089.0,83224.0,83366.0,83511.0,,,,,,,,,84660.0,84751.0,84867.0,84981.0,85105.0,85226.0,85334.0,85437.0,85600.0,85777.0,85959.0,86172.0,86369.0,86550.0,86679.0,86800.0,86958.0,87113.0,87276.0,87419.0,87534.0,87650.0,87775.0,87913.0,88048.0,88192.0,88346.0,88542.0,88681.0,88803.0,88954.0,89127.0,89268.0,89411.0,89570.0,89712.0,89816.0,89975.0,90134.0,90313.0,90475.0,90637.0,90799.0,90962.0,91161.0,91356.0,91554.0,91747.0,92023
s5vQc_Rfcjc,729.0,739.0,747.0,760.0,776.0,780.0,788.0,796.0,796.0,798.0,799.0,801.0,800.0,801.0,817.0,821.0,823.0,823.0,823.0,824.0,825.0,830.0,831.0,836.0,837.0,836.0,837.0,837.0,837.0,838.0,838.0,841.0,838.0,842.0,839.0,841.0,841.0,841.0,841.0,841.0,842.0,843.0,842.0,843.0,844.0,846.0,846.0,846.0,847.0,847.0,847.0,847.0,849.0,851.0,851.0,851.0,852.0,852.0,852.0,853.0,853.0,854.0,854.0,854.0,854.0,859.0,859.0,860.0,861.0,861.0,861.0,861.0,861.0,861.0,861.0,861.0,864.0,864.0,864.0,863.0,864.0,864.0,864.0,864.0,866.0,867.0,867.0,867.0,867.0,867.0,868.0,868.0,868.0,868.0,870.0,870.0,870.0,870.0,871.0,871.0,871.0,871.0,871.0,871.0,871.0,871.0,871.0,871.0,871.0,873.0,873.0,873.0,873.0,874.0,875.0,875.0,875.0,875.0,876.0,876.0,876.0,876.0,876.0,876.0,876.0,876.0,876.0,876.0,876.0,876.0,876.0,876.0,876.0,876.0,,,,,,,,,876.0,876.0,876.0,877.0,878.0,878.0,878.0,879.0,879.0,879.0,879.0,879.0,879.0,879.0,879.0,879.0,880.0,880.0,880.0,880.0,881.0,881.0,881.0,881.0,881.0,881.0,881.0,881.0,881.0,881.0,881.0,881.0,881.0,881.0,881.0,881.0,881.0,881.0,881.0,881.0,881.0,881.0,881.0,881.0,881.0,882.0,882.0,882.0,882
nD4BPituV3M,16154.0,16253.0,16341.0,16415.0,16463.0,16514.0,16569.0,16600.0,16621.0,16652.0,16680.0,16699.0,16719.0,16733.0,16751.0,16770.0,16794.0,16812.0,16826.0,16835.0,16845.0,16863.0,16876.0,16894.0,16902.0,16920.0,16945.0,16958.0,16968.0,16974.0,16986.0,17003.0,17038.0,17068.0,17091.0,17103.0,17114.0,17125.0,17138.0,17145.0,17158.0,17162.0,17180.0,17188.0,17195.0,17200.0,17205.0,17208.0,17213.0,17217.0,17221.0,17227.0,17238.0,17243.0,17251.0,17253.0,17258.0,17260.0,17262.0,17263.0,17269.0,17276.0,17277.0,17281.0,17284.0,17287.0,17289.0,17294.0,17297.0,17305.0,17307.0,17311.0,17313.0,17315.0,17316.0,17319.0,17323.0,17323.0,17325.0,17326.0,17335.0,17340.0,17346.0,17351.0,17360.0,17362.0,17367.0,17369.0,17376.0,17375.0,17377.0,17382.0,17387.0,17390.0,17395.0,17397.0,17399.0,17400.0,17402.0,17405.0,17409.0,17415.0,17417.0,17418.0,17419.0,17420.0,17420.0,17425.0,17426.0,17427.0,17434.0,17445.0,17453.0,17460.0,17469.0,17473.0,17476.0,17479.0,17484.0,17493.0,17498.0,17499.0,17510.0,17522.0,17534.0,17543.0,17549.0,17558.0,17564.0,17572.0,17578.0,17580.0,17583.0,17586.0,,,,,,,,,17613.0,17616.0,17619.0,17623.0,17625.0,17625.0,17627.0,17628.0,17628.0,17629.0,17631.0,17633.0,17634.0,17634.0,17642.0,17645.0,17646.0,17647.0,17650.0,17652.0,17653.0,17655.0,17655.0,17655.0,17659.0,17659.0,17659.0,17660.0,17661.0,17663.0,17665.0,17665.0,17665.0,17667.0,17667.0,17669.0,17672.0,17675.0,17675.0,17675.0,17677.0,17677.0,17675.0,17678.0,17680.0,17680.0,17680.0,17680.0,17680
hG4yWc4YFUk,214813.0,227752.0,238378.0,247715.0,258808.0,270732.0,281029.0,291397.0,302619.0,311920.0,321621.0,330776.0,339846.0,348700.0,358301.0,366380.0,373393.0,379717.0,386700.0,393109.0,398325.0,404037.0,410776.0,417563.0,424460.0,430759.0,437432.0,442982.0,448922.0,457060.0,463129.0,469603.0,476712.0,483514.0,491648.0,498947.0,503959.0,507386.0,510534.0,513759.0,516865.0,520292.0,523368.0,526737.0,529891.0,532498.0,535316.0,538835.0,543667.0,548078.0,552273.0,555827.0,559031.0,562650.0,565889.0,568929.0,572029.0,575245.0,579324.0,583582.0,587898.0,593033.0,598387.0,603459.0,608306.0,613176.0,617587.0,622363.0,626428.0,631586.0,647600.0,654513.0,660538.0,667090.0,674586.0,682275.0,692139.0,701469.0,710536.0,717765.0,724491.0,731739.0,739034.0,746647.0,754669.0,762551.0,769583.0,776125.0,783919.0,790971.0,798356.0,805275.0,812404.0,818905.0,824602.0,830983.0,836675.0,841910.0,847296.0,853529.0,858711.0,864294.0,870796.0,876888.0,882919.0,888925.0,894906.0,900115.0,904682.0,909827.0,914977.0,919699.0,924592.0,929392.0,934099.0,938298.0,943278.0,949354.0,955922.0,962204.0,967711.0,972510.0,977154.0,981277.0,985551.0,990252.0,995126.0,1000676.0,1005813.0,1009959.0,1014294.0,1019032.0,1024176.0,1029181.0,,,,,,,,,1075312.0,1079858.0,1085608.0,1091091.0,1096985.0,1103962.0,1109004.0,1114009.0,1119404.0,1125814.0,1132343.0,1138747.0,1145951.0,1151775.0,1156985.0,1161779.0,1168102.0,1174769.0,1181697.0,1186229.0,1189855.0,1193625.0,1197002.0,1200631.0,1204518.0,1208584.0,1213074.0,1217503.0,1221570.0,1225540.0,1230160.0,1234552.0,1239356.0,1243947.0,1248620.0,1252899.0,1256563.0,1261275.0,1265340.0,1269110.0,1272743.0,1276349.0,1279567.0,1282765.0,1286180.0,1290002.0,1293638.0,1297279.0,1300872
Wav7xL1U9rg,445571.0,461518.0,476970.0,491066.0,505912.0,521100.0,534674.0,548703.0,562317.0,573793.0,584176.0,594856.0,605873.0,616676.0,627065.0,636712.0,645479.0,653445.0,662104.0,670573.0,678905.0,687827.0,696303.0,704448.0,712153.0,721067.0,728447.0,735543.0,743026.0,750175.0,756649.0,762115.0,768029.0,773826.0,779805.0,785381.0,790863.0,795856.0,800436.0,805070.0,809723.0,814032.0,818682.0,823538.0,827809.0,831432.0,836089.0,842677.0,847805.0,852519.0,857205.0,860848.0,863843.0,867067.0,870306.0,873645.0,877153.0,880282.0,882984.0,885579.0,888535.0,891667.0,894838.0,897728.0,900665.0,903257.0,905451.0,907797.0,909780.0,912436.0,914846.0,917093.0,919393.0,921500.0,924100.0,926623.0,929357.0,931916.0,934497.0,937011.0,939248.0,941850.0,944393.0,946963.0,949508.0,952007.0,954265.0,956400.0,958842.0,961053.0,963442.0,965593.0,967684.0,969943.0,971893.0,974110.0,976503.0,978779.0,980971.0,983072.0,985240.0,987494.0,989631.0,991783.0,994045.0,996234.0,998467.0,1000855.0,1002889.0,1004795.0,1006775.0,1008632.0,1010572.0,1012447.0,1014318.0,1016000.0,1017741.0,1019479.0,1021298.0,1023092.0,1024822.0,1026530.0,1028092.0,1029761.0,1031463.0,1033191.0,1034884.0,1036708.0,1038529.0,1040220.0,1041938.0,1043719.0,1045552.0,1047237.0,,,,,,,,,1071909.0,1074011.0,1076064.0,1077884.0,1079219.0,1080531.0,1081637.0,1082806.0,1084023.0,1085196.0,1086320.0,1087517.0,1088715.0,1089979.0,1091107.0,1092064.0,1093106.0,1094211.0,1095257.0,1096258.0,1097225.0,1098241.0,1099430.0,1100460.0,1101579.0,1102605.0,1103619.0,1104617.0,1105610.0,1106552.0,1107491.0,1108403.0,1109268.0,1110080.0,1110977.0,1111840.0,1112626.0,1113480.0,1114465.0,1115384.0,1116314.0,1117257.0,1118272.0,1119183.0,1120124.0,1121085.0,1122000.0,1122875.0,1123762
NuZnUD8JYew,8466.0,8592.0,8692.0,8854.0,9046.0,9176.0,9336.0,9475.0,9664.0,9880.0,10039.0,10166.0,10271.0,10400.0,10504.0,10606.0,10746.0,10842.0,10927.0,11031.0,11130.0,11244.0,11314.0,11390.0,11461.0,11524.0,11596.0,11652.0,11721.0,11786.0,11844.0,11896.0,11953.0,12003.0,12062.0,12121.0,12174.0,12238.0,12278.0,12322.0,12357.0,12394.0,12438.0,12481.0,12511.0,12553.0,12586.0,12631.0,12663.0,12711.0,12750.0,12786.0,12807.0,12846.0,12871.0,12900.0,12942.0,12980.0,13014.0,13052.0,13098.0,13133.0,13172.0,13198.0,13233.0,13273.0,13304.0,13334.0,13358.0,13393.0,13433.0,13459.0,13495.0,13521.0,13550.0,13576.0,13598.0,13620.0,13656.0,13689.0,13707.0,13735.0,13780.0,13821.0,13837.0,13863.0,13890.0,13911.0,13929.0,13952.0,13989.0,14012.0,14041.0,14063.0,14079.0,14096.0,14117.0,14143.0,14158.0,14179.0,14188.0,14211.0,14226.0,14245.0,14267.0,14287.0,14307.0,14321.0,14340.0,14360.0,14381.0,14406.0,14430.0,14445.0,14463.0,14489.0,14510.0,14533.0,14556.0,14576.0,14597.0,14622.0,14643.0,14672.0,14695.0,14723.0,14747.0,14789.0,14850.0,14977.0,15054.0,15090.0,15115.0,15138.0,,,,,,,,,15292.0,15307.0,15318.0,15336.0,15363.0,15386.0,15398.0,15412.0,15425.0,15440.0,15458.0,15474.0,15493.0,15510.0,15530.0,15547.0,15553.0,15564.0,15574.0,15590.0,15597.0,15609.0,15615.0,15637.0,15674.0,15694.0,15705.0,15720.0,15745.0,15761.0,15780.0,15794.0,15804.0,15823.0,15834.0,15846.0,15863.0,15870.0,15878.0,15887.0,15895.0,15912.0,15937.0,15948.0,15956.0,15967.0,15973.0,15982.0,15992
2UPLMUgTQUo,818.0,831.0,842.0,868.0,908.0,996.0,1106.0,1145.0,1171.0,1197.0,1219.0,1230.0,1241.0,1266.0,1275.0,1287.0,1293.0,1301.0,1314.0,1318.0,1322.0,1329.0,1338.0,1340.0,1349.0,1350.0,1354.0,1354.0,1357.0,1363.0,1364.0,1367.0,1367.0,1368.0,1370.0,1372.0,1376.0,1380.0,1383.0,1386.0,1387.0,1387.0,1388.0,1388.0,1388.0,1389.0,1390.0,1391.0,1392.0,1393.0,1396.0,1397.0,1398.0,1402.0,1406.0,1407.0,1409.0,1409.0,1410.0,1410.0,1410.0,1413.0,1413.0,1418.0,1419.0,1419.0,1419.0,1422.0,1424.0,1425.0,1426.0,1428.0,1428.0,1430.0,1431.0,1434.0,1440.0,1441.0,1442.0,1443.0,1447.0,1448.0,1449.0,1450.0,1451.0,1452.0,1453.0,1454.0,1455.0,1461.0,1473.0,1492.0,1500.0,1507.0,1509.0,1511.0,1520.0,1521.0,1524.0,1524.0,1526.0,1527.0,1529.0,1530.0,1530.0,1532.0,1532.0,1532.0,1533.0,1534.0,1536.0,1537.0,1537.0,1538.0,1540.0,1541.0,1541.0,1541.0,1542.0,1543.0,1546.0,1547.0,1549.0,1552.0,1553.0,1554.0,1557.0,1561.0,1563.0,1564.0,1564.0,1565.0,1566.0,1567.0,,,,,,,,,1579.0,1583.0,1583.0,1583.0,1583.0,1584.0,1585.0,1587.0,1589.0,1590.0,1590.0,1592.0,1592.0,1594.0,1598.0,1600.0,1602.0,1604.0,1606.0,1610.0,1613.0,1615.0,1617.0,1620.0,1621.0,1627.0,1631.0,1633.0,1635.0,1637.0,1638.0,1640.0,1641.0,1643.0,1644.0,1645.0,1645.0,1645.0,1645.0,1648.0,1648.0,1650.0,1650.0,1654.0,1654.0,1658.0,1661.0,1662.0,1664
6gVARUQ5lw4,9143.0,9324.0,9498.0,9685.0,9850.0,10058.0,10231.0,10387.0,10524.0,10656.0,10769.0,10879.0,11021.0,11167.0,11352.0,11554.0,11738.0,11873.0,12047.0,12305.0,12551.0,12750.0,12965.0,13137.0,13372.0,13578.0,13895.0,14151.0,14402.0,14620.0,14786.0,14940.0,15160.0,15395.0,15600.0,15835.0,16047.0,16180.0,16347.0,16488.0,16636.0,16815.0,16983.0,17136.0,17286.0,17390.0,17529.0,17707.0,17848.0,17981.0,18071.0,18174.0,18294.0,18422.0,18579.0,18716.0,18805.0,18948.0,19047.0,19145.0,19251.0,19355.0,19452.0,19556.0,19648.0,19746.0,19802.0,19890.0,19959.0,20038.0,20119.0,20212.0,20279.0,20363.0,20452.0,20551.0,20663.0,20790.0,20881.0,20960.0,21033.0,21146.0,21362.0,21483.0,21614.0,21787.0,21988.0,22124.0,22274.0,22483.0,22719.0,22951.0,23162.0,23364.0,23541.0,23714.0,23900.0,24052.0,24250.0,24478.0,24644.0,24790.0,24928.0,25085.0,25246.0,25402.0,25585.0,25754.0,25888.0,25983.0,26123.0,26251.0,26422.0,26578.0,26789.0,26959.0,27114.0,27349.0,27528.0,27706.0,27844.0,27974.0,28086.0,28214.0,28281.0,28359.0,28411.0,28468.0,28523.0,28561.0,28617.0,28687.0,28753.0,28819.0,,,,,,,,,29478.0,29550.0,29603.0,29651.0,29720.0,29804.0,29872.0,29934.0,29995.0,30072.0,30134.0,30232.0,30327.0,30406.0,30504.0,30581.0,30644.0,30756.0,30860.0,30930.0,30991.0,31040.0,31089.0,31146.0,31204.0,31293.0,31384.0,31467.0,31532.0,31594.0,31667.0,31727.0,31790.0,31867.0,31934.0,32003.0,32071.0,32132.0,32215.0,32302.0,32379.0,32446.0,32511.0,32584.0,32650.0,32714.0,32799.0,32875.0,32949
if4plzuWsz4,28116.0,32348.0,37369.0,44127.0,60800.0,71933.0,95297.0,112236.0,121418.0,127717.0,131515.0,139704.0,148738.0,152893.0,157464.0,164965.0,170943.0,176240.0,182489.0,190291.0,197814.0,205471.0,215445.0,224944.0,233996.0,242556.0,253675.0,261482.0,273782.0,287987.0,294268.0,299220.0,304575.0,310310.0,316152.0,320681.0,324428.0,328060.0,331938.0,335048.0,338234.0,344500.0,353322.0,361788.0,367248.0,372316.0,378829.0,388302.0,397376.0,404292.0,410722.0,415880.0,419817.0,424647.0,430584.0,436395.0,442105.0,447442.0,452214.0,456684.0,461227.0,465466.0,469578.0,474862.0,479082.0,482505.0,486471.0,491558.0,494678.0,499726.0,503726.0,507826.0,512101.0,515939.0,519226.0,522079.0,525167.0,528000.0,531509.0,534726.0,537857.0,540796.0,543637.0,546537.0,549544.0,552311.0,554533.0,556863.0,559178.0,561521.0,564429.0,566964.0,569927.0,572553.0,574944.0,577631.0,580494.0,582531.0,584529.0,586468.0,588249.0,588709.0,588707.0,588707.0,588707.0,588708.0,588708.0,588708.0,588709.0,588709.0,588709.0,588709.0,588709.0,588709.0,588709.0,588709.0,588709.0,588709.0,588709.0,588709.0,588709.0,588709.0,588709.0,588709.0,588709.0,588709.0,588709.0,588709.0,588709.0,588709.0,588709.0,588709.0,588709.0,588709.0,,,,,,,,,588709.0,588709.0,588709.0,588709.0,588709.0,588709.0,588709.0,588709.0,588709.0,588709.0,588709.0,588709.0,588709.0,588709.0,588709.0,588709.0,588709.0,588709.0,588709.0,588709.0,588709.0,588709.0,588709.0,588709.0,588709.0,588709.0,588709.0,588709.0,588709.0,588709.0,588709.0,588709.0,588709.0,588709.0,588709.0,588709.0,588709.0,588709.0,588709.0,588709.0,588709.0,588709.0,588709.0,588709.0,588709.0,588709.0,588709.0,588709.0,588709
52hxoUe5Mbc,126882.0,127796.0,128790.0,129618.0,133462.0,135261.0,137365.0,139286.0,141313.0,142271.0,142874.0,143348.0,143661.0,143930.0,144103.0,144282.0,144467.0,144611.0,144719.0,144835.0,145365.0,145631.0,145862.0,146019.0,146154.0,146305.0,146414.0,146592.0,146686.0,146895.0,146988.0,147096.0,147193.0,147280.0,147379.0,147488.0,147682.0,147854.0,147991.0,148110.0,148196.0,148253.0,148313.0,148369.0,148455.0,148518.0,148575.0,148622.0,148674.0,148706.0,148758.0,148811.0,148851.0,148888.0,148919.0,148955.0,148997.0,149027.0,149061.0,149096.0,149140.0,149171.0,149214.0,149242.0,149273.0,149314.0,149351.0,149387.0,149428.0,149485.0,149515.0,149542.0,149565.0,149601.0,149625.0,149662.0,149694.0,149719.0,149746.0,149790.0,149819.0,149841.0,149867.0,149897.0,149930.0,149954.0,149977.0,150000.0,150031.0,150067.0,150091.0,150111.0,150135.0,150159.0,150184.0,150207.0,150228.0,150254.0,150270.0,150305.0,150328.0,150350.0,150407.0,150458.0,150528.0,150585.0,150635.0,150678.0,150715.0,150743.0,150783.0,150806.0,150835.0,150866.0,150903.0,150935.0,150956.0,150970.0,150996.0,151010.0,151040.0,151067.0,151095.0,151124.0,151149.0,151172.0,151196.0,151221.0,151249.0,151270.0,151303.0,151338.0,151382.0,151402.0,,,,,,,,,151670.0,151696.0,151725.0,151771.0,151805.0,151834.0,151886.0,151915.0,151940.0,151965.0,152010.0,152035.0,152065.0,152099.0,152112.0,152134.0,152156.0,152174.0,152196.0,152220.0,152242.0,152262.0,152287.0,152305.0,152323.0,152340.0,152355.0,152378.0,152415.0,152443.0,152462.0,152478.0,152504.0,152516.0,152535.0,152554.0,152575.0,152596.0,152612.0,152636.0,152663.0,152679.0,152699.0,152718.0,152737.0,152761.0,152773.0,152788.0,152802
oOxespBOLHA,47189.0,51305.0,54206.0,55702.0,57311.0,59007.0,60314.0,61549.0,62730.0,63692.0,64552.0,65432.0,66310.0,67064.0,68026.0,68899.0,69648.0,70217.0,70878.0,71496.0,71959.0,72506.0,72940.0,73300.0,73655.0,74012.0,74328.0,74765.0,75127.0,75444.0,75823.0,76164.0,76482.0,76748.0,77115.0,77394.0,77695.0,78059.0,78331.0,78571.0,78775.0,79046.0,79300.0,79605.0,79825.0,80016.0,80239.0,80433.0,80679.0,80884.0,81079.0,81326.0,81502.0,81715.0,81926.0,82151.0,82358.0,82530.0,82794.0,82959.0,83162.0,83348.0,83529.0,83719.0,83916.0,84106.0,84298.0,84480.0,84695.0,84940.0,85154.0,85328.0,85506.0,85697.0,85869.0,86068.0,86247.0,86409.0,86581.0,86737.0,86852.0,86995.0,87122.0,87264.0,87415.0,87554.0,87696.0,87846.0,87976.0,88118.0,88273.0,88443.0,88615.0,88766.0,88901.0,89080.0,89196.0,89330.0,89485.0,89621.0,89790.0,89908.0,90068.0,90259.0,90392.0,90565.0,90700.0,90843.0,90959.0,91109.0,91302.0,91465.0,91629.0,91792.0,91907.0,92011.0,92163.0,92286.0,92407.0,92543.0,92646.0,92829.0,92931.0,93025.0,93121.0,93228.0,93326.0,93431.0,93516.0,93620.0,93750.0,93956.0,94083.0,94362.0,,,,,,,,,95385.0,95482.0,95583.0,95728.0,95818.0,95932.0,96040.0,96142.0,96220.0,96303.0,96419.0,96516.0,96638.0,96807.0,96910.0,97022.0,97150.0,97256.0,97375.0,97544.0,97679.0,97780.0,97915.0,98025.0,98102.0,98198.0,98297.0,98439.0,98531.0,98641.0,98799.0,98888.0,98978.0,99067.0,99179.0,99284.0,99382.0,99415.0,99415.0,99416.0,99416.0,99416.0,99416.0,99416.0,99416.0,99416.0,99416.0,99416.0,99416
R625XMgcScs,7015.0,7338.0,7748.0,8065.0,8477.0,8896.0,9216.0,9493.0,9816.0,10126.0,10437.0,10727.0,10973.0,11350.0,11723.0,12086.0,12399.0,12731.0,13115.0,13577.0,13883.0,14249.0,14563.0,14851.0,15135.0,15628.0,16160.0,16770.0,17716.0,20282.0,23364.0,25964.0,27330.0,28722.0,29686.0,30244.0,30693.0,31080.0,31430.0,31767.0,32036.0,32334.0,32633.0,32911.0,33160.0,33317.0,33549.0,33762.0,33996.0,34186.0,34371.0,34599.0,34776.0,35153.0,35432.0,35787.0,36134.0,36414.0,36674.0,36920.0,37189.0,37372.0,37577.0,37811.0,38023.0,38188.0,38327.0,38537.0,38684.0,38861.0,39062.0,39239.0,39381.0,39528.0,39695.0,39840.0,39986.0,40147.0,40284.0,40441.0,40545.0,40716.0,40892.0,41031.0,41216.0,41375.0,41548.0,41662.0,41805.0,41916.0,42038.0,42180.0,42308.0,42428.0,42517.0,42615.0,42707.0,42785.0,42884.0,42991.0,43082.0,43170.0,43260.0,43367.0,43508.0,43589.0,43709.0,43833.0,43915.0,43993.0,44084.0,44216.0,44420.0,44595.0,44777.0,44924.0,45069.0,45212.0,45374.0,45518.0,45641.0,45813.0,45953.0,46068.0,46175.0,46284.0,46433.0,46558.0,46682.0,46775.0,46915.0,47018.0,47140.0,47286.0,,,,,,,,,48340.0,48459.0,48574.0,48696.0,48815.0,48971.0,49081.0,49180.0,49314.0,49427.0,49531.0,49672.0,49844.0,49969.0,50119.0,50247.0,50351.0,50487.0,50612.0,50754.0,50849.0,50936.0,51021.0,51112.0,51227.0,51337.0,51451.0,51576.0,51666.0,51732.0,51847.0,51957.0,52085.0,52185.0,52302.0,52390.0,52474.0,52590.0,52713.0,52832.0,52926.0,53026.0,53128.0,53191.0,53292.0,53395.0,53499.0,53597.0,53695
QMqouPgEMX4,76.0,76.0,76.0,76.0,76.0,76.0,77.0,77.0,78.0,79.0,80.0,82.0,82.0,84.0,84.0,86.0,86.0,86.0,86.0,86.0,87.0,93.0,98.0,101.0,101.0,103.0,103.0,106.0,108.0,112.0,114.0,115.0,116.0,117.0,118.0,118.0,119.0,119.0,119.0,119.0,122.0,124.0,125.0,126.0,126.0,126.0,126.0,127.0,128.0,129.0,129.0,129.0,129.0,129.0,129.0,129.0,129.0,129.0,129.0,131.0,131.0,131.0,134.0,136.0,137.0,137.0,137.0,143.0,144.0,144.0,145.0,146.0,149.0,153.0,153.0,155.0,156.0,159.0,160.0,164.0,167.0,167.0,169.0,170.0,170.0,172.0,181.0,188.0,202.0,208.0,211.0,218.0,221.0,222.0,228.0,234.0,237.0,241.0,250.0,253.0,254.0,261.0,270.0,282.0,291.0,294.0,297.0,301.0,305.0,308.0,310.0,313.0,318.0,326.0,341.0,343.0,344.0,349.0,351.0,353.0,355.0,358.0,363.0,368.0,373.0,374.0,379.0,384.0,388.0,391.0,395.0,401.0,404.0,407.0,,,,,,,,,429.0,430.0,433.0,437.0,442.0,444.0,448.0,450.0,451.0,452.0,454.0,457.0,458.0,459.0,463.0,464.0,466.0,469.0,470.0,472.0,478.0,479.0,478.0,479.0,480.0,481.0,483.0,485.0,488.0,491.0,493.0,496.0,497.0,498.0,501.0,503.0,506.0,509.0,509.0,511.0,514.0,516.0,517.0,517.0,522.0,524.0,524.0,525.0,526
6Q78RPXk2es,460793.0,498829.0,539521.0,572002.0,613171.0,650213.0,682246.0,713086.0,743174.0,766939.0,789864.0,814660.0,839411.0,860631.0,883214.0,904406.0,922546.0,938338.0,959092.0,979278.0,997660.0,1018062.0,1036859.0,1053701.0,1071217.0,1089400.0,1105894.0,1122261.0,1137095.0,1152336.0,1166047.0,1177470.0,1193458.0,1207986.0,1223330.0,1238777.0,1253012.0,1264430.0,1275279.0,1289423.0,1303892.0,1316529.0,1328307.0,1339935.0,1349496.0,1358810.0,1368766.0,1380332.0,1390983.0,1400908.0,1411291.0,1420479.0,1427766.0,1437951.0,1449671.0,1460242.0,1471150.0,1482064.0,1492115.0,1500847.0,1511119.0,1521393.0,1531848.0,1542643.0,1553620.0,1563229.0,1571599.0,1581117.0,1589808.0,1600267.0,1609375.0,1616154.0,1623245.0,1630173.0,1638355.0,1646378.0,1653962.0,1661962.0,1670578.0,1678296.0,1684931.0,1693166.0,1701538.0,1710019.0,1718232.0,1726441.0,1733720.0,1740430.0,1749304.0,1757160.0,1764697.0,1772260.0,1780182.0,1787168.0,1793461.0,1801890.0,1809848.0,1817640.0,1825711.0,1834169.0,1841268.0,1848238.0,1857452.0,1866131.0,1873920.0,1881910.0,1889462.0,1896151.0,1902771.0,1910468.0,1918128.0,1926599.0,1934284.0,1942334.0,1949705.0,1956128.0,1964709.0,1972935.0,1980941.0,1988316.0,1995004.0,2001265.0,2007425.0,2013570.0,2019698.0,2025646.0,2031646.0,2038373.0,2044179.0,2049281.0,2055588.0,2061623.0,2068459.0,2074922.0,,,,,,,,,2132776.0,2139327.0,2147142.0,2154179.0,2161436.0,2168430.0,2175826.0,2182623.0,2189501.0,2196547.0,2204003.0,2210842.0,2218041.0,2225367.0,2232040.0,2238474.0,2246464.0,2254168.0,2261833.0,2269524.0,2276548.0,2283225.0,2289236.0,2296091.0,2303510.0,2310490.0,2316992.0,2323855.0,2329835.0,2335706.0,2342513.0,2349352.0,2356663.0,2363894.0,2371132.0,2376999.0,2382382.0,2389067.0,2395637.0,2402161.0,2408269.0,2414561.0,2419886.0,2425256.0,2431246.0,2437419.0,2443396.0,2449278.0,2455248
thBaOTbFYVA,86.0,86.0,87.0,88.0,88.0,88.0,89.0,89.0,93.0,94.0,97.0,97.0,98.0,98.0,99.0,99.0,105.0,107.0,108.0,108.0,113.0,121.0,123.0,124.0,127.0,145.0,146.0,153.0,158.0,161.0,162.0,166.0,171.0,180.0,204.0,223.0,228.0,236.0,238.0,251.0,258.0,266.0,282.0,299.0,316.0,392.0,530.0,572.0,660.0,754.0,789.0,829.0,871.0,904.0,929.0,991.0,1031.0,1061.0,1096.0,1115.0,1147.0,1172.0,1195.0,1231.0,1261.0,1304.0,1379.0,1434.0,1468.0,1509.0,1542.0,1594.0,1643.0,1705.0,1745.0,1775.0,1819.0,1869.0,1917.0,1961.0,1987.0,2025.0,2057.0,2076.0,2112.0,2137.0,2161.0,2194.0,2230.0,2270.0,2311.0,2351.0,2379.0,2398.0,2421.0,2454.0,2498.0,2552.0,2589.0,2629.0,2667.0,2723.0,2823.0,2888.0,2948.0,2996.0,3050.0,3124.0,3187.0,3224.0,3265.0,3311.0,3337.0,3378.0,3399.0,3430.0,3470.0,3498.0,3531.0,3579.0,3618.0,3649.0,3676.0,3707.0,3728.0,3764.0,3807.0,3824.0,3847.0,3878.0,3892.0,3917.0,3952.0,3970.0,,,,,,,,,4245.0,4267.0,4284.0,4298.0,4322.0,4355.0,4385.0,4428.0,4492.0,4523.0,4557.0,4588.0,4622.0,4644.0,4687.0,4732.0,4780.0,4806.0,4833.0,4867.0,4895.0,4928.0,4950.0,5001.0,5066.0,5106.0,5165.0,5204.0,5248.0,5276.0,5316.0,5338.0,5359.0,5396.0,5427.0,5472.0,5523.0,5549.0,5595.0,5629.0,5662.0,5679.0,5702.0,5727.0,5757.0,5798.0,5823.0,5849.0,5877
Bq-tehO5VA0,411396.0,422357.0,424966.0,446114.0,455805.0,456420.0,469010.0,475508.0,487155.0,489282.0,493647.0,500216.0,501716.0,509861.0,510694.0,511833.0,516135.0,516832.0,519917.0,520797.0,521084.0,521362.0,521785.0,523104.0,529180.0,537476.0,548938.0,549582.0,550216.0,550948.0,551689.0,552386.0,553012.0,553580.0,554090.0,554480.0,554837.0,555224.0,555591.0,555885.0,556283.0,556622.0,556920.0,557195.0,557490.0,557831.0,558106.0,558374.0,558668.0,558972.0,559170.0,559426.0,559664.0,559973.0,560217.0,560508.0,560746.0,561018.0,561321.0,561747.0,562074.0,562335.0,562694.0,563006.0,563322.0,563630.0,563786.0,563867.0,563930.0,564012.0,564072.0,564129.0,564181.0,564239.0,564289.0,564337.0,564381.0,564428.0,564498.0,564561.0,564622.0,564690.0,564730.0,564783.0,564811.0,564878.0,564923.0,564965.0,564999.0,565034.0,565067.0,565093.0,565119.0,565152.0,565200.0,565248.0,565294.0,565332.0,565371.0,565391.0,565417.0,565438.0,565466.0,565485.0,565512.0,565541.0,565571.0,565597.0,565621.0,565645.0,565669.0,565700.0,565742.0,565772.0,565801.0,565825.0,565850.0,565874.0,565891.0,565917.0,565940.0,565956.0,565967.0,565981.0,565993.0,566016.0,566038.0,566048.0,566094.0,566109.0,566132.0,566150.0,566170.0,566184.0,,,,,,,,,566369.0,566386.0,566408.0,566418.0,566434.0,566451.0,566468.0,566471.0,566480.0,566492.0,566500.0,566511.0,566520.0,566539.0,566546.0,566562.0,566581.0,566595.0,566611.0,566624.0,566640.0,566648.0,566655.0,566671.0,566679.0,566687.0,566704.0,566715.0,566721.0,566726.0,566737.0,566750.0,566755.0,566774.0,566797.0,566810.0,566825.0,566846.0,566868.0,566886.0,566896.0,566903.0,566911.0,566919.0,566928.0,566937.0,566945.0,566962.0,566970
XeH4z3poP8Y,218.0,228.0,233.0,241.0,251.0,269.0,280.0,296.0,305.0,317.0,332.0,350.0,360.0,371.0,392.0,403.0,416.0,430.0,436.0,455.0,464.0,472.0,484.0,490.0,496.0,500.0,504.0,515.0,518.0,524.0,529.0,531.0,534.0,538.0,541.0,549.0,550.0,552.0,556.0,562.0,566.0,567.0,570.0,570.0,572.0,578.0,585.0,594.0,605.0,609.0,612.0,613.0,614.0,618.0,620.0,620.0,625.0,627.0,630.0,631.0,632.0,633.0,638.0,645.0,647.0,653.0,655.0,658.0,662.0,665.0,665.0,671.0,671.0,673.0,675.0,679.0,680.0,680.0,680.0,684.0,685.0,685.0,686.0,688.0,693.0,694.0,694.0,695.0,695.0,696.0,697.0,699.0,701.0,701.0,702.0,708.0,708.0,711.0,712.0,714.0,715.0,717.0,717.0,719.0,721.0,724.0,730.0,730.0,731.0,731.0,737.0,739.0,742.0,743.0,747.0,748.0,750.0,750.0,755.0,759.0,761.0,764.0,774.0,779.0,782.0,782.0,786.0,789.0,798.0,807.0,813.0,820.0,823.0,827.0,,,,,,,,,843.0,845.0,845.0,845.0,848.0,848.0,848.0,850.0,850.0,853.0,857.0,857.0,860.0,861.0,863.0,863.0,866.0,866.0,867.0,869.0,871.0,873.0,876.0,882.0,886.0,895.0,902.0,905.0,907.0,908.0,909.0,911.0,915.0,917.0,916.0,919.0,919.0,921.0,921.0,921.0,924.0,925.0,926.0,929.0,930.0,930.0,933.0,933.0,936
WB6ghEpJr5Y,27129.0,28635.0,29970.0,30874.0,32791.0,34656.0,36791.0,38762.0,41223.0,43416.0,45336.0,47253.0,49171.0,51587.0,54049.0,56428.0,58551.0,60325.0,62206.0,64218.0,65787.0,68109.0,70554.0,71538.0,72110.0,72793.0,75571.0,78397.0,80418.0,81979.0,83663.0,85646.0,88108.0,89691.0,91307.0,94001.0,96986.0,98694.0,99886.0,102514.0,105226.0,107434.0,109333.0,111627.0,114310.0,116975.0,119517.0,123197.0,126463.0,128459.0,130344.0,132705.0,134575.0,137297.0,139498.0,141194.0,142533.0,144269.0,145539.0,146539.0,147698.0,148855.0,150180.0,151156.0,152231.0,153172.0,153965.0,154772.0,155536.0,156564.0,157480.0,158352.0,159036.0,159639.0,160307.0,160949.0,161631.0,162441.0,163350.0,164090.0,164701.0,165521.0,166305.0,167060.0,167807.0,168703.0,169516.0,170449.0,171438.0,172293.0,173037.0,173736.0,174723.0,175548.0,176244.0,177131.0,177921.0,178673.0,179314.0,180232.0,181046.0,181775.0,182656.0,183359.0,184111.0,184747.0,185460.0,186032.0,186576.0,187324.0,187999.0,188649.0,189322.0,189985.0,190691.0,191269.0,191948.0,192512.0,193176.0,193841.0,194476.0,195398.0,196454.0,197297.0,198140.0,198957.0,199843.0,200701.0,201571.0,202313.0,203106.0,203881.0,204546.0,205118.0,,,,,,,,,211698.0,212446.0,213267.0,214169.0,214970.0,215873.0,216607.0,217192.0,217963.0,218754.0,219453.0,220255.0,221145.0,221836.0,222507.0,223106.0,223923.0,224644.0,225470.0,226161.0,226899.0,227579.0,228280.0,228929.0,229782.0,230619.0,231366.0,232168.0,232866.0,233447.0,234207.0,234907.0,235647.0,236360.0,236956.0,237721.0,238316.0,239058.0,239719.0,240322.0,240909.0,241481.0,241985.0,242403.0,243182.0,243776.0,244405.0,245101.0,245761
jVGAYZCgrhw,110932.0,111253.0,111649.0,111982.0,112363.0,112697.0,112928.0,113270.0,113521.0,113891.0,114110.0,114403.0,114708.0,115052.0,115335.0,115623.0,115902.0,116140.0,116370.0,116679.0,116956.0,117261.0,117545.0,117766.0,118001.0,118313.0,118615.0,118839.0,119124.0,119437.0,119711.0,119934.0,120163.0,120328.0,120551.0,120802.0,120999.0,121185.0,121361.0,121506.0,121713.0,122004.0,122221.0,122531.0,122744.0,122991.0,123281.0,123526.0,123838.0,124107.0,124339.0,124634.0,124919.0,125279.0,125561.0,125762.0,125942.0,126170.0,126386.0,126556.0,126890.0,127047.0,127273.0,127472.0,127690.0,127894.0,128139.0,128384.0,128625.0,128858.0,129084.0,129286.0,129481.0,129669.0,129872.0,130104.0,130351.0,130548.0,130780.0,131024.0,131250.0,131470.0,131664.0,131969.0,132184.0,132375.0,132575.0,132743.0,132945.0,133165.0,133336.0,133586.0,133835.0,134042.0,134203.0,134400.0,134650.0,134875.0,135150.0,135345.0,135552.0,135717.0,135937.0,136172.0,136339.0,136517.0,136739.0,136948.0,137126.0,137373.0,137586.0,137746.0,137958.0,138144.0,138350.0,138597.0,138761.0,138949.0,139176.0,139441.0,139682.0,139924.0,140121.0,140353.0,140616.0,140874.0,141010.0,141183.0,141353.0,141522.0,141822.0,142082.0,142321.0,142515.0,,,,,,,,,144180.0,144329.0,144502.0,144758.0,145001.0,145313.0,145535.0,145730.0,145936.0,146211.0,146511.0,146746.0,147057.0,147299.0,147572.0,147785.0,148018.0,148280.0,148542.0,148775.0,148943.0,149165.0,149315.0,149517.0,149696.0,149869.0,150064.0,150288.0,150517.0,150693.0,150926.0,151233.0,151485.0,151716.0,152077.0,152325.0,152580.0,152836.0,153114.0,153386.0,153677.0,153927.0,154135.0,154375.0,154603.0,154871.0,155106.0,155380.0,155657
UZ34FXPquTI,1455545.0,1463474.0,1471447.0,1479307.0,1487958.0,1496877.0,1504896.0,1513174.0,1521208.0,1528725.0,1535571.0,1543480.0,1552717.0,1561601.0,1570592.0,1579079.0,1587118.0,1594732.0,1603106.0,1610744.0,1618042.0,1625062.0,1632362.0,1639402.0,1645604.0,1651476.0,1659224.0,1666760.0,1674335.0,1682472.0,1689340.0,1695610.0,1702966.0,1710158.0,1717325.0,1724551.0,1732317.0,1738686.0,1744202.0,1750329.0,1756146.0,1762364.0,1768358.0,1775154.0,1781034.0,1786276.0,1791782.0,1798124.0,1804702.0,1812065.0,1819859.0,1828678.0,1836737.0,1845448.0,1853447.0,1862794.0,1872376.0,1881609.0,1890389.0,1898318.0,1906493.0,1914598.0,1922419.0,1930790.0,1938638.0,1946295.0,1954222.0,1962565.0,1969030.0,1977012.0,1984353.0,1991598.0,1999428.0,2006357.0,2014629.0,2022970.0,2031495.0,2039612.0,2048545.0,2056895.0,2064659.0,2073001.0,2080103.0,2087469.0,2094820.0,2102223.0,2108982.0,2115421.0,2122920.0,2130348.0,2137672.0,2145142.0,2152539.0,2159651.0,2166386.0,2174175.0,2181272.0,2187583.0,2194495.0,2201565.0,2208111.0,2213274.0,2219085.0,2225045.0,2231391.0,2237688.0,2243651.0,2249226.0,2254768.0,2261157.0,2267833.0,2274423.0,2281116.0,2287451.0,2293674.0,2298684.0,2305109.0,2311772.0,2319303.0,2326784.0,2333775.0,2340997.0,2347117.0,2352776.0,2360062.0,2368107.0,2376605.0,2384910.0,2391974.0,2398830.0,2406672.0,2414159.0,2422008.0,2429056.0,,,,,,,,,2492599.0,2498647.0,2505801.0,2512675.0,2519815.0,2527625.0,2536913.0,2545422.0,2553402.0,2562611.0,2571998.0,2581535.0,2592816.0,2604092.0,2613769.0,2621941.0,2631958.0,2642224.0,2652879.0,2662989.0,2673127.0,2682479.0,2691442.0,2701252.0,2710975.0,2721438.0,2731855.0,2742835.0,2752815.0,2762141.0,2772817.0,2783680.0,2794760.0,2805008.0,2816239.0,2826962.0,2835771.0,2846741.0,2857731.0,2867839.0,2878574.0,2888791.0,2898818.0,2908215.0,2919290.0,2931441.0,2942949.0,2954082.0,2965688
gbRV3hShGe8,304209.0,336864.0,368791.0,403783.0,435556.0,463122.0,484669.0,506565.0,528560.0,548525.0,568385.0,585253.0,604340.0,624091.0,640830.0,655706.0,671289.0,686931.0,700796.0,713692.0,726577.0,742224.0,759027.0,776964.0,792112.0,803238.0,814802.0,826514.0,840221.0,852808.0,865501.0,877420.0,886924.0,897585.0,908817.0,918075.0,928127.0,938554.0,947553.0,956318.0,966181.0,975473.0,984238.0,992815.0,1001728.0,1010358.0,1018963.0,1027344.0,1035536.0,1044186.0,1052513.0,1060645.0,1068011.0,1075753.0,1084836.0,1093784.0,1103638.0,1111559.0,1118673.0,1126246.0,1134162.0,1142745.0,1151706.0,1160494.0,1170154.0,1179670.0,1189330.0,1199437.0,1208203.0,1216994.0,1225934.0,1233872.0,1241027.0,1248021.0,1254667.0,1261043.0,1268785.0,1277371.0,1285834.0,1293715.0,1301071.0,1308945.0,1317288.0,1325548.0,1333587.0,1342183.0,1350265.0,1356154.0,1362289.0,1368782.0,1376319.0,1383502.0,1390515.0,1399372.0,1407581.0,1413964.0,1420559.0,1426745.0,1432960.0,1439230.0,1445341.0,1451151.0,1456940.0,1463003.0,1469419.0,1476969.0,1484986.0,1491183.0,1496950.0,1502809.0,1509317.0,1515600.0,1521603.0,1527326.0,1533715.0,1539772.0,1545169.0,1550848.0,1556815.0,1562751.0,1569211.0,1575681.0,1581621.0,1587812.0,1594345.0,1600750.0,1607117.0,1614013.0,1619874.0,1625751.0,1631367.0,1636179.0,1640862.0,1645662.0,,,,,,,,,1692327.0,1697357.0,1702110.0,1706605.0,1711478.0,1716743.0,1721392.0,1726747.0,1733130.0,1738988.0,1744478.0,1749887.0,1755370.0,1761005.0,1766399.0,1771837.0,1776876.0,1782017.0,1787092.0,1792091.0,1796994.0,1802042.0,1807183.0,1812087.0,1817047.0,1821716.0,1826472.0,1831055.0,1836264.0,1841331.0,1846107.0,1850633.0,1855582.0,1860076.0,1864381.0,1869389.0,1874454.0,1879248.0,1883865.0,1888557.0,1893467.0,1898887.0,1904194.0,1909001.0,1913686.0,1918442.0,1923487.0,1928638.0,1933805
SNsphA_t6WE,2670.0,2696.0,2729.0,2767.0,2834.0,2893.0,2920.0,2962.0,2995.0,3038.0,3089.0,3134.0,3170.0,3217.0,3266.0,3310.0,3356.0,3388.0,3423.0,3471.0,3507.0,3544.0,3584.0,3633.0,3661.0,3695.0,3742.0,3774.0,3792.0,3827.0,3857.0,3876.0,3910.0,3962.0,4008.0,4036.0,4061.0,4107.0,4154.0,4187.0,4231.0,4270.0,4314.0,4348.0,4389.0,4435.0,4466.0,4497.0,4533.0,4559.0,4593.0,4634.0,4673.0,4709.0,4747.0,4794.0,4840.0,4879.0,4923.0,4963.0,4996.0,5036.0,5078.0,5127.0,5170.0,5279.0,5365.0,5476.0,5552.0,5649.0,5727.0,5819.0,5882.0,5970.0,6063.0,6128.0,6185.0,6243.0,6312.0,6360.0,6412.0,6462.0,6528.0,6564.0,6604.0,6653.0,6709.0,6745.0,6801.0,6861.0,6904.0,6940.0,6978.0,7030.0,7087.0,7125.0,7173.0,7205.0,7239.0,7267.0,7318.0,7349.0,7377.0,7411.0,7448.0,7482.0,7513.0,7547.0,7589.0,7617.0,7639.0,7679.0,7712.0,7756.0,7817.0,7873.0,7922.0,7946.0,7981.0,8034.0,8065.0,8107.0,8146.0,8189.0,8235.0,8279.0,8331.0,8377.0,8419.0,8465.0,8498.0,8546.0,8580.0,8604.0,,,,,,,,,8921.0,8974.0,9025.0,9052.0,9085.0,9119.0,9155.0,9192.0,9227.0,9250.0,9283.0,9309.0,9347.0,9382.0,9421.0,9461.0,9505.0,9539.0,9576.0,9600.0,9645.0,9679.0,9712.0,9744.0,9777.0,9804.0,9832.0,9847.0,9870.0,9917.0,9944.0,9980.0,10004.0,10029.0,10059.0,10096.0,10127.0,10169.0,10208.0,10240.0,10266.0,10299.0,10330.0,10367.0,10393.0,10415.0,10433.0,10453.0,10473
HnLmupJogu0,913.0,938.0,965.0,985.0,1008.0,1028.0,1045.0,1062.0,1119.0,1144.0,1157.0,1174.0,1181.0,1221.0,1270.0,1304.0,1410.0,1497.0,1576.0,1660.0,1721.0,1787.0,1849.0,1889.0,1942.0,1981.0,2016.0,2044.0,2078.0,2105.0,2135.0,2148.0,2232.0,2273.0,2307.0,2354.0,2369.0,2415.0,2440.0,2468.0,2523.0,2539.0,2575.0,2593.0,2630.0,2687.0,2721.0,2758.0,2787.0,2812.0,2847.0,2899.0,2923.0,2975.0,3016.0,3060.0,3093.0,3125.0,3145.0,3169.0,3202.0,3230.0,3257.0,3277.0,3294.0,3314.0,3338.0,3367.0,3397.0,3437.0,3464.0,3496.0,3520.0,3552.0,3617.0,3663.0,3712.0,3759.0,3807.0,3838.0,3866.0,3912.0,3961.0,4008.0,4049.0,4095.0,4127.0,4174.0,4235.0,4286.0,4321.0,4360.0,4402.0,4431.0,4449.0,4489.0,4513.0,4547.0,4574.0,4609.0,4638.0,4671.0,4714.0,4752.0,4794.0,4827.0,4863.0,4900.0,4942.0,5007.0,5045.0,5075.0,5119.0,5151.0,5183.0,5213.0,5259.0,5293.0,5354.0,5398.0,5450.0,5503.0,5551.0,5593.0,5632.0,5669.0,5722.0,5769.0,5810.0,5852.0,5895.0,5945.0,5996.0,6061.0,,,,,,,,,6583.0,6623.0,6677.0,6728.0,6784.0,6845.0,6968.0,7020.0,7120.0,7185.0,7253.0,7336.0,7416.0,7476.0,7557.0,7657.0,7727.0,7838.0,7924.0,7963.0,7989.0,8037.0,8080.0,8107.0,8147.0,8167.0,8185.0,8222.0,8251.0,8314.0,8364.0,8391.0,8416.0,8449.0,8480.0,8537.0,8591.0,8626.0,8670.0,8719.0,8765.0,8820.0,8862.0,8912.0,8944.0,8980.0,9019.0,9051.0,9087
lROO5y2ygN4,42774.0,45428.0,47823.0,49881.0,52247.0,54674.0,56953.0,59110.0,61086.0,62522.0,63675.0,64830.0,66233.0,67684.0,69071.0,70343.0,71528.0,72548.0,73678.0,74863.0,75983.0,77088.0,78197.0,79246.0,80059.0,80818.0,81950.0,82858.0,83865.0,84694.0,85432.0,86249.0,87081.0,87948.0,88897.0,89759.0,90546.0,91251.0,91832.0,92550.0,93366.0,94078.0,94850.0,95537.0,96175.0,96756.0,97358.0,98088.0,98751.0,99527.0,100164.0,100799.0,101336.0,101984.0,102598.0,103209.0,103894.0,104509.0,105107.0,105607.0,106133.0,106834.0,107547.0,108205.0,108752.0,109360.0,109833.0,110362.0,110975.0,111692.0,112284.0,112792.0,113396.0,113850.0,114309.0,114904.0,115505.0,116037.0,116611.0,117205.0,117724.0,118249.0,118950.0,119461.0,120111.0,120726.0,121381.0,121888.0,122357.0,122882.0,123499.0,124097.0,124559.0,125089.0,125539.0,126010.0,126487.0,126966.0,127443.0,127836.0,128237.0,128651.0,128968.0,129329.0,129733.0,130146.0,130568.0,130975.0,131347.0,131687.0,132096.0,132539.0,132893.0,133315.0,133615.0,133903.0,134234.0,134558.0,134925.0,135326.0,135657.0,136016.0,136268.0,136604.0,136896.0,137212.0,137538.0,137870.0,138182.0,138403.0,138675.0,138988.0,139345.0,139645.0,,,,,,,,,142192.0,142417.0,142690.0,142964.0,143313.0,143597.0,143873.0,144122.0,144330.0,144564.0,144898.0,145193.0,145512.0,145807.0,146092.0,146325.0,146571.0,146843.0,147158.0,147471.0,147768.0,148021.0,148246.0,148469.0,148737.0,148987.0,149317.0,149669.0,149883.0,150125.0,150333.0,150597.0,150892.0,151189.0,151449.0,151667.0,151898.0,152148.0,152481.0,152769.0,153204.0,153557.0,153844.0,154077.0,154330.0,154663.0,154940.0,155255.0,155506
1qHcZ7ZluxA,35435.0,35535.0,35631.0,35690.0,35765.0,35843.0,35899.0,35952.0,35990.0,36037.0,36077.0,36126.0,36156.0,36186.0,36210.0,36231.0,36276.0,36346.0,36379.0,36414.0,36453.0,36502.0,36533.0,36573.0,36599.0,36627.0,36651.0,36671.0,36687.0,36715.0,36738.0,36756.0,36786.0,36802.0,36820.0,36833.0,36856.0,36867.0,36890.0,36911.0,36923.0,36949.0,36960.0,36974.0,37002.0,37019.0,37045.0,37063.0,37073.0,37089.0,37111.0,37134.0,37147.0,37170.0,37197.0,37222.0,37238.0,37257.0,37272.0,37279.0,37296.0,37318.0,37336.0,37346.0,37356.0,37370.0,37393.0,37410.0,37422.0,37442.0,37454.0,37476.0,37500.0,37516.0,37540.0,37564.0,37589.0,37608.0,37620.0,37638.0,37653.0,37669.0,37701.0,37718.0,37745.0,37763.0,37778.0,37783.0,37800.0,37819.0,37826.0,37835.0,37848.0,37862.0,37876.0,37888.0,37893.0,37907.0,37916.0,37933.0,37946.0,37964.0,37975.0,37986.0,37999.0,38017.0,38031.0,38041.0,38053.0,38065.0,38081.0,38097.0,38108.0,38122.0,38131.0,38138.0,38143.0,38149.0,38162.0,38175.0,38180.0,38189.0,38194.0,38207.0,38214.0,38219.0,38228.0,38235.0,38240.0,38250.0,38256.0,38265.0,38273.0,38279.0,,,,,,,,,38370.0,38382.0,38393.0,38401.0,38410.0,38413.0,38419.0,38424.0,38433.0,38439.0,38446.0,38458.0,38468.0,38473.0,38486.0,38495.0,38503.0,38512.0,38523.0,38530.0,38538.0,38544.0,38564.0,38569.0,38579.0,38589.0,38593.0,38599.0,38607.0,38616.0,38623.0,38630.0,38635.0,38647.0,38657.0,38668.0,38670.0,38674.0,38682.0,38689.0,38696.0,38707.0,38717.0,38721.0,38730.0,38739.0,38748.0,38759.0,38763
8Wl1QM3l22w,20528.0,22294.0,23674.0,24683.0,25740.0,26845.0,27819.0,28837.0,29511.0,30093.0,30602.0,31154.0,31826.0,32318.0,32870.0,33320.0,33685.0,34031.0,34373.0,34714.0,35117.0,35459.0,35817.0,36087.0,36419.0,36714.0,37071.0,37454.0,37738.0,38047.0,38272.0,38626.0,38912.0,39273.0,39546.0,39786.0,40038.0,40376.0,40618.0,40852.0,41256.0,41600.0,41950.0,42265.0,42620.0,42895.0,43192.0,43536.0,43868.0,44130.0,44358.0,44600.0,44806.0,45047.0,45332.0,45570.0,45825.0,46021.0,46209.0,46369.0,46668.0,47069.0,47451.0,47678.0,47832.0,48004.0,48227.0,48421.0,48689.0,48933.0,49131.0,49375.0,49594.0,49712.0,49878.0,50084.0,50302.0,50550.0,50722.0,50934.0,51155.0,51396.0,51609.0,51887.0,52177.0,52471.0,52709.0,52889.0,53089.0,53319.0,53595.0,53836.0,54217.0,54514.0,54750.0,54986.0,55273.0,55617.0,55894.0,56178.0,56453.0,56716.0,57022.0,57297.0,57588.0,57840.0,58080.0,58328.0,58501.0,58766.0,59003.0,59241.0,59503.0,59797.0,60025.0,60186.0,60380.0,60585.0,60820.0,61077.0,61285.0,61512.0,61655.0,61832.0,62042.0,62232.0,62404.0,62570.0,62721.0,62837.0,63003.0,63148.0,63299.0,63461.0,,,,,,,,,65496.0,65680.0,65912.0,66117.0,66435.0,66829.0,67112.0,67311.0,67620.0,67840.0,68107.0,68418.0,68810.0,69254.0,69587.0,69873.0,70145.0,70432.0,70694.0,70923.0,71103.0,71311.0,71520.0,71770.0,72008.0,72240.0,72497.0,72747.0,72974.0,73156.0,73355.0,73631.0,73916.0,74178.0,74431.0,74718.0,74968.0,75246.0,75491.0,75722.0,75991.0,76278.0,76541.0,76756.0,76986.0,77252.0,77501.0,77750.0,78019
hIoGekC6GQc,678211.0,685243.0,692355.0,698771.0,709524.0,715712.0,720454.0,726932.0,746531.0,752948.0,757767.0,762507.0,766508.0,769559.0,772560.0,774883.0,776789.0,778483.0,780053.0,781549.0,782848.0,784184.0,785384.0,786575.0,787704.0,788694.0,789657.0,790547.0,791462.0,792394.0,793259.0,794094.0,794858.0,795661.0,796398.0,797160.0,797955.0,798723.0,799404.0,800037.0,800726.0,801431.0,802104.0,802751.0,803360.0,803968.0,804587.0,805150.0,805670.0,806289.0,806817.0,807411.0,807989.0,808563.0,809075.0,809758.0,810448.0,810973.0,811494.0,812020.0,812513.0,813041.0,813576.0,814084.0,814537.0,815010.0,815513.0,815953.0,816386.0,816983.0,817534.0,818037.0,818613.0,819108.0,819673.0,820231.0,820679.0,821119.0,821567.0,822063.0,822457.0,822886.0,823370.0,823850.0,824277.0,824731.0,825112.0,825595.0,825948.0,826454.0,826833.0,827270.0,827683.0,828085.0,828584.0,828879.0,829310.0,829833.0,830268.0,830698.0,831150.0,831552.0,832031.0,832412.0,832747.0,833155.0,833499.0,833895.0,834357.0,834731.0,835111.0,835406.0,835776.0,836192.0,836505.0,836935.0,837259.0,837670.0,838048.0,838420.0,838757.0,839043.0,839434.0,839776.0,840105.0,840426.0,840821.0,841217.0,841532.0,841924.0,842277.0,842731.0,843062.0,843401.0,,,,,,,,,846587.0,846870.0,847159.0,847400.0,847672.0,847972.0,848199.0,848498.0,848802.0,849120.0,849377.0,849617.0,849881.0,850102.0,850338.0,850579.0,850817.0,851095.0,851324.0,851559.0,851851.0,852097.0,852315.0,852572.0,852800.0,853039.0,853279.0,853548.0,853838.0,854095.0,854278.0,854499.0,854747.0,854976.0,855234.0,855431.0,855667.0,855889.0,856193.0,856467.0,856722.0,856937.0,857187.0,857462.0,857715.0,857945.0,858228.0,858467.0,858728
3LXYNgBIE2Y,253.0,259.0,265.0,273.0,274.0,282.0,287.0,291.0,294.0,297.0,310.0,314.0,327.0,333.0,338.0,342.0,353.0,356.0,359.0,363.0,369.0,375.0,381.0,381.0,385.0,389.0,392.0,396.0,401.0,403.0,405.0,407.0,407.0,408.0,408.0,409.0,409.0,410.0,411.0,412.0,413.0,415.0,417.0,418.0,418.0,420.0,422.0,422.0,423.0,423.0,424.0,426.0,426.0,427.0,429.0,430.0,430.0,430.0,430.0,431.0,431.0,431.0,432.0,432.0,432.0,432.0,432.0,432.0,432.0,432.0,433.0,435.0,436.0,437.0,438.0,439.0,440.0,443.0,444.0,444.0,445.0,445.0,445.0,445.0,445.0,445.0,446.0,449.0,451.0,452.0,456.0,459.0,461.0,462.0,462.0,462.0,463.0,463.0,463.0,464.0,466.0,466.0,468.0,469.0,471.0,472.0,472.0,473.0,474.0,475.0,475.0,475.0,475.0,475.0,476.0,477.0,477.0,477.0,478.0,478.0,482.0,482.0,484.0,485.0,486.0,489.0,490.0,491.0,491.0,492.0,495.0,495.0,495.0,496.0,,,,,,,,,502.0,502.0,503.0,505.0,506.0,506.0,506.0,506.0,507.0,507.0,507.0,507.0,507.0,509.0,509.0,509.0,509.0,509.0,516.0,517.0,517.0,517.0,530.0,530.0,530.0,544.0,544.0,544.0,544.0,544.0,557.0,557.0,557.0,559.0,562.0,566.0,567.0,571.0,572.0,573.0,574.0,573.0,575.0,575.0,576.0,586.0,587.0,588.0,591
A8CYeBDHJd4,2284174.0,2568594.0,2756449.0,2841962.0,2899813.0,2959110.0,3022921.0,3069375.0,3114404.0,3152908.0,3186639.0,3222123.0,3259779.0,3299353.0,3335161.0,3368602.0,3397661.0,3423950.0,3451653.0,3478119.0,3503590.0,3528738.0,3553026.0,3574764.0,3593673.0,3615324.0,3636384.0,3656970.0,3677567.0,3697514.0,3715927.0,3732106.0,3750941.0,3769655.0,3788163.0,3805608.0,3823351.0,3840178.0,3855663.0,3873052.0,3890507.0,3908024.0,3925113.0,3943826.0,3961813.0,3977656.0,3995658.0,4014507.0,4031256.0,4045952.0,4059661.0,4072084.0,4082275.0,4092939.0,4105238.0,4117844.0,4130259.0,4141898.0,4152449.0,4162866.0,4174180.0,4185875.0,4197843.0,4210187.0,4221654.0,4231597.0,4240267.0,4249461.0,4257692.0,4270934.0,4283828.0,4303862.0,4321615.0,4336391.0,4352277.0,4368020.0,4381414.0,4394278.0,4407277.0,4419491.0,4431095.0,4444342.0,4458691.0,4472256.0,4484817.0,4497747.0,4508805.0,4518217.0,4529562.0,4541393.0,4553272.0,4564613.0,4573903.0,4582453.0,4590488.0,4599436.0,4608318.0,4617046.0,4625910.0,4635006.0,4651248.0,4666481.0,4681893.0,4695272.0,4707200.0,4719610.0,4730661.0,4740439.0,4750057.0,4760756.0,4770790.0,4780375.0,4789695.0,4799072.0,4807912.0,4815585.0,4824153.0,4832613.0,4840762.0,4848586.0,4856273.0,4862762.0,4868986.0,4875594.0,4883028.0,4890050.0,4897684.0,4905104.0,4914206.0,4921062.0,4928228.0,4935531.0,4943056.0,4950217.0,,,,,,,,,5019043.0,5024743.0,5031224.0,5037670.0,5043744.0,5050096.0,5055741.0,5060763.0,5065846.0,5071237.0,5076880.0,5082478.0,5088754.0,5097913.0,5108554.0,5116820.0,5125882.0,5135426.0,5144461.0,5154116.0,5163057.0,5170932.0,5178064.0,5185958.0,5193676.0,5201222.0,5208789.0,5215985.0,5222230.0,5228191.0,5234354.0,5240958.0,5247566.0,5254024.0,5260045.0,5265750.0,5270893.0,5276839.0,5283493.0,5289928.0,5296091.0,5301672.0,5307919.0,5313247.0,5319417.0,5325522.0,5331315.0,5337561.0,5343825
HcprgjizuPo,7779.0,8299.0,8644.0,9021.0,9454.0,9864.0,10424.0,11214.0,12174.0,12870.0,13564.0,14121.0,14597.0,15241.0,15906.0,16679.0,17390.0,17917.0,18508.0,18952.0,19440.0,20113.0,20775.0,21386.0,21980.0,22418.0,22974.0,23344.0,23720.0,24136.0,24618.0,25096.0,25816.0,26861.0,28143.0,30399.0,32166.0,33124.0,34025.0,34749.0,35494.0,36242.0,36915.0,37666.0,38454.0,39043.0,39539.0,39915.0,40253.0,40512.0,40869.0,41161.0,41440.0,41691.0,41989.0,42238.0,42465.0,42690.0,42894.0,43133.0,43293.0,43468.0,43699.0,43839.0,44026.0,44227.0,44443.0,44648.0,44788.0,45013.0,45199.0,45444.0,45636.0,45836.0,46036.0,46305.0,46487.0,46645.0,46841.0,47042.0,47202.0,47389.0,47532.0,47748.0,47933.0,48104.0,48281.0,48422.0,48603.0,48780.0,48954.0,49099.0,49272.0,49433.0,49614.0,49796.0,49974.0,50133.0,50309.0,50489.0,50599.0,50774.0,50943.0,51093.0,51280.0,51461.0,51608.0,51783.0,51940.0,52084.0,52276.0,52444.0,52608.0,52740.0,52916.0,53050.0,53212.0,53353.0,53518.0,53633.0,53766.0,53866.0,53944.0,54054.0,54147.0,54258.0,54399.0,54526.0,54621.0,54749.0,54855.0,54941.0,55049.0,55145.0,,,,,,,,,56073.0,56173.0,56258.0,56346.0,56458.0,56583.0,56682.0,56817.0,57010.0,57520.0,57994.0,58409.0,58703.0,58829.0,58931.0,59068.0,59167.0,59291.0,59432.0,59577.0,59674.0,59788.0,59891.0,59965.0,60062.0,60132.0,60207.0,60294.0,60369.0,60460.0,60559.0,60651.0,60725.0,60831.0,60906.0,60987.0,61053.0,61127.0,61230.0,61330.0,61436.0,61522.0,61602.0,61707.0,61812.0,61944.0,62034.0,62145.0,62239
k9kuXTI2qZk,14012.0,14685.0,15200.0,15648.0,16009.0,16338.0,16598.0,16917.0,17168.0,17343.0,17543.0,17685.0,17857.0,18020.0,18161.0,18294.0,18414.0,18517.0,18643.0,18730.0,18817.0,18945.0,19068.0,19210.0,19312.0,19438.0,19514.0,19586.0,19668.0,19782.0,19886.0,20004.0,20102.0,20167.0,20218.0,20266.0,20316.0,20387.0,20472.0,20540.0,20593.0,20677.0,20765.0,20850.0,20907.0,20970.0,21042.0,21115.0,21242.0,21337.0,21427.0,21488.0,21539.0,21586.0,21621.0,21655.0,21688.0,21714.0,21756.0,21786.0,21822.0,21848.0,21866.0,21887.0,21911.0,21941.0,21964.0,21997.0,22024.0,22063.0,22091.0,22125.0,22152.0,22176.0,22198.0,22217.0,22259.0,22308.0,22338.0,22368.0,22392.0,22408.0,22435.0,22454.0,22483.0,22502.0,22522.0,22547.0,22565.0,22615.0,22662.0,22699.0,22725.0,22773.0,22809.0,22848.0,22875.0,22898.0,22922.0,22942.0,22974.0,23004.0,23017.0,23025.0,23046.0,23062.0,23080.0,23091.0,23105.0,23117.0,23137.0,23153.0,23168.0,23196.0,23218.0,23239.0,23247.0,23266.0,23292.0,23305.0,23322.0,23332.0,23355.0,23370.0,23396.0,23423.0,23450.0,23475.0,23508.0,23525.0,23536.0,23560.0,23575.0,23586.0,,,,,,,,,23746.0,23768.0,23784.0,23801.0,23819.0,23842.0,23861.0,23874.0,23892.0,23906.0,23920.0,23948.0,23962.0,23985.0,23991.0,24019.0,24030.0,24036.0,24055.0,24075.0,24095.0,24115.0,24131.0,24145.0,24164.0,24179.0,24190.0,24202.0,24222.0,24246.0,24260.0,24273.0,24289.0,24303.0,24309.0,24317.0,24329.0,24343.0,24360.0,24379.0,24389.0,24397.0,24406.0,24413.0,24427.0,24447.0,24462.0,24484.0,24499
3RtfLHXB6qQ,63893.0,64016.0,64155.0,64259.0,64365.0,64471.0,64557.0,64668.0,64801.0,64904.0,64991.0,65099.0,65204.0,65287.0,65367.0,65460.0,65579.0,65655.0,65733.0,65838.0,65930.0,66045.0,66146.0,66231.0,66348.0,66430.0,66498.0,66593.0,66686.0,66763.0,66827.0,66885.0,66946.0,67027.0,67109.0,67175.0,67252.0,67328.0,67407.0,67471.0,67550.0,67630.0,67716.0,67766.0,67847.0,67907.0,67996.0,68077.0,68151.0,68210.0,68302.0,68360.0,68429.0,68495.0,68582.0,68676.0,68747.0,68803.0,68878.0,68941.0,69036.0,69096.0,69171.0,69228.0,69285.0,69334.0,69393.0,69451.0,69487.0,69540.0,69593.0,69646.0,69690.0,69746.0,69784.0,69834.0,69889.0,69937.0,69979.0,70032.0,70075.0,70146.0,70190.0,70242.0,70282.0,70332.0,70370.0,70426.0,70471.0,70524.0,70569.0,70636.0,70685.0,70750.0,70800.0,70846.0,70895.0,70950.0,71007.0,71049.0,71076.0,71131.0,71188.0,71234.0,71285.0,71329.0,71391.0,71448.0,71508.0,71535.0,71590.0,71640.0,71686.0,71722.0,71768.0,71805.0,71858.0,71913.0,71966.0,72002.0,72043.0,72085.0,72108.0,72135.0,72181.0,72223.0,72263.0,72301.0,72335.0,72381.0,72425.0,72486.0,72543.0,72581.0,,,,,,,,,72994.0,73033.0,73081.0,73116.0,73182.0,73225.0,73276.0,73320.0,73377.0,73423.0,73468.0,73525.0,73587.0,73659.0,73725.0,73800.0,73897.0,73966.0,74044.0,74109.0,74166.0,74213.0,74246.0,74292.0,74338.0,74381.0,74414.0,74450.0,74482.0,74517.0,74556.0,74604.0,74646.0,74689.0,74729.0,74767.0,74814.0,74859.0,74891.0,74941.0,74982.0,75031.0,75078.0,75108.0,75137.0,75165.0,75222.0,75262.0,75301
JIylhy3ho9g,13929.0,13997.0,14071.0,14111.0,14148.0,14203.0,14251.0,14298.0,14348.0,14407.0,14445.0,14481.0,14539.0,14586.0,14635.0,14679.0,14746.0,14787.0,14820.0,14889.0,14944.0,14977.0,15027.0,15085.0,15131.0,15163.0,15197.0,15264.0,15317.0,15355.0,15399.0,15447.0,15474.0,15519.0,15563.0,15593.0,15635.0,15653.0,15679.0,15702.0,15731.0,15748.0,15780.0,15807.0,15828.0,15852.0,15878.0,15905.0,15939.0,15984.0,16020.0,16060.0,16094.0,16132.0,16174.0,16216.0,16243.0,16297.0,16347.0,16377.0,16412.0,16450.0,16480.0,16513.0,16548.0,16583.0,16605.0,16635.0,16661.0,16694.0,16722.0,16739.0,16770.0,16799.0,16823.0,16842.0,16866.0,16886.0,16909.0,16938.0,16961.0,16976.0,16990.0,17026.0,17053.0,17080.0,17103.0,17157.0,17176.0,17194.0,17216.0,17234.0,17265.0,17282.0,17301.0,17316.0,17335.0,17355.0,17379.0,17390.0,17406.0,17428.0,17446.0,17467.0,17494.0,17516.0,17542.0,17563.0,17589.0,17604.0,17620.0,17646.0,17669.0,17689.0,17712.0,17729.0,17758.0,17782.0,17804.0,17819.0,17845.0,17859.0,17869.0,17887.0,17901.0,17929.0,17960.0,17987.0,18009.0,18025.0,18037.0,18069.0,18090.0,18116.0,,,,,,,,,18301.0,18325.0,18350.0,18371.0,18390.0,18418.0,18443.0,18461.0,18486.0,18497.0,18509.0,18536.0,18555.0,18569.0,18585.0,18608.0,18620.0,18636.0,18658.0,18674.0,18694.0,18702.0,18715.0,18729.0,18741.0,18758.0,18765.0,18780.0,18796.0,18808.0,18823.0,18837.0,18856.0,18877.0,18894.0,18909.0,18919.0,18940.0,18954.0,18973.0,18987.0,19003.0,19022.0,19040.0,19056.0,19069.0,19079.0,19097.0,19113
V6foBMc7kZA,9728.0,10102.0,10430.0,10756.0,11057.0,11280.0,11485.0,11656.0,11863.0,12053.0,12234.0,12358.0,12513.0,12685.0,12834.0,12971.0,13144.0,13320.0,13439.0,13574.0,13721.0,13839.0,13969.0,14055.0,14135.0,14241.0,14324.0,14441.0,14544.0,14628.0,14731.0,14826.0,14935.0,15004.0,15079.0,15140.0,15218.0,15298.0,15369.0,15442.0,15505.0,15586.0,15636.0,15688.0,15730.0,15784.0,15852.0,15945.0,16055.0,16125.0,16220.0,16294.0,16354.0,16419.0,16481.0,16539.0,16607.0,16666.0,16730.0,16776.0,16863.0,16947.0,17023.0,17087.0,17146.0,17220.0,17287.0,17338.0,17388.0,17455.0,17499.0,17540.0,17624.0,17688.0,17755.0,17807.0,17848.0,17902.0,17949.0,18009.0,18070.0,18108.0,18150.0,18208.0,18261.0,18299.0,18356.0,18402.0,18441.0,18484.0,18538.0,18576.0,18625.0,18673.0,18709.0,18753.0,18805.0,18850.0,18902.0,18948.0,18983.0,19007.0,19077.0,19133.0,19190.0,19225.0,19286.0,19332.0,19367.0,19410.0,19447.0,19474.0,19535.0,19573.0,19604.0,19630.0,19662.0,19697.0,19743.0,19779.0,19813.0,19847.0,19915.0,19951.0,19984.0,19997.0,20042.0,20092.0,20123.0,20162.0,20199.0,20230.0,20266.0,20305.0,,,,,,,,,20620.0,20650.0,20705.0,20745.0,20815.0,20884.0,20935.0,20959.0,20992.0,21048.0,21089.0,21133.0,21162.0,21194.0,21219.0,21248.0,21277.0,21320.0,21370.0,21401.0,21436.0,21457.0,21478.0,21507.0,21541.0,21575.0,21600.0,21638.0,21661.0,21696.0,21719.0,21740.0,21768.0,21792.0,21817.0,21841.0,21860.0,21892.0,21916.0,21941.0,21977.0,22030.0,22062.0,22107.0,22143.0,22172.0,22205.0,22239.0,22261
FfRkWpndV9g,27171.0,27687.0,28196.0,28636.0,29013.0,29446.0,29875.0,30277.0,30813.0,31262.0,31539.0,31806.0,32129.0,32418.0,32756.0,33044.0,33335.0,33661.0,33904.0,34193.0,34501.0,34852.0,35216.0,35565.0,35896.0,36416.0,37126.0,37824.0,38893.0,39627.0,40167.0,41476.0,42555.0,43312.0,44524.0,47238.0,50013.0,51664.0,52599.0,53228.0,53692.0,54270.0,54580.0,54851.0,55159.0,55418.0,55623.0,55835.0,55994.0,56200.0,56353.0,56495.0,56602.0,56714.0,56847.0,56983.0,57112.0,57226.0,57329.0,57434.0,57544.0,57654.0,57791.0,57934.0,58051.0,58184.0,58278.0,58399.0,58511.0,58671.0,58838.0,58978.0,59098.0,59203.0,59291.0,59382.0,59491.0,59595.0,59680.0,59765.0,59846.0,59927.0,60041.0,60146.0,60255.0,60348.0,60474.0,60578.0,60684.0,60796.0,60907.0,61041.0,61225.0,61362.0,61465.0,61561.0,61669.0,61769.0,61871.0,62000.0,62122.0,62233.0,62384.0,62500.0,62603.0,62691.0,62816.0,62895.0,62979.0,63091.0,63190.0,63282.0,63414.0,63522.0,63619.0,63793.0,63998.0,64276.0,64562.0,64822.0,64995.0,65167.0,65246.0,65441.0,65599.0,65713.0,65827.0,65948.0,66080.0,66172.0,66284.0,66401.0,66526.0,66660.0,,,,,,,,,67728.0,67916.0,68104.0,68245.0,68379.0,68586.0,68742.0,68875.0,69096.0,69261.0,69461.0,69651.0,69831.0,70081.0,70341.0,70584.0,70755.0,70874.0,71039.0,71178.0,71270.0,71358.0,71466.0,71553.0,71648.0,71747.0,71895.0,72013.0,72115.0,72214.0,72315.0,72424.0,72524.0,72640.0,72739.0,72834.0,72940.0,73069.0,73171.0,73263.0,73375.0,73510.0,73614.0,73699.0,73803.0,73919.0,74014.0,74113.0,74215
rCgjloxSvkw,269.0,278.0,298.0,319.0,351.0,368.0,387.0,414.0,505.0,563.0,585.0,615.0,664.0,696.0,721.0,752.0,767.0,783.0,802.0,814.0,827.0,862.0,888.0,900.0,910.0,924.0,942.0,957.0,972.0,983.0,992.0,997.0,1008.0,1015.0,1029.0,1037.0,1054.0,1069.0,1085.0,1090.0,1097.0,1107.0,1116.0,1121.0,1127.0,1131.0,1135.0,1144.0,1147.0,1151.0,1151.0,1156.0,1158.0,1161.0,1164.0,1168.0,1177.0,1184.0,1185.0,1185.0,1187.0,1187.0,1192.0,1200.0,1203.0,1205.0,1207.0,1212.0,1214.0,1213.0,1218.0,1225.0,1225.0,1226.0,1227.0,1228.0,1230.0,1234.0,1236.0,1239.0,1240.0,1242.0,1243.0,1245.0,1247.0,1248.0,1250.0,1250.0,1251.0,1254.0,1262.0,1266.0,1272.0,1273.0,1274.0,1305.0,1322.0,1322.0,1322.0,1322.0,1323.0,1324.0,1324.0,1324.0,1324.0,1324.0,1324.0,1324.0,1324.0,1324.0,1324.0,1324.0,1324.0,1324.0,1324.0,1324.0,1324.0,1324.0,1324.0,1324.0,1324.0,1324.0,1324.0,1324.0,1324.0,1324.0,1324.0,1324.0,1324.0,1324.0,1324.0,1324.0,1324.0,1324.0,,,,,,,,,1324.0,1324.0,1324.0,1324.0,1324.0,1324.0,1324.0,1324.0,1324.0,1324.0,1324.0,1324.0,1324.0,1324.0,1324.0,1324.0,1324.0,1324.0,1324.0,1324.0,1324.0,1324.0,1324.0,1324.0,1324.0,1324.0,1324.0,1324.0,1324.0,1324.0,1324.0,1324.0,1324.0,1324.0,1324.0,1324.0,1324.0,1324.0,1324.0,1324.0,1324.0,1324.0,1324.0,1324.0,1324.0,1324.0,1324.0,1324.0,1324
a599dVpdPmE,20768.0,21992.0,23041.0,24091.0,25192.0,26486.0,27594.0,28612.0,29536.0,30395.0,30996.0,31646.0,32454.0,33266.0,34202.0,35076.0,35829.0,36530.0,37292.0,37918.0,38795.0,39771.0,40538.0,41231.0,41642.0,42133.0,42704.0,43242.0,43816.0,44359.0,45027.0,45470.0,45909.0,46535.0,47413.0,48731.0,49835.0,50869.0,51516.0,52357.0,53191.0,53844.0,54593.0,55288.0,56004.0,56529.0,57277.0,57953.0,58688.0,59755.0,61032.0,62103.0,63000.0,63894.0,64783.0,65647.0,66479.0,67290.0,67941.0,68612.0,69377.0,70011.0,70678.0,71258.0,71946.0,72464.0,72921.0,73425.0,73902.0,74507.0,75060.0,75643.0,76232.0,76760.0,77378.0,77936.0,78423.0,78970.0,79500.0,79992.0,80338.0,80810.0,81170.0,81663.0,82096.0,82541.0,83042.0,83479.0,83896.0,84267.0,84711.0,85113.0,85590.0,86010.0,86381.0,86803.0,87229.0,87689.0,88165.0,88614.0,88999.0,89384.0,89933.0,90414.0,91123.0,91838.0,92537.0,93064.0,93639.0,94280.0,94988.0,95702.0,96502.0,97371.0,98194.0,98796.0,99413.0,100206.0,100966.0,101510.0,101934.0,102299.0,102640.0,102953.0,103272.0,103672.0,104038.0,104381.0,104753.0,105029.0,105407.0,105849.0,106212.0,106530.0,,,,,,,,,110255.0,110531.0,111026.0,111448.0,111925.0,112296.0,112715.0,113035.0,113438.0,113828.0,114229.0,114748.0,115216.0,115705.0,116132.0,116492.0,116898.0,117414.0,117953.0,118362.0,118736.0,119031.0,119334.0,119672.0,120063.0,120437.0,120781.0,121257.0,121639.0,122027.0,122503.0,122867.0,123269.0,123633.0,124102.0,124541.0,124949.0,125390.0,125863.0,126325.0,126843.0,127301.0,127704.0,128075.0,128459.0,128957.0,129356.0,129810.0,130218
h1PsdVXdAj0,5369895.0,5441135.0,5518836.0,5590198.0,5663449.0,5740154.0,5823557.0,5912018.0,5998144.0,6072946.0,6143245.0,6220640.0,6310676.0,6387061.0,6467635.0,6555146.0,6643115.0,6721478.0,6803635.0,6892044.0,6984406.0,7078696.0,7172921.0,7263268.0,7341404.0,7417959.0,7495087.0,7566823.0,7635601.0,7716126.0,7800801.0,7864429.0,7933765.0,8005131.0,8085299.0,8161454.0,8241434.0,8319576.0,8389668.0,8455921.0,8525325.0,8598707.0,8670015.0,8749658.0,8824236.0,8885484.0,8948749.0,9023366.0,9097312.0,9178155.0,9262199.0,9340324.0,9407420.0,9475358.0,9539059.0,9609658.0,9685739.0,9763189.0,9830526.0,9892121.0,9952659.0,10012859.0,10074369.0,10141022.0,10216247.0,10312836.0,10394664.0,10475057.0,10540809.0,10623845.0,10689055.0,10749623.0,10812699.0,10871837.0,10936613.0,11005862.0,11074232.0,11139885.0,11206223.0,11270030.0,11327192.0,11391436.0,11459953.0,11527869.0,11590647.0,11651841.0,11707368.0,11758171.0,11812856.0,11873042.0,11937159.0,11996937.0,12058339.0,12119140.0,12172919.0,12230530.0,12295413.0,12364467.0,12430756.0,12501693.0,12567349.0,12625199.0,12685786.0,12755885.0,12830747.0,12906039.0,12986238.0,13059822.0,13123044.0,13187948.0,13251397.0,13312722.0,13376233.0,13443858.0,13514453.0,13574437.0,13640687.0,13710371.0,13780978.0,13851134.0,13918336.0,13986327.0,14045991.0,14101796.0,14161194.0,14221080.0,14279726.0,14341405.0,14403196.0,14459475.0,14519910.0,14583905.0,14650463.0,14713637.0,,,,,,,,,15271743.0,15332818.0,15392294.0,15450214.0,15508087.0,15563240.0,15616480.0,15669446.0,15716322.0,15759138.0,15805616.0,15854094.0,15906851.0,15960124.0,16012204.0,16054623.0,16102227.0,16153939.0,16209443.0,16271371.0,16340031.0,16407978.0,16466264.0,16522778.0,16584478.0,16645939.0,16707063.0,16770628.0,16833338.0,16887924.0,16946403.0,17008968.0,17070023.0,17130545.0,17196778.0,17262820.0,17318887.0,17375862.0,17434460.0,17492120.0,17548674.0,17607571.0,17665186.0,17718713.0,17774102.0,17831479.0,17890801.0,17950641.0,18012806
z41w8drYENI,4559.0,5289.0,6021.0,6578.0,7173.0,7757.0,8262.0,8720.0,9149.0,9522.0,9906.0,10293.0,10750.0,11042.0,11285.0,11715.0,12076.0,12307.0,12481.0,12637.0,12840.0,12979.0,13128.0,13308.0,13481.0,13590.0,13838.0,14098.0,14355.0,14559.0,14682.0,14843.0,14970.0,15092.0,15199.0,15374.0,15569.0,15714.0,15850.0,15937.0,16041.0,16185.0,16350.0,16521.0,16646.0,16761.0,16953.0,17170.0,17345.0,17670.0,18008.0,18397.0,18634.0,18882.0,19724.0,20214.0,20576.0,21455.0,22285.0,22959.0,23557.0,24145.0,24654.0,25041.0,25326.0,25523.0,25736.0,25864.0,25985.0,26174.0,26319.0,26453.0,26575.0,26725.0,26843.0,26986.0,27311.0,27750.0,28047.0,28382.0,28671.0,28961.0,29275.0,29665.0,30082.0,30497.0,30862.0,31149.0,31496.0,31858.0,32276.0,32713.0,33368.0,33704.0,33931.0,34224.0,34489.0,34829.0,35082.0,35534.0,35827.0,36120.0,36432.0,36891.0,37296.0,37672.0,38038.0,38482.0,38721.0,39039.0,39320.0,39588.0,39843.0,40045.0,40291.0,40448.0,40668.0,40897.0,41156.0,41388.0,41629.0,41847.0,42000.0,42110.0,42295.0,42457.0,42598.0,42748.0,42935.0,43044.0,43196.0,43400.0,43579.0,43802.0,,,,,,,,,46414.0,46631.0,46952.0,47291.0,47588.0,47959.0,48317.0,48673.0,48967.0,49433.0,50034.0,50408.0,50908.0,51416.0,51780.0,52104.0,52572.0,52981.0,53455.0,53939.0,54367.0,54770.0,55068.0,55475.0,56184.0,56725.0,57141.0,57645.0,57991.0,58292.0,58698.0,59192.0,59719.0,60123.0,60547.0,60903.0,61197.0,61725.0,62240.0,62744.0,63335.0,63861.0,64396.0,64718.0,65253.0,65810.0,66371.0,66838.0,67251
AJ4x2VsxWpo,381798.0,436527.0,471699.0,480326.0,532465.0,554511.0,572498.0,584702.0,592569.0,598836.0,604330.0,609740.0,614817.0,618833.0,621723.0,624590.0,627771.0,630201.0,632664.0,634372.0,636118.0,638670.0,642938.0,646610.0,648940.0,650575.0,652039.0,652970.0,653620.0,654154.0,654813.0,655367.0,655795.0,656225.0,656636.0,657028.0,657324.0,657619.0,657979.0,658221.0,658552.0,658831.0,659069.0,659341.0,659572.0,659836.0,660031.0,660253.0,660475.0,660651.0,660854.0,661045.0,661268.0,661433.0,661624.0,661823.0,662029.0,662188.0,662373.0,662553.0,663620.0,664015.0,664322.0,664590.0,664830.0,665095.0,665281.0,665494.0,665614.0,665840.0,666042.0,666266.0,666494.0,666686.0,666868.0,667047.0,667232.0,667388.0,667568.0,667760.0,667941.0,668452.0,668736.0,668969.0,669309.0,669573.0,669843.0,670099.0,670352.0,670528.0,670715.0,670929.0,671170.0,671392.0,671568.0,671689.0,671812.0,671941.0,672033.0,672131.0,672251.0,672355.0,672452.0,672540.0,672631.0,672735.0,672813.0,672918.0,673032.0,673108.0,673182.0,673263.0,673336.0,673411.0,673501.0,673585.0,673644.0,673712.0,673777.0,673834.0,673887.0,673960.0,674044.0,674115.0,674176.0,674232.0,674293.0,674383.0,674450.0,674543.0,674626.0,674715.0,674771.0,674824.0,,,,,,,,,675449.0,675529.0,675591.0,675637.0,675695.0,675746.0,675789.0,675850.0,675922.0,675976.0,676031.0,676084.0,676136.0,676171.0,676247.0,676305.0,676362.0,676411.0,676470.0,676519.0,676584.0,676673.0,676725.0,676782.0,676829.0,676874.0,676937.0,676981.0,677042.0,677094.0,677140.0,677201.0,677258.0,677324.0,677370.0,677433.0,677483.0,677566.0,677628.0,677680.0,677715.0,677766.0,677810.0,677861.0,677933.0,677980.0,678019.0,678081.0,678137
dQ5jWzNp0Gs,46498.0,46538.0,46580.0,46620.0,46676.0,46732.0,46794.0,46860.0,46938.0,46993.0,47069.0,47109.0,47147.0,47205.0,47258.0,47313.0,47361.0,47399.0,47443.0,47467.0,47519.0,47572.0,47630.0,47680.0,47707.0,47748.0,47812.0,47872.0,47924.0,47982.0,48049.0,48107.0,48145.0,48200.0,48245.0,48315.0,48378.0,48434.0,48483.0,48550.0,48597.0,48674.0,48750.0,48812.0,48891.0,48960.0,49030.0,49094.0,49133.0,49176.0,49223.0,49271.0,49299.0,49338.0,49384.0,49421.0,49449.0,49489.0,49531.0,49561.0,49588.0,49623.0,49662.0,49697.0,49749.0,49784.0,49818.0,49862.0,49900.0,49953.0,50008.0,50047.0,50095.0,50134.0,50190.0,50232.0,50278.0,50340.0,50405.0,50454.0,50503.0,50542.0,50582.0,50631.0,50666.0,50699.0,50735.0,50755.0,50782.0,50826.0,50866.0,50909.0,50948.0,50983.0,51010.0,51051.0,51089.0,51134.0,51185.0,51223.0,51263.0,51308.0,51369.0,51454.0,51512.0,51561.0,51599.0,51631.0,51659.0,51698.0,51713.0,51748.0,51774.0,51797.0,51840.0,51884.0,51944.0,52017.0,52067.0,52116.0,52150.0,52170.0,52193.0,52208.0,52226.0,52251.0,52269.0,52307.0,52331.0,52354.0,52382.0,52413.0,52434.0,52470.0,,,,,,,,,52808.0,52834.0,52865.0,52893.0,52918.0,52933.0,52953.0,52971.0,52999.0,53007.0,53024.0,53037.0,53060.0,53076.0,53091.0,53105.0,53117.0,53136.0,53149.0,53172.0,53186.0,53207.0,53226.0,53247.0,53270.0,53292.0,53321.0,53343.0,53367.0,53393.0,53412.0,53434.0,53454.0,53475.0,53503.0,53532.0,53554.0,53575.0,53594.0,53622.0,53644.0,53680.0,53712.0,53724.0,53739.0,53774.0,53804.0,53825.0,53847
NJkp34OS5kE,70098.0,70176.0,70248.0,70322.0,70401.0,70479.0,70572.0,70669.0,70787.0,70891.0,70976.0,71039.0,71124.0,71197.0,71266.0,71358.0,71426.0,71494.0,71562.0,71639.0,71691.0,71754.0,71824.0,71910.0,71956.0,72005.0,72068.0,72118.0,72183.0,72233.0,72295.0,72347.0,72395.0,72430.0,72490.0,72543.0,72608.0,72662.0,72707.0,72768.0,72849.0,72914.0,72998.0,73055.0,73102.0,73141.0,73185.0,73247.0,73293.0,73331.0,73380.0,73423.0,73463.0,73522.0,73573.0,73635.0,73692.0,73728.0,73771.0,73792.0,73852.0,73900.0,73946.0,73992.0,74040.0,74083.0,74129.0,74182.0,74218.0,74267.0,74315.0,74350.0,74384.0,74427.0,74471.0,74498.0,74555.0,74589.0,74612.0,74650.0,74691.0,74724.0,74771.0,74812.0,74848.0,74894.0,74920.0,74945.0,74990.0,75025.0,75063.0,75096.0,75131.0,75161.0,75188.0,75223.0,75268.0,75297.0,75336.0,75373.0,75426.0,75471.0,75530.0,75576.0,75610.0,75669.0,75721.0,75766.0,75808.0,75854.0,75903.0,75952.0,75988.0,76009.0,76033.0,76072.0,76102.0,76138.0,76161.0,76195.0,76228.0,76248.0,76266.0,76294.0,76316.0,76343.0,76375.0,76407.0,76430.0,76462.0,76502.0,76537.0,76566.0,76594.0,,,,,,,,,76829.0,76849.0,76863.0,76875.0,76888.0,76902.0,76914.0,76929.0,76952.0,76966.0,76975.0,76986.0,77000.0,77012.0,77031.0,77043.0,77052.0,77064.0,77083.0,77099.0,77114.0,77127.0,77139.0,77154.0,77173.0,77190.0,77210.0,77228.0,77236.0,77249.0,77273.0,77287.0,77309.0,77337.0,77360.0,77385.0,77404.0,77433.0,77463.0,77488.0,77529.0,77557.0,77602.0,77633.0,77663.0,77689.0,77724.0,77746.0,77777
tbKNgK_u-u8,20453.0,23821.0,28516.0,34236.0,37354.0,39457.0,40719.0,42064.0,43550.0,44766.0,46441.0,48662.0,51551.0,54050.0,56105.0,57381.0,58943.0,59904.0,60694.0,61809.0,62631.0,63239.0,63801.0,64344.0,64830.0,65335.0,65858.0,66428.0,66891.0,67456.0,67907.0,68389.0,68819.0,69203.0,69578.0,69948.0,70370.0,70706.0,70961.0,71231.0,71522.0,71785.0,72067.0,72302.0,72505.0,72733.0,72978.0,73200.0,73463.0,73679.0,73921.0,74120.0,74263.0,74513.0,74785.0,74989.0,75198.0,75421.0,75573.0,75702.0,75848.0,76036.0,76239.0,76456.0,76612.0,76755.0,76882.0,77040.0,77166.0,77337.0,77492.0,77641.0,77742.0,77847.0,77987.0,78095.0,78233.0,78394.0,78521.0,78673.0,78770.0,78926.0,79086.0,79234.0,79380.0,79540.0,79670.0,79783.0,79901.0,80027.0,80179.0,80289.0,80449.0,80594.0,80710.0,80844.0,81017.0,81170.0,81333.0,81482.0,81613.0,81730.0,81869.0,81994.0,82141.0,82279.0,82397.0,82533.0,82648.0,82796.0,82944.0,83076.0,83209.0,83347.0,83443.0,83537.0,83688.0,83848.0,83978.0,84093.0,84220.0,84340.0,84411.0,84496.0,84562.0,84690.0,84783.0,84891.0,84992.0,85079.0,85188.0,85296.0,85402.0,85479.0,,,,,,,,,86294.0,86367.0,86425.0,86504.0,86573.0,86653.0,86752.0,86819.0,86903.0,86963.0,87048.0,87120.0,87216.0,87294.0,87372.0,87450.0,87531.0,87639.0,87742.0,87840.0,87978.0,88055.0,88137.0,88246.0,88351.0,88434.0,88525.0,88621.0,88712.0,88787.0,88878.0,88950.0,89046.0,89106.0,89169.0,89216.0,89271.0,89326.0,89385.0,89444.0,89506.0,89559.0,89615.0,89664.0,89703.0,89732.0,89785.0,89839.0,89894
av3cohLabA8,31588.0,36138.0,38962.0,40882.0,42261.0,43199.0,44148.0,44865.0,45558.0,46090.0,46586.0,46983.0,47383.0,47774.0,48144.0,48514.0,48897.0,49331.0,49717.0,50524.0,51388.0,51773.0,52040.0,52213.0,52367.0,52452.0,52552.0,52617.0,52689.0,52748.0,52809.0,52845.0,52889.0,52929.0,52972.0,53017.0,53042.0,53064.0,53090.0,53105.0,53118.0,53132.0,53147.0,53165.0,53180.0,53198.0,53211.0,53215.0,53226.0,53231.0,53238.0,53256.0,53264.0,53269.0,53281.0,53293.0,53299.0,53306.0,53317.0,53323.0,53324.0,53325.0,53333.0,53343.0,53352.0,53357.0,53362.0,53371.0,53373.0,53381.0,53389.0,53394.0,53399.0,53409.0,53416.0,53420.0,53426.0,53436.0,53448.0,53455.0,53464.0,53470.0,53475.0,53483.0,53487.0,53491.0,53496.0,53499.0,53503.0,53512.0,53519.0,53523.0,53526.0,53527.0,53530.0,53535.0,53538.0,53545.0,53553.0,53562.0,53576.0,53620.0,53632.0,53637.0,53646.0,53653.0,53662.0,53666.0,53670.0,53674.0,53677.0,53681.0,53688.0,53693.0,53696.0,53702.0,53704.0,53712.0,53717.0,53724.0,53730.0,53737.0,53748.0,53759.0,53761.0,53769.0,53771.0,53773.0,53779.0,53786.0,53796.0,53798.0,53801.0,53802.0,,,,,,,,,53856.0,53861.0,53867.0,53874.0,53877.0,53879.0,53881.0,53887.0,53960.0,53985.0,54004.0,54011.0,54019.0,54022.0,54034.0,54068.0,54072.0,54082.0,54089.0,54099.0,54104.0,54106.0,54111.0,54113.0,54116.0,54122.0,54128.0,54133.0,54135.0,54139.0,54140.0,54143.0,54145.0,54148.0,54150.0,54151.0,54153.0,54157.0,54160.0,54161.0,54161.0,54166.0,54171.0,54173.0,54175.0,54180.0,54182.0,54185.0,54186
f2ILvf-JKBY,3469893.0,3477018.0,3484329.0,3490606.0,3496684.0,3502781.0,3508155.0,3513357.0,3519070.0,3524724.0,3529088.0,3533654.0,3538210.0,3542993.0,3547743.0,3552272.0,3556319.0,3560084.0,3563744.0,3567632.0,3571535.0,3575483.0,3579341.0,3582930.0,3586178.0,3589539.0,3593275.0,3597207.0,3600980.0,3604880.0,3608382.0,3611688.0,3615224.0,3618679.0,3622085.0,3625365.0,3628707.0,3631669.0,3634611.0,3638012.0,3641868.0,3645517.0,3649194.0,3658480.0,3669680.0,3678068.0,3686127.0,3694091.0,3700666.0,3706363.0,3712039.0,3717435.0,3722424.0,3727058.0,3732257.0,3737276.0,3742150.0,3746364.0,3750808.0,3755114.0,3759863.0,3764855.0,3769777.0,3774376.0,3778797.0,3783131.0,3786807.0,3790683.0,3794048.0,3798541.0,3802608.0,3806002.0,3809251.0,3812347.0,3815535.0,3818821.0,3822263.0,3825195.0,3828333.0,3831108.0,3833844.0,3836944.0,3840355.0,3844247.0,3847885.0,3851006.0,3854040.0,3856546.0,3859268.0,3861984.0,3864693.0,3867225.0,3869703.0,3872145.0,3874472.0,3876886.0,3879453.0,3881984.0,3884541.0,3887093.0,3890898.0,3894376.0,3897663.0,3900671.0,3903528.0,3906174.0,3908717.0,3911040.0,3913253.0,3915813.0,3918448.0,3921359.0,3924411.0,3927215.0,3929729.0,3932130.0,3934737.0,3937415.0,3940223.0,3942997.0,3946648.0,3950324.0,3953554.0,3957005.0,3960490.0,3963853.0,3966929.0,3970196.0,3973235.0,3975914.0,3978655.0,3981568.0,3984429.0,3987228.0,,,,,,,,,4009778.0,4012314.0,4015012.0,4017498.0,4019841.0,4022144.0,4024397.0,4026404.0,4028501.0,4030713.0,4032962.0,4035114.0,4037521.0,4039907.0,4041959.0,4044039.0,4046152.0,4048343.0,4050512.0,4052540.0,4054532.0,4056016.0,4057942.0,4059685.0,4061590.0,4063488.0,4065336.0,4067196.0,4068814.0,4070448.0,4072221.0,4074159.0,4076040.0,4077736.0,4079342.0,4080841.0,4082226.0,4083912.0,4085774.0,4087582.0,4089445.0,4091080.0,4092917.0,4094520.0,4096258.0,4098029.0,4099855.0,4102241.0,4104631
ruwH5O1OCQ0,21260.0,24360.0,26996.0,28887.0,30210.0,31126.0,31998.0,32648.0,33204.0,34375.0,36153.0,37536.0,38591.0,39602.0,40479.0,41148.0,41860.0,42224.0,42680.0,42963.0,43142.0,43273.0,43366.0,43449.0,43546.0,43607.0,43657.0,43695.0,43750.0,43791.0,43834.0,43882.0,43910.0,43948.0,44041.0,44172.0,44237.0,44283.0,44315.0,44367.0,44398.0,44427.0,44457.0,44469.0,44489.0,44503.0,44527.0,44560.0,44589.0,44614.0,44638.0,44652.0,44676.0,44694.0,44711.0,44728.0,44739.0,44754.0,44777.0,44794.0,44813.0,44829.0,44846.0,44865.0,44875.0,44892.0,44910.0,44935.0,44949.0,44977.0,44997.0,45004.0,45022.0,45047.0,45069.0,45083.0,45102.0,45130.0,45145.0,45166.0,45188.0,45209.0,45220.0,45234.0,45249.0,45268.0,45287.0,45297.0,45308.0,45329.0,45347.0,45351.0,45360.0,45376.0,45399.0,45411.0,45427.0,45441.0,45449.0,45456.0,45464.0,45470.0,45472.0,45489.0,45501.0,45510.0,45511.0,45522.0,45540.0,45550.0,45558.0,45567.0,45573.0,45580.0,45597.0,45607.0,45616.0,45622.0,45634.0,45641.0,45653.0,45661.0,45670.0,45681.0,45694.0,45707.0,45718.0,45733.0,45742.0,45756.0,45765.0,45781.0,45786.0,45794.0,,,,,,,,,45878.0,45896.0,45920.0,45931.0,45939.0,45944.0,45947.0,45955.0,45970.0,45979.0,45984.0,45990.0,45996.0,46001.0,46012.0,46019.0,46036.0,46045.0,46060.0,46066.0,46069.0,46077.0,46093.0,46103.0,46112.0,46120.0,46132.0,46145.0,46152.0,46169.0,46175.0,46178.0,46185.0,46195.0,46200.0,46203.0,46212.0,46223.0,46228.0,46229.0,46235.0,46240.0,46248.0,46258.0,46270.0,46279.0,46283.0,46292.0,46296
0rG4WPZpGaY,,59014.0,62494.0,65731.0,68278.0,71144.0,74890.0,82628.0,88886.0,94450.0,98561.0,106352.0,114314.0,122696.0,130115.0,135846.0,141481.0,147575.0,159078.0,167400.0,175638.0,185412.0,194891.0,202034.0,211436.0,219978.0,230061.0,238864.0,247745.0,257912.0,267340.0,275284.0,283130.0,292595.0,303335.0,315649.0,326593.0,339976.0,351867.0,363485.0,373114.0,380154.0,390249.0,396291.0,401996.0,406963.0,411347.0,416452.0,421812.0,427676.0,433736.0,439838.0,445470.0,452124.0,458151.0,465171.0,472764.0,480885.0,487305.0,491722.0,497353.0,504456.0,511149.0,518340.0,525351.0,530427.0,535565.0,544011.0,552348.0,562242.0,570445.0,576958.0,582966.0,587923.0,594870.0,601155.0,609593.0,616568.0,627678.0,634546.0,639096.0,644563.0,650899.0,656608.0,661995.0,667633.0,672937.0,677246.0,683569.0,690026.0,696772.0,703368.0,711276.0,719403.0,725256.0,733501.0,741472.0,748321.0,755728.0,763499.0,771117.0,776426.0,783834.0,792401.0,801286.0,809632.0,818239.0,825107.0,831497.0,840277.0,848683.0,856412.0,862850.0,870030.0,875724.0,881830.0,889053.0,897546.0,908375.0,917178.0,925478.0,933328.0,939245.0,943011.0,948215.0,955408.0,962503.0,972020.0,980095.0,986557.0,996521.0,1004817.0,1013629.0,1021167.0,,,,,,,,,1085263.0,1090492.0,1097818.0,1105495.0,1112540.0,1119586.0,1126598.0,1132953.0,1139399.0,1146068.0,1152747.0,1159716.0,1166765.0,1174243.0,1180798.0,1187868.0,1194386.0,1201660.0,1208343.0,1215445.0,1222663.0,1227644.0,1231798.0,1237903.0,1244564.0,1251464.0,1258873.0,1266956.0,1272517.0,1278143.0,1285603.0,1294024.0,1302962.0,1310451.0,1319332.0,1326802.0,1332061.0,1339368.0,1347187.0,1354462.0,1361578.0,1368448.0,1373810.0,1378133.0,1384078.0,1390638.0,1396457.0,1401555.0,1405796
Fd71HoHirUI,,146225.0,337236.0,587598.0,1995656.0,2765682.0,2814304.0,3691954.0,5423204.0,6955313.0,8607281.0,10006134.0,11195427.0,13204006.0,14039945.0,14709008.0,15719485.0,16057615.0,16072489.0,16087020.0,16101557.0,16116688.0,16131411.0,16144636.0,16156167.0,16168766.0,16182467.0,16195253.0,16207638.0,16220237.0,16231120.0,16240737.0,16250863.0,16260858.0,16270575.0,16280487.0,16290849.0,16300286.0,16309714.0,16319858.0,16330665.0,16341308.0,16352242.0,16370966.0,16389537.0,16402344.0,16414951.0,16426951.0,16437776.0,16447220.0,16455987.0,16463553.0,16470066.0,16476357.0,16483476.0,16490220.0,16496906.0,16503269.0,16509391.0,16515425.0,16521847.0,16528304.0,16534603.0,16540970.0,16547386.0,16553271.0,16558499.0,16563845.0,16568437.0,16574567.0,16580171.0,16585726.0,16590942.0,16595528.0,16600525.0,16605723.0,16610814.0,16615912.0,16620826.0,16625080.0,16629008.0,16633481.0,16637917.0,16642537.0,16647137.0,16651564.0,16655865.0,16659618.0,16663704.0,16667807.0,16671969.0,16675908.0,16679814.0,16683329.0,16686708.0,16690425.0,16694254.0,16698071.0,16702047.0,16705998.0,16711863.0,16717060.0,16722340.0,16727127.0,16731355.0,16735429.0,16739515.0,16743198.0,16746503.0,16750218.0,16754056.0,16758132.0,16762304.0,16766319.0,16769649.0,16772765.0,16776260.0,16779837.0,16783445.0,16787190.0,16791465.0,16796119.0,16800442.0,16804913.0,16809556.0,16813939.0,16818253.0,16822573.0,16826716.0,16830090.0,16833464.0,16837137.0,16840918.0,16844522.0,,,,,,,,,16872595.0,16875506.0,16878876.0,16882119.0,16885116.0,16888057.0,16890867.0,16893341.0,16895780.0,16898334.0,16900952.0,16903624.0,16906760.0,16909580.0,16912029.0,16914379.0,16916887.0,16919529.0,16922239.0,16924942.0,16927610.0,16929987.0,16932087.0,16934616.0,16936979.0,16939521.0,16941981.0,16944444.0,16946522.0,16948466.0,16950828.0,16953181.0,16955665.0,16957851.0,16959885.0,16961845.0,16963615.0,16965611.0,16968023.0,16970408.0,16972695.0,16974848.0,16977093.0,16978982.0,16981075.0,16983308.0,16985570.0,16988260.0,16990930
herwD1Lm-KE,,1116.0,1342.0,1430.0,1650.0,1726.0,1823.0,1940.0,2131.0,2274.0,2366.0,2577.0,2898.0,3203.0,3563.0,3810.0,4052.0,4300.0,4569.0,4828.0,5006.0,5219.0,5411.0,5607.0,5741.0,5874.0,6015.0,6137.0,6285.0,6455.0,6550.0,6636.0,6794.0,6926.0,7051.0,7209.0,7356.0,7536.0,7682.0,7808.0,7952.0,8069.0,8206.0,8360.0,8451.0,8577.0,8704.0,8808.0,8902.0,8999.0,9073.0,9134.0,9198.0,9279.0,9363.0,9428.0,9485.0,9545.0,9607.0,9671.0,9740.0,9795.0,9858.0,9929.0,9989.0,10033.0,10102.0,10152.0,10201.0,10256.0,10303.0,10345.0,10378.0,10419.0,10467.0,10524.0,10590.0,10667.0,10758.0,10848.0,10904.0,10974.0,11029.0,11103.0,11188.0,11258.0,11312.0,11353.0,11421.0,11484.0,11550.0,11598.0,11665.0,11722.0,11770.0,11816.0,11866.0,11936.0,11994.0,12071.0,12121.0,12170.0,12217.0,12275.0,12303.0,12349.0,12399.0,12449.0,12494.0,12544.0,12585.0,12643.0,12690.0,12741.0,12786.0,12811.0,12850.0,12882.0,12916.0,12948.0,12968.0,13002.0,13036.0,13073.0,13098.0,13123.0,13151.0,13173.0,13195.0,13211.0,13230.0,13245.0,13272.0,13301.0,,,,,,,,,13638.0,13658.0,13686.0,13716.0,13760.0,13819.0,13865.0,13896.0,13940.0,13986.0,14029.0,14066.0,14120.0,14191.0,14233.0,14301.0,14347.0,14380.0,14437.0,14487.0,14550.0,14602.0,14650.0,14719.0,14788.0,14867.0,14934.0,15024.0,15072.0,15130.0,15188.0,15263.0,15335.0,15416.0,15490.0,15559.0,15620.0,15676.0,15730.0,15779.0,15837.0,15893.0,15933.0,15986.0,16053.0,16106.0,16181.0,16234.0,16273
ENfwg_YlezY,,6787.0,7526.0,8058.0,8787.0,10416.0,10531.0,10665.0,10777.0,10892.0,10963.0,11046.0,11111.0,,,,,,,,,,,,,,,,,,,,,,,,,,,,,,,,,,,,,,,,,,,,,,,,,,,,,,,,,,,,,,,,,,,,,,,,,,,,,,,,,,,,,,,,,,,,,,,,,,,,,,,,,,,,,,,,,,,,,,,,,,,,,,,,,,,,,,,,,,,,,,,,,,,,,,,,,,,,,,,,,,,,,,,,,,,,,,,,,,
i2wSqPVBbdE,,7.0,25.0,36.0,44.0,56.0,59.0,68.0,71.0,87.0,95.0,105.0,115.0,131.0,135.0,154.0,208.0,233.0,258.0,293.0,342.0,393.0,436.0,472.0,532.0,565.0,603.0,649.0,692.0,719.0,746.0,771.0,803.0,838.0,868.0,919.0,950.0,1001.0,1051.0,1104.0,1149.0,1216.0,1264.0,1326.0,1356.0,1395.0,1433.0,1480.0,1525.0,1568.0,1638.0,1676.0,1717.0,1766.0,1810.0,1870.0,1930.0,1988.0,2044.0,2094.0,2159.0,2202.0,2254.0,2294.0,2370.0,2418.0,2445.0,2508.0,2573.0,2694.0,2829.0,2974.0,3103.0,3191.0,3269.0,3348.0,3473.0,3599.0,3736.0,3852.0,3951.0,4057.0,4150.0,4285.0,4413.0,4556.0,4625.0,4685.0,4761.0,4849.0,4988.0,5138.0,5268.0,5425.0,5575.0,5697.0,5836.0,5952.0,6120.0,6239.0,6355.0,6523.0,6660.0,6799.0,6933.0,7088.0,7225.0,7332.0,7427.0,7522.0,7654.0,7781.0,7907.0,8040.0,8149.0,8243.0,8341.0,8447.0,8540.0,8640.0,8735.0,8821.0,8893.0,8976.0,9039.0,9102.0,9183.0,9233.0,9310.0,9359.0,9431.0,9517.0,9606.0,9689.0,,,,,,,,,10669.0,10776.0,10882.0,11021.0,11209.0,11283.0,11368.0,11431.0,11548.0,11620.0,11695.0,11820.0,11892.0,11981.0,12058.0,12117.0,12193.0,12248.0,12303.0,12394.0,12467.0,12541.0,12614.0,12693.0,12769.0,12875.0,12975.0,13060.0,13177.0,13255.0,13324.0,13440.0,13519.0,13704.0,13882.0,13980.0,14049.0,14164.0,14295.0,14367.0,14496.0,14621.0,14735.0,14842.0,14943.0,15040.0,15195.0,15324.0,15446
Qr_-4Njj-vA,,4349.0,4359.0,4376.0,4392.0,4407.0,4423.0,4442.0,4465.0,4478.0,4493.0,4506.0,4518.0,4534.0,4561.0,4572.0,4587.0,4601.0,4609.0,4623.0,4640.0,4654.0,4664.0,4674.0,4689.0,4706.0,4716.0,4721.0,4730.0,4744.0,4752.0,4760.0,4767.0,4768.0,4779.0,4785.0,4793.0,4805.0,4821.0,4830.0,4836.0,4845.0,4851.0,4858.0,4870.0,4875.0,4883.0,4889.0,4896.0,4907.0,4910.0,4919.0,4927.0,4930.0,4938.0,4953.0,4960.0,4965.0,4974.0,4991.0,5005.0,5018.0,5034.0,5039.0,5046.0,5062.0,5071.0,5082.0,5086.0,5094.0,5108.0,5118.0,5134.0,5144.0,5154.0,5160.0,5167.0,5177.0,5189.0,5201.0,5213.0,5216.0,5227.0,5235.0,5238.0,5248.0,5257.0,5262.0,5270.0,5278.0,5287.0,5294.0,5300.0,5312.0,5320.0,5326.0,5333.0,5341.0,5346.0,5354.0,5358.0,5368.0,5374.0,5381.0,5390.0,5397.0,5405.0,5408.0,5413.0,5433.0,5456.0,5474.0,5482.0,5492.0,5501.0,5506.0,5513.0,5515.0,5523.0,5533.0,5541.0,5546.0,5561.0,5567.0,5570.0,5574.0,5578.0,5580.0,5589.0,5595.0,5600.0,5607.0,5612.0,5613.0,,,,,,,,,5678.0,5692.0,5699.0,5715.0,5733.0,5742.0,5749.0,5781.0,5792.0,5797.0,5805.0,5808.0,5813.0,5822.0,5828.0,5836.0,5844.0,5848.0,5849.0,5853.0,5857.0,5860.0,5875.0,5911.0,5992.0,6049.0,6059.0,6066.0,6078.0,6082.0,6088.0,6093.0,6100.0,6105.0,6109.0,6115.0,6120.0,6126.0,6127.0,6130.0,6135.0,6140.0,6144.0,6148.0,6153.0,6156.0,6160.0,6162.0,6165
pvp-z3FBrqo,,553.0,721.0,884.0,1487.0,3698.0,5512.0,6017.0,8027.0,8523.0,8688.0,8860.0,8999.0,9147.0,9342.0,9467.0,9593.0,9682.0,9783.0,9887.0,9992.0,10089.0,10179.0,10271.0,10348.0,10437.0,10517.0,10616.0,10677.0,10746.0,10785.0,10839.0,10938.0,11038.0,11213.0,11333.0,11442.0,11531.0,11595.0,11665.0,11748.0,11820.0,11906.0,11977.0,12043.0,12101.0,12164.0,12241.0,12302.0,12361.0,12428.0,12490.0,12531.0,12579.0,12630.0,12696.0,12744.0,12794.0,12836.0,12874.0,12908.0,12960.0,13003.0,13046.0,13098.0,13157.0,13195.0,13240.0,13298.0,13349.0,13384.0,13447.0,13506.0,13562.0,13608.0,13658.0,13694.0,13738.0,13798.0,13846.0,13900.0,13939.0,13989.0,14048.0,14094.0,14144.0,14194.0,14230.0,14292.0,14346.0,14401.0,14461.0,14521.0,14557.0,14596.0,14626.0,14666.0,14736.0,14781.0,14838.0,14884.0,14923.0,14961.0,15007.0,15066.0,15117.0,15164.0,15214.0,15262.0,15308.0,15354.0,15392.0,15430.0,15463.0,15489.0,15504.0,15532.0,15566.0,15610.0,15641.0,15671.0,15699.0,15737.0,15763.0,15786.0,15803.0,15825.0,15852.0,15871.0,15888.0,15909.0,15929.0,15951.0,15972.0,,,,,,,,,16198.0,16234.0,16261.0,16297.0,16325.0,16361.0,16401.0,16426.0,16462.0,16492.0,16532.0,16582.0,16608.0,16655.0,16690.0,16732.0,16825.0,16869.0,16902.0,16928.0,16948.0,16969.0,16984.0,17003.0,17027.0,17053.0,17076.0,17098.0,17132.0,17159.0,17180.0,17200.0,17217.0,17257.0,17283.0,17314.0,17327.0,17350.0,17378.0,17394.0,17413.0,17450.0,17475.0,17494.0,17518.0,17536.0,17558.0,17585.0,17619
Rh-YDkwZhW8,,1633.0,1656.0,1680.0,1704.0,1730.0,1745.0,1762.0,1775.0,1791.0,1807.0,1816.0,1824.0,1833.0,1834.0,1842.0,1852.0,1861.0,1870.0,1873.0,1877.0,1884.0,1893.0,1899.0,1903.0,1910.0,1917.0,1923.0,1928.0,1932.0,1938.0,1947.0,1951.0,1961.0,1969.0,1976.0,1979.0,1982.0,1985.0,1991.0,2002.0,2006.0,2011.0,2019.0,2029.0,2039.0,2046.0,2054.0,2057.0,2060.0,2073.0,2078.0,2083.0,2086.0,2093.0,2100.0,2114.0,2119.0,2125.0,2132.0,2150.0,2160.0,2167.0,2175.0,2184.0,2191.0,2192.0,2198.0,2204.0,2212.0,2213.0,2218.0,2225.0,2230.0,2237.0,2240.0,2244.0,2248.0,2249.0,2254.0,2257.0,2258.0,2261.0,2263.0,2263.0,2264.0,2266.0,2270.0,2272.0,2276.0,2277.0,2278.0,2281.0,2284.0,2287.0,2293.0,2304.0,2306.0,2311.0,2315.0,2320.0,2325.0,2331.0,2331.0,2335.0,2340.0,2342.0,2343.0,2346.0,2349.0,2349.0,2353.0,2357.0,2360.0,2361.0,2363.0,2365.0,2365.0,2365.0,2366.0,2367.0,2370.0,2373.0,2375.0,2380.0,2382.0,2386.0,2392.0,2399.0,2400.0,2399.0,2405.0,2408.0,2411.0,,,,,,,,,2449.0,2458.0,2464.0,2468.0,2476.0,2498.0,2574.0,2643.0,2670.0,2691.0,2710.0,2723.0,2731.0,2750.0,2766.0,2776.0,2793.0,2799.0,2806.0,2812.0,2820.0,2825.0,2829.0,2836.0,2838.0,2839.0,2842.0,2843.0,2844.0,2848.0,2850.0,2853.0,2853.0,2855.0,2859.0,2862.0,2869.0,2873.0,2881.0,2888.0,2890.0,2899.0,2904.0,2908.0,2910.0,2914.0,2918.0,2924.0,2934
ktJyhPavV08,,113951.0,170174.0,205332.0,232623.0,248183.0,258740.0,267795.0,275117.0,280714.0,285444.0,290311.0,295153.0,299800.0,304702.0,309180.0,313462.0,318228.0,323418.0,332339.0,344641.0,358890.0,369522.0,382576.0,392777.0,401111.0,410992.0,422130.0,431669.0,439131.0,447676.0,453985.0,461310.0,468608.0,477849.0,486087.0,494742.0,501872.0,506717.0,520333.0,548106.0,596347.0,654839.0,724488.0,786352.0,839239.0,887785.0,916319.0,936153.0,950598.0,962867.0,976461.0,989353.0,998322.0,1006817.0,1013482.0,1020981.0,1027214.0,1032643.0,1037712.0,1043216.0,1048191.0,1052618.0,1058286.0,1064681.0,1073069.0,1079199.0,1086461.0,1091866.0,1097729.0,1103285.0,1109245.0,1115431.0,1120708.0,1126162.0,1132006.0,1136464.0,1141687.0,1145980.0,1150092.0,1154460.0,1159535.0,1163450.0,1167850.0,1172315.0,1176110.0,1179547.0,1183363.0,1187862.0,1192012.0,1196821.0,1202033.0,1206171.0,1212863.0,1220526.0,1225294.0,1230266.0,1238259.0,1245298.0,1250582.0,1256161.0,1261527.0,1267778.0,1273152.0,1278202.0,1282688.0,1286693.0,1291747.0,1296268.0,1299254.0,1302165.0,1305788.0,1309124.0,1312575.0,1316599.0,1320321.0,1324185.0,1327305.0,1330579.0,1334592.0,1337959.0,1338875.0,1339678.0,1340413.0,1341211.0,1341986.0,1342750.0,1343671.0,1344402.0,1345127.0,1345853.0,1346736.0,1347475.0,1348258.0,,,,,,,,,1354050.0,1354639.0,1355241.0,1355864.0,1356358.0,1356832.0,1357331.0,1357820.0,1358497.0,1359021.0,1359590.0,1360663.0,1361530.0,1362120.0,1362712.0,1363158.0,1363559.0,1364002.0,1364402.0,1364849.0,1365284.0,1365678.0,1366099.0,1366500.0,1366956.0,1367402.0,1367863.0,1368286.0,1368700.0,1369132.0,1369509.0,1369981.0,1370466.0,1370903.0,1371366.0,1371808.0,1372311.0,1372742.0,1373177.0,1373584.0,1374020.0,1374457.0,1374838.0,1375217.0,1375574.0,1375978.0,1376322.0,1376708.0,1377153
aJv0bpjk06M,,8622.0,8649.0,8705.0,8767.0,8809.0,8831.0,8876.0,8913.0,8980.0,9018.0,9055.0,9095.0,9115.0,9145.0,9182.0,9205.0,9252.0,9275.0,9304.0,9324.0,9351.0,9384.0,9406.0,9437.0,9457.0,9478.0,9506.0,9522.0,9539.0,9559.0,9582.0,9596.0,9622.0,9640.0,9662.0,9678.0,9697.0,9715.0,9730.0,9737.0,9756.0,9773.0,9789.0,9808.0,9826.0,9852.0,9876.0,9889.0,9907.0,9922.0,9935.0,9944.0,9960.0,9975.0,9988.0,10002.0,10012.0,10028.0,10049.0,10058.0,10084.0,10098.0,10109.0,10121.0,10132.0,10138.0,10153.0,10166.0,10175.0,10181.0,10197.0,10202.0,10265.0,10299.0,10315.0,10333.0,10344.0,10360.0,10378.0,10390.0,10414.0,10428.0,10438.0,10469.0,10492.0,10504.0,10507.0,10518.0,10526.0,10550.0,10567.0,10578.0,10592.0,10617.0,10640.0,10647.0,10655.0,10662.0,10686.0,10695.0,10706.0,10716.0,10728.0,10737.0,10752.0,10760.0,10769.0,10777.0,10782.0,10790.0,10795.0,10806.0,10844.0,10861.0,10881.0,10889.0,10897.0,10905.0,10911.0,10922.0,10942.0,10953.0,10958.0,10967.0,10974.0,10979.0,10980.0,10982.0,10991.0,10995.0,10997.0,11003.0,11010.0,,,,,,,,,11078.0,11097.0,11109.0,11111.0,11117.0,11120.0,11122.0,11126.0,11131.0,11137.0,11147.0,11154.0,11161.0,11172.0,11187.0,11196.0,11203.0,11213.0,11220.0,11225.0,11229.0,11234.0,11238.0,11239.0,11244.0,11247.0,11248.0,11253.0,11259.0,11260.0,11268.0,11275.0,11277.0,11281.0,11288.0,11293.0,11298.0,11312.0,11321.0,11327.0,11335.0,11341.0,11347.0,11356.0,11365.0,11368.0,11378.0,11384.0,11386
tO16-zBmmbw,,2810.0,4145.0,5301.0,6746.0,7711.0,8312.0,8725.0,9107.0,9390.0,9663.0,10029.0,10467.0,10957.0,11255.0,11430.0,11587.0,11676.0,11854.0,11986.0,12134.0,12299.0,12426.0,12493.0,12571.0,12660.0,12759.0,12838.0,12912.0,13004.0,13072.0,13134.0,13225.0,13289.0,13341.0,13403.0,13484.0,13543.0,13592.0,13649.0,13700.0,13759.0,13806.0,13845.0,13893.0,13936.0,13989.0,14041.0,14110.0,14154.0,14197.0,14233.0,14274.0,14323.0,14371.0,14424.0,14477.0,14518.0,14554.0,14590.0,14625.0,14649.0,14679.0,14712.0,14736.0,14775.0,14808.0,14838.0,14862.0,14890.0,14925.0,14953.0,14972.0,15002.0,15026.0,15051.0,15085.0,15120.0,15146.0,15182.0,15211.0,15256.0,15293.0,15318.0,15355.0,15388.0,15427.0,15458.0,15482.0,15505.0,15536.0,15557.0,15586.0,15607.0,15634.0,15664.0,15686.0,15706.0,15737.0,15767.0,15791.0,15823.0,15841.0,15853.0,15888.0,15909.0,15928.0,15966.0,15981.0,16015.0,16044.0,16068.0,16087.0,16110.0,16121.0,16154.0,16171.0,16202.0,16230.0,16253.0,16272.0,16293.0,16307.0,16351.0,16384.0,16419.0,16456.0,16478.0,16495.0,16511.0,16532.0,16546.0,16566.0,16586.0,,,,,,,,,16787.0,16815.0,16846.0,16862.0,16889.0,16910.0,16927.0,16948.0,16964.0,16992.0,17015.0,17051.0,17076.0,17097.0,17116.0,17127.0,17149.0,17166.0,17179.0,17196.0,17220.0,17243.0,17257.0,17281.0,17294.0,17315.0,17335.0,17366.0,17395.0,17415.0,17448.0,17466.0,17501.0,17528.0,17559.0,17575.0,17600.0,17629.0,17649.0,17677.0,17697.0,17724.0,17737.0,17758.0,17777.0,17800.0,17820.0,17840.0,17860
-sKEWF0QyP0,,6775.0,7252.0,8663.0,10230.0,11627.0,12488.0,14638.0,15216.0,15656.0,15985.0,16272.0,16646.0,16940.0,17177.0,17308.0,17465.0,17616.0,17727.0,17852.0,17964.0,18104.0,18216.0,18307.0,18389.0,18476.0,18544.0,18633.0,18716.0,18799.0,18864.0,18935.0,19021.0,19109.0,19170.0,19258.0,19344.0,19414.0,19464.0,19554.0,19620.0,19703.0,19758.0,19818.0,19874.0,19911.0,19954.0,19999.0,20059.0,20109.0,20164.0,20204.0,20243.0,20277.0,20320.0,20351.0,20401.0,20434.0,20472.0,20515.0,20552.0,20596.0,20643.0,20676.0,20702.0,20731.0,20758.0,20801.0,20825.0,20863.0,20911.0,20942.0,20970.0,21008.0,21033.0,21077.0,21125.0,21160.0,21209.0,21248.0,21273.0,21300.0,21338.0,21363.0,21441.0,21571.0,21620.0,21670.0,21744.0,21797.0,21836.0,21904.0,21953.0,21981.0,22006.0,22024.0,22047.0,22079.0,22108.0,22140.0,22159.0,22186.0,22205.0,22239.0,22266.0,22285.0,22305.0,22334.0,22356.0,22383.0,22408.0,22430.0,22466.0,22497.0,22522.0,22542.0,22578.0,22612.0,22636.0,22655.0,22679.0,22703.0,22717.0,22739.0,22754.0,22777.0,22804.0,22833.0,22851.0,22872.0,22892.0,22913.0,22931.0,22975.0,,,,,,,,,23248.0,23267.0,23292.0,23311.0,23332.0,23359.0,23379.0,23397.0,23415.0,23429.0,23448.0,23469.0,23480.0,23494.0,23521.0,23536.0,23553.0,23568.0,23585.0,23597.0,23605.0,23623.0,23637.0,23655.0,23667.0,23691.0,23702.0,23715.0,23724.0,23735.0,23745.0,23757.0,23769.0,23783.0,23796.0,23812.0,23822.0,23832.0,23841.0,23859.0,23880.0,23894.0,23905.0,23919.0,23931.0,23948.0,23963.0,23983.0,23999
wU4DX002RBU,,462.0,778.0,1128.0,2816.0,5218.0,11972.0,17262.0,21613.0,23046.0,24550.0,26099.0,27654.0,28940.0,30254.0,31610.0,32814.0,33736.0,34948.0,36097.0,37318.0,38401.0,39531.0,40410.0,41282.0,42069.0,42937.0,43672.0,44423.0,45407.0,46318.0,46977.0,47547.0,48114.0,48787.0,49401.0,50283.0,50986.0,51318.0,51899.0,52733.0,53330.0,53844.0,54493.0,54940.0,55251.0,55598.0,56038.0,56496.0,56906.0,57342.0,57741.0,58039.0,58361.0,58868.0,59342.0,59789.0,60177.0,60585.0,60821.0,61162.0,61537.0,61898.0,62252.0,62765.0,63046.0,63253.0,63495.0,63704.0,64035.0,64341.0,64651.0,64933.0,65165.0,65416.0,65730.0,66067.0,66384.0,66729.0,66986.0,67268.0,67573.0,67855.0,68085.0,68348.0,68577.0,68797.0,68961.0,69164.0,69387.0,69619.0,69849.0,70119.0,70319.0,70463.0,70617.0,70741.0,70861.0,71029.0,71181.0,71335.0,71458.0,71676.0,71865.0,72084.0,72282.0,72561.0,72771.0,72922.0,73115.0,73305.0,73468.0,73687.0,73888.0,74040.0,74119.0,74214.0,74360.0,74485.0,74651.0,74760.0,74872.0,74983.0,75066.0,75117.0,75203.0,75266.0,75384.0,75448.0,75539.0,75620.0,75726.0,75853.0,75936.0,,,,,,,,,77111.0,77349.0,77598.0,77793.0,78112.0,78463.0,78955.0,79432.0,79834.0,80138.0,80388.0,80548.0,80796.0,80991.0,81124.0,81371.0,81496.0,81621.0,81749.0,81884.0,81979.0,82039.0,82129.0,82188.0,82260.0,82346.0,82427.0,82518.0,82591.0,82659.0,82749.0,82824.0,82918.0,82990.0,83088.0,83158.0,83212.0,83283.0,83372.0,83449.0,83528.0,83687.0,83799.0,83877.0,83990.0,84097.0,84219.0,84298.0,84397
kbx0sg4S1cg,,146349.0,151492.0,157466.0,162262.0,166766.0,170917.0,176380.0,182161.0,188359.0,195281.0,201802.0,207978.0,214007.0,219674.0,224259.0,229353.0,234009.0,238744.0,243060.0,247340.0,252263.0,258456.0,263974.0,268672.0,273659.0,276853.0,279673.0,282659.0,285558.0,288619.0,291402.0,294058.0,296849.0,299582.0,302198.0,305177.0,308505.0,312324.0,315653.0,319423.0,322954.0,326675.0,330349.0,334416.0,338139.0,341592.0,344915.0,348260.0,351566.0,354654.0,358019.0,361115.0,364005.0,368003.0,371991.0,375623.0,379117.0,383241.0,390026.0,395410.0,400285.0,404844.0,409623.0,414571.0,419174.0,423073.0,426673.0,429521.0,432867.0,435785.0,438890.0,442163.0,444984.0,447778.0,450693.0,453594.0,456300.0,459348.0,462376.0,465046.0,467408.0,469677.0,471760.0,473995.0,476301.0,478411.0,480147.0,481856.0,483553.0,485477.0,487263.0,489253.0,491189.0,493128.0,494883.0,496642.0,498649.0,500580.0,502362.0,504162.0,506198.0,508074.0,510030.0,511916.0,513881.0,515762.0,517560.0,519210.0,520749.0,522318.0,524025.0,525633.0,527325.0,529055.0,530527.0,531966.0,533478.0,535071.0,536621.0,538112.0,539645.0,541131.0,542443.0,543903.0,545325.0,546629.0,548189.0,549835.0,551268.0,552620.0,554003.0,555413.0,556702.0,,,,,,,,,567107.0,568267.0,569226.0,570177.0,571108.0,572143.0,573170.0,574263.0,575347.0,576367.0,577446.0,578543.0,579586.0,580570.0,581611.0,582658.0,583641.0,584786.0,585854.0,586749.0,587586.0,588447.0,589307.0,590029.0,590885.0,591615.0,592412.0,593286.0,594048.0,594828.0,595569.0,596244.0,597104.0,598065.0,598945.0,599801.0,600649.0,601409.0,602198.0,602984.0,603799.0,604617.0,605412.0,606211.0,606979.0,607821.0,608694.0,609653.0,610529
lNzLuzmx5aY,,416919.0,807691.0,955911.0,1054233.0,1140319.0,1238494.0,1361788.0,1462146.0,1532429.0,1586445.0,1631074.0,1675727.0,1717700.0,1765467.0,1816905.0,1868328.0,1907647.0,1942526.0,1975477.0,2007725.0,2042355.0,2077194.0,2108887.0,2137092.0,2162441.0,2186566.0,2208478.0,2230089.0,2252897.0,2275720.0,2296510.0,2317105.0,2336105.0,2354671.0,2376795.0,2397778.0,2418259.0,2437046.0,2454529.0,2472146.0,2489300.0,2506106.0,2523472.0,2540962.0,2556768.0,2571650.0,2586993.0,2601602.0,2615702.0,2629099.0,2643196.0,2656633.0,2668965.0,2682878.0,2696458.0,2710352.0,2724321.0,2738610.0,2753032.0,2766784.0,2780734.0,2794406.0,2808468.0,2823313.0,2838466.0,2851963.0,2864113.0,2874997.0,2887697.0,2899021.0,2910299.0,2921958.0,2933137.0,2943590.0,2953642.0,2963835.0,2974110.0,2985762.0,2997489.0,3009836.0,3021807.0,3032654.0,3043652.0,3054422.0,3065750.0,3078035.0,3090608.0,3101974.0,3112409.0,3121932.0,3131309.0,3141454.0,3152992.0,3164812.0,3175244.0,3184381.0,3194308.0,3205535.0,3218037.0,3230606.0,3243519.0,3253484.0,3262249.0,3271905.0,3281412.0,3290639.0,3301073.0,3311676.0,3320654.0,3328639.0,3337581.0,3346273.0,3354753.0,3364812.0,3375637.0,3384412.0,3392123.0,3400249.0,3408082.0,3416371.0,3425059.0,3434233.0,3442139.0,3449157.0,3456308.0,3463483.0,3470774.0,3479133.0,3487720.0,3496413.0,3504335.0,3511750.0,3519005.0,,,,,,,,,3585412.0,3593760.0,3600743.0,3606930.0,3613304.0,3618995.0,3624933.0,3630907.0,3638534.0,3644828.0,3650622.0,3656623.0,3662998.0,3669223.0,3677057.0,3684987.0,3691674.0,3697923.0,3704262.0,3709753.0,3714848.0,3721277.0,3727986.0,3733780.0,3738708.0,3743814.0,3749054.0,3754413.0,3760438.0,3766452.0,3771542.0,3776413.0,3781394.0,3786414.0,3791295.0,3797271.0,3802602.0,3807156.0,3811639.0,3816309.0,3820828.0,3825634.0,3831209.0,3836809.0,3841686.0,3846265.0,3850790.0,3855488.0,3860304
UhG_acO4uGA,,71078.0,126137.0,145171.0,157977.0,167848.0,179456.0,190954.0,201958.0,212678.0,222619.0,230657.0,239029.0,247420.0,256765.0,266249.0,275819.0,282281.0,287605.0,292502.0,297729.0,303466.0,310482.0,317068.0,321520.0,325279.0,328688.0,331753.0,334957.0,338307.0,341472.0,344440.0,347222.0,350266.0,353265.0,357741.0,362091.0,366260.0,370000.0,373280.0,376621.0,379855.0,383003.0,386440.0,389819.0,392911.0,395845.0,398852.0,401766.0,404618.0,407222.0,409926.0,412421.0,414798.0,417617.0,420319.0,423020.0,425594.0,428358.0,431049.0,433523.0,435872.0,438321.0,441171.0,443896.0,446736.0,449154.0,451657.0,453941.0,456694.0,459127.0,461414.0,463904.0,466195.0,468395.0,470291.0,472240.0,474186.0,476260.0,478426.0,480467.0,482390.0,484150.0,485994.0,487773.0,489725.0,491818.0,493863.0,495682.0,497519.0,499166.0,500716.0,502579.0,504672.0,506836.0,508647.0,510182.0,511938.0,513707.0,515401.0,517641.0,519865.0,521462.0,522898.0,524330.0,525859.0,527424.0,529254.0,531099.0,532700.0,534088.0,535499.0,536938.0,538384.0,540245.0,542051.0,543550.0,544998.0,546615.0,548148.0,549658.0,551346.0,553059.0,554478.0,555775.0,557037.0,558302.0,559604.0,561261.0,562923.0,564355.0,565598.0,566872.0,568019.0,,,,,,,,,580408.0,582015.0,583369.0,584608.0,585920.0,587097.0,588325.0,589558.0,590975.0,592093.0,593165.0,594326.0,595363.0,596416.0,597898.0,599411.0,600622.0,601781.0,602888.0,603900.0,604840.0,606038.0,607250.0,608343.0,609263.0,610275.0,611177.0,612160.0,613230.0,614383.0,615234.0,616143.0,617124.0,618091.0,618983.0,620096.0,621157.0,622056.0,622855.0,623721.0,624616.0,625457.0,626513.0,627645.0,628454.0,629342.0,630128.0,630969.0,631816
2X-409vwqN0,,64743.0,69182.0,72828.0,76151.0,79154.0,81945.0,84461.0,86763.0,89485.0,92310.0,94304.0,96266.0,98211.0,100020.0,101793.0,104168.0,106637.0,108441.0,109967.0,111627.0,113248.0,114703.0,116924.0,119038.0,120570.0,122337.0,124348.0,126183.0,127928.0,129982.0,131677.0,132887.0,134066.0,135289.0,136670.0,137987.0,139568.0,140932.0,142059.0,143140.0,144187.0,145241.0,146131.0,147525.0,148765.0,149686.0,150651.0,151491.0,152465.0,153478.0,154247.0,155296.0,156284.0,157268.0,158237.0,159222.0,160143.0,161107.0,162394.0,163754.0,164947.0,166002.0,166957.0,167971.0,168903.0,169607.0,170672.0,171332.0,172402.0,173145.0,173900.0,174669.0,175521.0,176207.0,176896.0,177560.0,178234.0,178904.0,179698.0,180459.0,181118.0,181767.0,182344.0,182961.0,183572.0,184351.0,185191.0,185962.0,186688.0,187412.0,188091.0,188765.0,189696.0,190603.0,191229.0,191885.0,192587.0,193252.0,193924.0,194758.0,195514.0,196136.0,196678.0,197305.0,197781.0,198491.0,199236.0,200012.0,200682.0,201211.0,201791.0,202404.0,203015.0,203713.0,204456.0,205006.0,205527.0,205980.0,206615.0,207189.0,208038.0,208740.0,209273.0,210014.0,210724.0,211419.0,211993.0,212664.0,213228.0,213685.0,214118.0,214579.0,215049.0,,,,,,,,,219756.0,220318.0,220805.0,221304.0,221773.0,222142.0,222566.0,223097.0,223636.0,224014.0,224341.0,224840.0,225330.0,225798.0,226402.0,227021.0,227385.0,227838.0,228396.0,228961.0,229432.0,230014.0,230545.0,230995.0,231319.0,231775.0,232209.0,232675.0,233285.0,233891.0,234367.0,234772.0,235191.0,235670.0,236166.0,236855.0,237458.0,238084.0,238586.0,239102.0,239552.0,240094.0,240712.0,241303.0,241715.0,242109.0,242541.0,242937.0,243378
jNPxEBh1e8E,,107.0,143.0,166.0,180.0,195.0,202.0,219.0,229.0,236.0,248.0,255.0,266.0,273.0,278.0,284.0,288.0,298.0,307.0,313.0,322.0,335.0,353.0,360.0,365.0,370.0,384.0,388.0,394.0,413.0,431.0,451.0,464.0,492.0,493.0,505.0,518.0,522.0,525.0,533.0,534.0,542.0,544.0,556.0,566.0,574.0,584.0,594.0,598.0,601.0,607.0,609.0,612.0,618.0,627.0,634.0,643.0,647.0,650.0,656.0,661.0,666.0,669.0,676.0,688.0,692.0,696.0,700.0,704.0,704.0,704.0,707.0,709.0,711.0,714.0,715.0,717.0,720.0,721.0,727.0,730.0,734.0,734.0,735.0,735.0,741.0,742.0,742.0,744.0,745.0,747.0,748.0,750.0,752.0,753.0,755.0,757.0,758.0,759.0,760.0,761.0,761.0,762.0,764.0,766.0,768.0,770.0,773.0,775.0,778.0,781.0,784.0,786.0,788.0,793.0,796.0,798.0,801.0,806.0,809.0,810.0,812.0,812.0,817.0,820.0,823.0,825.0,828.0,828.0,829.0,830.0,831.0,833.0,834.0,,,,,,,,,846.0,847.0,849.0,851.0,851.0,852.0,854.0,856.0,858.0,859.0,864.0,867.0,869.0,871.0,872.0,873.0,875.0,876.0,877.0,878.0,879.0,879.0,879.0,879.0,879.0,879.0,880.0,880.0,882.0,884.0,886.0,886.0,886.0,886.0,886.0,886.0,887.0,888.0,888.0,888.0,888.0,889.0,889.0,889.0,890.0,890.0,893.0,894.0,896
5d5C3rKUb2E,,303601.0,303941.0,304297.0,304653.0,305023.0,305293.0,305558.0,305843.0,306103.0,306350.0,306579.0,306841.0,307096.0,307376.0,307666.0,307906.0,308156.0,308449.0,308695.0,308930.0,309231.0,309501.0,309733.0,309936.0,310227.0,310461.0,310832.0,311079.0,311345.0,311691.0,312021.0,312238.0,312421.0,312686.0,312930.0,313146.0,313326.0,313524.0,313753.0,313987.0,314215.0,314405.0,314578.0,314718.0,314924.0,315065.0,315274.0,315482.0,315668.0,315844.0,316066.0,316251.0,316458.0,316600.0,316757.0,316890.0,317133.0,317341.0,317592.0,317811.0,318076.0,318351.0,318580.0,318742.0,318956.0,319182.0,319412.0,319606.0,319800.0,319980.0,320172.0,320332.0,320545.0,320781.0,320969.0,321227.0,321422.0,321657.0,321911.0,322163.0,322403.0,322715.0,322988.0,323239.0,323475.0,323683.0,323936.0,324193.0,324511.0,324808.0,325054.0,325322.0,325586.0,325801.0,326089.0,326382.0,326682.0,326987.0,327241.0,327547.0,327728.0,327945.0,328276.0,328520.0,328769.0,329162.0,329472.0,329728.0,330042.0,330318.0,330496.0,330772.0,330935.0,331166.0,331344.0,331606.0,331922.0,332169.0,332422.0,332665.0,332868.0,333104.0,333349.0,333577.0,333869.0,334086.0,334304.0,334535.0,334709.0,334899.0,335120.0,335336.0,335537.0,,,,,,,,,337337.0,337525.0,337672.0,337872.0,338037.0,338197.0,338352.0,338543.0,338758.0,338956.0,339130.0,339328.0,339525.0,339726.0,339927.0,340179.0,340405.0,340660.0,340927.0,341127.0,341330.0,341506.0,341718.0,341937.0,342113.0,342304.0,342508.0,342695.0,342886.0,343072.0,343253.0,343412.0,343563.0,343701.0,343836.0,343968.0,344115.0,344267.0,344367.0,344526.0,344640.0,344775.0,344917.0,345036.0,345202.0,345326.0,345445.0,345599.0,345747
zKw6UbYQ1jk,,,1520.0,2249.0,2856.0,3378.0,3951.0,4604.0,5273.0,5690.0,6015.0,6235.0,6430.0,6759.0,7095.0,7502.0,7845.0,8129.0,8430.0,8833.0,9360.0,9779.0,10099.0,10593.0,10929.0,11279.0,11723.0,12212.0,12662.0,13013.0,13255.0,13610.0,13986.0,14288.0,14636.0,15135.0,15770.0,16175.0,16562.0,17201.0,17878.0,18328.0,18745.0,19165.0,19657.0,20163.0,20968.0,22020.0,23054.0,23847.0,24508.0,25164.0,25425.0,25703.0,26081.0,26523.0,26807.0,27351.0,27749.0,27992.0,28432.0,28860.0,29156.0,29562.0,29987.0,30265.0,30498.0,30863.0,31131.0,31418.0,31661.0,31885.0,32073.0,32249.0,32438.0,32635.0,32823.0,32990.0,33170.0,33323.0,33458.0,33629.0,33798.0,33969.0,34158.0,34353.0,34523.0,34665.0,34827.0,34983.0,35189.0,35344.0,35551.0,35745.0,35906.0,36059.0,36218.0,36360.0,36536.0,36711.0,36826.0,36979.0,37175.0,37323.0,37462.0,37643.0,37800.0,37960.0,38115.0,38273.0,38446.0,38595.0,38752.0,38909.0,39044.0,39180.0,39330.0,39577.0,39967.0,40638.0,40902.0,41302.0,41661.0,41934.0,42244.0,42583.0,42931.0,43282.0,43561.0,43837.0,44132.0,44400.0,44634.0,44944.0,,,,,,,,,47483.0,47714.0,47981.0,48269.0,48611.0,48959.0,49345.0,49650.0,49920.0,50248.0,50618.0,50998.0,51511.0,52017.0,52333.0,52641.0,53023.0,53478.0,53942.0,54315.0,54562.0,54781.0,55005.0,55273.0,55616.0,55985.0,56302.0,56726.0,57037.0,57309.0,57630.0,57905.0,58147.0,58366.0,58498.0,58646.0,58780.0,58927.0,59049.0,59170.0,59321.0,59448.0,59558.0,59664.0,59767.0,59921.0,60075.0,60210.0,60360
fV8wbwb1DEM,,,1882.0,1936.0,1993.0,2047.0,2117.0,2235.0,2560.0,2620.0,2662.0,2698.0,2883.0,3216.0,3287.0,3303.0,3325.0,3343.0,3347.0,3353.0,3358.0,3363.0,3368.0,3378.0,3388.0,3395.0,3404.0,3412.0,3418.0,3421.0,3425.0,3430.0,,,,,,,,,,,,,,,,,,,,,,,,,,,,,,,,,,,,,,,,,,,,,,,,,,,,,,,,,,,,,,,,,,,,,,,,,,,,,,,,,,,,,,,,,,,,,,,,,,,,,,,,,,,,,,,,,,,,,,,,,,,,,,,,,,,,,,,,,,,,,,,,,,,,,,,,,,,,,,,
iT090ByZ_R8,,,,749.0,997.0,1173.0,1256.0,1260.0,1464.0,1708.0,1851.0,2387.0,2770.0,3111.0,3356.0,3574.0,3800.0,4017.0,4209.0,4427.0,4669.0,4875.0,5121.0,5341.0,5505.0,5681.0,5804.0,5990.0,6148.0,6461.0,6804.0,7255.0,7661.0,8137.0,8475.0,8845.0,9181.0,9477.0,9676.0,9895.0,10186.0,10482.0,10777.0,11038.0,11243.0,11420.0,11649.0,11923.0,12132.0,12460.0,12713.0,12989.0,13221.0,13520.0,13869.0,14224.0,14594.0,15169.0,15588.0,15853.0,16081.0,16351.0,16591.0,16873.0,17207.0,17428.0,17607.0,17834.0,18029.0,18342.0,18589.0,18789.0,19012.0,19260.0,19484.0,19710.0,20017.0,20250.0,20488.0,20691.0,20921.0,21147.0,21359.0,21573.0,21787.0,22009.0,22228.0,22397.0,22536.0,22703.0,22838.0,22998.0,23186.0,23330.0,23431.0,23538.0,23647.0,23742.0,23836.0,23971.0,24063.0,24081.0,24080.0,24080.0,24080.0,24080.0,24080.0,24080.0,24080.0,24080.0,24080.0,24080.0,24080.0,24080.0,24080.0,24080.0,24080.0,24080.0,24080.0,24080.0,24080.0,24080.0,24080.0,24080.0,24080.0,24080.0,24080.0,24080.0,24080.0,24080.0,24080.0,24080.0,24080.0,24080.0,,,,,,,,,24080.0,24080.0,24080.0,24080.0,24080.0,24080.0,24080.0,24080.0,24080.0,24080.0,24080.0,24080.0,24080.0,24080.0,24080.0,24080.0,24080.0,24080.0,24080.0,24080.0,24080.0,24080.0,24080.0,24080.0,24080.0,24080.0,24080.0,24080.0,24080.0,24080.0,24080.0,24080.0,24080.0,24080.0,24080.0,24080.0,24080.0,24080.0,24080.0,24080.0,24080.0,24080.0,24080.0,24080.0,24080.0,24080.0,24080.0,24080.0,24080
dDp58AeqSE8,,,,2746.0,3324.0,3720.0,3925.0,4071.0,4249.0,4388.0,4509.0,4631.0,4780.0,4895.0,4999.0,5087.0,5178.0,5207.0,5228.0,5246.0,8255.0,13109.0,19126.0,23679.0,29304.0,39876.0,45785.0,51261.0,56642.0,60605.0,63859.0,67492.0,70798.0,70970.0,70944.0,70941.0,70935.0,70943.0,70947.0,70953.0,70955.0,70960.0,70963.0,70967.0,70970.0,70973.0,70977.0,70981.0,70984.0,70985.0,70987.0,70991.0,70992.0,70995.0,70995.0,70997.0,70998.0,71005.0,71008.0,71010.0,71011.0,71013.0,71015.0,71018.0,71019.0,71020.0,71023.0,71024.0,71029.0,71031.0,71031.0,71032.0,71032.0,71032.0,71033.0,71033.0,71039.0,71039.0,71041.0,71042.0,71043.0,71045.0,71046.0,71046.0,71047.0,71051.0,71053.0,71055.0,71057.0,71057.0,71058.0,71059.0,71059.0,71060.0,71061.0,71062.0,71064.0,71064.0,71066.0,71067.0,71067.0,71068.0,71071.0,71073.0,71074.0,71076.0,71077.0,71078.0,71078.0,71078.0,71080.0,71081.0,71083.0,71086.0,71091.0,71091.0,71091.0,71091.0,71092.0,71094.0,71096.0,71097.0,71101.0,71104.0,71105.0,71109.0,71110.0,71111.0,71112.0,71112.0,71112.0,71113.0,71113.0,71115.0,,,,,,,,,71122.0,71123.0,71123.0,71124.0,71124.0,71124.0,71124.0,71124.0,71124.0,71124.0,71125.0,71125.0,71126.0,71128.0,71129.0,71130.0,71130.0,71130.0,71132.0,71132.0,71132.0,71133.0,71135.0,71136.0,71136.0,71138.0,71139.0,71141.0,71141.0,71141.0,71143.0,71143.0,71144.0,71145.0,71145.0,71145.0,71145.0,71147.0,71150.0,71152.0,71152.0,71153.0,71153.0,71153.0,71155.0,71156.0,71156.0,71160.0,71160
MOudTwsEXzU,,,,74381.0,136543.0,210748.0,242488.0,281564.0,326827.0,359871.0,380352.0,394620.0,407497.0,420470.0,433267.0,442861.0,449901.0,455874.0,461927.0,467789.0,472421.0,477256.0,481335.0,485004.0,488073.0,491624.0,495168.0,500140.0,504181.0,508091.0,511841.0,514955.0,518534.0,521855.0,525200.0,528666.0,532016.0,535043.0,537518.0,539976.0,542537.0,545107.0,547583.0,550040.0,552116.0,553802.0,555521.0,557308.0,559139.0,560989.0,562570.0,564187.0,565587.0,567133.0,568668.0,570087.0,571641.0,573239.0,574728.0,576022.0,577539.0,579014.0,580621.0,582112.0,583581.0,584852.0,586110.0,587422.0,588694.0,590613.0,592367.0,593943.0,595385.0,597306.0,598543.0,599983.0,601546.0,603158.0,605280.0,607032.0,608782.0,610384.0,612094.0,613842.0,615381.0,616825.0,618129.0,619428.0,620759.0,622017.0,623409.0,624652.0,625860.0,627366.0,628504.0,629867.0,631197.0,632475.0,633823.0,635810.0,637263.0,638577.0,640155.0,641513.0,642775.0,643957.0,645090.0,646217.0,647262.0,648304.0,649220.0,650623.0,651722.0,652627.0,653495.0,654358.0,655259.0,656195.0,657038.0,657821.0,658670.0,659490.0,660223.0,661025.0,661799.0,662476.0,663311.0,664217.0,664956.0,665678.0,666444.0,667116.0,667869.0,668534.0,,,,,,,,,675769.0,676492.0,677409.0,678141.0,678937.0,679638.0,680284.0,680862.0,681544.0,682127.0,682860.0,684044.0,685160.0,686033.0,686747.0,687513.0,688175.0,688956.0,689791.0,690505.0,691304.0,692043.0,692794.0,693651.0,694437.0,695374.0,696222.0,697126.0,697875.0,698543.0,699363.0,700100.0,701022.0,701766.0,702594.0,703351.0,703968.0,704788.0,705587.0,706338.0,707260.0,708147.0,708926.0,709569.0,710327.0,711107.0,711945.0,712641.0,713394
Zypw5EE-rrg,,,,,531104.0,721663.0,779550.0,812012.0,841182.0,865172.0,877894.0,885580.0,890299.0,893733.0,896812.0,898979.0,900985.0,902660.0,904011.0,905082.0,906042.0,907015.0,907782.0,908454.0,909165.0,909663.0,910129.0,910611.0,911146.0,911661.0,912171.0,912657.0,913111.0,913478.0,913915.0,914320.0,914718.0,915087.0,915456.0,915799.0,916067.0,916262.0,916460.0,916699.0,916902.0,917143.0,917370.0,917591.0,917758.0,917974.0,918364.0,918678.0,918913.0,919118.0,919315.0,919503.0,919654.0,919819.0,920006.0,920201.0,920398.0,920573.0,920764.0,920914.0,921124.0,921334.0,921485.0,921672.0,921811.0,921991.0,922157.0,922324.0,922600.0,922767.0,922924.0,923064.0,923303.0,923458.0,923609.0,923755.0,923865.0,923984.0,924108.0,924239.0,924351.0,924446.0,924546.0,924669.0,924756.0,924845.0,924914.0,925022.0,925098.0,925179.0,925262.0,925342.0,925413.0,925475.0,925542.0,925608.0,925702.0,925800.0,925877.0,925942.0,926017.0,926102.0,926168.0,926245.0,926310.0,926370.0,926449.0,926497.0,926551.0,926613.0,926685.0,926749.0,926831.0,926895.0,926940.0,927013.0,927087.0,927153.0,927219.0,927274.0,927317.0,927368.0,927414.0,927463.0,927524.0,927590.0,927655.0,927707.0,927764.0,927797.0,,,,,,,,,928467.0,928548.0,928623.0,928710.0,928767.0,928819.0,928883.0,928943.0,929025.0,929091.0,929153.0,929200.0,929269.0,929324.0,929407.0,929500.0,929569.0,929643.0,929709.0,929786.0,929861.0,930030.0,930149.0,930288.0,930384.0,930483.0,930552.0,930623.0,930706.0,930785.0,930837.0,930906.0,930967.0,931002.0,931061.0,931125.0,931179.0,931221.0,931272.0,931322.0,931371.0,931413.0,931466.0,931509.0,931556.0,931596.0,931650.0,931695.0,931742
NWbWth5ZB-o,,,,,101764.0,425493.0,547193.0,1023888.0,1191417.0,1250521.0,1324241.0,1362005.0,1394702.0,1437284.0,1478933.0,1524065.0,1566641.0,1609213.0,1652803.0,1676610.0,1699439.0,1721201.0,1745556.0,1770939.0,1786805.0,1801355.0,1817001.0,1832067.0,1847879.0,1862430.0,1878558.0,1893975.0,1900834.0,1904992.0,1908880.0,1912527.0,1916176.0,1918679.0,1921307.0,1924167.0,1927537.0,1930754.0,1933888.0,1936906.0,1939891.0,1943051.0,1946174.0,1949525.0,1952755.0,1956043.0,1959871.0,1963795.0,1967456.0,1970547.0,1973890.0,1977503.0,1980789.0,1984396.0,1988029.0,1991826.0,1995367.0,1998797.0,2002270.0,2005576.0,2009065.0,2012234.0,2015429.0,2018265.0,2021128.0,2024399.0,2027608.0,2030753.0,2033990.0,2036897.0,2039827.0,2042549.0,2045389.0,2048215.0,2051145.0,2054349.0,2057046.0,2059911.0,2062805.0,2066061.0,2068781.0,2071988.0,2075380.0,2078870.0,2081984.0,2084917.0,2087998.0,2091378.0,2094790.0,2097756.0,2100562.0,2103404.0,2106373.0,2109257.0,2112230.0,2115607.0,2118756.0,2121911.0,2124895.0,2127975.0,2131117.0,2133884.0,2135397.0,2137720.0,2139573.0,2144383.0,2145600.0,2149428.0,2152496.0,2155389.0,2159520.0,2162556.0,2165095.0,2167239.0,2168181.0,2168920.0,2169452.0,2169708.0,2170194.0,2170535.0,2170948.0,2171303.0,2171695.0,2172140.0,2172568.0,2173050.0,2173497.0,2174009.0,2174431.0,2174895.0,,,,,,,,,2179130.0,2179614.0,2180116.0,2180682.0,2181272.0,2181791.0,2182256.0,2182745.0,2183278.0,2183816.0,2184277.0,2184841.0,2185468.0,2186005.0,2186519.0,2187046.0,2187681.0,2188308.0,2188934.0,2189455.0,2191523.0,2193212.0,2194429.0,2195312.0,2196146.0,2196964.0,2197761.0,2198688.0,2199562.0,2200440.0,2201199.0,2201834.0,2202324.0,2202746.0,2203342.0,2203896.0,2204404.0,2204960.0,2205431.0,2205929.0,2206394.0,2206896.0,2207382.0,2207781.0,2208329.0,2208867.0,2209293.0,2209798.0,2210224
W2r6Gpl4orU,,,,,2600.0,2618.0,2632.0,2646.0,2662.0,2728.0,2741.0,2754.0,2784.0,2799.0,2819.0,2825.0,2833.0,2837.0,2855.0,2857.0,2861.0,2870.0,2880.0,2892.0,2911.0,2933.0,2957.0,2967.0,2993.0,3008.0,3016.0,3024.0,3035.0,3048.0,3057.0,3071.0,3082.0,3095.0,3109.0,3123.0,3132.0,3143.0,3151.0,3164.0,3168.0,3175.0,3188.0,3204.0,3217.0,3227.0,3241.0,3256.0,3269.0,3273.0,3283.0,3299.0,3311.0,3319.0,3332.0,3337.0,3353.0,3369.0,3381.0,3399.0,3408.0,3414.0,3418.0,3429.0,3439.0,3463.0,3473.0,3476.0,3487.0,3494.0,3510.0,3530.0,3542.0,3551.0,3555.0,3561.0,3571.0,3581.0,3588.0,3597.0,3608.0,3614.0,3619.0,3630.0,3640.0,3656.0,3669.0,3682.0,3697.0,3706.0,3712.0,3719.0,3728.0,3735.0,3745.0,3762.0,3768.0,3776.0,3789.0,3808.0,3813.0,3832.0,3839.0,3850.0,3863.0,3871.0,3912.0,3938.0,3945.0,3958.0,3968.0,3973.0,3977.0,3984.0,3996.0,4004.0,4010.0,4013.0,4017.0,4026.0,4029.0,4032.0,4042.0,4049.0,4057.0,4060.0,4071.0,4077.0,4086.0,4090.0,,,,,,,,,4140.0,4142.0,4152.0,4157.0,4167.0,4173.0,4180.0,4187.0,4191.0,4197.0,4206.0,4217.0,4225.0,4229.0,4234.0,4243.0,4247.0,4256.0,4267.0,4278.0,4282.0,4301.0,4309.0,4319.0,4327.0,4336.0,4350.0,4363.0,4379.0,4398.0,4411.0,4430.0,4445.0,4459.0,4467.0,4476.0,4487.0,4495.0,4501.0,4513.0,4523.0,4535.0,4541.0,4549.0,4557.0,4569.0,4579.0,4586.0,4597
5jnCFHp7aAc,,,,,7572.0,8927.0,9848.0,10767.0,11498.0,12952.0,13783.0,14471.0,14918.0,15346.0,15795.0,16324.0,18211.0,20934.0,24273.0,27312.0,30206.0,33142.0,36648.0,39502.0,41558.0,43591.0,44989.0,45876.0,46923.0,47755.0,48165.0,48784.0,49944.0,50943.0,51862.0,53191.0,54301.0,54858.0,55399.0,56143.0,56874.0,57712.0,58553.0,59171.0,60287.0,61229.0,61863.0,62750.0,63487.0,64001.0,64493.0,64930.0,65286.0,65640.0,65956.0,66333.0,66742.0,67041.0,67379.0,67695.0,68333.0,68981.0,69514.0,70137.0,70758.0,71218.0,71729.0,72149.0,72567.0,73133.0,73641.0,74173.0,74606.0,75185.0,75822.0,76294.0,77093.0,77914.0,78323.0,78633.0,78851.0,79236.0,80062.0,81145.0,82052.0,82887.0,84002.0,84544.0,85459.0,86208.0,87037.0,87587.0,88430.0,89107.0,89703.0,90342.0,90913.0,91613.0,92300.0,92826.0,93264.0,93626.0,94059.0,94405.0,94809.0,95173.0,95490.0,95756.0,95994.0,96246.0,96542.0,96801.0,97033.0,97278.0,97540.0,97758.0,97942.0,98196.0,98533.0,98908.0,99178.0,99370.0,99512.0,99662.0,99860.0,100048.0,100226.0,100390.0,100526.0,100668.0,100821.0,101052.0,101261.0,101511.0,,,,,,,,,103793.0,104016.0,104283.0,104602.0,104882.0,105169.0,105509.0,105836.0,106162.0,106383.0,106721.0,107182.0,107643.0,108195.0,108553.0,108893.0,109194.0,109475.0,109768.0,109985.0,110200.0,110397.0,110563.0,110761.0,111093.0,111356.0,111612.0,111887.0,112206.0,112426.0,112758.0,113342.0,114819.0,115855.0,117007.0,118046.0,119058.0,120489.0,121847.0,123390.0,125098.0,126371.0,127529.0,128574.0,130068.0,131619.0,133327.0,135171.0,136665
JRewH-ZFi24,,,,,1945.0,1945.0,1948.0,1955.0,1958.0,1958.0,1961.0,1962.0,1963.0,1968.0,1971.0,1975.0,1981.0,1982.0,1983.0,1982.0,1988.0,1992.0,1995.0,1996.0,2003.0,2004.0,2008.0,2010.0,2018.0,2024.0,2029.0,2034.0,2037.0,2039.0,2043.0,2046.0,2049.0,2053.0,2058.0,2060.0,2062.0,2069.0,2072.0,2072.0,2077.0,2083.0,2089.0,2090.0,2091.0,2091.0,2091.0,2095.0,2095.0,2097.0,2098.0,2099.0,2102.0,2103.0,2108.0,2110.0,2112.0,2114.0,2116.0,2117.0,2119.0,2120.0,2123.0,2125.0,2131.0,2133.0,2139.0,2142.0,2146.0,2153.0,2157.0,2162.0,2165.0,2171.0,2173.0,2175.0,2179.0,2186.0,2188.0,2190.0,2192.0,2195.0,2197.0,2202.0,2206.0,2208.0,2211.0,2211.0,2213.0,2213.0,2213.0,2213.0,2216.0,2216.0,2217.0,2217.0,2218.0,2219.0,2220.0,2220.0,2221.0,2221.0,2222.0,2226.0,2227.0,2228.0,2233.0,2234.0,2237.0,2238.0,2239.0,2240.0,2241.0,2241.0,2241.0,2241.0,2243.0,2244.0,2246.0,2246.0,2247.0,2248.0,2248.0,2248.0,2250.0,2250.0,2251.0,2254.0,2256.0,2258.0,,,,,,,,,2275.0,2276.0,2277.0,2277.0,2277.0,2279.0,2282.0,2284.0,2286.0,2288.0,2289.0,2289.0,2291.0,2293.0,2293.0,2293.0,2296.0,2296.0,2297.0,2298.0,2299.0,2299.0,2303.0,2303.0,2303.0,2304.0,2305.0,2307.0,2310.0,2312.0,2313.0,2314.0,2317.0,2317.0,2318.0,2319.0,2321.0,2322.0,2325.0,2326.0,2329.0,2330.0,2331.0,2331.0,2332.0,2337.0,2338.0,2338.0,2340
CNd-r_hw2yM,,,,,12846.0,18855.0,24999.0,27846.0,42326.0,52937.0,59540.0,62017.0,63613.0,67608.0,70028.0,71502.0,72413.0,72985.0,73654.0,74340.0,74841.0,75280.0,75644.0,75988.0,76237.0,76562.0,76937.0,77385.0,77869.0,78311.0,78650.0,78960.0,79603.0,80369.0,81250.0,82122.0,83113.0,83753.0,84271.0,85028.0,85642.0,86362.0,86982.0,87466.0,87852.0,88191.0,88623.0,89136.0,89513.0,89980.0,90412.0,90777.0,91042.0,91452.0,91887.0,92494.0,93134.0,93943.0,94503.0,94832.0,95254.0,95663.0,96095.0,96481.0,96869.0,97162.0,97442.0,97778.0,98059.0,98537.0,98905.0,99172.0,99473.0,99759.0,100114.0,100447.0,100853.0,101198.0,101653.0,101981.0,102324.0,102665.0,102951.0,103317.0,103711.0,104173.0,104648.0,105108.0,105572.0,106020.0,106488.0,106931.0,107430.0,107837.0,108141.0,108475.0,108923.0,109399.0,109875.0,110274.0,110670.0,111039.0,111590.0,111929.0,112377.0,112834.0,113167.0,113417.0,113683.0,114028.0,114347.0,114631.0,114955.0,115239.0,115513.0,115738.0,116029.0,116289.0,116563.0,116824.0,117026.0,117230.0,117396.0,117558.0,117763.0,117955.0,118192.0,118366.0,118544.0,118708.0,118960.0,119128.0,119289.0,119431.0,,,,,,,,,121063.0,121219.0,121379.0,121573.0,121774.0,121961.0,122157.0,122277.0,122411.0,122558.0,122698.0,122872.0,123102.0,123375.0,123614.0,123833.0,124158.0,124551.0,124824.0,124992.0,125143.0,125271.0,125409.0,125596.0,125773.0,125971.0,126157.0,126318.0,126471.0,126609.0,126783.0,126981.0,127155.0,127315.0,127511.0,127644.0,127794.0,127970.0,128184.0,128386.0,128646.0,128834.0,129039.0,129238.0,129475.0,129701.0,129916.0,130110.0,130358
6f_P9WonjLc,,,,,3404.0,8061.0,14756.0,24028.0,29310.0,32892.0,36352.0,39148.0,41791.0,45682.0,48591.0,50341.0,51965.0,53274.0,54603.0,55759.0,56849.0,57857.0,58788.0,59585.0,60356.0,61148.0,61894.0,62627.0,63324.0,64008.0,64519.0,65201.0,65815.0,66300.0,66888.0,67445.0,67958.0,68473.0,68918.0,69390.0,69816.0,70243.0,70551.0,70970.0,71385.0,71705.0,72012.0,72313.0,72634.0,72958.0,73241.0,73538.0,73774.0,74049.0,74315.0,74548.0,74800.0,75110.0,75375.0,75584.0,75824.0,76042.0,76387.0,76644.0,76883.0,77116.0,77357.0,77531.0,77701.0,77893.0,78136.0,78329.0,78537.0,78750.0,78928.0,79127.0,79285.0,79436.0,79631.0,79801.0,79957.0,80104.0,80301.0,80453.0,80656.0,80853.0,81048.0,81230.0,81380.0,81538.0,81684.0,81849.0,82011.0,82161.0,82354.0,82486.0,82614.0,82771.0,82937.0,83088.0,83265.0,83398.0,83532.0,83660.0,83816.0,83940.0,84101.0,84280.0,84425.0,84579.0,84710.0,84858.0,84998.0,85147.0,85306.0,85420.0,85545.0,85655.0,85770.0,85883.0,85980.0,86090.0,86187.0,86282.0,86369.0,86475.0,86575.0,86690.0,86786.0,86892.0,87015.0,87119.0,87227.0,87354.0,,,,,,,,,88309.0,88409.0,88501.0,88589.0,88698.0,88801.0,88885.0,88998.0,89102.0,89183.0,89322.0,89488.0,89644.0,89752.0,89851.0,89925.0,90006.0,90070.0,90158.0,90247.0,90334.0,90425.0,90525.0,90602.0,90698.0,90792.0,90854.0,90949.0,91067.0,91150.0,91236.0,91313.0,91384.0,91467.0,91549.0,91619.0,91684.0,91764.0,91846.0,91955.0,92074.0,92186.0,92288.0,92426.0,92519.0,92616.0,92738.0,92816.0,92887
WxNNGLlKeNQ,,,,,6405976.0,6455121.0,6488922.0,6547099.0,6590488.0,6627309.0,6662527.0,6700432.0,6734055.0,6778794.0,6818886.0,6853816.0,6887337.0,6918597.0,6951123.0,6983318.0,7017799.0,7049216.0,7083886.0,7119031.0,7147230.0,7173928.0,7180827.0,7186591.0,7191821.0,7196977.0,7202271.0,7206805.0,7211454.0,7216012.0,7220197.0,7224219.0,7228365.0,7232131.0,7235530.0,7239253.0,7243163.0,7246935.0,7250292.0,7253816.0,7257148.0,7260185.0,7263237.0,7266614.0,7269945.0,7273233.0,7276316.0,7279522.0,7282449.0,7285336.0,7290052.0,7295492.0,7300251.0,7304358.0,7310168.0,7315101.0,7319334.0,7323200.0,7326930.0,7330653.0,7333931.0,7336889.0,7340305.0,7343397.0,7346240.0,7349777.0,7353208.0,7356366.0,7359384.0,7362399.0,7364765.0,7367635.0,7370303.0,7373004.0,7375495.0,7377914.0,7380414.0,7382927.0,7385229.0,7387859.0,7390859.0,7393835.0,7396501.0,7399789.0,7403202.0,7405656.0,7409423.0,7412870.0,7415818.0,7419377.0,7423246.0,7426005.0,7430153.0,7432894.0,7436276.0,7438741.0,7442069.0,7444730.0,7447701.0,7450379.0,7454955.0,7457963.0,7461265.0,7464024.0,7466591.0,7470393.0,7472901.0,7475577.0,7478761.0,7481649.0,7485475.0,7488237.0,7489807.0,7492865.0,7495211.0,7496307.0,7497470.0,7498503.0,7499556.0,7500564.0,7501519.0,7502344.0,7503294.0,7504375.0,7505484.0,7506692.0,7507933.0,7509154.0,7510226.0,7511290.0,,,,,,,,,7522235.0,7523813.0,7525254.0,7526883.0,7528471.0,7530043.0,7531549.0,7533056.0,7534591.0,7536242.0,7537733.0,7539221.0,7541038.0,7542642.0,7544277.0,7545819.0,7547684.0,7549438.0,7551072.0,7552487.0,7557325.0,7561698.0,7564898.0,7567299.0,7569675.0,7571968.0,7574598.0,7577173.0,7579832.0,7582286.0,7584083.0,7585641.0,7587113.0,7588529.0,7590168.0,7591705.0,7593196.0,7594481.0,7595779.0,7596940.0,7598095.0,7599210.0,7600373.0,7601344.0,7602564.0,7603596.0,7604601.0,7605741.0,7606737
3VYIFvN47UE,,,,,13147.0,13214.0,13279.0,13328.0,13380.0,13424.0,13470.0,13517.0,13564.0,13613.0,13660.0,13694.0,13733.0,13777.0,13808.0,13833.0,13878.0,13928.0,13975.0,14095.0,14141.0,14167.0,14199.0,14224.0,14264.0,14294.0,14325.0,14387.0,14429.0,14455.0,14482.0,14513.0,14542.0,14570.0,14603.0,14630.0,14652.0,14675.0,14709.0,14741.0,14783.0,14803.0,14829.0,14868.0,14909.0,14936.0,14961.0,14996.0,15026.0,15066.0,15086.0,15118.0,15133.0,15156.0,15179.0,15205.0,15238.0,15265.0,15294.0,15323.0,15343.0,15358.0,15378.0,15399.0,15414.0,15436.0,15446.0,15467.0,15495.0,15515.0,15538.0,15555.0,15586.0,15624.0,15648.0,15669.0,15696.0,15719.0,15749.0,15781.0,15813.0,15834.0,15868.0,15889.0,15907.0,15934.0,15949.0,15977.0,16003.0,16035.0,16083.0,16125.0,16174.0,16209.0,16241.0,16270.0,16323.0,16363.0,16386.0,16443.0,16491.0,16511.0,16553.0,16583.0,16597.0,16642.0,16678.0,16726.0,16752.0,16794.0,16820.0,16829.0,16855.0,16876.0,16909.0,16940.0,16962.0,16982.0,17001.0,17030.0,17059.0,17074.0,17090.0,17109.0,17127.0,17146.0,17166.0,17182.0,17201.0,17223.0,,,,,,,,,17414.0,17441.0,17471.0,17495.0,17514.0,17536.0,17563.0,17582.0,17599.0,17625.0,17639.0,17684.0,17725.0,17756.0,17784.0,17781.0,17800.0,17817.0,17815.0,17835.0,17858.0,17869.0,17884.0,17896.0,17916.0,17938.0,17975.0,17991.0,18003.0,18022.0,18044.0,18069.0,18086.0,18109.0,18131.0,18152.0,18182.0,18201.0,18214.0,18241.0,18252.0,18271.0,18286.0,18303.0,18324.0,18350.0,18369.0,18400.0,18418
UMyPIXARZeQ,,,,,18329.0,19495.0,20419.0,21104.0,21754.0,22230.0,22768.0,23258.0,23798.0,24180.0,24649.0,25150.0,25502.0,25902.0,26258.0,26612.0,27044.0,27413.0,27820.0,28118.0,28416.0,28695.0,29058.0,29344.0,29652.0,29917.0,30199.0,30462.0,30740.0,31031.0,31245.0,31500.0,31731.0,31948.0,32183.0,32408.0,32615.0,32889.0,33108.0,33329.0,33485.0,33688.0,33847.0,34028.0,34181.0,34352.0,34571.0,34758.0,34909.0,35093.0,35296.0,35470.0,35639.0,35803.0,35949.0,36104.0,36262.0,36439.0,36558.0,36733.0,36926.0,37070.0,37160.0,37293.0,37435.0,37665.0,37803.0,37936.0,38088.0,38251.0,38406.0,38569.0,38729.0,38854.0,39016.0,39168.0,39285.0,39429.0,39566.0,39712.0,39863.0,40031.0,40124.0,40232.0,40356.0,40482.0,40616.0,40758.0,40929.0,41076.0,41209.0,41368.0,41515.0,41645.0,41822.0,41973.0,42092.0,42216.0,42313.0,42465.0,42572.0,42708.0,42870.0,43025.0,43144.0,43270.0,43448.0,43525.0,43627.0,43727.0,43824.0,43903.0,43995.0,44100.0,44206.0,44294.0,44410.0,44516.0,44605.0,44718.0,44812.0,44908.0,44981.0,45063.0,45150.0,45241.0,45328.0,45405.0,45479.0,45569.0,,,,,,,,,46455.0,46522.0,46647.0,46758.0,46846.0,46928.0,47040.0,47141.0,47224.0,47328.0,47436.0,47520.0,47658.0,47750.0,47866.0,47961.0,48051.0,48139.0,48221.0,48338.0,48432.0,48512.0,48582.0,48668.0,48731.0,48824.0,48917.0,48996.0,49073.0,49154.0,49255.0,49346.0,49448.0,49537.0,49620.0,49695.0,49795.0,49886.0,49972.0,50080.0,50173.0,50260.0,50331.0,50419.0,50503.0,50572.0,50637.0,50722.0,50804
cW6hi6iNpcE,,,,,,156696.0,175669.0,189390.0,239725.0,275975.0,293617.0,310373.0,334870.0,348951.0,360107.0,368527.0,376558.0,382633.0,390561.0,398476.0,402901.0,406451.0,409087.0,411449.0,413464.0,415219.0,416675.0,418073.0,419411.0,420632.0,421782.0,422693.0,424229.0,424992.0,425673.0,426317.0,426931.0,427454.0,428069.0,428634.0,429117.0,429525.0,430005.0,430449.0,430885.0,431370.0,431829.0,432257.0,432662.0,433036.0,433423.0,433882.0,434688.0,435298.0,435884.0,436451.0,436942.0,437338.0,437808.0,438307.0,438744.0,439123.0,439562.0,440008.0,440418.0,440825.0,441275.0,441737.0,442141.0,442588.0,442898.0,443227.0,443574.0,443877.0,444116.0,444362.0,444596.0,444856.0,445088.0,445287.0,445518.0,445762.0,445920.0,446064.0,446205.0,446417.0,446565.0,446721.0,446888.0,447019.0,447110.0,447227.0,447367.0,447499.0,447609.0,447743.0,447893.0,447992.0,448091.0,448188.0,448288.0,448418.0,448517.0,448622.0,448704.0,448768.0,448859.0,448967.0,449059.0,449156.0,449249.0,449372.0,449499.0,449629.0,449795.0,449898.0,450028.0,450130.0,450245.0,450343.0,450431.0,450511.0,450646.0,450732.0,450840.0,450968.0,451078.0,451192.0,451308.0,451427.0,451541.0,451665.0,451782.0,451855.0,,,,,,,,,452549.0,452629.0,452690.0,452740.0,452791.0,452842.0,452886.0,452932.0,453006.0,458182.0,459399.0,460004.0,460400.0,460722.0,460999.0,461359.0,461592.0,461847.0,462081.0,462375.0,462889.0,463402.0,464072.0,464675.0,465236.0,465566.0,465783.0,465969.0,466148.0,466314.0,466415.0,466528.0,466650.0,466762.0,466878.0,467104.0,467265.0,467411.0,467488.0,467600.0,467671.0,467775.0,467896.0,467994.0,468128.0,468296.0,468424.0,468535.0,468631
_6nTySlBYUY,,,,,,9336.0,10454.0,10956.0,11244.0,11496.0,11756.0,12039.0,12230.0,12340.0,12435.0,12527.0,12612.0,12683.0,12757.0,12840.0,12875.0,12939.0,12967.0,12991.0,13038.0,13142.0,13260.0,13307.0,13351.0,13375.0,13387.0,13407.0,13427.0,13443.0,13458.0,13464.0,13482.0,13490.0,13499.0,13510.0,13523.0,13537.0,13551.0,13556.0,13562.0,13570.0,13574.0,13578.0,13586.0,13591.0,13601.0,13609.0,13614.0,13617.0,13620.0,13626.0,13629.0,13632.0,13639.0,13647.0,13652.0,13656.0,13659.0,13667.0,13670.0,13673.0,13680.0,13688.0,13694.0,13697.0,13698.0,13699.0,13705.0,13709.0,13712.0,13716.0,13718.0,13723.0,13725.0,13726.0,13727.0,13731.0,13731.0,13734.0,13734.0,13737.0,13741.0,13745.0,13746.0,13748.0,13749.0,13752.0,13754.0,13755.0,13759.0,13762.0,13768.0,13770.0,13771.0,13775.0,13776.0,13787.0,13790.0,13791.0,13793.0,13795.0,13796.0,13800.0,13802.0,13806.0,13807.0,13811.0,13814.0,13820.0,13822.0,13825.0,13828.0,13832.0,13834.0,13837.0,13839.0,13843.0,13846.0,13847.0,13848.0,13854.0,13855.0,13858.0,13861.0,13866.0,13866.0,13870.0,13871.0,13873.0,,,,,,,,,13900.0,13901.0,13902.0,13906.0,13911.0,13911.0,13913.0,13918.0,13921.0,13925.0,13926.0,13930.0,13932.0,13933.0,13934.0,13940.0,13941.0,13944.0,13948.0,13949.0,13953.0,13958.0,13960.0,13964.0,13967.0,13969.0,13971.0,13976.0,13976.0,13981.0,13984.0,13985.0,13988.0,13991.0,13993.0,13995.0,13998.0,14001.0,14004.0,14004.0,14010.0,14015.0,14015.0,14018.0,14020.0,14022.0,14024.0,14026.0,14027
nRpnAWhTgho,,,,,,,12144.0,12175.0,12193.0,12214.0,12235.0,12247.0,12264.0,12281.0,12297.0,12314.0,12333.0,12346.0,12363.0,12377.0,12392.0,12408.0,12425.0,12444.0,12467.0,12499.0,12515.0,12528.0,12554.0,12573.0,12578.0,12600.0,12615.0,12634.0,12647.0,12659.0,12675.0,12702.0,12732.0,12761.0,12796.0,12820.0,12836.0,12851.0,12874.0,12899.0,12933.0,12968.0,12999.0,13022.0,13046.0,13079.0,13103.0,13136.0,13154.0,13190.0,13213.0,13234.0,13250.0,13278.0,13318.0,13349.0,13365.0,13404.0,13457.0,13505.0,13545.0,13575.0,13602.0,13627.0,13645.0,13673.0,13688.0,13710.0,13723.0,13744.0,13754.0,13770.0,13782.0,13794.0,13814.0,13835.0,13856.0,13874.0,13896.0,13904.0,13920.0,13939.0,13953.0,13963.0,13980.0,14000.0,14014.0,14047.0,14070.0,14095.0,14116.0,14132.0,14155.0,14196.0,14226.0,14256.0,14280.0,14300.0,14320.0,14339.0,14355.0,14371.0,14404.0,14431.0,14452.0,14471.0,14492.0,14515.0,14544.0,14577.0,14641.0,14661.0,14686.0,14718.0,14735.0,14755.0,14777.0,14809.0,14836.0,14865.0,14884.0,14905.0,14930.0,14962.0,14979.0,14999.0,15009.0,15033.0,,,,,,,,,15187.0,15206.0,15234.0,15255.0,15267.0,15279.0,15300.0,15323.0,15347.0,15362.0,15392.0,15406.0,15431.0,15483.0,15519.0,15550.0,15581.0,15619.0,15640.0,15669.0,15691.0,15718.0,15741.0,15764.0,15793.0,15817.0,15837.0,15857.0,15882.0,15918.0,15936.0,15953.0,15982.0,16000.0,16015.0,16041.0,16072.0,16095.0,16129.0,16160.0,16175.0,16185.0,16205.0,16225.0,16234.0,16251.0,16262.0,16291.0,16305
YR7EOzMZt1w,,,,,,,189170.0,273927.0,339774.0,394799.0,442744.0,486815.0,535740.0,577636.0,614266.0,644161.0,670674.0,695294.0,720083.0,742140.0,763723.0,784932.0,804542.0,821221.0,836189.0,851593.0,866372.0,880361.0,896113.0,911865.0,926949.0,938827.0,951838.0,963987.0,974657.0,986581.0,999964.0,1011092.0,1020001.0,1030868.0,1041480.0,1050236.0,1059073.0,1067824.0,1075577.0,1082820.0,1090113.0,1097761.0,1104637.0,1111292.0,1117551.0,1123370.0,1128947.0,1134425.0,1140806.0,1146473.0,1151883.0,1157648.0,1163486.0,1168573.0,1173562.0,1179279.0,1184786.0,1189113.0,1193417.0,1197562.0,1201214.0,1204703.0,1207674.0,1211783.0,1215890.0,1219652.0,1223498.0,1227288.0,1230994.0,1234458.0,1238261.0,1241582.0,1245321.0,1248682.0,1251973.0,1255298.0,1258292.0,1261392.0,1264530.0,1267576.0,1270558.0,1273418.0,1276248.0,1279212.0,1282232.0,1285124.0,1288138.0,1290966.0,1293657.0,1296328.0,1299103.0,1301643.0,1304418.0,1306845.0,1309492.0,1311896.0,1314163.0,1316290.0,1318714.0,1321001.0,1323386.0,1325746.0,1327896.0,1329993.0,1332039.0,1334097.0,1336114.0,1338157.0,1340385.0,1342704.0,1344915.0,1347153.0,1349314.0,1351258.0,1353187.0,1355032.0,1356899.0,1358565.0,1360292.0,1361812.0,1363566.0,1365648.0,1367370.0,1369106.0,1370893.0,1372463.0,1374030.0,1375412.0,,,,,,,,,1388786.0,1390141.0,1391597.0,1393111.0,1394560.0,1395780.0,1396912.0,1398125.0,1399469.0,1400546.0,1401649.0,1402968.0,1404259.0,1405482.0,1406751.0,1407897.0,1409046.0,1410331.0,1411741.0,1413065.0,1414296.0,1415830.0,1417260.0,1418537.0,1420186.0,1421632.0,1422999.0,1424261.0,1425753.0,1427049.0,1428273.0,1429597.0,1430875.0,1432113.0,1433348.0,1434603.0,1435785.0,1436912.0,1437991.0,1439229.0,1440564.0,1441828.0,1443116.0,1444321.0,1445540.0,1446638.0,1447772.0,1449010.0,1450267
_O2_J6qvVMY,,,,,,,86992.0,102680.0,109389.0,114533.0,118708.0,121863.0,125052.0,128540.0,131394.0,133682.0,135586.0,137354.0,138730.0,140120.0,141258.0,142196.0,143106.0,144121.0,145022.0,145919.0,146748.0,147432.0,148092.0,148857.0,149617.0,150389.0,151094.0,151791.0,152492.0,153225.0,154484.0,155524.0,156302.0,156966.0,157507.0,158073.0,158608.0,159177.0,159676.0,160174.0,160674.0,169344.0,173397.0,175287.0,177566.0,179739.0,181319.0,182249.0,183054.0,185092.0,185821.0,186204.0,186541.0,186781.0,186958.0,187130.0,187327.0,187503.0,187680.0,187788.0,187898.0,188010.0,188128.0,188253.0,188342.0,188432.0,188496.0,188593.0,188658.0,188763.0,188973.0,189065.0,189162.0,189246.0,189316.0,189386.0,189488.0,189674.0,189755.0,189831.0,189906.0,189993.0,190073.0,190123.0,190164.0,190220.0,190261.0,190312.0,190358.0,190387.0,190422.0,190448.0,190473.0,190500.0,190533.0,190568.0,190633.0,190684.0,190740.0,190789.0,190826.0,190881.0,190928.0,190968.0,191022.0,191056.0,191085.0,191120.0,191157.0,191206.0,191242.0,191270.0,191298.0,191318.0,191341.0,191365.0,191392.0,191411.0,191432.0,191454.0,191484.0,191515.0,191549.0,191565.0,191590.0,191607.0,191627.0,191638.0,,,,,,,,,191831.0,191859.0,191879.0,191895.0,191911.0,191925.0,191947.0,191966.0,191977.0,191996.0,192011.0,192024.0,192061.0,192083.0,192104.0,192108.0,192118.0,192135.0,192146.0,192161.0,192170.0,192195.0,192221.0,192238.0,192249.0,192266.0,192276.0,192298.0,192318.0,192338.0,192348.0,192356.0,192365.0,192378.0,192386.0,192398.0,192410.0,192427.0,192433.0,192441.0,192446.0,192454.0,192468.0,192476.0,192482.0,192489.0,192497.0,192507.0,192515
gbzesS9URDc,,,,,,,,653.0,763.0,884.0,931.0,965.0,993.0,1042.0,1068.0,1107.0,1139.0,1156.0,1188.0,1202.0,1224.0,1238.0,1246.0,1252.0,1261.0,1270.0,1276.0,1289.0,1300.0,1302.0,1305.0,1316.0,1321.0,1326.0,1332.0,1337.0,1342.0,1345.0,1350.0,1356.0,1359.0,1363.0,1365.0,1369.0,1377.0,1380.0,1388.0,1398.0,1404.0,1406.0,1410.0,1417.0,1423.0,1426.0,1426.0,1427.0,1431.0,1435.0,1436.0,1442.0,1446.0,1451.0,1454.0,1456.0,1460.0,1461.0,1464.0,1470.0,1473.0,1476.0,1477.0,1481.0,1485.0,1489.0,1490.0,1491.0,1491.0,1492.0,1492.0,1495.0,1499.0,1503.0,1504.0,1507.0,1508.0,1512.0,1513.0,1514.0,1519.0,1523.0,1524.0,1528.0,1531.0,1534.0,1538.0,1540.0,1543.0,1545.0,1547.0,1548.0,1551.0,1552.0,1554.0,1555.0,1560.0,1562.0,1562.0,1562.0,1563.0,1565.0,1566.0,1570.0,1585.0,1585.0,1589.0,1592.0,1594.0,1600.0,1602.0,1603.0,1610.0,1610.0,1611.0,1612.0,1614.0,1614.0,1614.0,1615.0,1616.0,1618.0,1618.0,1618.0,1620.0,1622.0,,,,,,,,,1634.0,1635.0,1635.0,1635.0,1636.0,1636.0,1636.0,1636.0,1636.0,1636.0,1636.0,1636.0,1637.0,1637.0,1640.0,1640.0,1641.0,1641.0,1641.0,1643.0,1643.0,1643.0,1644.0,1644.0,1644.0,1644.0,1644.0,1645.0,1651.0,1652.0,1655.0,1656.0,1658.0,1658.0,1660.0,1663.0,1663.0,1663.0,1664.0,1664.0,1665.0,1667.0,1670.0,1670.0,1677.0,1679.0,1680.0,1681.0,1685
LFy4BL_FeuQ,,,,,,,,4011452.0,4020568.0,4030419.0,4040416.0,4049239.0,4058414.0,4066899.0,4075137.0,4082758.0,4089830.0,4096262.0,4102318.0,4108308.0,4114873.0,4121868.0,4128748.0,4135078.0,4141180.0,4146991.0,4153017.0,4158970.0,4164681.0,4170370.0,4175911.0,4180899.0,4185654.0,4190911.0,4196223.0,4201462.0,4207068.0,4211733.0,4216330.0,4221196.0,4226945.0,4232231.0,4237784.0,4243181.0,4248454.0,4253659.0,4257976.0,4262398.0,4266917.0,4271092.0,4275171.0,4279587.0,4283726.0,4287657.0,4292357.0,4296658.0,4300863.0,4305680.0,4310595.0,4314832.0,4319024.0,4323418.0,4327848.0,4332147.0,4336312.0,4340315.0,4344345.0,4348170.0,4351948.0,4356714.0,4361048.0,4365343.0,4369695.0,4373958.0,4378234.0,4383080.0,4387744.0,4392641.0,4397426.0,4401829.0,4406079.0,4410475.0,4414855.0,4419365.0,4423818.0,4428385.0,4432325.0,4436324.0,4440096.0,4443751.0,4447816.0,4451757.0,4455608.0,4459839.0,4464041.0,4468329.0,4472597.0,4476764.0,4480983.0,4485344.0,4489784.0,4493974.0,4497956.0,4501766.0,4505612.0,4509292.0,4512855.0,4516470.0,4520100.0,4523735.0,4527473.0,4531191.0,4534663.0,4538255.0,4541878.0,4545387.0,4548919.0,4552359.0,4555897.0,4559346.0,4562870.0,4566077.0,4569213.0,4572091.0,4575214.0,4578394.0,4581629.0,4585053.0,4588155.0,4591315.0,4594429.0,4597802.0,4601124.0,4604289.0,,,,,,,,,4633904.0,4637605.0,4640846.0,4643938.0,4647018.0,4649793.0,4652875.0,4655883.0,4659460.0,4662728.0,4666308.0,4670084.0,4673864.0,4677804.0,4682083.0,4686452.0,4690587.0,4695291.0,4699722.0,4703178.0,4706407.0,4709521.0,4712496.0,4715393.0,4718544.0,4721697.0,4724759.0,4727674.0,4730486.0,4733449.0,4736078.0,4738943.0,4741931.0,4744558.0,4747231.0,4749913.0,4752516.0,4755096.0,4757982.0,4761021.0,4764025.0,4766831.0,4769517.0,4772259.0,4774978.0,4777681.0,4780539.0,4783237.0,4786108
OZD_EU_hMUQ,,,,,,,,19280253.0,19283043.0,19286068.0,19289142.0,19291977.0,19294953.0,19297936.0,19300976.0,19303510.0,19305718.0,19307571.0,19309536.0,19311536.0,19313647.0,19315741.0,19317685.0,19319366.0,19321225.0,19323101.0,19325131.0,19327149.0,19329048.0,19330921.0,19332675.0,19334318.0,19335825.0,19337517.0,19339242.0,19340957.0,19342752.0,19344454.0,19346028.0,19347848.0,19349712.0,19351502.0,19353372.0,19355230.0,19357007.0,19358720.0,19360380.0,19362073.0,19363690.0,19365390.0,19366962.0,19368513.0,19370056.0,19371571.0,19373213.0,19374889.0,19376623.0,19378531.0,19380591.0,19382654.0,19384575.0,19386481.0,19388395.0,19390145.0,19392014.0,19394015.0,19395651.0,19397442.0,19399125.0,19401375.0,19403276.0,19405015.0,19406723.0,19408692.0,19410553.0,19412571.0,19414621.0,19416965.0,19419234.0,19421216.0,19423236.0,19425093.0,19426977.0,19429121.0,19431215.0,19433398.0,19435482.0,19437716.0,19439915.0,19442247.0,19444622.0,19446849.0,19449309.0,19451635.0,19453920.0,19455909.0,19458062.0,19460114.0,19462030.0,19463996.0,19465800.0,19467730.0,19469536.0,19471323.0,19473267.0,19475189.0,19477179.0,19479160.0,19481066.0,19482874.0,19484638.0,19486432.0,19488207.0,19490004.0,19491729.0,19493594.0,19495494.0,19497475.0,19499485.0,19501272.0,19503115.0,19504778.0,19506570.0,19508450.0,19510383.0,19512270.0,19514221.0,19516252.0,19518030.0,19519781.0,19521462.0,19523412.0,19525383.0,19527289.0,,,,,,,,,19543799.0,19545631.0,19547500.0,19549499.0,19551660.0,19553730.0,19555679.0,19557555.0,19559381.0,19561145.0,19562943.0,19564590.0,19566376.0,19568123.0,19569803.0,19571614.0,19573306.0,19575242.0,19577393.0,19579302.0,19581185.0,19582962.0,19584606.0,19586404.0,19588273.0,19590141.0,19591959.0,19593682.0,19595244.0,19596919.0,19598656.0,19600493.0,19602332.0,19604328.0,19606288.0,19608186.0,19610011.0,19611984.0,19613981.0,19615892.0,19617728.0,19619609.0,19621341.0,19623205.0,19625001.0,19626904.0,19628917.0,19630859.0,19632815
svg8ExyzkOc,,,,,,,,10660.0,14125.0,17741.0,20797.0,23568.0,25627.0,27657.0,29438.0,30775.0,31904.0,32756.0,33513.0,34264.0,34929.0,35770.0,36630.0,37430.0,38120.0,38666.0,39152.0,39596.0,40083.0,40495.0,40890.0,41296.0,41662.0,42001.0,42427.0,42804.0,43228.0,43607.0,43912.0,44184.0,44490.0,44847.0,45181.0,45529.0,45843.0,46220.0,46501.0,46777.0,47011.0,47206.0,47351.0,47536.0,47703.0,47841.0,48105.0,48447.0,48752.0,49069.0,49498.0,49778.0,50077.0,50295.0,50463.0,50700.0,51068.0,51276.0,51434.0,51651.0,51836.0,52025.0,52259.0,52475.0,52704.0,52983.0,53227.0,53458.0,53737.0,54016.0,54211.0,54400.0,54587.0,54761.0,54927.0,55083.0,55235.0,55352.0,55463.0,55574.0,55705.0,55871.0,56075.0,56283.0,56466.0,56630.0,56759.0,56900.0,57031.0,57144.0,57282.0,57400.0,57513.0,57632.0,57752.0,57838.0,57950.0,58056.0,58133.0,58211.0,58283.0,58361.0,58418.0,58498.0,58596.0,58672.0,58763.0,58862.0,58929.0,59001.0,59088.0,59161.0,59226.0,59296.0,59375.0,59445.0,59503.0,59559.0,59645.0,59741.0,59824.0,59883.0,59962.0,60019.0,60069.0,60111.0,,,,,,,,,60833.0,60937.0,61022.0,61122.0,61336.0,61514.0,61854.0,62113.0,62303.0,62415.0,62506.0,62623.0,62709.0,62832.0,62932.0,63012.0,63071.0,63131.0,63190.0,63278.0,63356.0,63391.0,63483.0,63537.0,63604.0,63732.0,63847.0,63943.0,64040.0,64126.0,64195.0,64264.0,64335.0,64393.0,64443.0,64496.0,64547.0,64601.0,64666.0,64749.0,64812.0,64918.0,64985.0,65058.0,65122.0,65182.0,65238.0,65313.0,65362
V4V6mToCWLM,,,,,,,,14797.0,16782.0,19970.0,22108.0,24000.0,28690.0,30064.0,31141.0,31900.0,32650.0,33361.0,33870.0,34561.0,34995.0,35370.0,35761.0,36079.0,36413.0,36731.0,37080.0,37447.0,37879.0,38212.0,38582.0,38903.0,39162.0,39563.0,39846.0,40076.0,40365.0,40619.0,40915.0,41131.0,41293.0,41501.0,41617.0,41958.0,43883.0,44236.0,44391.0,44521.0,44730.0,44820.0,44926.0,45087.0,45255.0,45400.0,45557.0,45663.0,45757.0,45821.0,45915.0,46014.0,46099.0,46155.0,46263.0,46333.0,46395.0,46447.0,46470.0,46515.0,46549.0,46615.0,46650.0,46680.0,46741.0,46788.0,46815.0,46852.0,46887.0,46921.0,46976.0,47037.0,47095.0,47130.0,47161.0,47203.0,47237.0,47274.0,47316.0,47364.0,47408.0,47445.0,47491.0,47528.0,47562.0,47604.0,47664.0,47722.0,47752.0,47793.0,47834.0,47868.0,47905.0,47961.0,48007.0,48034.0,48080.0,48121.0,48160.0,48191.0,48215.0,48258.0,48284.0,48314.0,48344.0,48368.0,48400.0,48426.0,48449.0,48472.0,48502.0,48539.0,48562.0,48585.0,48614.0,48641.0,48680.0,48701.0,48728.0,48753.0,48788.0,48813.0,48833.0,48855.0,48881.0,48895.0,,,,,,,,,49107.0,49140.0,49157.0,49180.0,49209.0,49228.0,49250.0,49266.0,49288.0,49312.0,49332.0,49355.0,49377.0,49396.0,49423.0,49442.0,49461.0,49491.0,49510.0,49535.0,49553.0,49581.0,49600.0,49614.0,49641.0,49654.0,49681.0,49699.0,49723.0,49742.0,49754.0,49776.0,49793.0,49809.0,49827.0,49839.0,49848.0,49868.0,49892.0,49915.0,49929.0,49940.0,49953.0,49976.0,49996.0,50019.0,50034.0,50046.0,50061
43hBPx09ZmQ,,,,,,,,1697.0,3284.0,3790.0,4233.0,4598.0,4956.0,5256.0,5449.0,5587.0,5757.0,5901.0,6004.0,6170.0,6327.0,6481.0,6665.0,6872.0,7015.0,7215.0,7367.0,7512.0,7641.0,7765.0,7848.0,7940.0,8026.0,8144.0,8242.0,8355.0,8485.0,8556.0,8630.0,8737.0,8826.0,8911.0,9001.0,9052.0,9126.0,9199.0,9336.0,9505.0,9588.0,9662.0,9745.0,9789.0,9850.0,9933.0,10039.0,10124.0,10171.0,10226.0,10275.0,10344.0,10414.0,10500.0,10556.0,10631.0,10689.0,10732.0,10780.0,10839.0,10901.0,10983.0,11058.0,11109.0,11147.0,11204.0,11245.0,11317.0,11384.0,11444.0,11509.0,11570.0,11663.0,11746.0,11940.0,12108.0,12315.0,12459.0,12554.0,12641.0,12760.0,12872.0,12964.0,13034.0,13076.0,13107.0,13154.0,13204.0,13240.0,13283.0,13333.0,13368.0,13396.0,13427.0,13474.0,13504.0,13540.0,13577.0,13615.0,13663.0,13696.0,13736.0,13778.0,13817.0,13874.0,13924.0,13992.0,14021.0,14065.0,14105.0,14139.0,14178.0,14217.0,14251.0,14267.0,14293.0,14327.0,14355.0,14384.0,14430.0,14470.0,14488.0,14522.0,14552.0,14581.0,14621.0,,,,,,,,,14890.0,14922.0,14959.0,14994.0,15131.0,15251.0,15287.0,15308.0,15328.0,15368.0,15410.0,15435.0,15467.0,15492.0,15517.0,15541.0,15567.0,15599.0,15628.0,15656.0,15684.0,15703.0,15725.0,15747.0,15774.0,15802.0,15823.0,15846.0,15862.0,15889.0,15929.0,15968.0,16001.0,16032.0,16066.0,16085.0,16103.0,16135.0,16160.0,16190.0,16227.0,16270.0,16319.0,16363.0,16410.0,16444.0,16488.0,16517.0,16548
vZPtyK9XCtU,,,,,,,,,72070.0,157123.0,249339.0,334896.0,409313.0,508675.0,579791.0,641912.0,700169.0,755760.0,808399.0,854463.0,857465.0,860723.0,864011.0,867149.0,870050.0,872862.0,875853.0,878978.0,881866.0,884518.0,887441.0,890099.0,892885.0,895647.0,898374.0,900712.0,903166.0,905432.0,907468.0,909753.0,911983.0,914331.0,916699.0,919166.0,921184.0,922849.0,924532.0,926746.0,929047.0,930877.0,932577.0,934548.0,935946.0,937317.0,938918.0,940696.0,942551.0,944586.0,946501.0,948143.0,949565.0,951251.0,953016.0,954537.0,956040.0,957445.0,958725.0,960015.0,961152.0,962628.0,963977.0,965291.0,966664.0,967917.0,969222.0,970648.0,971873.0,973233.0,974640.0,976280.0,977881.0,979718.0,981373.0,983085.0,984810.0,986604.0,988345.0,990192.0,991978.0,993833.0,995505.0,997499.0,999412.0,1001042.0,1002569.0,1004185.0,1005965.0,1007797.0,1009602.0,1011539.0,1013364.0,1014978.0,1016710.0,1018591.0,1020644.0,1023055.0,1025255.0,1027100.0,1028774.0,1030386.0,1031879.0,1033462.0,1034953.0,1036422.0,1037726.0,1038809.0,1039952.0,1041223.0,1042568.0,1043560.0,1044963.0,1046067.0,1047059.0,1047827.0,1048740.0,1049546.0,1050457.0,1051693.0,1052904.0,1054049.0,1055256.0,1056384.0,1057482.0,1058556.0,,,,,,,,,1067024.0,1067938.0,1068819.0,1069910.0,1070768.0,1071704.0,1072397.0,1073298.0,1073988.0,1074630.0,1075504.0,1076253.0,1077037.0,1077895.0,1078664.0,1079398.0,1080113.0,1080736.0,1081400.0,1082140.0,1083257.0,1084123.0,1085093.0,1086083.0,1086960.0,1087991.0,1088936.0,1089898.0,1090774.0,1091563.0,1092347.0,1093243.0,1094286.0,1095115.0,1095954.0,1096749.0,1097406.0,1098264.0,1098972.0,1099899.0,1100811.0,1101683.0,1102532.0,1103158.0,1104076.0,1104956.0,1105812.0,1106656.0,1107414
9iHCMUYK4tg,,,,,,,,,19053.0,40962.0,46519.0,52511.0,63545.0,70456.0,74391.0,77433.0,79197.0,80352.0,81064.0,81569.0,81967.0,82400.0,82764.0,83070.0,83341.0,83702.0,84003.0,84248.0,84565.0,84924.0,85195.0,85451.0,85752.0,86067.0,86429.0,86742.0,87023.0,87298.0,87495.0,87694.0,88000.0,88277.0,88542.0,88842.0,89201.0,89435.0,89624.0,89874.0,90084.0,90323.0,90614.0,90782.0,90974.0,91131.0,91375.0,91538.0,91756.0,91903.0,92057.0,92177.0,92325.0,92490.0,92645.0,92792.0,92971.0,93086.0,93200.0,93373.0,93505.0,93716.0,93897.0,94158.0,94401.0,94542.0,94648.0,94763.0,94895.0,95035.0,95138.0,95237.0,95360.0,95475.0,95581.0,95656.0,95778.0,95915.0,96081.0,96286.0,96431.0,96660.0,96807.0,96966.0,97138.0,97288.0,97422.0,97618.0,97795.0,97979.0,98195.0,98386.0,98826.0,99078.0,99301.0,99483.0,99685.0,99939.0,100051.0,100205.0,100329.0,100510.0,100653.0,100852.0,101144.0,101347.0,101481.0,101612.0,101803.0,102056.0,102260.0,102466.0,102660.0,102806.0,102890.0,103060.0,103323.0,103556.0,103730.0,103873.0,104061.0,104175.0,104368.0,104582.0,104720.0,104874.0,,,,,,,,,106360.0,106450.0,106553.0,106688.0,106843.0,107050.0,107245.0,107431.0,107568.0,107750.0,107980.0,108178.0,108411.0,108648.0,108852.0,109041.0,109234.0,109414.0,109685.0,109849.0,109990.0,110091.0,110234.0,110367.0,110468.0,110590.0,110696.0,110831.0,110925.0,111012.0,111114.0,111229.0,111327.0,111399.0,111479.0,111541.0,111612.0,111666.0,111771.0,111838.0,111936.0,112051.0,112150.0,112215.0,112280.0,112349.0,112412.0,112515.0,112612
RR0zgoY9Tq4,,,,,,,,,722.0,1014.0,4132.0,4296.0,4346.0,2926.0,2918.0,2937.0,2950.0,2964.0,2976.0,2982.0,2988.0,4010.0,4016.0,4020.0,4028.0,3968.0,3972.0,3974.0,3982.0,3987.0,3990.0,3993.0,3993.0,3996.0,3997.0,3997.0,3997.0,3998.0,3998.0,4002.0,4008.0,4009.0,4009.0,4010.0,4011.0,4013.0,4014.0,4015.0,4015.0,4016.0,4016.0,4017.0,4017.0,4017.0,4017.0,4017.0,4018.0,4018.0,4019.0,4020.0,4020.0,4022.0,4023.0,4023.0,4023.0,4024.0,4024.0,4025.0,4028.0,4028.0,4029.0,4029.0,4029.0,4029.0,4030.0,4030.0,4030.0,4031.0,4031.0,4033.0,4033.0,4033.0,4033.0,4035.0,4035.0,4035.0,4035.0,4036.0,4036.0,4036.0,4036.0,4036.0,4036.0,4036.0,4036.0,4036.0,4037.0,4037.0,4037.0,4037.0,4039.0,4041.0,4042.0,4042.0,4041.0,4041.0,4042.0,4044.0,4044.0,4044.0,4044.0,4044.0,4044.0,4044.0,4044.0,4044.0,4044.0,4044.0,4045.0,4045.0,4045.0,4045.0,4045.0,4048.0,4049.0,4049.0,4049.0,4049.0,4049.0,4049.0,4049.0,4049.0,4049.0,4049.0,,,,,,,,,4050.0,4051.0,4051.0,4051.0,4052.0,4052.0,4052.0,4052.0,4052.0,4052.0,4052.0,4052.0,4053.0,4053.0,4053.0,4053.0,4054.0,4054.0,4054.0,4055.0,4055.0,4057.0,4057.0,4057.0,4064.0,4068.0,4077.0,4078.0,4078.0,4078.0,4081.0,4081.0,4081.0,4085.0,4085.0,4085.0,4086.0,4087.0,4088.0,4088.0,4090.0,4091.0,4091.0,4092.0,4092.0,4092.0,4093.0,4093.0,4093
n9rG4TWS2x8,,,,,,,,,186.0,458.0,526.0,660.0,731.0,793.0,861.0,1121.0,1196.0,1300.0,1408.0,1458.0,1480.0,1507.0,1528.0,1536.0,1544.0,1549.0,1553.0,1557.0,1564.0,1571.0,1578.0,1582.0,1586.0,1587.0,1591.0,1601.0,1602.0,1613.0,1617.0,1627.0,1632.0,1638.0,1640.0,1643.0,1650.0,1654.0,1659.0,1671.0,1676.0,1680.0,1676.0,1681.0,1684.0,1705.0,1723.0,1705.0,1706.0,1714.0,1714.0,1716.0,1719.0,1721.0,1721.0,1722.0,1723.0,1723.0,1723.0,1726.0,1730.0,1732.0,1733.0,1734.0,1740.0,1740.0,1741.0,1744.0,1746.0,1747.0,1748.0,1748.0,1749.0,1749.0,1750.0,1750.0,1752.0,1753.0,1754.0,1754.0,1754.0,1754.0,1756.0,1756.0,1757.0,1758.0,1758.0,1759.0,1760.0,1763.0,1763.0,1763.0,1765.0,1767.0,1768.0,1769.0,1769.0,1770.0,1770.0,1770.0,1771.0,1774.0,1774.0,1775.0,1777.0,1777.0,1777.0,1777.0,1778.0,1778.0,1778.0,1778.0,1780.0,1780.0,1780.0,1781.0,1781.0,1781.0,1781.0,1782.0,1782.0,1782.0,1782.0,1782.0,1783.0,1784.0,,,,,,,,,1786.0,1786.0,1787.0,1787.0,1787.0,1787.0,1787.0,1788.0,1791.0,1791.0,1792.0,1793.0,1793.0,1793.0,1793.0,1793.0,1793.0,1793.0,1793.0,1793.0,1793.0,1793.0,1793.0,1794.0,1794.0,1794.0,1795.0,1796.0,1796.0,1796.0,1797.0,1797.0,1797.0,1797.0,1798.0,1798.0,1799.0,1799.0,1800.0,1800.0,1801.0,1800.0,1801.0,1803.0,1803.0,1803.0,1803.0,1803.0,1803
83RoM4DFoUc,,,,,,,,,2306.0,2602.0,2809.0,3137.0,3427.0,3581.0,3645.0,3714.0,3749.0,3775.0,3786.0,3813.0,3857.0,3885.0,3892.0,3902.0,3905.0,3935.0,3960.0,3981.0,4005.0,4038.0,4047.0,4056.0,4075.0,4095.0,4113.0,4128.0,4143.0,4151.0,4160.0,4177.0,4195.0,4207.0,4221.0,4240.0,4246.0,4254.0,4266.0,4285.0,4298.0,4310.0,4325.0,4332.0,4339.0,4350.0,4364.0,4376.0,4391.0,4404.0,4408.0,4408.0,4424.0,4435.0,4445.0,4458.0,4471.0,4471.0,4472.0,4483.0,4491.0,4509.0,4523.0,4537.0,4548.0,4556.0,4570.0,4588.0,4602.0,4616.0,4632.0,4646.0,4662.0,4683.0,4701.0,4718.0,4731.0,4737.0,4725.0,4735.0,4735.0,4737.0,4741.0,4746.0,4747.0,4749.0,4752.0,4754.0,4766.0,4778.0,4783.0,4792.0,4794.0,4796.0,4803.0,4808.0,4815.0,4817.0,4822.0,4824.0,4824.0,4825.0,4826.0,4827.0,4830.0,4834.0,4834.0,4834.0,4834.0,4835.0,4836.0,4837.0,4839.0,4839.0,4839.0,4839.0,4839.0,4839.0,4839.0,4839.0,4840.0,4840.0,4840.0,4840.0,4840.0,4840.0,,,,,,,,,4841.0,4841.0,4841.0,4841.0,4841.0,4841.0,4841.0,4841.0,4841.0,4841.0,4842.0,4842.0,4843.0,4843.0,4843.0,4843.0,4843.0,4844.0,4845.0,4845.0,4845.0,4846.0,4846.0,4846.0,4847.0,4847.0,4847.0,4847.0,4847.0,4847.0,4848.0,4848.0,4848.0,4848.0,4849.0,4849.0,4849.0,4850.0,4850.0,4850.0,4851.0,4851.0,4851.0,4851.0,4851.0,4851.0,4852.0,4852.0,4852
DiPTtayLBdc,,,,,,,,,54229.0,199576.0,381692.0,689364.0,992266.0,1232173.0,1565662.0,1888911.0,2147803.0,2254007.0,2344413.0,2428227.0,2496025.0,2581854.0,2675333.0,2750539.0,2814395.0,2874879.0,2947892.0,3018901.0,3093039.0,3160175.0,3227269.0,3293809.0,3363155.0,3429031.0,3490022.0,3549501.0,3604453.0,3659381.0,3708285.0,3757461.0,3806543.0,3858785.0,3911909.0,3963490.0,4018410.0,4069293.0,4123122.0,4180113.0,4232688.0,4285530.0,4338530.0,4387981.0,4432993.0,4485935.0,4532391.0,4578733.0,4627107.0,4673833.0,4720970.0,4767215.0,4812474.0,4860587.0,4908468.0,4961186.0,5001556.0,5038484.0,5084143.0,5130101.0,5166112.0,5212677.0,5256091.0,5299799.0,5342184.0,5390469.0,5439123.0,5483070.0,5532318.0,5590617.0,5643552.0,5694204.0,5744736.0,5794631.0,5838496.0,5887126.0,5938873.0,5985254.0,6032635.0,6075985.0,6120953.0,6160301.0,6206214.0,6255489.0,6301362.0,6349985.0,6393887.0,6435471.0,6474921.0,6513025.0,6557696.0,6600229.0,6641728.0,6684055.0,6723359.0,6763633.0,6807537.0,6849482.0,6888710.0,6927753.0,6964599.0,6999163.0,7034380.0,7071521.0,7106787.0,7139412.0,7176170.0,7209752.0,7243441.0,7277705.0,7314519.0,7349620.0,7386726.0,7420899.0,7452800.0,7485111.0,7524934.0,7566551.0,7606957.0,7642667.0,7675508.0,7705313.0,7736092.0,7768524.0,7801394.0,7835410.0,,,,,,,,,8073346.0,8098300.0,8120078.0,8139625.0,8161313.0,8183250.0,8202725.0,8222851.0,8250346.0,8271566.0,8292707.0,8315355.0,8340674.0,8365103.0,8390008.0,8412442.0,8432468.0,8455509.0,8478400.0,8501126.0,8521902.0,8544814.0,8569237.0,8590730.0,8611859.0,8633361.0,8655077.0,8676617.0,8697014.0,8716979.0,8736589.0,8756595.0,8776897.0,8796769.0,8816276.0,8839305.0,8862490.0,8885861.0,8911588.0,8935150.0,8961106.0,8989061.0,9016536.0,9037508.0,9057051.0,9079129.0,9099532.0,9120767.0,9139994
uQsYSr64Nsg,,,,,,,,,,1865.0,2249.0,2653.0,2883.0,3116.0,3346.0,3494.0,3606.0,3684.0,3779.0,3867.0,3950.0,4026.0,4087.0,4142.0,4191.0,4257.0,4320.0,4377.0,4444.0,4503.0,4537.0,4580.0,4620.0,4674.0,4723.0,4768.0,4808.0,4838.0,4879.0,4917.0,4955.0,4991.0,5021.0,5049.0,5097.0,5123.0,5158.0,5193.0,5223.0,5249.0,5275.0,5293.0,5311.0,5335.0,5371.0,5393.0,5408.0,5428.0,5447.0,5460.0,5475.0,5489.0,5503.0,5520.0,5537.0,5561.0,5586.0,5615.0,5632.0,5650.0,5664.0,5679.0,5682.0,5701.0,5715.0,5732.0,5750.0,5764.0,5790.0,5798.0,5807.0,5817.0,5827.0,5837.0,5843.0,5851.0,5860.0,5865.0,5870.0,5880.0,5895.0,5904.0,5907.0,5914.0,5918.0,5923.0,5931.0,5940.0,5948.0,5953.0,5960.0,5969.0,5978.0,5990.0,6000.0,6007.0,6013.0,6023.0,6026.0,6028.0,6032.0,6038.0,6049.0,6057.0,6063.0,6066.0,6069.0,6071.0,6084.0,6095.0,6099.0,6102.0,6115.0,6119.0,6128.0,6131.0,6133.0,6139.0,6141.0,6143.0,6148.0,6149.0,6151.0,6154.0,,,,,,,,,6196.0,6199.0,6201.0,6203.0,6207.0,6208.0,6215.0,6215.0,6218.0,6220.0,6222.0,6226.0,6230.0,6232.0,6239.0,6242.0,6244.0,6247.0,6250.0,6251.0,6251.0,6253.0,6256.0,6259.0,6262.0,6268.0,6269.0,6272.0,6278.0,6283.0,6285.0,6289.0,6294.0,6296.0,6300.0,6303.0,6306.0,6312.0,6321.0,6327.0,6330.0,6332.0,6336.0,6338.0,6342.0,6347.0,6349.0,6354.0,6357
Swhv-DA9ysc,,,,,,,,,,509.0,516.0,520.0,523.0,527.0,528.0,530.0,533.0,539.0,543.0,543.0,544.0,547.0,548.0,550.0,553.0,556.0,557.0,560.0,560.0,563.0,570.0,570.0,574.0,576.0,577.0,581.0,584.0,589.0,591.0,593.0,595.0,598.0,600.0,601.0,601.0,601.0,604.0,605.0,608.0,608.0,608.0,609.0,610.0,610.0,611.0,612.0,617.0,617.0,619.0,620.0,625.0,627.0,629.0,631.0,634.0,636.0,637.0,637.0,637.0,637.0,637.0,637.0,638.0,640.0,642.0,645.0,647.0,650.0,651.0,652.0,658.0,658.0,658.0,658.0,660.0,660.0,660.0,661.0,662.0,663.0,665.0,667.0,668.0,670.0,671.0,672.0,672.0,674.0,675.0,676.0,676.0,677.0,678.0,681.0,681.0,682.0,683.0,683.0,684.0,684.0,684.0,686.0,686.0,686.0,690.0,690.0,690.0,691.0,691.0,692.0,694.0,694.0,694.0,694.0,694.0,694.0,695.0,695.0,695.0,695.0,696.0,696.0,696.0,697.0,,,,,,,,,701.0,701.0,701.0,701.0,703.0,704.0,705.0,705.0,705.0,707.0,708.0,709.0,710.0,710.0,710.0,710.0,712.0,712.0,712.0,712.0,712.0,712.0,712.0,713.0,713.0,714.0,714.0,714.0,714.0,714.0,714.0,714.0,714.0,714.0,714.0,714.0,714.0,716.0,716.0,716.0,716.0,717.0,717.0,717.0,719.0,719.0,721.0,722.0,722
WgUazhiHyy8,,,,,,,,,,33194.0,33344.0,33523.0,33700.0,33837.0,34026.0,34167.0,34338.0,34467.0,34582.0,34719.0,34845.0,34942.0,35073.0,35183.0,35278.0,35374.0,35519.0,35620.0,35723.0,35799.0,35903.0,35996.0,36066.0,36145.0,36225.0,36307.0,36379.0,36459.0,36539.0,36591.0,36662.0,36741.0,36801.0,36862.0,36945.0,36994.0,37077.0,37172.0,37267.0,37349.0,37426.0,37570.0,37690.0,37824.0,38168.0,38292.0,38443.0,38670.0,39023.0,39245.0,39463.0,39742.0,40020.0,40319.0,40587.0,40865.0,41036.0,41258.0,41398.0,41732.0,41961.0,42179.0,42409.0,42631.0,42833.0,43043.0,43254.0,43412.0,43554.0,43731.0,43884.0,44093.0,44295.0,44492.0,44661.0,44866.0,44982.0,45114.0,45285.0,45453.0,45651.0,45858.0,46074.0,46263.0,46418.0,46570.0,46713.0,46913.0,47120.0,47287.0,47447.0,47606.0,47786.0,47957.0,48139.0,48329.0,48482.0,48756.0,49045.0,49243.0,49382.0,49531.0,49650.0,49774.0,49878.0,49971.0,50095.0,50245.0,50391.0,50529.0,50708.0,50814.0,50924.0,51050.0,51163.0,51285.0,51408.0,51519.0,51655.0,51741.0,51850.0,51946.0,52067.0,52201.0,,,,,,,,,53373.0,53495.0,53614.0,53732.0,53853.0,53961.0,54105.0,54248.0,54358.0,54489.0,54625.0,54733.0,54842.0,54970.0,55089.0,55204.0,55335.0,55477.0,55603.0,55761.0,55922.0,56060.0,56240.0,56378.0,56516.0,56648.0,56817.0,56932.0,57083.0,57234.0,57375.0,57522.0,57670.0,57850.0,57970.0,58112.0,58265.0,58398.0,58551.0,58663.0,58801.0,58950.0,59069.0,59173.0,59302.0,59450.0,59581.0,59753.0,59884
EJgNUozioto,,,,,,,,,,10791.0,14328.0,16794.0,18380.0,20233.0,21764.0,22885.0,24264.0,25648.0,26606.0,27668.0,28589.0,29528.0,30335.0,30764.0,31095.0,31386.0,31621.0,31907.0,32208.0,32420.0,32630.0,32811.0,33068.0,33248.0,33423.0,33584.0,33782.0,33949.0,34102.0,34243.0,34377.0,34564.0,34720.0,34881.0,35046.0,35217.0,35354.0,35509.0,35677.0,35840.0,35976.0,36279.0,36463.0,36666.0,37258.0,37461.0,37604.0,37742.0,37861.0,37981.0,38108.0,38281.0,38413.0,38567.0,38688.0,38831.0,38931.0,39115.0,39241.0,39483.0,39653.0,39798.0,40012.0,40143.0,40256.0,40379.0,40472.0,40570.0,40627.0,40782.0,40919.0,41050.0,41147.0,41278.0,41434.0,41544.0,41633.0,41730.0,41849.0,41943.0,42025.0,42126.0,42205.0,42300.0,42391.0,42462.0,42541.0,42616.0,42705.0,42782.0,42877.0,42956.0,43032.0,43115.0,43195.0,43284.0,43363.0,43447.0,43515.0,43603.0,43664.0,43754.0,43826.0,43883.0,43959.0,44015.0,44100.0,44159.0,44245.0,44314.0,44400.0,44459.0,44525.0,44591.0,44622.0,44690.0,44745.0,44809.0,44864.0,44911.0,44968.0,45009.0,45079.0,45143.0,,,,,,,,,45716.0,45779.0,45822.0,45903.0,45932.0,45971.0,46022.0,46062.0,46100.0,46133.0,46165.0,46218.0,46271.0,46310.0,46363.0,46404.0,46441.0,46487.0,46536.0,46571.0,46618.0,46668.0,46726.0,46763.0,46808.0,46845.0,46891.0,46924.0,46961.0,47007.0,47049.0,47085.0,47120.0,47156.0,47200.0,47239.0,47271.0,47300.0,47339.0,47387.0,47416.0,47449.0,47474.0,47497.0,47532.0,47589.0,47615.0,47650.0,47704
H0i9lRosGHo,,,,,,,,,,,2160.0,2392.0,2581.0,2747.0,2921.0,3163.0,3356.0,3448.0,3493.0,3601.0,3663.0,3758.0,3821.0,4042.0,4061.0,4113.0,4191.0,4247.0,4298.0,4353.0,4385.0,4417.0,4441.0,4464.0,4476.0,4486.0,4513.0,4529.0,4537.0,4546.0,4549.0,4552.0,4556.0,4561.0,4564.0,4570.0,4575.0,4576.0,4576.0,4579.0,4582.0,4585.0,4585.0,4589.0,4593.0,4597.0,4599.0,4602.0,4605.0,4605.0,4605.0,4607.0,4607.0,4607.0,4608.0,4609.0,4609.0,4611.0,4612.0,4612.0,4612.0,4613.0,4615.0,4615.0,4617.0,4618.0,4620.0,4624.0,4625.0,4626.0,4628.0,4629.0,4630.0,4631.0,4631.0,4634.0,4634.0,4635.0,4635.0,4635.0,4635.0,4637.0,4638.0,4639.0,4639.0,4639.0,4642.0,4644.0,4644.0,4645.0,4645.0,4646.0,4647.0,4648.0,4648.0,4649.0,4649.0,4649.0,4649.0,4649.0,4650.0,4650.0,4651.0,4651.0,4654.0,4654.0,4654.0,4655.0,4655.0,4655.0,4655.0,4655.0,4655.0,4655.0,4655.0,4655.0,4657.0,4658.0,4659.0,4660.0,4661.0,4661.0,4661.0,4661.0,,,,,,,,,4664.0,4664.0,4666.0,4666.0,4668.0,4668.0,4668.0,4668.0,4668.0,4668.0,4669.0,4669.0,4669.0,4669.0,4670.0,4670.0,4671.0,4671.0,4671.0,4671.0,4671.0,4671.0,4671.0,4672.0,4672.0,4672.0,4673.0,4674.0,4674.0,4675.0,4675.0,4675.0,4675.0,4676.0,4676.0,4676.0,4677.0,4677.0,4677.0,4678.0,4678.0,4677.0,4679.0,4679.0,4679.0,4679.0,4679.0,4679.0,4680
MT_UZ29w4gM,,,,,,,,,,,1434.0,1449.0,1456.0,1466.0,1470.0,1483.0,1501.0,1510.0,1515.0,1522.0,1524.0,1530.0,1533.0,1536.0,1540.0,1546.0,1550.0,1556.0,1563.0,1567.0,1570.0,1579.0,1589.0,1590.0,1596.0,1601.0,1606.0,1612.0,1620.0,1628.0,1632.0,1638.0,1641.0,1646.0,1648.0,1660.0,1664.0,1668.0,1674.0,1679.0,1686.0,1691.0,1695.0,1699.0,1703.0,1709.0,1717.0,1732.0,1740.0,1750.0,1756.0,1761.0,1765.0,1769.0,1776.0,1782.0,1788.0,1797.0,1798.0,1804.0,1809.0,1812.0,1815.0,1822.0,1831.0,1833.0,1835.0,1838.0,1844.0,1848.0,1851.0,1859.0,1867.0,1876.0,1878.0,1884.0,1886.0,1897.0,1902.0,1909.0,1912.0,1917.0,1921.0,1924.0,1931.0,1932.0,1937.0,1939.0,1943.0,1950.0,1953.0,1956.0,1959.0,1960.0,1964.0,1969.0,1973.0,1984.0,1996.0,2002.0,2012.0,2025.0,2031.0,2037.0,2047.0,2054.0,2061.0,2068.0,2072.0,2076.0,2077.0,2083.0,2090.0,2092.0,2097.0,2103.0,2105.0,2111.0,2118.0,2125.0,2127.0,2133.0,2140.0,2145.0,,,,,,,,,2195.0,2204.0,2210.0,2212.0,2218.0,2223.0,2226.0,2228.0,2234.0,2237.0,2239.0,2243.0,2245.0,2250.0,2255.0,2257.0,2265.0,2269.0,2274.0,2276.0,2281.0,2283.0,2285.0,2286.0,2291.0,2298.0,2304.0,2316.0,2321.0,2322.0,2329.0,2335.0,2338.0,2340.0,2347.0,2358.0,2362.0,2369.0,2382.0,2387.0,2392.0,2399.0,2409.0,2416.0,2424.0,2430.0,2433.0,2440.0,2443
4p3__pIFO0k,,,,,,,,,,,1955.0,1968.0,1976.0,1996.0,1998.0,2011.0,2033.0,2050.0,2064.0,2075.0,2084.0,2096.0,2119.0,2126.0,2142.0,2166.0,2196.0,2218.0,2234.0,2244.0,2255.0,2275.0,2283.0,2287.0,2296.0,2304.0,2313.0,2326.0,2336.0,2353.0,2371.0,2383.0,2395.0,2409.0,2420.0,2428.0,2438.0,2447.0,2459.0,2469.0,2487.0,2499.0,2510.0,2521.0,2535.0,2543.0,2548.0,2551.0,2557.0,2567.0,2573.0,2576.0,2583.0,2591.0,2605.0,2613.0,2623.0,2627.0,2631.0,2637.0,2640.0,2644.0,2653.0,2658.0,2661.0,2664.0,2671.0,2673.0,2680.0,2690.0,2714.0,2723.0,2727.0,2731.0,2734.0,2744.0,2753.0,2759.0,2765.0,2773.0,2779.0,2784.0,2790.0,2793.0,2802.0,2806.0,2807.0,2813.0,2820.0,2825.0,2832.0,2834.0,2837.0,2847.0,2856.0,2859.0,2869.0,2879.0,2893.0,2900.0,2910.0,2922.0,2938.0,2952.0,2966.0,2976.0,2993.0,3005.0,3013.0,3024.0,3034.0,3041.0,3047.0,3049.0,3060.0,3070.0,3080.0,3088.0,3096.0,3104.0,3109.0,3113.0,3120.0,3128.0,,,,,,,,,3189.0,3200.0,3207.0,3214.0,3218.0,3229.0,3233.0,3240.0,3251.0,3255.0,3265.0,3277.0,3279.0,3281.0,3286.0,3292.0,3293.0,3297.0,3299.0,3304.0,3309.0,3309.0,3313.0,3318.0,3322.0,3328.0,3332.0,3339.0,3346.0,3349.0,3356.0,3359.0,3363.0,3370.0,3387.0,3395.0,3399.0,3406.0,3418.0,3434.0,3442.0,3445.0,3449.0,3467.0,3479.0,3485.0,3489.0,3493.0,3498
fFCz81aE1w8,,,,,,,,,,,439.0,665.0,1040.0,1292.0,1553.0,2309.0,2972.0,3320.0,3653.0,4118.0,4690.0,5166.0,5682.0,6055.0,6339.0,6759.0,7177.0,7676.0,8039.0,8514.0,8933.0,9312.0,9887.0,10422.0,10930.0,11355.0,11852.0,12387.0,12754.0,13145.0,13500.0,13799.0,14098.0,14369.0,14589.0,14828.0,15012.0,15241.0,15457.0,15637.0,15867.0,16023.0,16133.0,16284.0,16429.0,16561.0,16680.0,16857.0,16978.0,17100.0,17221.0,17368.0,17551.0,17711.0,17883.0,18012.0,18129.0,18296.0,18421.0,18601.0,18760.0,18947.0,19103.0,19206.0,19309.0,19447.0,19604.0,19755.0,19900.0,20142.0,20288.0,20439.0,20614.0,20775.0,20944.0,21152.0,21330.0,21481.0,21655.0,21803.0,22003.0,22137.0,22298.0,22442.0,22546.0,22700.0,22847.0,22994.0,23140.0,23279.0,23410.0,23537.0,23654.0,23796.0,23938.0,24072.0,24213.0,24328.0,24450.0,24613.0,24723.0,24850.0,24932.0,25015.0,25119.0,25228.0,25330.0,25462.0,25588.0,25700.0,25783.0,25917.0,26032.0,26124.0,26232.0,26321.0,26421.0,26501.0,26608.0,26665.0,26725.0,26784.0,26854.0,26924.0,,,,,,,,,27610.0,27679.0,27767.0,27853.0,27948.0,28066.0,28184.0,28303.0,28426.0,28552.0,28669.0,28828.0,28974.0,29157.0,29302.0,29418.0,29563.0,29719.0,29848.0,29995.0,30060.0,30136.0,30210.0,30301.0,30393.0,30470.0,30571.0,30654.0,30741.0,30818.0,30900.0,30975.0,31059.0,31148.0,31231.0,31309.0,31379.0,31449.0,31519.0,31600.0,31689.0,31769.0,31857.0,31919.0,32009.0,32078.0,32152.0,32219.0,32289
_LvN1NhCeIU,,,,,,,,,,,42547.0,46275.0,49702.0,53752.0,60562.0,67378.0,71866.0,75060.0,78709.0,81826.0,84780.0,87536.0,90257.0,92499.0,94478.0,96725.0,99046.0,101334.0,103293.0,105158.0,106724.0,108161.0,109736.0,111500.0,113091.0,114546.0,116235.0,117843.0,119219.0,120948.0,122572.0,124257.0,125934.0,127782.0,129531.0,131319.0,134169.0,136463.0,138544.0,140609.0,142541.0,144929.0,147140.0,149636.0,152579.0,155674.0,159183.0,162673.0,166190.0,169970.0,174784.0,179003.0,182896.0,187191.0,191554.0,195540.0,199512.0,204881.0,210543.0,217085.0,223222.0,228827.0,234918.0,240698.0,246345.0,251370.0,259103.0,265811.0,272573.0,279459.0,288141.0,298660.0,307067.0,317925.0,330102.0,339562.0,347783.0,357472.0,370893.0,381711.0,391291.0,401571.0,411858.0,423907.0,434958.0,445464.0,454703.0,465642.0,476466.0,485069.0,494553.0,502273.0,511453.0,520747.0,529828.0,539666.0,548700.0,556358.0,564945.0,573542.0,583143.0,593445.0,603284.0,612638.0,621553.0,629660.0,641760.0,652945.0,664194.0,676427.0,689516.0,698994.0,707617.0,715450.0,724656.0,736075.0,746069.0,757600.0,766853.0,776192.0,785119.0,793735.0,801350.0,807321.0,,,,,,,,,868830.0,874736.0,881436.0,892450.0,903748.0,915119.0,925926.0,935250.0,942185.0,948848.0,955660.0,963136.0,971297.0,980200.0,988678.0,995880.0,1002809.0,1011372.0,1020370.0,1029695.0,1038059.0,1046064.0,1053643.0,1062307.0,1073137.0,1084349.0,1094591.0,1105314.0,1116874.0,1128321.0,1140918.0,1154580.0,1168725.0,1180749.0,1192316.0,1204183.0,1215501.0,1229284.0,1241631.0,1253460.0,1265719.0,1277152.0,1287370.0,1297074.0,1307087.0,1317572.0,1327529.0,1336739.0,1345564
aZPhaD9M8P8,,,,,,,,,,,72816.0,115765.0,144398.0,163319.0,194402.0,234889.0,279733.0,295226.0,311440.0,325242.0,336279.0,342362.0,347735.0,355050.0,361069.0,365163.0,369579.0,373452.0,376745.0,380279.0,384741.0,388694.0,392815.0,397535.0,401758.0,406196.0,411828.0,417266.0,424937.0,433305.0,441025.0,448177.0,454748.0,463454.0,470742.0,477655.0,483587.0,489021.0,493595.0,497029.0,500430.0,504035.0,507255.0,510545.0,514593.0,519165.0,523880.0,527886.0,531846.0,535588.0,539596.0,543034.0,546328.0,548958.0,551468.0,554020.0,556711.0,559235.0,561136.0,563871.0,567153.0,570081.0,573153.0,576253.0,579256.0,582360.0,584905.0,587080.0,589267.0,591256.0,593052.0,594956.0,596934.0,598758.0,600554.0,602276.0,603800.0,605328.0,607089.0,609297.0,611170.0,612963.0,614800.0,616409.0,617882.0,619489.0,620911.0,622480.0,623950.0,625476.0,626753.0,628219.0,629643.0,630982.0,632124.0,633454.0,634746.0,636000.0,637254.0,638678.0,640250.0,641440.0,642732.0,643985.0,645527.0,647013.0,648290.0,649741.0,651132.0,652615.0,653842.0,654892.0,655969.0,656888.0,657874.0,658877.0,659800.0,660864.0,661865.0,662743.0,663676.0,664696.0,665692.0,666570.0,,,,,,,,,675614.0,676632.0,677641.0,678727.0,679700.0,681040.0,682083.0,683032.0,684245.0,685170.0,686185.0,687189.0,688194.0,689236.0,690153.0,691029.0,692031.0,692871.0,693741.0,694870.0,696129.0,697341.0,698477.0,699739.0,701072.0,702364.0,703723.0,705129.0,706401.0,707677.0,709053.0,710485.0,712058.0,713381.0,714708.0,715962.0,717341.0,718689.0,720159.0,721373.0,723033.0,724432.0,725790.0,727266.0,728650.0,730235.0,731732.0,733045.0,734528
_kfpBH8fr9Q,,,,,,,,,,,81.0,95.0,113.0,137.0,151.0,173.0,192.0,202.0,224.0,261.0,298.0,339.0,358.0,372.0,389.0,412.0,427.0,451.0,469.0,480.0,488.0,502.0,519.0,533.0,546.0,558.0,566.0,575.0,580.0,605.0,642.0,679.0,713.0,741.0,757.0,769.0,794.0,840.0,870.0,898.0,947.0,957.0,991.0,1021.0,1042.0,1098.0,1126.0,1155.0,1186.0,1206.0,1229.0,1253.0,1281.0,1297.0,1343.0,1371.0,1388.0,1426.0,1447.0,1485.0,1506.0,1536.0,1568.0,1593.0,1621.0,1655.0,1684.0,1717.0,1752.0,1784.0,1812.0,1846.0,1886.0,1912.0,1959.0,1994.0,2030.0,2069.0,2105.0,2143.0,2174.0,2216.0,2245.0,2293.0,2334.0,2365.0,2425.0,2468.0,2508.0,2562.0,2608.0,2638.0,2684.0,2731.0,2771.0,2817.0,2863.0,2904.0,2940.0,2980.0,3029.0,3065.0,3110.0,3163.0,3237.0,3308.0,3363.0,3419.0,3483.0,3533.0,3568.0,3599.0,3647.0,3675.0,3712.0,3752.0,3790.0,3830.0,3854.0,3885.0,3918.0,3939.0,3980.0,4013.0,,,,,,,,,4325.0,4351.0,4381.0,4416.0,4441.0,4474.0,4504.0,4523.0,4554.0,4590.0,4630.0,4695.0,4746.0,4793.0,4827.0,4878.0,4936.0,4983.0,5029.0,5053.0,5069.0,5089.0,5113.0,5142.0,5161.0,5181.0,5207.0,5241.0,5266.0,5279.0,5297.0,5320.0,5345.0,5363.0,5382.0,5398.0,5410.0,5420.0,5440.0,5457.0,5482.0,5506.0,5523.0,5542.0,5570.0,5611.0,5635.0,5656.0,5691
AxBEV7M8E1c,,,,,,,,,,,68891.0,85814.0,104141.0,124221.0,156782.0,193538.0,219429.0,231682.0,244859.0,258513.0,273431.0,288128.0,302639.0,314722.0,328515.0,341267.0,354885.0,368310.0,380845.0,390863.0,399839.0,410341.0,426420.0,444456.0,461663.0,477689.0,492394.0,502934.0,513552.0,525031.0,536306.0,548723.0,558664.0,567497.0,577517.0,586234.0,595511.0,606446.0,617678.0,629247.0,640426.0,649947.0,658373.0,669509.0,678342.0,687231.0,696039.0,705203.0,713788.0,720755.0,729185.0,736829.0,744661.0,752623.0,761563.0,769889.0,776010.0,784200.0,792019.0,800607.0,808240.0,816429.0,824929.0,833126.0,840059.0,845685.0,852129.0,857978.0,864941.0,871804.0,877093.0,882983.0,888262.0,894612.0,900733.0,906480.0,911475.0,916115.0,921632.0,927191.0,933227.0,939262.0,944759.0,950776.0,956165.0,961991.0,967152.0,971817.0,977102.0,981477.0,985422.0,989519.0,993232.0,997071.0,1000902.0,1004618.0,1009218.0,1013057.0,1016929.0,1021546.0,1026096.0,1030305.0,1034180.0,1038338.0,1042962.0,1047410.0,1051669.0,1055948.0,1060451.0,1064241.0,1067612.0,1071451.0,1074847.0,1078304.0,1081919.0,1085219.0,1088184.0,1091370.0,1094453.0,1096866.0,1099862.0,1103596.0,1107521.0,1110550.0,,,,,,,,,1142272.0,1146118.0,1151764.0,1157293.0,1161206.0,1165854.0,1169468.0,1172950.0,1176523.0,1180342.0,1184300.0,1188148.0,1192082.0,1195882.0,1198869.0,1201812.0,1204780.0,1207859.0,1211228.0,1214635.0,1217546.0,1220961.0,1223798.0,1227083.0,1230167.0,1233306.0,1236600.0,1239732.0,1242682.0,1245481.0,1248389.0,1251117.0,1254032.0,1256831.0,1259768.0,1262458.0,1265017.0,1267392.0,1270054.0,1272245.0,1274576.0,1277147.0,1279628.0,1282019.0,1284185.0,1286422.0,1288649.0,1290777.0,1292821
GqRkcX25TPM,,,,,,,,,,,,179911.0,201996.0,228863.0,250975.0,259930.0,265240.0,269128.0,271061.0,272582.0,274071.0,275357.0,276382.0,277352.0,278353.0,279222.0,279911.0,280499.0,281005.0,281597.0,282309.0,282745.0,283080.0,283448.0,283875.0,284198.0,284493.0,284733.0,285038.0,285258.0,285490.0,285654.0,285892.0,286171.0,286388.0,286607.0,286773.0,286959.0,287134.0,287316.0,287495.0,287679.0,287891.0,288010.0,288152.0,288287.0,288419.0,288532.0,288669.0,288802.0,288920.0,289043.0,289144.0,289277.0,289407.0,289554.0,289674.0,289801.0,289879.0,290037.0,290158.0,290251.0,290371.0,290477.0,290596.0,290677.0,290810.0,290886.0,290976.0,291102.0,291181.0,291278.0,291351.0,291430.0,291525.0,291614.0,291697.0,291798.0,291871.0,291931.0,292020.0,292088.0,292188.0,292272.0,292384.0,292450.0,292501.0,292559.0,292625.0,292705.0,292787.0,292894.0,292973.0,293062.0,293129.0,293193.0,293264.0,293353.0,293454.0,293544.0,293625.0,293725.0,293818.0,293877.0,293947.0,294028.0,294091.0,294139.0,294207.0,294252.0,294323.0,294392.0,294467.0,294532.0,294594.0,294662.0,294732.0,294822.0,294913.0,295019.0,295126.0,295235.0,295299.0,295358.0,,,,,,,,,295998.0,296090.0,296148.0,296235.0,296284.0,296322.0,296399.0,296447.0,296516.0,296565.0,296595.0,296642.0,296684.0,296761.0,296817.0,296872.0,296916.0,296960.0,296991.0,297034.0,297084.0,297143.0,297207.0,297254.0,297308.0,297340.0,297397.0,297431.0,297489.0,297554.0,297618.0,297653.0,297694.0,297753.0,297797.0,297825.0,297891.0,297927.0,297983.0,298027.0,298087.0,298165.0,298246.0,298314.0,298380.0,298419.0,298479.0,298525.0,298560
JABsbaGwHcw,,,,,,,,,,,,297.0,549.0,810.0,968.0,1092.0,1346.0,1942.0,2695.0,2937.0,3205.0,3393.0,3539.0,3733.0,3811.0,3921.0,4004.0,4103.0,4175.0,4248.0,4329.0,4360.0,4401.0,4452.0,4491.0,4540.0,4577.0,4613.0,4652.0,4684.0,4742.0,4795.0,4844.0,4897.0,4942.0,4979.0,5031.0,5078.0,5115.0,5148.0,5185.0,5216.0,5243.0,5281.0,5343.0,5377.0,5397.0,5429.0,5458.0,5476.0,5500.0,5520.0,5557.0,5610.0,5647.0,5677.0,5698.0,5719.0,5746.0,5782.0,5810.0,5833.0,5856.0,5877.0,5916.0,5939.0,5967.0,5993.0,6022.0,6048.0,6064.0,6093.0,6126.0,6159.0,6193.0,6228.0,6259.0,6276.0,6294.0,6324.0,6342.0,6368.0,6398.0,6413.0,6438.0,6466.0,6493.0,6518.0,6536.0,6558.0,6575.0,6597.0,6627.0,6655.0,6688.0,6729.0,6747.0,6783.0,6800.0,6819.0,6843.0,6872.0,6904.0,6938.0,6961.0,6980.0,7004.0,7036.0,7063.0,7083.0,7106.0,7120.0,7139.0,7158.0,7181.0,7190.0,7198.0,7210.0,7228.0,7234.0,7250.0,7274.0,7293.0,7319.0,,,,,,,,,7545.0,7559.0,7577.0,7596.0,7622.0,7645.0,7661.0,7671.0,7710.0,7753.0,7786.0,7822.0,7864.0,7897.0,7935.0,7968.0,7996.0,8030.0,8065.0,8089.0,8103.0,8119.0,8126.0,8139.0,8159.0,8176.0,8184.0,8194.0,8215.0,8228.0,8241.0,8251.0,8273.0,8280.0,8294.0,8311.0,8327.0,8339.0,8352.0,8365.0,8381.0,8390.0,8408.0,8426.0,8445.0,8461.0,8479.0,8490.0,8507
8mOuSV4RzdY,,,,,,,,,,,,46269.0,69650.0,75716.0,79463.0,82677.0,85183.0,87196.0,88951.0,90095.0,91157.0,92007.0,92768.0,93426.0,93995.0,94478.0,94900.0,95404.0,95828.0,96206.0,96625.0,97000.0,97414.0,97846.0,98198.0,98658.0,99232.0,99619.0,99873.0,100219.0,100498.0,100726.0,100982.0,101186.0,101400.0,101547.0,101719.0,101877.0,102052.0,102226.0,102405.0,102554.0,102680.0,102839.0,102987.0,103117.0,103252.0,103405.0,103537.0,103660.0,103801.0,103920.0,104054.0,104193.0,104314.0,104431.0,104530.0,104646.0,104756.0,104877.0,104978.0,105087.0,105188.0,105277.0,105364.0,105441.0,105552.0,105634.0,105727.0,105834.0,105928.0,106018.0,106097.0,106178.0,106278.0,106345.0,106431.0,106512.0,106582.0,106645.0,106718.0,106791.0,106843.0,106908.0,106977.0,107063.0,107120.0,107173.0,107233.0,107284.0,107338.0,107395.0,107453.0,107504.0,107607.0,107644.0,107716.0,107785.0,107840.0,107893.0,107972.0,108039.0,108090.0,108147.0,108203.0,108237.0,108261.0,108313.0,108348.0,108380.0,108428.0,108480.0,108564.0,108615.0,108672.0,108713.0,108759.0,108802.0,108837.0,108883.0,108944.0,108981.0,109012.0,109043.0,,,,,,,,,109404.0,109441.0,109481.0,109516.0,109555.0,109593.0,109627.0,109667.0,109705.0,109724.0,109767.0,109799.0,109844.0,109873.0,109915.0,109949.0,109985.0,110030.0,110069.0,110098.0,110126.0,110164.0,110200.0,110236.0,110275.0,110314.0,110349.0,110386.0,110433.0,110457.0,110483.0,110524.0,110557.0,110590.0,110615.0,110639.0,110674.0,110702.0,110729.0,110749.0,110793.0,110822.0,110860.0,110882.0,110902.0,110938.0,110960.0,110987.0,111013
uWT79Qq52sU,,,,,,,,,,,,718086.0,1186011.0,2069031.0,2675731.0,3206637.0,3704830.0,4196806.0,4525303.0,4685885.0,4707405.0,4725449.0,4889863.0,5208662.0,5601292.0,5976071.0,6406476.0,6425100.0,6437829.0,6451793.0,6468561.0,6478797.0,6491666.0,6502944.0,6515451.0,6522901.0,6527781.0,6532550.0,6537183.0,6541062.0,6544792.0,6548745.0,6552469.0,6556382.0,6560393.0,6564001.0,6567444.0,6570489.0,6573039.0,6575452.0,6577749.0,6580691.0,6583294.0,6585649.0,6588351.0,6591041.0,6593692.0,6596322.0,6599278.0,6602548.0,6605010.0,6607388.0,6609719.0,6612101.0,6614325.0,6617219.0,6620181.0,6622806.0,6625021.0,6627721.0,6630260.0,6632784.0,6635389.0,6637440.0,6639401.0,6641359.0,6643256.0,6645100.0,6646916.0,6648931.0,6650907.0,6652468.0,6653972.0,6655589.0,6657276.0,6658902.0,6660326.0,6661675.0,6662887.0,6664089.0,6665236.0,6666426.0,6667729.0,6669006.0,6670311.0,6671365.0,6672349.0,6673334.0,6674413.0,6675555.0,6676599.0,6677676.0,6678724.0,6679685.0,6680702.0,6681739.0,6682726.0,6683794.0,6684811.0,6685686.0,6686677.0,6687793.0,6688824.0,6689823.0,6690888.0,6691883.0,6692773.0,6693749.0,6694777.0,6695774.0,6696757.0,6697827.0,6698891.0,6699700.0,6700603.0,6701335.0,6702081.0,6702898.0,6703737.0,6704530.0,6705266.0,6705962.0,6706695.0,6707414.0,,,,,,,,,6713836.0,6714569.0,6715137.0,6715796.0,6716507.0,6717108.0,6717685.0,6718295.0,6718947.0,6719488.0,6720074.0,6720668.0,6721349.0,6721989.0,6722720.0,6723455.0,6724325.0,6725360.0,6726253.0,6727114.0,6727891.0,6728866.0,6729703.0,6730454.0,6731251.0,6733018.0,6735678.0,6737635.0,6739103.0,6740678.0,6742014.0,6743326.0,6744535.0,6745698.0,6746763.0,6747773.0,6748769.0,6749634.0,6750569.0,6751526.0,6752467.0,6753603.0,6754850.0,6755972.0,6757093.0,6758241.0,6759290.0,6760406.0,6761435
5eCFXT6Gnio,,,,,,,,,,,,626496.0,4119290.0,8103102.0,10497037.0,10578456.0,10651627.0,10729028.0,10800154.0,10858861.0,10905536.0,10945205.0,10984493.0,11021901.0,11053133.0,11082823.0,11111302.0,11137635.0,11161600.0,11185038.0,11207429.0,11227722.0,11247628.0,11268197.0,11288772.0,11308399.0,11328172.0,11347175.0,11366363.0,11384424.0,11402594.0,11420971.0,11438138.0,11455450.0,11471894.0,11487480.0,11502607.0,11518279.0,11533401.0,11547744.0,11562196.0,11575663.0,11588929.0,11602027.0,11615838.0,11628787.0,11641875.0,11654398.0,11665918.0,11678215.0,11689696.0,11701641.0,11713298.0,11724792.0,11735781.0,11745924.0,11755425.0,11765301.0,11774079.0,11785648.0,11794709.0,11803187.0,11812159.0,11821227.0,11831222.0,11841779.0,11852470.0,11862836.0,11874041.0,11884652.0,11894670.0,11904994.0,11914849.0,11924721.0,11934307.0,11944575.0,11954397.0,11963635.0,11972993.0,11982655.0,11992598.0,12002309.0,12012563.0,12021969.0,12031400.0,12041342.0,12050441.0,12059594.0,12068863.0,12077685.0,12087443.0,12097697.0,12111413.0,12126519.0,12139757.0,12151063.0,12162017.0,12172508.0,12183158.0,12192802.0,12202092.0,12211324.0,12219173.0,12227099.0,12234446.0,12241372.0,12248599.0,12255196.0,12261545.0,12267564.0,12273464.0,12279442.0,12285476.0,12290929.0,12296409.0,12302163.0,12308462.0,12314430.0,12320105.0,12325251.0,12329756.0,12334342.0,12339066.0,12343760.0,,,,,,,,,12384798.0,12389821.0,12394677.0,12399098.0,12403790.0,12408120.0,12412671.0,12417125.0,12421966.0,12426724.0,12430953.0,12435174.0,12439943.0,12444449.0,12449084.0,12453467.0,12459024.0,12466625.0,12473028.0,12479214.0,12484664.0,12490473.0,12496033.0,12501528.0,12506910.0,12511813.0,12516537.0,12521145.0,12525391.0,12530055.0,12534377.0,12538486.0,12542730.0,12547084.0,12551535.0,12555687.0,12559679.0,12563535.0,12567674.0,12571853.0,12576002.0,12579634.0,12583569.0,12587613.0,12591226.0,12595014.0,12598777.0,12602448.0,12606280
E1_1-9Sd6rY,,,,,,,,,,,,1752.0,5861.0,11916.0,19411.0,26843.0,32173.0,32454.0,32792.0,33747.0,38198.0,43023.0,47482.0,49868.0,49918.0,49995.0,50026.0,50059.0,50102.0,50131.0,50166.0,50203.0,50226.0,50259.0,50297.0,50317.0,50343.0,50363.0,50379.0,50392.0,50404.0,50434.0,50456.0,50476.0,50486.0,50497.0,50510.0,50531.0,50547.0,50584.0,50607.0,50628.0,50632.0,50677.0,50689.0,50701.0,50715.0,50725.0,50731.0,50737.0,50771.0,50780.0,50794.0,50804.0,50814.0,50822.0,50827.0,50837.0,50843.0,50852.0,50860.0,50862.0,50871.0,50877.0,50891.0,50901.0,50906.0,50916.0,50928.0,50933.0,50941.0,50946.0,50954.0,50964.0,50976.0,50982.0,50985.0,50989.0,50996.0,51002.0,51011.0,51023.0,51029.0,51035.0,51039.0,51045.0,51050.0,51058.0,51065.0,51069.0,51077.0,51080.0,51081.0,51084.0,51088.0,51091.0,51096.0,51099.0,51101.0,51107.0,51110.0,51113.0,51122.0,51127.0,51130.0,51134.0,51140.0,51146.0,51150.0,51157.0,51159.0,51159.0,51160.0,51163.0,51167.0,51173.0,51176.0,51178.0,51184.0,51186.0,51188.0,51191.0,51193.0,51199.0,,,,,,,,,51231.0,51242.0,51246.0,51252.0,51254.0,51255.0,51275.0,51278.0,51278.0,51282.0,51286.0,51287.0,51290.0,51296.0,51301.0,51303.0,51304.0,51305.0,51307.0,51309.0,51312.0,51314.0,51320.0,51321.0,51323.0,51324.0,51326.0,51327.0,51331.0,51333.0,51335.0,51335.0,51344.0,51346.0,51351.0,51351.0,51353.0,51357.0,51360.0,51364.0,51365.0,51367.0,51369.0,51369.0,51373.0,51374.0,51376.0,51378.0,51381
XZWGSJQ4jso,,,,,,,,,,,,,12463.0,12874.0,13271.0,13623.0,13908.0,14165.0,14389.0,14787.0,15088.0,15419.0,16783.0,17365.0,17836.0,18074.0,18246.0,18390.0,18525.0,18671.0,18907.0,19105.0,19258.0,19590.0,19937.0,20163.0,20430.0,20682.0,20877.0,21098.0,21285.0,21523.0,21673.0,21816.0,22029.0,22242.0,22432.0,22658.0,22909.0,23080.0,23210.0,23376.0,23547.0,23702.0,23852.0,23961.0,24101.0,24223.0,24341.0,24445.0,24553.0,24643.0,24715.0,24808.0,24900.0,24992.0,25089.0,25191.0,25291.0,25385.0,25451.0,25545.0,25628.0,25709.0,25750.0,25850.0,25952.0,26032.0,26126.0,26200.0,26279.0,26362.0,26446.0,26533.0,26611.0,26695.0,26796.0,26845.0,26924.0,26969.0,27024.0,27095.0,27158.0,27224.0,27278.0,27370.0,27437.0,27515.0,27592.0,27644.0,27702.0,27761.0,27797.0,27846.0,27888.0,27921.0,28015.0,28110.0,28178.0,28252.0,28323.0,28353.0,28424.0,28512.0,28588.0,28665.0,28845.0,29061.0,29202.0,29316.0,29401.0,29407.0,29462.0,29515.0,29572.0,29644.0,29690.0,29747.0,29812.0,29905.0,29969.0,30027.0,30075.0,30137.0,,,,,,,,,30350.0,30376.0,30397.0,30421.0,30444.0,30477.0,30504.0,30546.0,30556.0,30576.0,30601.0,30629.0,30673.0,30699.0,30723.0,30752.0,30778.0,30806.0,30834.0,30859.0,30879.0,30902.0,30922.0,30951.0,30968.0,30983.0,31000.0,31021.0,31044.0,31055.0,31078.0,31093.0,31118.0,31137.0,31154.0,31166.0,31175.0,31189.0,31211.0,31230.0,31247.0,31260.0,31277.0,31299.0,31316.0,31333.0,31352.0,31363.0,31383
pUeR7bwmtk8,,,,,,,,,,,,,238.0,503.0,721.0,876.0,994.0,1115.0,1211.0,1276.0,1343.0,1384.0,1410.0,1423.0,1449.0,1470.0,1506.0,1520.0,1534.0,1556.0,1562.0,1575.0,1598.0,1618.0,1641.0,1658.0,1673.0,1688.0,1697.0,1708.0,1718.0,1743.0,1761.0,1783.0,1794.0,1798.0,1810.0,1818.0,1827.0,1836.0,1845.0,1846.0,1851.0,1858.0,1869.0,1878.0,1882.0,1890.0,1896.0,1899.0,1904.0,1907.0,1912.0,1914.0,1918.0,1921.0,1922.0,1926.0,1928.0,1934.0,1944.0,1948.0,1950.0,1956.0,1963.0,1968.0,1972.0,1978.0,1983.0,1990.0,1994.0,2032.0,2051.0,2075.0,2080.0,2087.0,2095.0,2110.0,2123.0,2139.0,2148.0,2154.0,2161.0,2164.0,2179.0,2186.0,2191.0,2193.0,2200.0,2206.0,2213.0,2220.0,2222.0,2229.0,2237.0,2239.0,2251.0,2255.0,2264.0,2270.0,2280.0,2292.0,2297.0,2310.0,2315.0,2320.0,2326.0,2331.0,2335.0,2344.0,2348.0,2350.0,2357.0,2363.0,2365.0,2370.0,2376.0,2385.0,2397.0,2403.0,2407.0,2412.0,2418.0,2422.0,,,,,,,,,2535.0,2541.0,2549.0,2556.0,2570.0,2582.0,2593.0,2598.0,2613.0,2618.0,2631.0,2635.0,2650.0,2658.0,2663.0,2672.0,2679.0,2685.0,2692.0,2696.0,2702.0,2710.0,2712.0,2717.0,2719.0,2723.0,2725.0,2728.0,2730.0,2732.0,2736.0,2740.0,2741.0,2741.0,2746.0,2752.0,2756.0,2759.0,2763.0,2765.0,2765.0,2766.0,2768.0,2769.0,2770.0,2775.0,2779.0,2781.0,2786
q9leDzlNEaY,,,,,,,,,,,,,12232534.0,13696554.0,15084355.0,16350042.0,17400663.0,18287767.0,19093674.0,19879091.0,20614048.0,21302973.0,21950582.0,22543871.0,23085613.0,23571484.0,24048591.0,24512065.0,24967267.0,25403966.0,25838154.0,26229074.0,26602881.0,26986602.0,27364656.0,27725773.0,28097718.0,28477248.0,28826523.0,29148589.0,29464917.0,29767449.0,30066168.0,30363249.0,30638484.0,30897413.0,31128983.0,31368303.0,31594736.0,31813833.0,32029255.0,32247241.0,32440912.0,32627661.0,32834794.0,33042774.0,33257346.0,33462204.0,33664618.0,33868038.0,34051701.0,34232256.0,34406871.0,34582646.0,34762560.0,34953411.0,35131353.0,35306753.0,35462442.0,35658689.0,35825942.0,35986960.0,36147760.0,36297151.0,36441895.0,36593332.0,36743149.0,36886547.0,37032856.0,37175816.0,37316406.0,37451301.0,37581960.0,37714937.0,37844323.0,37974851.0,38103873.0,38229076.0,38345063.0,38462619.0,38589375.0,38710717.0,38823412.0,38936906.0,39047094.0,39152383.0,39255183.0,39359586.0,39464765.0,39569084.0,39677851.0,39789184.0,39888472.0,39988788.0,40090690.0,40191879.0,40290812.0,40394630.0,40496552.0,40590102.0,40685138.0,40777946.0,40868276.0,40959869.0,41057531.0,41155958.0,41248135.0,41339842.0,41429664.0,41519030.0,41607857.0,41692886.0,41767456.0,41837609.0,41909369.0,41979746.0,42052763.0,42130790.0,42206325.0,42278687.0,42344726.0,42412948.0,42481631.0,42549847.0,,,,,,,,,43152544.0,43229115.0,43292464.0,43355569.0,43417576.0,43481559.0,43541386.0,43602209.0,43662048.0,43714742.0,43768656.0,43822116.0,43879196.0,43937317.0,43992562.0,44047471.0,44099348.0,44153215.0,44206557.0,44261373.0,44314745.0,44371591.0,44426706.0,44476652.0,44526922.0,44574828.0,44625507.0,44675266.0,44726016.0,44775743.0,44821158.0,44869179.0,44917850.0,44966975.0,45014606.0,45061646.0,45108652.0,45153054.0,45199786.0,45246388.0,45294465.0,45341580.0,45390229.0,45438451.0,45484058.0,45530715.0,45579099.0,45629674.0,45681756
IaZiKVeDevo,,,,,,,,,,,,,275229.0,281516.0,287621.0,293598.0,298877.0,303604.0,308877.0,313997.0,319158.0,324336.0,329183.0,333273.0,337057.0,341125.0,345469.0,349987.0,354269.0,358421.0,362099.0,365235.0,368953.0,372965.0,376887.0,380610.0,384376.0,387685.0,390883.0,394212.0,397557.0,401178.0,404975.0,408643.0,411758.0,414754.0,417897.0,421272.0,424638.0,428069.0,431344.0,434285.0,436944.0,439825.0,443050.0,446324.0,449397.0,452465.0,455295.0,457996.0,460650.0,463449.0,466287.0,469092.0,471709.0,474227.0,476528.0,478952.0,481242.0,484054.0,486699.0,489216.0,491706.0,493913.0,496176.0,498798.0,501498.0,504122.0,506718.0,509081.0,511296.0,513624.0,516070.0,518548.0,521054.0,523592.0,526066.0,528231.0,530618.0,533118.0,535901.0,538545.0,541252.0,543825.0,546020.0,548416.0,551008.0,553663.0,556342.0,558891.0,561060.0,563091.0,565273.0,567560.0,569840.0,572051.0,574122.0,576204.0,578157.0,580420.0,582605.0,585052.0,587301.0,589527.0,591642.0,593517.0,595488.0,597672.0,599869.0,601923.0,603993.0,605832.0,607478.0,609193.0,611087.0,613046.0,615157.0,617148.0,619085.0,620755.0,622608.0,624538.0,626657.0,628592.0,,,,,,,,,645625.0,647493.0,649285.0,651252.0,653189.0,655140.0,657052.0,658690.0,660358.0,662070.0,663895.0,665640.0,667589.0,669456.0,671339.0,672876.0,674571.0,676252.0,678075.0,679829.0,681463.0,683137.0,684663.0,686258.0,688056.0,689826.0,691370.0,693013.0,694522.0,695955.0,697536.0,699339.0,700891.0,702587.0,704124.0,705476.0,706824.0,708193.0,709721.0,711410.0,713019.0,714596.0,716219.0,717534.0,718978.0,720468.0,721971.0,723521.0,725069
fx7ASf23UH4,,,,,,,,,,,,,67248.0,68388.0,69558.0,70696.0,71663.0,72463.0,73569.0,74574.0,75489.0,76441.0,77280.0,78067.0,78729.0,79396.0,80272.0,81065.0,81916.0,82713.0,83457.0,84132.0,84848.0,85565.0,86225.0,87083.0,87912.0,88628.0,89227.0,89865.0,90506.0,91075.0,91749.0,92385.0,92879.0,93390.0,93961.0,94500.0,95100.0,95614.0,96171.0,96665.0,97086.0,97604.0,98095.0,98683.0,99182.0,99771.0,100341.0,100877.0,101399.0,101897.0,102436.0,103023.0,103523.0,103942.0,104366.0,104818.0,105237.0,105722.0,106241.0,106652.0,107105.0,107506.0,107904.0,108386.0,108782.0,109293.0,109705.0,110076.0,110495.0,110929.0,111344.0,111844.0,112280.0,112767.0,113128.0,113511.0,113909.0,114397.0,114877.0,115350.0,115795.0,116176.0,116477.0,116938.0,117439.0,117951.0,118472.0,118924.0,119347.0,119746.0,120163.0,120647.0,121103.0,121567.0,121966.0,122317.0,122681.0,123063.0,123508.0,123929.0,124323.0,124825.0,125232.0,125539.0,125856.0,126267.0,126752.0,127109.0,127546.0,127936.0,128335.0,128648.0,129127.0,129523.0,130053.0,130539.0,130921.0,131354.0,131824.0,132306.0,132741.0,133234.0,,,,,,,,,136778.0,137091.0,137526.0,137938.0,138318.0,138657.0,139001.0,139261.0,139605.0,139899.0,140257.0,140561.0,140926.0,141264.0,141593.0,141924.0,142225.0,142543.0,142861.0,143187.0,143583.0,143864.0,144159.0,144518.0,144853.0,145266.0,145573.0,145879.0,146176.0,146448.0,146741.0,147035.0,147346.0,147599.0,147900.0,148210.0,148500.0,148780.0,149055.0,149419.0,149723.0,150016.0,150286.0,150584.0,150902.0,151210.0,151630.0,151875.0,152170
7qg_I0fUOZg,,,,,,,,,,,,,572360.0,741697.0,897134.0,983900.0,1010223.0,1027830.0,1043675.0,1054932.0,1062844.0,1070940.0,1079427.0,1087359.0,1093601.0,1099112.0,1103899.0,1108790.0,1114205.0,1119616.0,1124915.0,1130133.0,1135124.0,1140395.0,1145459.0,1151065.0,1156622.0,1162097.0,1166981.0,1171486.0,1175662.0,1179707.0,1183731.0,1187816.0,1192089.0,1196170.0,1200029.0,1203889.0,1207173.0,1210265.0,1213328.0,1216729.0,1219725.0,1222345.0,1225106.0,1227801.0,1230497.0,1233034.0,1235913.0,1238873.0,1241414.0,1243929.0,1246421.0,1249305.0,1252147.0,1255116.0,1257830.0,1260367.0,1262511.0,1265222.0,1267609.0,1270235.0,1273408.0,1276682.0,1279729.0,1282033.0,1284488.0,1286811.0,1289218.0,1291885.0,1294465.0,1296657.0,1298609.0,1300644.0,1302782.0,1305390.0,1309089.0,1312450.0,1315081.0,1317686.0,1320741.0,1323512.0,1326577.0,1330583.0,1334376.0,1336901.0,1339012.0,1341266.0,1343492.0,1345681.0,1348891.0,1352233.0,1354521.0,1356568.0,1358831.0,1361270.0,1363853.0,1367160.0,1370432.0,1372874.0,1374859.0,1377169.0,1379411.0,1381862.0,1385106.0,1388392.0,1390974.0,1393071.0,1395315.0,1397735.0,1400372.0,1403603.0,1406799.0,1409363.0,1411447.0,1413801.0,1416155.0,1418919.0,1422329.0,1425487.0,1428140.0,1430340.0,1432509.0,1434572.0,,,,,,,,,1457810.0,1460953.0,1463318.0,1465415.0,1467548.0,1469792.0,1472149.0,1474782.0,1477902.0,1480319.0,1482391.0,1484468.0,1486582.0,1488852.0,1492068.0,1495226.0,1497528.0,1499626.0,1501676.0,1503740.0,1505922.0,1508890.0,1512016.0,1514186.0,1516025.0,1517839.0,1519806.0,1521975.0,1525045.0,1528223.0,1530551.0,1532883.0,1535033.0,1537799.0,1540335.0,1543596.0,1546323.0,1548384.0,1550205.0,1552129.0,1554215.0,1556338.0,1559248.0,1562108.0,1564230.0,1566178.0,1568248.0,1570472.0,1572933
DY99H9kkmnc,,,,,,,,,,,,,50465.0,64573.0,72268.0,76146.0,77320.0,77941.0,78369.0,78657.0,78928.0,79103.0,79262.0,79387.0,79484.0,79594.0,79698.0,79769.0,79838.0,79902.0,79979.0,80053.0,80160.0,80260.0,80342.0,80449.0,80553.0,80624.0,80709.0,80754.0,80809.0,80859.0,80905.0,80946.0,80982.0,81018.0,81042.0,81068.0,81124.0,81161.0,81188.0,81227.0,81268.0,81300.0,81328.0,81357.0,81392.0,81424.0,81451.0,81500.0,81535.0,81568.0,81614.0,81655.0,81696.0,81725.0,81749.0,81768.0,81797.0,81842.0,81877.0,81912.0,81932.0,81955.0,81972.0,81987.0,82008.0,82030.0,82045.0,82070.0,82087.0,82104.0,82119.0,82132.0,82142.0,82151.0,82168.0,82177.0,82180.0,82205.0,82219.0,82222.0,82231.0,82245.0,82260.0,82266.0,82272.0,82275.0,82283.0,82290.0,82295.0,82300.0,82308.0,82314.0,82319.0,82322.0,82328.0,82333.0,82338.0,82346.0,82358.0,82367.0,82373.0,82385.0,82394.0,82409.0,82418.0,82423.0,82428.0,82434.0,82437.0,82440.0,82445.0,82449.0,82455.0,82465.0,82475.0,82497.0,82517.0,82527.0,82540.0,82556.0,82567.0,82582.0,,,,,,,,,83209.0,83251.0,83271.0,83294.0,83330.0,83353.0,83381.0,83405.0,83432.0,83457.0,83474.0,83486.0,83495.0,83503.0,83513.0,83528.0,83536.0,83551.0,83560.0,83573.0,83581.0,83589.0,83604.0,83619.0,83744.0,83841.0,83913.0,83963.0,83997.0,84023.0,84043.0,84056.0,84069.0,84081.0,84102.0,84112.0,84127.0,84137.0,84148.0,84156.0,84165.0,84174.0,84182.0,84192.0,84201.0,84205.0,84212.0,84216.0,84224
JtQXJF5-dc8,,,,,,,,,,,,,,2560.0,12118.0,16335.0,21770.0,30478.0,42780.0,55301.0,209466.0,210876.0,211989.0,212990.0,213815.0,214366.0,214868.0,215356.0,215726.0,216125.0,216478.0,216828.0,217174.0,217487.0,217794.0,218078.0,218327.0,218573.0,218820.0,219040.0,219263.0,219450.0,219678.0,219905.0,220110.0,220327.0,220521.0,220732.0,220888.0,221025.0,221200.0,221355.0,221491.0,221650.0,221871.0,222091.0,222306.0,222440.0,222599.0,222793.0,223015.0,223283.0,223484.0,223685.0,223919.0,224097.0,224234.0,224450.0,224637.0,224815.0,224975.0,225112.0,225224.0,225370.0,225532.0,225673.0,225831.0,226021.0,226185.0,226323.0,226419.0,226539.0,226631.0,226721.0,226828.0,226937.0,227033.0,227128.0,227216.0,227326.0,227406.0,227515.0,227602.0,227726.0,227867.0,227998.0,228135.0,228222.0,228322.0,228462.0,228574.0,228665.0,228737.0,228813.0,228843.0,228956.0,229075.0,229155.0,229289.0,229358.0,229492.0,229585.0,229715.0,229793.0,229900.0,230016.0,230100.0,230165.0,230215.0,230264.0,230314.0,230363.0,230425.0,230511.0,230597.0,230639.0,230692.0,230731.0,230775.0,230843.0,230903.0,230964.0,230998.0,231062.0,,,,,,,,,231665.0,231730.0,231788.0,231848.0,231898.0,231975.0,232042.0,232085.0,232128.0,232192.0,232231.0,232279.0,232339.0,232383.0,232433.0,232504.0,232554.0,232640.0,232710.0,232755.0,232818.0,232860.0,232910.0,232957.0,232998.0,233046.0,233081.0,233135.0,233213.0,233257.0,233325.0,233436.0,233528.0,233599.0,233659.0,233715.0,233775.0,233838.0,233884.0,233937.0,233974.0,234014.0,234067.0,234125.0,234167.0,234206.0,234267.0,234308.0,234355
VVLa6fm4DrM,,,,,,,,,,,,,,22537.0,25696.0,27733.0,29695.0,31493.0,32566.0,33545.0,34330.0,35152.0,35566.0,35919.0,36257.0,36582.0,36750.0,36890.0,37013.0,37079.0,37128.0,37167.0,37184.0,37211.0,37221.0,37242.0,37261.0,37275.0,37283.0,37296.0,37309.0,37321.0,37330.0,37351.0,37360.0,37371.0,37381.0,37387.0,37395.0,37404.0,37413.0,37425.0,37426.0,37433.0,37437.0,37441.0,37445.0,37451.0,37454.0,37459.0,37465.0,37466.0,37468.0,37469.0,37472.0,37474.0,37477.0,37480.0,37482.0,37488.0,37491.0,37494.0,37497.0,37498.0,37499.0,37500.0,37505.0,37513.0,37517.0,37519.0,37521.0,37523.0,37523.0,37525.0,37528.0,37532.0,37534.0,37537.0,37539.0,37544.0,37546.0,37549.0,37550.0,37552.0,37555.0,37562.0,37563.0,37567.0,37570.0,37571.0,37573.0,37574.0,37576.0,37578.0,37583.0,37584.0,37589.0,37589.0,37589.0,37589.0,37590.0,37591.0,37591.0,37591.0,37593.0,37594.0,37595.0,37596.0,37597.0,37599.0,37599.0,37604.0,37608.0,37609.0,37609.0,37611.0,37612.0,37612.0,37613.0,37615.0,37617.0,37618.0,37620.0,37620.0,,,,,,,,,37644.0,37643.0,37643.0,37644.0,37645.0,37645.0,37646.0,37647.0,37647.0,37647.0,37650.0,37649.0,37652.0,37652.0,37654.0,37656.0,37657.0,37657.0,37658.0,37660.0,37661.0,37661.0,37663.0,37666.0,37666.0,37670.0,37670.0,37671.0,37672.0,37672.0,37673.0,37673.0,37674.0,37674.0,37674.0,37675.0,37676.0,37676.0,37676.0,37677.0,37678.0,37677.0,37679.0,37679.0,37681.0,37681.0,37682.0,37682.0,37684
82c8yho42AA,,,,,,,,,,,,,,564.0,1267.0,2332.0,3100.0,4574.0,6552.0,8572.0,10323.0,11797.0,12976.0,13963.0,14821.0,15609.0,16350.0,16951.0,17486.0,18071.0,18634.0,18961.0,19226.0,19502.0,19777.0,20016.0,20269.0,20484.0,20783.0,21123.0,21526.0,21908.0,22153.0,22351.0,22559.0,22745.0,22925.0,23123.0,23363.0,23710.0,23984.0,24259.0,24476.0,24796.0,25230.0,25498.0,25752.0,25991.0,26214.0,26468.0,26708.0,26921.0,27235.0,27486.0,27678.0,27845.0,28033.0,28271.0,28431.0,28685.0,28926.0,29186.0,29381.0,29617.0,29850.0,30108.0,30336.0,30557.0,31224.0,32194.0,32616.0,33145.0,33708.0,34153.0,34572.0,35105.0,35586.0,35916.0,36321.0,36734.0,37059.0,37305.0,37587.0,37877.0,38110.0,38406.0,38673.0,38969.0,39281.0,39750.0,40080.0,40422.0,40828.0,41241.0,41674.0,42035.0,42423.0,42703.0,42995.0,43213.0,43413.0,43646.0,43890.0,44123.0,44382.0,44602.0,44958.0,45399.0,45749.0,46089.0,46352.0,46571.0,46821.0,47179.0,47487.0,47744.0,47909.0,48089.0,48288.0,48449.0,48653.0,48856.0,49074.0,49380.0,,,,,,,,,51804.0,51930.0,52061.0,52175.0,52322.0,52725.0,52967.0,53295.0,53680.0,53988.0,54256.0,54597.0,54891.0,55141.0,55362.0,55583.0,55973.0,56366.0,56734.0,56908.0,57075.0,57215.0,57373.0,57521.0,57696.0,57877.0,58023.0,58175.0,58309.0,58413.0,58543.0,58665.0,58807.0,58934.0,59044.0,59139.0,59227.0,59355.0,59488.0,59592.0,59713.0,59846.0,59962.0,60061.0,60176.0,60320.0,60463.0,60580.0,60745
nqBnrY6GrtY,,,,,,,,,,,,,,782642.0,1355907.0,1972533.0,2627433.0,3295450.0,3967640.0,5005528.0,6178374.0,7248772.0,8298224.0,9403024.0,10475368.0,11418789.0,11468676.0,11479126.0,11482186.0,11486990.0,11492383.0,11497576.0,11502523.0,11507609.0,11512911.0,11518682.0,11523598.0,11527216.0,11531178.0,11535413.0,11539608.0,11544042.0,11549680.0,11554497.0,11557963.0,11561343.0,11565773.0,11569478.0,11573354.0,11576745.0,11579678.0,11582974.0,11585657.0,11588613.0,11591471.0,11594329.0,11597377.0,11600670.0,11603221.0,11605639.0,11608179.0,11610441.0,11612558.0,11615086.0,11617599.0,11619905.0,11622359.0,11624637.0,11627241.0,11630471.0,11632681.0,11634680.0,11636731.0,11638669.0,11640599.0,11642398.0,11644378.0,11646231.0,11648451.0,11650386.0,11652011.0,11653642.0,11655189.0,11656716.0,11658053.0,11659337.0,11660737.0,11662006.0,11663261.0,11664505.0,11665776.0,11667081.0,11668440.0,11669762.0,11671051.0,11672341.0,11673524.0,11675086.0,11676431.0,11678080.0,11679616.0,11680959.0,11682250.0,11683571.0,11684962.0,11686212.0,11687421.0,11688535.0,11689699.0,11690967.0,11692416.0,11693870.0,11694978.0,11696180.0,11697223.0,11698314.0,11699549.0,11700830.0,11702079.0,11703122.0,11704163.0,11705095.0,11706061.0,11706855.0,11707909.0,11708921.0,11709879.0,11710901.0,11711673.0,11712518.0,11713442.0,11714332.0,11715188.0,11715928.0,,,,,,,,,11722344.0,11723050.0,11723843.0,11724661.0,11725733.0,11726678.0,11727553.0,11728339.0,11729068.0,11729882.0,11730703.0,11731447.0,11732265.0,11733036.0,11733949.0,11734728.0,11735512.0,11736602.0,11737491.0,11738251.0,11739193.0,11740063.0,11740908.0,11742040.0,11743159.0,11743991.0,11744955.0,11745787.0,11746240.0,11747027.0,11747848.0,11748804.0,11749913.0,11750821.0,11751741.0,11752642.0,11753461.0,11754300.0,11755117.0,11756015.0,11756990.0,11757530.0,11758054.0,11758730.0,11759487.0,11760118.0,11761003.0,11761614.0,11762230
QO7SpI4T-7k,,,,,,,,,,,,,,,149.0,167.0,175.0,181.0,184.0,186.0,188.0,191.0,192.0,195.0,197.0,199.0,200.0,202.0,203.0,203.0,204.0,204.0,206.0,208.0,209.0,210.0,210.0,215.0,216.0,216.0,217.0,218.0,219.0,221.0,221.0,221.0,221.0,222.0,222.0,222.0,223.0,224.0,225.0,226.0,226.0,226.0,226.0,226.0,228.0,228.0,228.0,229.0,229.0,231.0,232.0,232.0,235.0,235.0,235.0,236.0,236.0,237.0,238.0,238.0,238.0,239.0,241.0,242.0,244.0,245.0,246.0,246.0,246.0,247.0,247.0,247.0,248.0,248.0,248.0,249.0,249.0,249.0,249.0,249.0,249.0,250.0,251.0,251.0,251.0,251.0,251.0,251.0,252.0,252.0,252.0,252.0,252.0,252.0,252.0,252.0,253.0,253.0,253.0,253.0,253.0,257.0,260.0,260.0,260.0,260.0,261.0,262.0,262.0,262.0,262.0,263.0,263.0,263.0,265.0,265.0,265.0,265.0,266.0,266.0,,,,,,,,,271.0,272.0,273.0,273.0,277.0,277.0,279.0,279.0,279.0,283.0,283.0,285.0,288.0,290.0,292.0,295.0,299.0,303.0,305.0,309.0,309.0,311.0,312.0,313.0,313.0,315.0,320.0,321.0,324.0,325.0,326.0,327.0,329.0,330.0,334.0,336.0,337.0,339.0,341.0,341.0,342.0,345.0,345.0,345.0,347.0,348.0,350.0,352.0,357
lKrspmmsCOo,,,,,,,,,,,,,,,,47267.0,63647.0,76439.0,113599.0,213416.0,320089.0,430245.0,535207.0,642830.0,744982.0,860390.0,972062.0,1091362.0,1206577.0,1319027.0,1334419.0,1347815.0,1361073.0,1373184.0,1384299.0,1394787.0,1404931.0,1414813.0,1423579.0,1431608.0,1442995.0,1457244.0,1469909.0,1481976.0,1493298.0,1502908.0,1511013.0,1519260.0,1526689.0,1533185.0,1539271.0,1545523.0,1550672.0,1555423.0,1560154.0,1564810.0,1569376.0,1573843.0,1578184.0,1582355.0,1586368.0,1590272.0,1593998.0,1597345.0,1600525.0,1603519.0,1606480.0,1609442.0,1611948.0,1615334.0,1618090.0,1620778.0,1623467.0,1625884.0,1628071.0,1630320.0,1632536.0,1634779.0,1636879.0,1639053.0,1641044.0,1642773.0,1644573.0,1646578.0,1648400.0,1650344.0,1652248.0,1653811.0,1655406.0,1657031.0,1658531.0,1660190.0,1661812.0,1663585.0,1665161.0,1666736.0,1668269.0,1669691.0,1671162.0,1672744.0,1674456.0,1675964.0,1677227.0,1678565.0,1679808.0,1681069.0,1682249.0,1683479.0,1684700.0,1685814.0,1686978.0,1688057.0,1689150.0,1690193.0,1691302.0,1692240.0,1693287.0,1694268.0,1695227.0,1696167.0,1697119.0,1698022.0,1698909.0,1699774.0,1700588.0,1701310.0,1702082.0,1702910.0,1703747.0,1704539.0,1705213.0,1705991.0,1706752.0,1707529.0,,,,,,,,,1714652.0,1715488.0,1716398.0,1717392.0,1718354.0,1719240.0,1720108.0,1720963.0,1721789.0,1722584.0,1723423.0,1724370.0,1725283.0,1726270.0,1727179.0,1728067.0,1728935.0,1730085.0,1731042.0,1731863.0,1732575.0,1733213.0,1733952.0,1734652.0,1735401.0,1736183.0,1736963.0,1737710.0,1738585.0,1739367.0,1740011.0,1740705.0,1741335.0,1741988.0,1742557.0,1743271.0,1744691.0,1745505.0,1746363.0,1747159.0,1747843.0,1748532.0,1749268.0,1750157.0,1751039.0,1751948.0,1752779.0,1753667.0,1754549
Y9d-msJ5N-g,,,,,,,,,,,,,,,,82.0,101.0,114.0,134.0,143.0,153.0,178.0,195.0,203.0,210.0,218.0,223.0,225.0,235.0,238.0,244.0,248.0,251.0,253.0,255.0,259.0,262.0,268.0,269.0,271.0,273.0,283.0,287.0,293.0,299.0,309.0,317.0,318.0,319.0,318.0,322.0,326.0,328.0,331.0,332.0,333.0,340.0,344.0,350.0,352.0,357.0,360.0,363.0,368.0,371.0,374.0,380.0,387.0,387.0,391.0,392.0,397.0,401.0,401.0,402.0,406.0,406.0,407.0,407.0,409.0,410.0,414.0,415.0,416.0,418.0,422.0,423.0,426.0,437.0,442.0,446.0,449.0,453.0,453.0,453.0,456.0,460.0,470.0,472.0,475.0,476.0,477.0,477.0,478.0,479.0,482.0,485.0,487.0,487.0,489.0,491.0,491.0,491.0,493.0,495.0,496.0,496.0,499.0,500.0,502.0,502.0,502.0,503.0,505.0,506.0,507.0,508.0,509.0,509.0,510.0,510.0,513.0,514.0,514.0,,,,,,,,,520.0,521.0,522.0,522.0,525.0,525.0,526.0,528.0,531.0,533.0,534.0,535.0,536.0,536.0,537.0,537.0,537.0,539.0,539.0,540.0,540.0,541.0,544.0,544.0,544.0,545.0,546.0,547.0,548.0,548.0,548.0,549.0,549.0,549.0,549.0,550.0,550.0,552.0,552.0,553.0,553.0,553.0,553.0,553.0,553.0,554.0,554.0,556.0,557
aU8CK3BA4Ww,,,,,,,,,,,,,,,,157.0,180.0,229.0,242.0,256.0,266.0,272.0,279.0,286.0,298.0,305.0,311.0,321.0,327.0,336.0,344.0,349.0,350.0,353.0,365.0,370.0,377.0,385.0,387.0,391.0,393.0,405.0,409.0,413.0,418.0,419.0,421.0,423.0,431.0,434.0,435.0,437.0,438.0,439.0,453.0,457.0,464.0,470.0,474.0,478.0,483.0,486.0,490.0,491.0,494.0,495.0,498.0,502.0,504.0,506.0,507.0,509.0,513.0,516.0,521.0,525.0,526.0,527.0,529.0,531.0,533.0,535.0,536.0,541.0,544.0,547.0,548.0,550.0,551.0,552.0,553.0,555.0,556.0,559.0,562.0,563.0,566.0,568.0,569.0,572.0,573.0,576.0,577.0,581.0,585.0,586.0,586.0,590.0,591.0,591.0,593.0,594.0,595.0,597.0,597.0,598.0,599.0,601.0,604.0,604.0,604.0,606.0,607.0,607.0,607.0,607.0,608.0,609.0,613.0,613.0,613.0,613.0,614.0,614.0,,,,,,,,,617.0,617.0,618.0,618.0,618.0,618.0,619.0,619.0,619.0,619.0,619.0,619.0,620.0,620.0,620.0,620.0,620.0,621.0,622.0,624.0,624.0,624.0,625.0,625.0,625.0,625.0,625.0,625.0,626.0,627.0,627.0,627.0,627.0,627.0,630.0,630.0,631.0,631.0,631.0,631.0,632.0,631.0,633.0,633.0,633.0,633.0,633.0,633.0,633
b3ZJPaCOx0I,,,,,,,,,,,,,,,,24743.0,30390.0,33634.0,36639.0,38028.0,38654.0,39126.0,39487.0,39754.0,39998.0,40348.0,40640.0,40887.0,41127.0,41367.0,41498.0,41643.0,41836.0,41999.0,42125.0,42278.0,42517.0,42684.0,42792.0,42858.0,42938.0,43002.0,43045.0,43091.0,43146.0,43178.0,43259.0,43302.0,43382.0,43436.0,43525.0,43580.0,43625.0,43662.0,43702.0,43783.0,43815.0,43856.0,43883.0,43915.0,43946.0,43978.0,44000.0,44032.0,44076.0,44113.0,44198.0,44256.0,44316.0,44389.0,44435.0,44474.0,44535.0,44588.0,44646.0,44678.0,44714.0,44752.0,44787.0,44816.0,44832.0,44864.0,44876.0,44898.0,44919.0,44948.0,44963.0,44971.0,44990.0,45013.0,45029.0,45053.0,45062.0,45078.0,45092.0,45109.0,45121.0,45137.0,45148.0,45165.0,45174.0,45185.0,45203.0,45218.0,45233.0,45240.0,45250.0,45255.0,45265.0,45276.0,45290.0,45296.0,45305.0,45315.0,45324.0,45328.0,45333.0,45338.0,45343.0,45351.0,45361.0,45368.0,45375.0,45379.0,45380.0,45384.0,45389.0,45397.0,45397.0,45404.0,45405.0,45410.0,45420.0,45422.0,,,,,,,,,45471.0,45475.0,45477.0,45482.0,45488.0,45494.0,45502.0,45506.0,45512.0,45519.0,45524.0,45525.0,45528.0,45534.0,45546.0,45550.0,45561.0,45565.0,45570.0,45569.0,45572.0,45574.0,45577.0,45584.0,45588.0,45594.0,45598.0,45603.0,45607.0,45610.0,45615.0,45623.0,45630.0,45632.0,45633.0,45639.0,45641.0,45642.0,45644.0,45648.0,45654.0,45659.0,45663.0,45665.0,45668.0,45673.0,45680.0,45680.0,45687
blDmPGaGa9Y,,,,,,,,,,,,,,,,11663.0,27000.0,43431.0,54833.0,71171.0,90412.0,109399.0,125249.0,142157.0,144262.0,144466.0,144587.0,144634.0,144726.0,144819.0,144866.0,144905.0,144935.0,144961.0,144988.0,145011.0,145029.0,145059.0,145074.0,145106.0,145136.0,145154.0,145165.0,145186.0,145199.0,145213.0,145223.0,145240.0,145247.0,145259.0,145265.0,145279.0,145284.0,145290.0,145295.0,145300.0,145313.0,145323.0,145328.0,145333.0,145340.0,145351.0,145365.0,145381.0,145401.0,145419.0,145433.0,145438.0,145445.0,145454.0,145463.0,145477.0,145481.0,145484.0,145492.0,145503.0,145513.0,145516.0,145523.0,145527.0,145538.0,145545.0,145548.0,145554.0,145559.0,145565.0,145572.0,145577.0,145589.0,145597.0,145600.0,145608.0,145616.0,145623.0,145626.0,145630.0,145634.0,145639.0,145643.0,145648.0,145653.0,145657.0,145661.0,145664.0,145668.0,145671.0,145676.0,145679.0,145685.0,145687.0,145691.0,145697.0,145702.0,145705.0,145705.0,145708.0,145709.0,145712.0,145717.0,145719.0,145721.0,145724.0,145725.0,145726.0,145727.0,145729.0,145731.0,145733.0,145737.0,145737.0,145740.0,145742.0,145747.0,145748.0,,,,,,,,,145778.0,145780.0,145784.0,145787.0,145788.0,145793.0,145795.0,145800.0,145802.0,145802.0,145807.0,145809.0,145810.0,145810.0,145813.0,145814.0,145816.0,145817.0,145817.0,145819.0,145819.0,145821.0,145822.0,145824.0,145826.0,145830.0,145831.0,145833.0,145833.0,145833.0,145834.0,145834.0,145835.0,145838.0,145841.0,145844.0,145845.0,145845.0,145846.0,145849.0,145850.0,145852.0,145853.0,145854.0,145855.0,145856.0,145859.0,145859.0,145860
kEmYsca-CU4,,,,,,,,,,,,,,,,854.0,1408.0,2062.0,2700.0,3541.0,4528.0,5890.0,6960.0,7722.0,8209.0,8919.0,9643.0,10416.0,11302.0,12322.0,13030.0,13780.0,14605.0,15473.0,16140.0,16509.0,16837.0,17093.0,17271.0,17481.0,17592.0,17739.0,17868.0,17972.0,18087.0,18158.0,18246.0,18334.0,18371.0,18419.0,18464.0,18505.0,18559.0,18600.0,18649.0,18679.0,18720.0,18754.0,18782.0,18821.0,18850.0,18883.0,18924.0,18973.0,19024.0,19047.0,19081.0,19115.0,19143.0,19182.0,19221.0,19242.0,19262.0,19281.0,19308.0,19335.0,19371.0,19399.0,19423.0,19442.0,19465.0,19490.0,19507.0,19525.0,19538.0,19556.0,19573.0,19588.0,19613.0,19636.0,19658.0,19682.0,19704.0,19724.0,19752.0,19766.0,19795.0,19813.0,19844.0,19860.0,19886.0,19910.0,19933.0,19975.0,19994.0,20027.0,20053.0,20097.0,20113.0,20132.0,20159.0,20186.0,20197.0,20227.0,20248.0,20291.0,20336.0,20361.0,20385.0,20404.0,20424.0,20440.0,20459.0,20484.0,20502.0,20521.0,20546.0,20575.0,20586.0,20592.0,20604.0,20616.0,20626.0,20634.0,,,,,,,,,20727.0,20740.0,20760.0,20777.0,20792.0,20797.0,20813.0,20831.0,20843.0,20852.0,20858.0,20869.0,20885.0,20894.0,20898.0,20909.0,20912.0,20923.0,20934.0,20944.0,20951.0,20961.0,20969.0,20979.0,20983.0,20989.0,20999.0,21006.0,21015.0,21022.0,21030.0,21036.0,21043.0,21045.0,21051.0,21059.0,21067.0,21072.0,21077.0,21083.0,21087.0,21092.0,21096.0,21099.0,21107.0,21111.0,21120.0,21124.0,21132
LzfbiTGS7KE,,,,,,,,,,,,,,,,,4613.0,15479.0,40749.0,71971.0,114217.0,217981.0,293446.0,341212.0,369426.0,414958.0,455033.0,491876.0,520218.0,548792.0,564585.0,576705.0,593906.0,607372.0,620249.0,630187.0,639557.0,646491.0,652873.0,661314.0,669457.0,678610.0,684929.0,691448.0,699018.0,704431.0,711070.0,717439.0,723170.0,729020.0,735156.0,746573.0,753874.0,760658.0,767624.0,773645.0,779365.0,784276.0,788976.0,793138.0,797919.0,803502.0,809550.0,815807.0,822374.0,828018.0,832696.0,838714.0,843960.0,850225.0,855596.0,859765.0,864350.0,869192.0,875270.0,880943.0,886830.0,893411.0,899328.0,904306.0,909262.0,914743.0,920454.0,925315.0,930146.0,936439.0,944819.0,952326.0,962734.0,974480.0,986136.0,997247.0,1008227.0,1018630.0,1028444.0,1038859.0,1049668.0,1059164.0,1067266.0,1079148.0,1089390.0,1097574.0,1106837.0,1116237.0,1124730.0,1133406.0,1141909.0,1153044.0,1164896.0,1176121.0,1185865.0,1194751.0,1203797.0,1214520.0,1223369.0,1230710.0,1238866.0,1246994.0,1254674.0,1261730.0,1267521.0,1273464.0,1278991.0,1284618.0,1291414.0,1299632.0,1307270.0,1315273.0,1322905.0,1330331.0,1346120.0,1357159.0,1367511.0,1375206.0,,,,,,,,,1430460.0,1434436.0,1440093.0,1444429.0,1449321.0,1454174.0,1459464.0,1465058.0,1469889.0,1475054.0,1480084.0,1485726.0,1491213.0,1496851.0,1502402.0,1506570.0,1511591.0,1516963.0,1522628.0,1528018.0,1532700.0,1537690.0,1542331.0,1547304.0,1552713.0,1557430.0,1562622.0,1567993.0,1572081.0,1575720.0,1580056.0,1584849.0,1589368.0,1593947.0,1598610.0,1603417.0,1607294.0,1611943.0,1616914.0,1621037.0,1625446.0,1630110.0,1634441.0,1638229.0,1642584.0,1646686.0,1650991.0,1655306.0,1659803
9v_-Td_0yC4,,,,,,,,,,,,,,,,,,41414.0,50723.0,57201.0,67042.0,73872.0,80568.0,86614.0,91698.0,95018.0,97389.0,99500.0,101380.0,103109.0,104742.0,106119.0,108289.0,111247.0,116132.0,117674.0,118725.0,119229.0,119803.0,120313.0,120763.0,121108.0,121439.0,121718.0,121923.0,122118.0,122285.0,122441.0,122579.0,122709.0,122859.0,122988.0,123110.0,123200.0,123300.0,123397.0,123488.0,123571.0,123644.0,123733.0,123781.0,123858.0,123909.0,123972.0,124083.0,124161.0,124248.0,124315.0,124380.0,124450.0,124520.0,124595.0,124639.0,124700.0,124763.0,124809.0,124873.0,124923.0,124974.0,125025.0,125064.0,125100.0,125137.0,125194.0,125236.0,125266.0,125321.0,125371.0,125408.0,125452.0,125479.0,125525.0,125576.0,125618.0,125674.0,125715.0,125762.0,125804.0,125826.0,125846.0,125874.0,125908.0,125940.0,125976.0,126015.0,126044.0,126079.0,126116.0,126167.0,126198.0,126224.0,126247.0,126282.0,126315.0,126338.0,126367.0,126391.0,126424.0,126446.0,126468.0,126493.0,126512.0,126532.0,126546.0,126570.0,126599.0,126620.0,126633.0,126654.0,126685.0,126709.0,126728.0,126752.0,126789.0,,,,,,,,,126950.0,126969.0,126985.0,127001.0,127019.0,127037.0,127058.0,127087.0,127103.0,127121.0,127138.0,127150.0,127178.0,127197.0,127222.0,127247.0,127286.0,127306.0,127333.0,127351.0,127359.0,127372.0,127390.0,127412.0,127429.0,127451.0,127472.0,127497.0,127521.0,127548.0,127568.0,127593.0,127610.0,127628.0,127643.0,127659.0,127674.0,127702.0,127723.0,127730.0,127755.0,127766.0,127786.0,127797.0,127817.0,127840.0,127853.0,127869.0,127889
5ty7c5t8lUY,,,,,,,,,,,,,,,,,,60640.0,70150.0,82166.0,92622.0,96617.0,98257.0,99337.0,100254.0,100839.0,101334.0,101619.0,101906.0,102160.0,102527.0,102781.0,103115.0,103356.0,103595.0,103830.0,104007.0,104303.0,104573.0,104751.0,104931.0,105091.0,105262.0,105406.0,105594.0,105766.0,105924.0,106127.0,106291.0,106513.0,106753.0,106982.0,107203.0,107426.0,107616.0,107774.0,107996.0,108177.0,108362.0,108622.0,108830.0,109042.0,109259.0,109418.0,109678.0,109851.0,110123.0,110391.0,110601.0,110836.0,111056.0,111100.0,111422.0,111641.0,111862.0,112042.0,112125.0,112222.0,112287.0,112366.0,112528.0,112684.0,112764.0,112816.0,112907.0,112982.0,113090.0,113222.0,113399.0,113443.0,113611.0,113647.0,113768.0,113909.0,114103.0,114320.0,114520.0,114621.0,114612.0,114656.0,114772.0,114915.0,115027.0,115152.0,115298.0,115384.0,115527.0,115596.0,115683.0,115832.0,115859.0,115983.0,116116.0,116159.0,116312.0,116387.0,116475.0,116592.0,116828.0,116998.0,117225.0,117353.0,117314.0,117445.0,117578.0,117753.0,117864.0,118060.0,118254.0,118367.0,118396.0,118387.0,118410.0,118424.0,,,,,,,,,119300.0,119381.0,119437.0,119480.0,119510.0,119555.0,119650.0,119736.0,119869.0,119977.0,120062.0,120157.0,120272.0,120356.0,120441.0,120549.0,120649.0,120743.0,120847.0,120928.0,121018.0,121119.0,121240.0,121439.0,121550.0,121661.0,121699.0,121828.0,121954.0,122064.0,122178.0,122255.0,122452.0,122583.0,122709.0,122750.0,122816.0,122923.0,123172.0,123258.0,123420.0,123528.0,123734.0,123808.0,123992.0,124059.0,124157.0,124210.0,124280
esp_gUf2CK0,,,,,,,,,,,,,,,,,,,586.0,669.0,736.0,890.0,1097.0,1262.0,1372.0,1489.0,1596.0,1663.0,1722.0,1769.0,1838.0,1888.0,1916.0,2118.0,2579.0,2992.0,3558.0,3791.0,3892.0,4015.0,4122.0,4264.0,4393.0,4496.0,4600.0,4667.0,4736.0,4821.0,4899.0,4974.0,5062.0,5136.0,5221.0,5280.0,5355.0,5394.0,5469.0,5547.0,5612.0,5672.0,5714.0,5786.0,5863.0,5944.0,6018.0,6078.0,6127.0,6178.0,6217.0,6297.0,6362.0,6402.0,6441.0,6493.0,6546.0,6604.0,6691.0,6746.0,6821.0,6952.0,7041.0,7139.0,7229.0,7326.0,7440.0,7537.0,7637.0,7699.0,7794.0,7878.0,7966.0,8070.0,8170.0,8246.0,8326.0,8409.0,8478.0,8562.0,8634.0,8749.0,8819.0,8895.0,8988.0,9083.0,9149.0,9240.0,9332.0,9385.0,9434.0,9496.0,9581.0,9660.0,9703.0,9853.0,10027.0,10174.0,10339.0,10566.0,10767.0,10923.0,11065.0,11159.0,11251.0,11357.0,11455.0,11512.0,11593.0,11701.0,11772.0,11827.0,11890.0,11964.0,12058.0,12142.0,,,,,,,,,12849.0,12907.0,12972.0,13044.0,13130.0,13249.0,13317.0,13392.0,13492.0,13594.0,13739.0,13894.0,14040.0,14187.0,14292.0,14408.0,14525.0,14656.0,14777.0,14864.0,14925.0,14963.0,15013.0,15053.0,15097.0,15137.0,15189.0,15238.0,15278.0,15310.0,15356.0,15408.0,15484.0,15542.0,15585.0,15651.0,15692.0,15744.0,15790.0,15826.0,15883.0,15919.0,15987.0,16020.0,16060.0,16098.0,16166.0,16229.0,16279
u7I4aL6X7i4,,,,,,,,,,,,,,,,,,,130.0,597.0,889.0,987.0,1129.0,2616.0,3535.0,4383.0,4592.0,4750.0,4909.0,5003.0,5089.0,5213.0,5276.0,5298.0,5323.0,5333.0,5349.0,5354.0,5359.0,5371.0,5382.0,5386.0,5395.0,5405.0,5415.0,5420.0,5425.0,5432.0,5438.0,5444.0,5446.0,5456.0,5462.0,5467.0,5475.0,5481.0,5493.0,5494.0,5499.0,5504.0,5509.0,5510.0,5512.0,5515.0,5519.0,5525.0,5526.0,5527.0,5532.0,5535.0,5540.0,5542.0,5543.0,5548.0,5550.0,5551.0,5553.0,5555.0,5562.0,5562.0,5563.0,5564.0,5573.0,5576.0,5578.0,5581.0,5585.0,5586.0,5589.0,5592.0,5592.0,5596.0,5598.0,5600.0,5602.0,5605.0,5606.0,5608.0,5610.0,5610.0,5614.0,5614.0,5614.0,5614.0,5614.0,5617.0,5618.0,5620.0,5622.0,5624.0,5625.0,5625.0,5626.0,5630.0,5631.0,5632.0,5632.0,5634.0,5639.0,5641.0,5641.0,5643.0,5644.0,5645.0,5646.0,5647.0,5647.0,5649.0,5650.0,5652.0,5653.0,5655.0,5655.0,5655.0,,,,,,,,,5666.0,5666.0,5668.0,5669.0,5670.0,5670.0,5671.0,5673.0,5675.0,5675.0,5677.0,5679.0,5681.0,5682.0,5682.0,5682.0,5682.0,5682.0,5684.0,5685.0,5685.0,5686.0,5686.0,5687.0,5687.0,5687.0,5687.0,5688.0,5689.0,5690.0,5691.0,5692.0,5693.0,5694.0,5694.0,5695.0,5698.0,5698.0,5700.0,5701.0,5703.0,5704.0,5705.0,5706.0,5706.0,5709.0,5710.0,5711.0,5711
-aBFyYhHZOo,,,,,,,,,,,,,,,,,,,44358.0,46307.0,47512.0,48651.0,50374.0,52659.0,53927.0,55697.0,57272.0,58949.0,60503.0,61765.0,63226.0,64147.0,64931.0,65495.0,66027.0,66384.0,66648.0,66964.0,67237.0,67434.0,67604.0,67777.0,67912.0,68049.0,68159.0,68268.0,68393.0,68476.0,68551.0,68655.0,68724.0,68819.0,68871.0,68949.0,69052.0,69144.0,69253.0,69320.0,69372.0,69430.0,69478.0,69539.0,69583.0,69659.0,69701.0,69768.0,69834.0,69897.0,69961.0,69996.0,70048.0,70089.0,70114.0,70168.0,70217.0,70249.0,70291.0,70340.0,70368.0,70405.0,70432.0,70464.0,70480.0,70501.0,70516.0,70531.0,70559.0,70587.0,70613.0,70649.0,70677.0,70722.0,70746.0,70777.0,70808.0,70832.0,70856.0,70867.0,70884.0,70900.0,70921.0,70940.0,70961.0,70970.0,70988.0,71001.0,71026.0,71038.0,71057.0,71072.0,71086.0,71105.0,71132.0,71142.0,71155.0,71170.0,71183.0,71191.0,71209.0,71224.0,71235.0,71252.0,71267.0,71295.0,71304.0,71324.0,71340.0,71343.0,71352.0,71361.0,71372.0,71401.0,71416.0,71427.0,,,,,,,,,71538.0,71543.0,71552.0,71559.0,71569.0,71582.0,71600.0,71606.0,71614.0,71626.0,71632.0,71647.0,71663.0,71674.0,71686.0,71697.0,71709.0,71719.0,71730.0,71740.0,71758.0,71774.0,71787.0,71794.0,71804.0,71815.0,71831.0,71846.0,71856.0,71870.0,71884.0,71892.0,71899.0,71907.0,71920.0,71934.0,71942.0,71949.0,71959.0,71968.0,71975.0,71990.0,72003.0,72015.0,72020.0,72029.0,72039.0,72043.0,72049
HmFUIJiISxY,,,,,,,,,,,,,,,,,,,2101.0,2216.0,2330.0,2490.0,2637.0,2814.0,3008.0,3093.0,3140.0,3189.0,3227.0,3272.0,3304.0,3371.0,3428.0,3458.0,3502.0,3536.0,3561.0,3594.0,3623.0,3644.0,3667.0,3697.0,3731.0,3759.0,3785.0,3808.0,3839.0,3864.0,3888.0,3902.0,3922.0,3937.0,3957.0,3977.0,3999.0,4027.0,4044.0,4062.0,4091.0,4111.0,4127.0,4143.0,4155.0,4176.0,4183.0,4192.0,4205.0,4214.0,4222.0,4245.0,4259.0,4267.0,4282.0,4334.0,4353.0,4359.0,4365.0,4376.0,4384.0,4396.0,4406.0,4416.0,4421.0,4427.0,4433.0,4455.0,4468.0,4474.0,4489.0,4499.0,4502.0,4508.0,4513.0,4526.0,4535.0,4540.0,4552.0,4561.0,4572.0,4579.0,4590.0,4607.0,4621.0,4634.0,4642.0,4650.0,4659.0,4671.0,4683.0,4692.0,4701.0,4706.0,4713.0,4719.0,4727.0,4736.0,4739.0,4747.0,4749.0,4761.0,4787.0,4797.0,4808.0,4815.0,4820.0,4825.0,4829.0,4836.0,4842.0,4908.0,5169.0,5346.0,5609.0,5893.0,,,,,,,,,8961.0,9004.0,9007.0,9023.0,9057.0,9088.0,9128.0,9163.0,9189.0,9213.0,9239.0,9262.0,9278.0,9288.0,9302.0,9320.0,9327.0,9332.0,9344.0,9361.0,9381.0,9397.0,9420.0,9430.0,9458.0,9469.0,9499.0,9522.0,9558.0,9593.0,9622.0,9661.0,9703.0,9736.0,9769.0,9809.0,9865.0,9898.0,9916.0,9935.0,9948.0,9963.0,9978.0,9990.0,9999.0,10010.0,10020.0,10024.0,10032
Sx4iTCWze_o,,,,,,,,,,,,,,,,,,,31697.0,32320.0,32848.0,33325.0,33965.0,34256.0,34530.0,34827.0,35063.0,35393.0,35596.0,35883.0,36006.0,36143.0,36440.0,36618.0,36805.0,36967.0,37087.0,37176.0,37303.0,37440.0,37578.0,37808.0,37969.0,38085.0,38158.0,38211.0,38348.0,38497.0,38549.0,38598.0,38697.0,38732.0,38773.0,38804.0,38891.0,38927.0,38944.0,39042.0,39060.0,39068.0,39109.0,39193.0,39216.0,39239.0,39274.0,39282.0,39291.0,39305.0,39317.0,39351.0,39368.0,39377.0,39401.0,39434.0,39457.0,39493.0,39558.0,39587.0,39608.0,39616.0,39619.0,39646.0,39655.0,39673.0,39684.0,39706.0,39718.0,39724.0,39746.0,39771.0,39775.0,39778.0,39782.0,39792.0,39797.0,39817.0,39817.0,39829.0,39844.0,39851.0,39861.0,39862.0,39871.0,39888.0,39892.0,39905.0,39910.0,39915.0,39919.0,39926.0,39940.0,39949.0,39958.0,39965.0,39966.0,39973.0,39979.0,39989.0,39999.0,40014.0,40037.0,40065.0,40080.0,40090.0,40096.0,40106.0,40112.0,40122.0,40122.0,40124.0,40134.0,40140.0,40144.0,40151.0,,,,,,,,,40191.0,40194.0,40198.0,40200.0,40204.0,40208.0,40215.0,40219.0,40219.0,40219.0,40221.0,40225.0,40230.0,40233.0,40236.0,40236.0,40241.0,40243.0,40246.0,40248.0,40252.0,40254.0,40255.0,40255.0,40256.0,40258.0,40261.0,40264.0,40266.0,40268.0,40271.0,40274.0,40279.0,40282.0,40285.0,40289.0,40294.0,40297.0,40303.0,40305.0,40308.0,40311.0,40313.0,40315.0,40321.0,40325.0,40327.0,40330.0,40333
9esJ8CnrhCU,,,,,,,,,,,,,,,,,,,251720.0,252232.0,252661.0,253147.0,253688.0,254020.0,254249.0,254501.0,254702.0,255053.0,255277.0,255515.0,255631.0,255784.0,256022.0,256224.0,256377.0,256525.0,256637.0,256758.0,256857.0,257034.0,257165.0,257390.0,257569.0,257661.0,257734.0,257784.0,257882.0,257996.0,258054.0,258103.0,258171.0,258199.0,258245.0,258266.0,258288.0,258309.0,258328.0,258366.0,258373.0,258389.0,258409.0,258449.0,258466.0,258472.0,258487.0,258502.0,258511.0,258522.0,258531.0,258531.0,258536.0,258540.0,258551.0,258562.0,258576.0,258579.0,258607.0,258616.0,258621.0,258631.0,258634.0,258652.0,258653.0,258669.0,258680.0,258690.0,258693.0,258697.0,258717.0,258728.0,258729.0,258721.0,258720.0,258724.0,258729.0,258739.0,258742.0,258751.0,258758.0,258762.0,258766.0,258771.0,258776.0,258790.0,258788.0,258791.0,258798.0,258801.0,258805.0,258809.0,258818.0,258822.0,258826.0,258828.0,258824.0,258834.0,258838.0,258847.0,258853.0,258858.0,258865.0,258873.0,258882.0,258891.0,258894.0,258898.0,258904.0,258913.0,258918.0,258919.0,258929.0,258936.0,258939.0,258944.0,,,,,,,,,258991.0,258992.0,258995.0,258997.0,259000.0,259008.0,259015.0,259018.0,259019.0,259019.0,259021.0,259027.0,259032.0,259038.0,259044.0,259045.0,259051.0,259056.0,259062.0,259066.0,259071.0,259074.0,259075.0,259078.0,259078.0,259080.0,259084.0,259086.0,259087.0,259090.0,259092.0,259093.0,259097.0,259100.0,259104.0,259108.0,259116.0,259120.0,259124.0,259124.0,259127.0,259135.0,259137.0,259141.0,259147.0,259149.0,259154.0,259158.0,259160
p-11lL9mDxQ,,,,,,,,,,,,,,,,,,,94.0,101.0,105.0,111.0,116.0,116.0,118.0,122.0,122.0,122.0,123.0,125.0,128.0,128.0,128.0,131.0,138.0,142.0,142.0,143.0,145.0,145.0,145.0,145.0,148.0,148.0,150.0,150.0,150.0,151.0,154.0,154.0,154.0,154.0,154.0,154.0,155.0,156.0,156.0,156.0,158.0,160.0,163.0,163.0,163.0,163.0,164.0,166.0,166.0,167.0,169.0,174.0,178.0,184.0,191.0,197.0,203.0,212.0,216.0,219.0,221.0,225.0,226.0,228.0,231.0,233.0,233.0,233.0,234.0,236.0,239.0,240.0,241.0,242.0,243.0,244.0,248.0,250.0,250.0,251.0,252.0,257.0,261.0,272.0,281.0,283.0,283.0,285.0,287.0,287.0,287.0,296.0,307.0,307.0,307.0,310.0,314.0,323.0,322.0,323.0,323.0,323.0,323.0,324.0,326.0,326.0,330.0,334.0,336.0,337.0,337.0,341.0,343.0,343.0,346.0,347.0,,,,,,,,,350.0,355.0,358.0,360.0,361.0,364.0,364.0,367.0,370.0,382.0,386.0,395.0,399.0,407.0,409.0,411.0,419.0,419.0,419.0,420.0,421.0,423.0,426.0,426.0,429.0,435.0,443.0,444.0,448.0,448.0,451.0,452.0,461.0,463.0,464.0,465.0,467.0,467.0,468.0,469.0,471.0,469.0,473.0,474.0,474.0,476.0,476.0,482.0,482
VRvu3V55nfI,,,,,,,,,,,,,,,,,,,99717.0,130401.0,145052.0,158412.0,167419.0,182260.0,193908.0,199975.0,204749.0,211215.0,215430.0,218038.0,220349.0,222150.0,223820.0,225229.0,228098.0,229685.0,230808.0,231722.0,232536.0,233368.0,234047.0,234493.0,234831.0,235164.0,235444.0,235727.0,235981.0,236193.0,236342.0,236503.0,236684.0,236841.0,236999.0,237122.0,237224.0,237345.0,237432.0,237530.0,237604.0,237722.0,237802.0,237881.0,237946.0,238019.0,238077.0,238145.0,238216.0,238292.0,238343.0,238533.0,238657.0,238754.0,238930.0,239111.0,239233.0,239331.0,239383.0,239463.0,239553.0,239634.0,239721.0,239793.0,239857.0,239923.0,239980.0,240044.0,240117.0,240206.0,240270.0,240328.0,240404.0,240460.0,240515.0,240599.0,240679.0,240740.0,240782.0,240833.0,240877.0,240915.0,240954.0,241003.0,241051.0,241121.0,241185.0,241242.0,241306.0,241398.0,241431.0,241470.0,241516.0,241564.0,241614.0,241662.0,241732.0,241853.0,241913.0,241974.0,242020.0,242064.0,242120.0,242186.0,242270.0,242333.0,242394.0,242448.0,242518.0,242590.0,242659.0,242735.0,242805.0,242866.0,242905.0,242967.0,,,,,,,,,243700.0,243768.0,243849.0,245831.0,247005.0,247234.0,247566.0,247740.0,247983.0,248141.0,248340.0,248563.0,248720.0,248822.0,248869.0,248935.0,248976.0,249023.0,249073.0,249136.0,249207.0,249306.0,249391.0,249468.0,249565.0,249632.0,249693.0,249740.0,249832.0,249917.0,249969.0,250020.0,250076.0,250116.0,250161.0,250222.0,250288.0,250349.0,250399.0,250453.0,250495.0,250544.0,250605.0,250672.0,250711.0,250753.0,250790.0,250838.0,250877
U0SSk3ZadbM,,,,,,,,,,,,,,,,,,,,412265.0,537927.0,600233.0,638776.0,669693.0,702390.0,731765.0,782342.0,806140.0,819972.0,830101.0,836923.0,840770.0,843949.0,846950.0,849059.0,850937.0,852577.0,854087.0,855303.0,856274.0,857123.0,858177.0,859087.0,859822.0,860701.0,861453.0,862079.0,862745.0,863396.0,864088.0,864721.0,865404.0,865956.0,866496.0,867133.0,867698.0,868239.0,868837.0,869420.0,869967.0,870458.0,870893.0,871319.0,871662.0,872161.0,872521.0,872942.0,873340.0,873653.0,874027.0,874451.0,874858.0,875309.0,875722.0,876108.0,876493.0,876784.0,877190.0,877582.0,877964.0,878345.0,878775.0,879162.0,879726.0,880202.0,880705.0,881255.0,881673.0,882083.0,882377.0,882718.0,883024.0,883398.0,883902.0,884315.0,884694.0,884989.0,885319.0,885590.0,885983.0,886469.0,886901.0,887206.0,887520.0,887799.0,888054.0,888394.0,888819.0,889156.0,889491.0,889757.0,890037.0,890386.0,890732.0,891127.0,891490.0,891803.0,892046.0,892342.0,892630.0,892951.0,893256.0,893586.0,893815.0,894082.0,894376.0,894680.0,895282.0,895837.0,896288.0,896588.0,896954.0,897328.0,897623.0,,,,,,,,,899634.0,899893.0,900068.0,900225.0,900377.0,900566.0,900746.0,900945.0,901142.0,901269.0,901424.0,901574.0,901727.0,901899.0,902098.0,902274.0,902392.0,902519.0,902637.0,902751.0,902892.0,903078.0,903261.0,903393.0,903504.0,903743.0,903923.0,904103.0,904304.0,904506.0,904665.0,904778.0,904916.0,905054.0,905180.0,905312.0,905451.0,905562.0,905688.0,905797.0,905908.0,906063.0,906260.0,906403.0,906545.0,906685.0,906805.0,906941.0,907061
bAynBoGBqEM,,,,,,,,,,,,,,,,,,,,7500.0,11299.0,13527.0,15156.0,16773.0,18598.0,19896.0,20606.0,21083.0,21580.0,21952.0,22342.0,22564.0,22774.0,23000.0,23251.0,23425.0,23636.0,23894.0,24095.0,24310.0,24473.0,24657.0,24879.0,25074.0,25254.0,25427.0,25599.0,25757.0,25959.0,26161.0,26295.0,26447.0,26586.0,26746.0,26932.0,27078.0,27271.0,27449.0,27605.0,27788.0,27953.0,28146.0,28308.0,28480.0,28659.0,28801.0,28980.0,29131.0,29295.0,29461.0,29655.0,29758.0,29911.0,30084.0,30307.0,30709.0,30983.0,31292.0,31598.0,31860.0,32103.0,32238.0,32388.0,32538.0,32712.0,32941.0,33150.0,33306.0,33479.0,33622.0,33760.0,33903.0,34046.0,34223.0,34400.0,34525.0,34676.0,34805.0,34962.0,35083.0,35252.0,35402.0,35519.0,35626.0,35723.0,35830.0,35956.0,36097.0,36240.0,36359.0,36445.0,36539.0,36650.0,36753.0,36852.0,36951.0,37040.0,37128.0,37212.0,37297.0,37390.0,37490.0,37620.0,37709.0,37815.0,37918.0,38003.0,38107.0,38218.0,38318.0,38430.0,38534.0,38639.0,38721.0,,,,,,,,,39566.0,39667.0,39750.0,39850.0,39931.0,39991.0,40067.0,40155.0,40276.0,40380.0,40475.0,40590.0,40671.0,40926.0,41116.0,41365.0,41600.0,41823.0,42692.0,44133.0,46804.0,50704.0,52717.0,54708.0,55799.0,57059.0,58505.0,59662.0,60318.0,60695.0,61158.0,61642.0,62063.0,62341.0,62567.0,62730.0,62917.0,63062.0,63231.0,63348.0,63521.0,63665.0,63881.0,64054.0,64184.0,64306.0,64402.0,64537.0,64653
LYCTAeLaE0I,,,,,,,,,,,,,,,,,,,,,1655.0,4448.0,5468.0,6114.0,6605.0,7522.0,7882.0,8044.0,8115.0,8204.0,8319.0,8371.0,8409.0,8432.0,8462.0,8488.0,8518.0,8550.0,8581.0,8601.0,8630.0,8653.0,8682.0,8723.0,8747.0,8763.0,8780.0,8791.0,8803.0,8813.0,8834.0,8858.0,8866.0,8877.0,8892.0,8905.0,8911.0,8925.0,8934.0,8938.0,8940.0,8947.0,8965.0,8977.0,8984.0,8988.0,8989.0,8990.0,8994.0,8996.0,9002.0,9007.0,9014.0,9019.0,9023.0,9034.0,9040.0,9042.0,9046.0,9046.0,9050.0,9054.0,9058.0,9062.0,9066.0,9066.0,9071.0,9076.0,9081.0,9082.0,9088.0,9101.0,9102.0,9108.0,9118.0,9122.0,9124.0,9127.0,9128.0,9133.0,9136.0,9143.0,9148.0,9156.0,9161.0,9163.0,9166.0,9167.0,9168.0,9170.0,9170.0,9170.0,9172.0,9174.0,9177.0,9178.0,9178.0,9179.0,9181.0,9182.0,9183.0,9184.0,9185.0,9186.0,9186.0,9191.0,9191.0,9192.0,9192.0,9196.0,9196.0,9199.0,9199.0,9201.0,,,,,,,,,9210.0,9215.0,9216.0,9217.0,9218.0,9218.0,9221.0,9221.0,9221.0,9221.0,9222.0,9223.0,9224.0,9224.0,9226.0,9226.0,9228.0,9232.0,9232.0,9238.0,9239.0,9235.0,9236.0,9236.0,9236.0,9238.0,9238.0,9238.0,9239.0,9240.0,9241.0,9241.0,9241.0,9245.0,9246.0,9248.0,9250.0,9250.0,9253.0,9254.0,9256.0,9257.0,9258.0,9259.0,9259.0,9259.0,9259.0,9259.0,9261
EuHr3gQdjOo,,,,,,,,,,,,,,,,,,,,,9126.0,18951.0,21206.0,22344.0,23086.0,23706.0,24391.0,25287.0,25969.0,26158.0,26301.0,26414.0,26486.0,26570.0,26619.0,26664.0,26706.0,26795.0,26858.0,26919.0,26951.0,26990.0,27012.0,27051.0,27080.0,27103.0,27130.0,27164.0,27194.0,27219.0,27249.0,27270.0,27306.0,27328.0,27355.0,27381.0,27411.0,27432.0,27448.0,27472.0,27485.0,27501.0,27527.0,27543.0,27557.0,27575.0,27597.0,27615.0,27640.0,27658.0,27668.0,27687.0,27695.0,27701.0,27713.0,27719.0,27726.0,27737.0,27751.0,27755.0,27768.0,27777.0,27788.0,27797.0,27804.0,27821.0,27829.0,27834.0,27846.0,27860.0,27874.0,27884.0,27889.0,27895.0,27907.0,27918.0,27924.0,27935.0,27949.0,27961.0,27973.0,27984.0,27998.0,28005.0,28016.0,28024.0,28034.0,28046.0,28054.0,28062.0,28068.0,28076.0,28082.0,28091.0,28097.0,28101.0,28104.0,28115.0,28124.0,28128.0,28133.0,28135.0,28143.0,28149.0,28150.0,28153.0,28155.0,28159.0,28166.0,28170.0,28185.0,28189.0,28193.0,28196.0,,,,,,,,,28254.0,28258.0,28264.0,28266.0,28269.0,28273.0,28278.0,28281.0,28283.0,28289.0,28293.0,28297.0,28307.0,28317.0,28321.0,28325.0,28325.0,28328.0,28330.0,28331.0,28333.0,28335.0,28335.0,28338.0,28340.0,28340.0,28341.0,28343.0,28346.0,28347.0,28353.0,28357.0,28360.0,28364.0,28370.0,28373.0,28376.0,28381.0,28383.0,28384.0,28386.0,28389.0,28393.0,28394.0,28397.0,28401.0,28403.0,28405.0,28410
C-v5bYqOVpk,,,,,,,,,,,,,,,,,,,,,6873.0,24842.0,27406.0,28262.0,28745.0,29401.0,29932.0,30252.0,30504.0,30744.0,30890.0,31020.0,31222.0,31322.0,31431.0,31674.0,31884.0,32078.0,32251.0,32418.0,32546.0,32695.0,32836.0,32957.0,33091.0,33194.0,33272.0,33349.0,33432.0,33487.0,33577.0,33665.0,33764.0,33830.0,33908.0,33964.0,34029.0,34112.0,34195.0,34264.0,34339.0,34386.0,34453.0,34505.0,34556.0,34604.0,34658.0,34708.0,34744.0,34799.0,34839.0,34883.0,34930.0,34976.0,34990.0,35041.0,35101.0,35123.0,35166.0,35202.0,35249.0,35277.0,35320.0,35351.0,35391.0,35425.0,35453.0,35501.0,35528.0,35604.0,35636.0,35685.0,35733.0,35780.0,35807.0,35837.0,35873.0,35895.0,35921.0,35955.0,35986.0,36021.0,36054.0,36082.0,36104.0,36151.0,36182.0,36203.0,36229.0,36254.0,36280.0,36317.0,36346.0,36382.0,36419.0,36450.0,36470.0,36494.0,36525.0,36553.0,36587.0,36621.0,36666.0,36703.0,36747.0,36770.0,36810.0,36851.0,36903.0,36946.0,36983.0,37017.0,37051.0,37089.0,,,,,,,,,37336.0,37361.0,37390.0,37444.0,37476.0,37507.0,37549.0,37588.0,37642.0,37678.0,37707.0,37732.0,37766.0,37791.0,37817.0,37844.0,37858.0,37874.0,37891.0,37918.0,37933.0,37952.0,37969.0,37979.0,37989.0,38008.0,38021.0,38036.0,38049.0,38064.0,38076.0,38090.0,38102.0,38121.0,38136.0,38158.0,38178.0,38188.0,38203.0,38205.0,38213.0,38230.0,38241.0,38261.0,38269.0,38279.0,38290.0,38300.0,38311
SJrklhlVztA,,,,,,,,,,,,,,,,,,,,,8872.0,12456.0,15208.0,18057.0,22487.0,28807.0,33303.0,37435.0,41574.0,44801.0,46241.0,47493.0,49326.0,51076.0,52058.0,52944.0,53882.0,54643.0,55202.0,55955.0,56561.0,57182.0,57764.0,58419.0,58948.0,59440.0,60002.0,60514.0,60989.0,61445.0,61888.0,62283.0,62608.0,63024.0,63345.0,63720.0,64096.0,64434.0,64726.0,65030.0,65428.0,65821.0,66244.0,66587.0,66986.0,67365.0,67663.0,67996.0,68280.0,68728.0,69078.0,69464.0,69787.0,70177.0,70562.0,70917.0,71225.0,71495.0,71774.0,71994.0,72241.0,72510.0,72781.0,73019.0,73269.0,73550.0,73788.0,73968.0,74222.0,74576.0,74937.0,75186.0,75461.0,75731.0,75939.0,76255.0,76597.0,76850.0,77140.0,77400.0,77615.0,77848.0,78069.0,78303.0,78494.0,78723.0,78927.0,79073.0,79236.0,79458.0,79662.0,79840.0,80006.0,80208.0,80357.0,80523.0,80682.0,80875.0,81063.0,81262.0,81458.0,81637.0,81779.0,81928.0,82098.0,82246.0,82357.0,82476.0,82574.0,82682.0,82876.0,83009.0,83156.0,83272.0,,,,,,,,,84419.0,84499.0,84624.0,84731.0,84864.0,84979.0,85098.0,85201.0,85320.0,85463.0,85591.0,85765.0,85926.0,86089.0,86217.0,86333.0,86431.0,86550.0,86683.0,86811.0,86919.0,87027.0,87139.0,87257.0,87355.0,87459.0,87575.0,87672.0,87782.0,87873.0,87998.0,88117.0,88246.0,88349.0,88436.0,88520.0,88601.0,88698.0,88782.0,88840.0,88925.0,89034.0,89105.0,89183.0,89244.0,89378.0,89484.0,89627.0,89702
bHgT-hdNAXo,,,,,,,,,,,,,,,,,,,,,8313.0,8344.0,8374.0,8398.0,8439.0,8478.0,8507.0,8536.0,8564.0,8617.0,8695.0,8735.0,8779.0,8813.0,8841.0,8860.0,8889.0,8912.0,8934.0,8954.0,8979.0,8996.0,9017.0,9036.0,9055.0,9076.0,9086.0,9106.0,9126.0,9142.0,9167.0,9176.0,9195.0,9216.0,9229.0,9253.0,9279.0,9291.0,9302.0,9306.0,9316.0,9343.0,9361.0,9379.0,9397.0,9415.0,9424.0,9440.0,9453.0,9474.0,9494.0,9502.0,9511.0,9525.0,9540.0,9551.0,9574.0,9603.0,9625.0,9635.0,9646.0,9663.0,9683.0,9692.0,9697.0,9713.0,9722.0,9729.0,9737.0,9747.0,9759.0,9770.0,9781.0,9791.0,9800.0,9814.0,9821.0,9831.0,9848.0,9859.0,9883.0,9897.0,9911.0,9937.0,9954.0,9970.0,9983.0,10000.0,10015.0,10038.0,10057.0,10074.0,10082.0,10101.0,10115.0,10116.0,10130.0,10146.0,10165.0,10177.0,10183.0,10196.0,10199.0,10202.0,10213.0,10220.0,10227.0,10238.0,10246.0,10254.0,10264.0,10271.0,10277.0,10286.0,,,,,,,,,10384.0,10389.0,10397.0,10405.0,10412.0,10417.0,10427.0,10437.0,10445.0,10452.0,10468.0,10479.0,10484.0,10499.0,10513.0,10523.0,10528.0,10541.0,10548.0,10559.0,10565.0,10571.0,10575.0,10580.0,10591.0,10597.0,10602.0,10609.0,10620.0,10635.0,10643.0,10651.0,10658.0,10668.0,10679.0,10689.0,10694.0,10704.0,10715.0,10718.0,10730.0,10736.0,10741.0,10749.0,10762.0,10765.0,10779.0,10795.0,10816
V5OXbVlnxic,,,,,,,,,,,,,,,,,,,,,161174.0,162099.0,163267.0,164390.0,165406.0,166515.0,167580.0,168571.0,169445.0,170389.0,171253.0,171976.0,172709.0,173639.0,174566.0,175385.0,176388.0,177099.0,177658.0,178534.0,179476.0,180341.0,181379.0,182170.0,182922.0,183632.0,184369.0,185141.0,185895.0,186665.0,187445.0,188125.0,188792.0,189634.0,190498.0,191342.0,192185.0,192960.0,193620.0,194213.0,194921.0,195976.0,196867.0,197762.0,198676.0,199384.0,200088.0,200948.0,201535.0,202644.0,203562.0,204384.0,205041.0,205679.0,206515.0,207345.0,208283.0,209293.0,210238.0,211002.0,211579.0,212306.0,213167.0,213967.0,214666.0,215443.0,216176.0,216659.0,217500.0,218347.0,219160.0,220002.0,220733.0,221441.0,222047.0,222716.0,223568.0,224403.0,225067.0,225764.0,226340.0,227001.0,227858.0,228512.0,229262.0,229979.0,230752.0,231449.0,231944.0,232825.0,233733.0,234756.0,235640.0,236502.0,237148.0,237640.0,238342.0,239067.0,239692.0,240366.0,240997.0,241439.0,241964.0,242357.0,242832.0,243304.0,243854.0,244357.0,244853.0,245267.0,245813.0,246238.0,246801.0,247387.0,,,,,,,,,252922.0,253502.0,254107.0,254771.0,255544.0,256238.0,256930.0,257478.0,258118.0,258873.0,259656.0,260625.0,261279.0,261836.0,262352.0,262725.0,263372.0,264008.0,264643.0,265255.0,265905.0,266592.0,267160.0,267989.0,268632.0,269361.0,270083.0,270913.0,271595.0,272250.0,273102.0,273807.0,274456.0,275159.0,275876.0,276406.0,276915.0,277537.0,278121.0,278761.0,279383.0,279989.0,280446.0,280891.0,281426.0,282196.0,282907.0,283519.0,284121
3YpJ-sD5Xng,,,,,,,,,,,,,,,,,,,,,287.0,22353.0,42411.0,65714.0,88785.0,108124.0,115783.0,116393.0,116758.0,117099.0,117524.0,117971.0,118295.0,118583.0,118883.0,119274.0,119617.0,119826.0,120031.0,120236.0,120414.0,120625.0,120776.0,120981.0,121135.0,121258.0,121380.0,121488.0,121613.0,121732.0,121841.0,121961.0,122074.0,122187.0,122317.0,122422.0,122534.0,122619.0,122716.0,122776.0,122855.0,122937.0,123020.0,123101.0,123184.0,123247.0,123284.0,123350.0,123401.0,123451.0,123501.0,123558.0,123678.0,123740.0,123830.0,123908.0,123960.0,124014.0,124095.0,124150.0,124232.0,124294.0,124348.0,124399.0,124424.0,124488.0,124532.0,124576.0,124623.0,124667.0,124711.0,124739.0,124792.0,124838.0,124864.0,124907.0,124934.0,124962.0,124986.0,125011.0,125041.0,125077.0,125112.0,125135.0,125168.0,125204.0,125246.0,125285.0,125323.0,125358.0,125392.0,125439.0,125473.0,125505.0,125530.0,125562.0,125612.0,125645.0,125665.0,125698.0,125732.0,125775.0,125828.0,125864.0,125888.0,125938.0,125985.0,126031.0,126078.0,126114.0,126155.0,126199.0,126262.0,126299.0,,,,,,,,,126730.0,126781.0,126847.0,126906.0,127067.0,127217.0,127355.0,127450.0,127569.0,127699.0,127795.0,127917.0,128034.0,128128.0,128225.0,128341.0,128453.0,128565.0,128686.0,128800.0,128907.0,128994.0,129105.0,129203.0,129292.0,129426.0,129551.0,129683.0,129754.0,129876.0,129965.0,130069.0,130199.0,130297.0,130377.0,130450.0,130533.0,130614.0,130697.0,130778.0,130845.0,130926.0,130984.0,131062.0,131124.0,131174.0,131271.0,131359.0,131435
Y1Lw8RiIyLI,,,,,,,,,,,,,,,,,,,,,21418.0,22559.0,23376.0,24057.0,24566.0,25058.0,25467.0,25845.0,26172.0,26448.0,26685.0,26925.0,27169.0,27393.0,27534.0,27689.0,27888.0,28234.0,28416.0,28563.0,28877.0,29237.0,29431.0,29515.0,29586.0,29657.0,29709.0,29748.0,29785.0,29836.0,29860.0,29886.0,29906.0,29919.0,29938.0,29957.0,29973.0,29985.0,29998.0,30010.0,30021.0,30029.0,30043.0,30053.0,30070.0,30084.0,30090.0,30103.0,30111.0,30126.0,30144.0,30154.0,30172.0,30183.0,30187.0,30196.0,30203.0,30207.0,30211.0,30214.0,30222.0,30224.0,30227.0,30232.0,30245.0,30253.0,30256.0,30264.0,30268.0,30278.0,30281.0,30286.0,30290.0,30294.0,30298.0,30307.0,30313.0,30316.0,30325.0,30329.0,30331.0,30340.0,30346.0,30353.0,30356.0,30361.0,30364.0,30367.0,30370.0,30377.0,30379.0,30384.0,30394.0,30397.0,30404.0,30407.0,30409.0,30413.0,30417.0,30419.0,30424.0,30432.0,30434.0,30439.0,30442.0,30445.0,30448.0,30449.0,30450.0,30451.0,30452.0,30453.0,30453.0,30455.0,,,,,,,,,30483.0,30489.0,30489.0,30490.0,30492.0,30494.0,30497.0,30502.0,30503.0,30504.0,30507.0,30510.0,30511.0,30516.0,30516.0,30520.0,30523.0,30528.0,30528.0,30530.0,30535.0,30536.0,30538.0,30540.0,30542.0,30543.0,30545.0,30548.0,30551.0,30556.0,30561.0,30568.0,30573.0,30576.0,30579.0,30582.0,30585.0,30586.0,30589.0,30591.0,30595.0,30597.0,30598.0,30598.0,30599.0,30602.0,30605.0,30607.0,30607
CPQykIvczJU,,,,,,,,,,,,,,,,,,,,,80359.0,93171.0,100442.0,105444.0,109877.0,114169.0,119725.0,123265.0,124579.0,126045.0,126866.0,127659.0,128484.0,129098.0,129785.0,130576.0,132056.0,133387.0,134151.0,134741.0,135176.0,135510.0,135872.0,136209.0,136481.0,136607.0,136817.0,137053.0,137292.0,137467.0,137668.0,137694.0,137826.0,137978.0,138149.0,138292.0,138431.0,138556.0,138679.0,138786.0,138898.0,139013.0,139125.0,139229.0,139343.0,139466.0,139591.0,139702.0,139810.0,139967.0,140067.0,140180.0,140281.0,140395.0,140519.0,140645.0,140778.0,140869.0,140971.0,141078.0,141188.0,141317.0,141393.0,141511.0,141627.0,141708.0,141791.0,141865.0,141944.0,142037.0,142116.0,142191.0,142256.0,142320.0,142393.0,142452.0,142534.0,142569.0,142635.0,142721.0,142801.0,142872.0,143043.0,143201.0,143460.0,143607.0,143759.0,143901.0,144000.0,144083.0,144189.0,144272.0,144346.0,144425.0,144515.0,144587.0,144661.0,144715.0,144778.0,144839.0,144946.0,145071.0,145161.0,145264.0,145320.0,145378.0,145444.0,145503.0,145572.0,145646.0,145705.0,145789.0,145889.0,145964.0,,,,,,,,,146649.0,146720.0,146782.0,146872.0,146925.0,146992.0,147053.0,147112.0,147198.0,147267.0,147340.0,147385.0,147430.0,147471.0,147509.0,147553.0,147603.0,147655.0,147705.0,147768.0,147831.0,147891.0,147948.0,148010.0,148064.0,148121.0,148185.0,148250.0,148329.0,148404.0,148466.0,148513.0,148563.0,148604.0,148654.0,148710.0,148761.0,148827.0,148869.0,148920.0,148996.0,149052.0,149094.0,149145.0,149192.0,149243.0,149293.0,149333.0,149383
UG5jR87TtJA,,,,,,,,,,,,,,,,,,,,,471844.0,508517.0,544476.0,567857.0,585598.0,601408.0,616264.0,630889.0,643214.0,653645.0,662490.0,669947.0,677643.0,684932.0,692201.0,699449.0,707509.0,713856.0,719788.0,725155.0,730308.0,735253.0,739832.0,744190.0,748572.0,752762.0,756346.0,760284.0,763873.0,767039.0,770165.0,773356.0,776481.0,779576.0,782895.0,785877.0,788688.0,791449.0,794572.0,797526.0,800439.0,803688.0,806473.0,809194.0,811885.0,814276.0,816524.0,818857.0,821090.0,824014.0,826517.0,828900.0,831225.0,833334.0,835661.0,838242.0,840858.0,843688.0,846657.0,849625.0,852259.0,854647.0,856857.0,859080.0,861448.0,863704.0,866027.0,868131.0,870298.0,872275.0,874451.0,876683.0,879084.0,881404.0,883724.0,885662.0,887612.0,889313.0,891159.0,893172.0,895286.0,897384.0,899196.0,901061.0,902924.0,904713.0,906446.0,908232.0,910038.0,911749.0,913717.0,916196.0,919135.0,921865.0,924435.0,926924.0,928993.0,931002.0,932997.0,934951.0,936653.0,938524.0,940233.0,941964.0,943985.0,945973.0,947907.0,950621.0,953107.0,955539.0,957968.0,960563.0,963208.0,965696.0,,,,,,,,,1019478.0,1026430.0,1031979.0,1038393.0,1044201.0,1049306.0,1053603.0,1058027.0,1061631.0,1064738.0,1067603.0,1069874.0,1072262.0,1074496.0,1076718.0,1078793.0,1080767.0,1082794.0,1085009.0,1087022.0,1089011.0,1091142.0,1093210.0,1095113.0,1098617.0,1102004.0,1108681.0,1116268.0,1121355.0,1125745.0,1129236.0,1132804.0,1135897.0,1140052.0,1144400.0,1147221.0,1149481.0,1151586.0,1153634.0,1155604.0,1157392.0,1159035.0,1160705.0,1162118.0,1163595.0,1165020.0,1166447.0,1167813.0,1169305
u-SgOAZyZ0o,,,,,,,,,,,,,,,,,,,,,,12426.0,12433.0,12438.0,12440.0,12447.0,12453.0,12458.0,12465.0,12471.0,12473.0,12477.0,12479.0,12483.0,12487.0,12498.0,12504.0,12513.0,12519.0,12523.0,12524.0,12527.0,12529.0,12536.0,12546.0,12549.0,12555.0,12561.0,12575.0,12580.0,12589.0,12595.0,12604.0,12606.0,12609.0,12611.0,12616.0,12617.0,12620.0,12623.0,12626.0,12632.0,12638.0,12644.0,12649.0,12652.0,12654.0,12657.0,12661.0,12664.0,12665.0,12669.0,12670.0,12673.0,12677.0,12679.0,12679.0,12682.0,12683.0,12685.0,12686.0,12690.0,12693.0,12698.0,12704.0,12706.0,12708.0,12710.0,12712.0,12713.0,12717.0,12719.0,12721.0,12723.0,12726.0,12727.0,12731.0,12732.0,12733.0,12734.0,12736.0,12737.0,12741.0,12743.0,12744.0,12750.0,12752.0,12753.0,12755.0,12755.0,12756.0,12757.0,12765.0,12775.0,12779.0,12782.0,12793.0,12799.0,12813.0,12815.0,12824.0,12829.0,12831.0,12835.0,12837.0,12838.0,12839.0,12840.0,12842.0,12844.0,12845.0,12845.0,13557.0,14006.0,,,,,,,,,16055.0,16164.0,16246.0,16335.0,16422.0,16507.0,16589.0,16659.0,16738.0,16797.0,16870.0,16943.0,17008.0,17090.0,17140.0,17189.0,17222.0,17251.0,17304.0,17347.0,17394.0,17442.0,17486.0,17515.0,17538.0,17561.0,17593.0,17624.0,17657.0,17692.0,17713.0,17735.0,17773.0,17831.0,17873.0,17915.0,17952.0,17982.0,18010.0,18057.0,18092.0,18124.0,18148.0,18204.0,18226.0,18252.0,18270.0,18307.0,18330
KhPFdHWEnGo,,,,,,,,,,,,,,,,,,,,,,392744.0,393228.0,393673.0,393985.0,394377.0,394759.0,395578.0,396283.0,396841.0,397337.0,397752.0,398202.0,398572.0,398921.0,399257.0,399564.0,399892.0,400254.0,400606.0,400966.0,401419.0,401826.0,402332.0,402788.0,403241.0,403761.0,404199.0,404613.0,405048.0,405371.0,405712.0,405983.0,406282.0,406595.0,406940.0,407223.0,407535.0,407816.0,408076.0,408343.0,408632.0,408926.0,409229.0,409493.0,409768.0,409978.0,410186.0,410340.0,410568.0,410822.0,411004.0,411191.0,411399.0,411605.0,411842.0,412051.0,412238.0,412452.0,412653.0,412833.0,413107.0,413360.0,413544.0,413703.0,413937.0,414109.0,414292.0,414472.0,414652.0,414827.0,415008.0,415197.0,415376.0,415556.0,415720.0,415869.0,416014.0,416175.0,416308.0,416445.0,416653.0,416844.0,417004.0,417171.0,417378.0,417543.0,417701.0,417841.0,417981.0,418160.0,418305.0,418463.0,418602.0,418744.0,418891.0,419070.0,419216.0,419342.0,419497.0,419639.0,419805.0,419921.0,420063.0,420185.0,420347.0,420494.0,420677.0,420853.0,421024.0,421177.0,421393.0,421549.0,421724.0,,,,,,,,,423296.0,423453.0,423648.0,423846.0,424323.0,424697.0,425066.0,425342.0,425664.0,425972.0,426276.0,426574.0,426879.0,427219.0,427594.0,428038.0,428784.0,429284.0,429849.0,430410.0,430958.0,431471.0,431914.0,432402.0,432797.0,433249.0,433686.0,434085.0,434494.0,434883.0,435353.0,435805.0,436302.0,436768.0,437233.0,437588.0,437948.0,438332.0,438693.0,439025.0,439377.0,439782.0,440141.0,440497.0,440801.0,441160.0,441568.0,441982.0,442417
Vd65l451KI4,,,,,,,,,,,,,,,,,,,,,,32551.0,109632.0,154281.0,178309.0,216644.0,249651.0,272833.0,295861.0,314479.0,332058.0,346418.0,360101.0,373205.0,385086.0,395588.0,405786.0,415090.0,424072.0,433075.0,441654.0,450036.0,457822.0,465629.0,472600.0,478887.0,485248.0,492109.0,498089.0,504133.0,509562.0,514324.0,518427.0,522661.0,527093.0,531138.0,535309.0,539257.0,542855.0,546746.0,550493.0,554286.0,558064.0,561626.0,565482.0,568961.0,572114.0,575296.0,577827.0,581654.0,585034.0,588046.0,590907.0,593745.0,596891.0,600045.0,603269.0,606414.0,609772.0,612849.0,615730.0,618694.0,621240.0,623839.0,626261.0,628751.0,631340.0,633837.0,636581.0,639293.0,641901.0,644680.0,647604.0,650481.0,653065.0,655784.0,658771.0,661677.0,664842.0,667962.0,670906.0,673835.0,676651.0,679621.0,682508.0,685393.0,688261.0,691011.0,693540.0,696373.0,699198.0,702090.0,705082.0,708079.0,710801.0,713298.0,715814.0,718247.0,720740.0,723303.0,725683.0,727933.0,729983.0,732045.0,734223.0,736575.0,739070.0,742246.0,745009.0,747527.0,750189.0,753088.0,756098.0,758862.0,,,,,,,,,782958.0,785640.0,788099.0,790499.0,792710.0,794746.0,796898.0,799035.0,801308.0,803298.0,805342.0,807717.0,809886.0,812172.0,814401.0,816319.0,818675.0,821273.0,823807.0,826405.0,828863.0,831192.0,833077.0,835112.0,837225.0,839257.0,841446.0,843785.0,845802.0,847905.0,850170.0,852424.0,854784.0,856964.0,859198.0,861345.0,863324.0,865492.0,867748.0,869964.0,872186.0,874341.0,876396.0,878284.0,880201.0,882053.0,883901.0,885898.0,887944
nDqYdjwuDRI,,,,,,,,,,,,,,,,,,,,,,1139.0,234656.0,514252.0,672157.0,977564.0,1029258.0,1065129.0,1065438.0,1065746.0,1066028.0,1066307.0,1066596.0,1066924.0,1067088.0,1067245.0,1067406.0,1067597.0,1067765.0,1067970.0,1070981.0,1119721.0,1177870.0,1241538.0,1306954.0,1375013.0,1441706.0,1518829.0,1521304.0,1521312.0,1521525.0,1521642.0,1521714.0,1536584.0,1540944.0,1547950.0,1567458.0,1569006.0,1568980.0,1569032.0,1569110.0,1569180.0,1569255.0,1569304.0,1569372.0,1569445.0,1569516.0,1569567.0,1569616.0,1569712.0,1569781.0,1569828.0,1569865.0,1569917.0,1569952.0,1569998.0,1570051.0,1570113.0,1570158.0,1570206.0,1570247.0,1570286.0,1570330.0,1570380.0,1570437.0,1570509.0,1570576.0,1570635.0,1570695.0,1570777.0,1570836.0,1570873.0,1570920.0,1570947.0,1570985.0,1571030.0,1571067.0,1571104.0,1571143.0,1571183.0,1571216.0,1571244.0,1571267.0,1571297.0,1571325.0,1571344.0,1571365.0,1571398.0,1571429.0,1571456.0,1571487.0,1571522.0,1571550.0,1571585.0,1571607.0,1571630.0,1571702.0,1571742.0,1571785.0,1571822.0,1571851.0,1571889.0,1571932.0,1571956.0,1571978.0,1571997.0,1572018.0,1572036.0,1572063.0,1572087.0,1572108.0,1572127.0,1572143.0,1572168.0,,,,,,,,,1572411.0,1572441.0,1572477.0,1572495.0,1572526.0,1572547.0,1572601.0,1572647.0,1572691.0,1572722.0,1572758.0,1572787.0,1572820.0,1572849.0,1572870.0,1572898.0,1572910.0,1572917.0,1572936.0,1572944.0,1572958.0,1572982.0,1573001.0,1573019.0,1573034.0,1573056.0,1573068.0,1573082.0,1573099.0,1573115.0,1573125.0,1573137.0,1573151.0,1573163.0,1573178.0,1573195.0,1573216.0,1573230.0,1573250.0,1573262.0,1573275.0,1573289.0,1573298.0,1573312.0,1573320.0,1573338.0,1573372.0,1573383.0,1573401
P9IuJcJCNsI,,,,,,,,,,,,,,,,,,,,,,160601.0,189480.0,201623.0,209968.0,214210.0,217842.0,221506.0,223950.0,225941.0,227603.0,228917.0,229812.0,231301.0,232277.0,233073.0,233979.0,234709.0,235493.0,236092.0,236754.0,237246.0,237951.0,238743.0,239561.0,240602.0,242577.0,243832.0,244368.0,244720.0,245069.0,245382.0,245628.0,245824.0,246017.0,246267.0,246473.0,246685.0,246893.0,247087.0,247254.0,247380.0,247512.0,247609.0,247710.0,247804.0,247911.0,248030.0,248105.0,248195.0,248285.0,248361.0,248475.0,248571.0,248672.0,248813.0,248889.0,248981.0,249052.0,249141.0,249207.0,249280.0,249358.0,249431.0,249508.0,249592.0,249657.0,249730.0,249772.0,249841.0,249908.0,249953.0,250041.0,250105.0,250182.0,250256.0,250342.0,250388.0,250451.0,250498.0,250577.0,250630.0,250682.0,250718.0,250758.0,250797.0,250837.0,250879.0,250932.0,250991.0,251041.0,251090.0,251127.0,251158.0,251214.0,251272.0,251355.0,251398.0,251459.0,251489.0,251543.0,251588.0,251657.0,251722.0,251763.0,251812.0,251848.0,251885.0,251927.0,251978.0,252022.0,252066.0,252114.0,252145.0,,,,,,,,,252683.0,252747.0,252781.0,252818.0,252861.0,252903.0,252918.0,252942.0,252972.0,253006.0,253047.0,253066.0,253106.0,253127.0,253152.0,253180.0,253215.0,253245.0,253274.0,253309.0,253337.0,253382.0,253414.0,253441.0,253473.0,253491.0,253505.0,253519.0,253544.0,253572.0,253601.0,253638.0,253653.0,253679.0,253705.0,253728.0,253756.0,253784.0,253808.0,253837.0,253877.0,253910.0,253953.0,254000.0,254034.0,254059.0,254086.0,254113.0,254143
0HqGFEzEJtg,,,,,,,,,,,,,,,,,,,,,,,9802.0,13861.0,17344.0,23056.0,33094.0,53547.0,80726.0,111182.0,134827.0,150742.0,168817.0,188329.0,210488.0,228446.0,248685.0,269403.0,286108.0,300430.0,314009.0,330003.0,342205.0,355520.0,368329.0,382132.0,398529.0,416659.0,433268.0,448527.0,464028.0,475601.0,486723.0,497161.0,505192.0,514254.0,523886.0,534782.0,543091.0,549914.0,559311.0,569773.0,579984.0,589731.0,600115.0,609095.0,616988.0,626102.0,634337.0,642962.0,651194.0,659498.0,667565.0,675096.0,682685.0,690158.0,697442.0,704957.0,713297.0,719834.0,725421.0,734284.0,741144.0,748131.0,756073.0,763508.0,769870.0,775077.0,782157.0,788263.0,793905.0,799777.0,806449.0,812945.0,818364.0,823924.0,828993.0,833736.0,838353.0,843292.0,847862.0,851564.0,857505.0,862464.0,867266.0,871279.0,875605.0,879419.0,882599.0,886106.0,889759.0,893130.0,896308.0,899914.0,902897.0,905372.0,908713.0,911919.0,915291.0,918326.0,920998.0,923473.0,925857.0,928198.0,930747.0,933443.0,935991.0,938759.0,941226.0,943256.0,945579.0,948136.0,950486.0,952890.0,,,,,,,,,973620.0,975615.0,977822.0,980165.0,982367.0,984290.0,986254.0,988023.0,989482.0,991339.0,992972.0,995146.0,997078.0,999447.0,1001268.0,1003034.0,1005340.0,1007795.0,1009805.0,1012258.0,1014379.0,1016390.0,1018276.0,1020232.0,1022188.0,1024483.0,1026735.0,1028989.0,1030904.0,1032757.0,1034685.0,1036647.0,1038536.0,1040176.0,1042018.0,1043829.0,1045388.0,1047171.0,1048903.0,1050350.0,1052005.0,1053640.0,1055072.0,1056463.0,1057997.0,1059675.0,1061380.0,1063030.0,1064698
UrIYVetyV-Q,,,,,,,,,,,,,,,,,,,,,,,3557.0,4217.0,4599.0,5113.0,5639.0,5927.0,6120.0,6224.0,6319.0,6391.0,6436.0,6510.0,6584.0,6637.0,6676.0,6693.0,6710.0,6734.0,6753.0,6773.0,6794.0,6807.0,6816.0,6820.0,6831.0,6844.0,6855.0,6864.0,6872.0,6878.0,6890.0,6902.0,6904.0,6912.0,6921.0,6925.0,6930.0,6934.0,6935.0,6945.0,6950.0,6959.0,6966.0,6985.0,6998.0,7006.0,7011.0,7018.0,7025.0,7027.0,7031.0,7038.0,7042.0,7048.0,7052.0,7054.0,7057.0,7063.0,7064.0,7066.0,7068.0,7076.0,7084.0,7091.0,7092.0,7098.0,7105.0,7112.0,7116.0,7119.0,7120.0,7124.0,7126.0,7126.0,7127.0,7129.0,7137.0,7142.0,7148.0,7150.0,7153.0,7157.0,7158.0,7161.0,7165.0,7169.0,7173.0,7175.0,7178.0,7179.0,7181.0,7182.0,7188.0,7196.0,7201.0,7201.0,7206.0,7207.0,7210.0,7213.0,7214.0,7215.0,7218.0,7219.0,7223.0,7227.0,7228.0,7228.0,7233.0,7235.0,7237.0,7243.0,,,,,,,,,7262.0,7271.0,7275.0,7281.0,7289.0,7292.0,7293.0,7299.0,7305.0,7313.0,7322.0,7328.0,7330.0,7336.0,7343.0,7347.0,7354.0,7363.0,7373.0,7377.0,7378.0,7384.0,7394.0,7405.0,7407.0,7410.0,7413.0,7417.0,7420.0,7423.0,7430.0,7431.0,7432.0,7435.0,7443.0,7447.0,7456.0,7464.0,7472.0,7478.0,7482.0,7485.0,7488.0,7492.0,7499.0,7502.0,7505.0,7512.0,7518
AX0jQYaIeDc,,,,,,,,,,,,,,,,,,,,,,,1471188.0,3273086.0,4567953.0,5569924.0,6438758.0,7202280.0,7875154.0,8483244.0,8885874.0,9102961.0,9291900.0,9484724.0,9669471.0,9836462.0,10010535.0,10176340.0,10309798.0,10428322.0,10548014.0,10736178.0,10950077.0,11165035.0,11386536.0,11564391.0,11729506.0,11900569.0,12070532.0,12210384.0,12377364.0,12577454.0,12802024.0,13000348.0,13212285.0,13435613.0,13620102.0,13770486.0,13844396.0,13915094.0,13984960.0,14055696.0,14124441.0,14190314.0,14254950.0,14319174.0,14379429.0,14439732.0,14495109.0,14566133.0,14634562.0,14700882.0,14761931.0,14817597.0,14876474.0,14940026.0,15003628.0,15065789.0,15129735.0,15200037.0,15256393.0,15309521.0,15364565.0,15422766.0,15481475.0,15537132.0,15590838.0,15637463.0,15680998.0,15725021.0,15774702.0,15826069.0,15878064.0,15929142.0,15977254.0,16024965.0,16076312.0,16126864.0,16178228.0,16233388.0,16290414.0,16342820.0,16390702.0,16438315.0,16486361.0,16533981.0,16582748.0,16633089.0,16681648.0,16732286.0,16786167.0,16842093.0,16892777.0,16943031.0,16990635.0,17034075.0,17075536.0,17117068.0,17157424.0,17195982.0,17234605.0,17273196.0,17307902.0,17341914.0,17379902.0,17418471.0,17459405.0,17506322.0,17557814.0,17606237.0,17650924.0,17695343.0,17739519.0,17785107.0,,,,,,,,,18165902.0,18203735.0,18244876.0,18296892.0,18358041.0,18407467.0,18469434.0,18527648.0,18579351.0,18619777.0,18665121.0,18720715.0,18776247.0,18834405.0,18890174.0,18941937.0,18981502.0,19024758.0,19065977.0,19104254.0,19138432.0,19173058.0,19204754.0,19236098.0,19267560.0,19300049.0,19333544.0,19368567.0,19403072.0,19435283.0,19466709.0,19498884.0,19532305.0,19564402.0,19594706.0,19625938.0,19654722.0,19683152.0,19714208.0,19745453.0,19776919.0,19807426.0,19839409.0,19867905.0,19895005.0,19924428.0,19953729.0,19983069.0,20011898
yeDXaxUNzEQ,,,,,,,,,,,,,,,,,,,,,,,2114.0,2612.0,2788.0,2927.0,2992.0,3045.0,3074.0,3099.0,3109.0,3119.0,3126.0,3129.0,3134.0,3141.0,3157.0,3175.0,3182.0,3189.0,3192.0,3192.0,3198.0,3204.0,3218.0,3221.0,3228.0,3234.0,3237.0,3237.0,3242.0,3250.0,3255.0,3258.0,3261.0,3263.0,3270.0,3275.0,3283.0,3288.0,3294.0,3295.0,3296.0,3298.0,3298.0,3307.0,3310.0,3315.0,3319.0,3323.0,3329.0,3333.0,3333.0,3335.0,3338.0,3343.0,3347.0,3349.0,3360.0,3360.0,3361.0,3362.0,3363.0,3365.0,3370.0,3374.0,3375.0,3378.0,3380.0,3390.0,3398.0,3404.0,3407.0,3417.0,3425.0,3428.0,3431.0,3435.0,3439.0,3443.0,3442.0,3442.0,3450.0,3459.0,3460.0,3460.0,3469.0,3474.0,3476.0,3480.0,3479.0,3482.0,3482.0,3490.0,3495.0,3495.0,3496.0,3497.0,3497.0,3499.0,3501.0,3503.0,3505.0,3507.0,3507.0,3507.0,3510.0,3510.0,3510.0,3510.0,3510.0,3510.0,3511.0,3514.0,,,,,,,,,3514.0,3515.0,3515.0,3515.0,3515.0,3516.0,3516.0,3516.0,3516.0,3516.0,3517.0,3517.0,3517.0,3518.0,3522.0,3522.0,3522.0,3522.0,3522.0,3522.0,3522.0,3522.0,3523.0,3524.0,3524.0,3524.0,3525.0,3525.0,3525.0,3527.0,3527.0,3529.0,3530.0,3530.0,3531.0,3534.0,3536.0,3536.0,3536.0,3536.0,3537.0,3538.0,3538.0,3539.0,3540.0,3540.0,3540.0,3540.0,3540
_oxkM9D6ZlY,,,,,,,,,,,,,,,,,,,,,,,78776.0,215157.0,245717.0,272553.0,294972.0,320785.0,359733.0,401472.0,437468.0,459551.0,484598.0,510538.0,535600.0,561318.0,585728.0,607617.0,628672.0,648910.0,668565.0,687239.0,705195.0,723458.0,743374.0,762057.0,781324.0,800599.0,818281.0,838044.0,857215.0,876143.0,892643.0,910395.0,929209.0,948860.0,969308.0,989337.0,1007827.0,1025527.0,1041596.0,1060725.0,1080431.0,1100501.0,1119323.0,1136250.0,1154602.0,1172774.0,1186461.0,1202515.0,1219638.0,1237417.0,1251978.0,1268741.0,1287816.0,1309298.0,1330263.0,1350294.0,1373506.0,1394755.0,1414002.0,1433872.0,1452893.0,1472837.0,1492849.0,1512791.0,1531554.0,1549053.0,1567223.0,1584580.0,1601978.0,1619297.0,1637809.0,1655693.0,1673472.0,1690872.0,1707315.0,1723115.0,1739604.0,1756492.0,1773160.0,1788081.0,1803465.0,1817484.0,1831065.0,1844340.0,1857672.0,1870460.0,1883824.0,1898903.0,1912957.0,1926450.0,1940956.0,1955668.0,1969666.0,1983498.0,1998293.0,2012992.0,2028034.0,2041530.0,2054094.0,2067090.0,2079277.0,2090918.0,2103567.0,2115306.0,2126691.0,2138674.0,2149893.0,2161248.0,2172514.0,2183301.0,2194206.0,2205110.0,,,,,,,,,2298237.0,2308973.0,2318608.0,2328135.0,2337569.0,2346465.0,2354727.0,2362496.0,2370955.0,2379087.0,2386704.0,2394286.0,2403417.0,2411857.0,2420803.0,2429712.0,2439018.0,2449178.0,2459499.0,2471019.0,2483078.0,2495851.0,2508475.0,2521092.0,2534145.0,2546940.0,2559954.0,2573026.0,2584959.0,2597125.0,2610103.0,2624264.0,2638415.0,2652530.0,2666366.0,2679812.0,2692135.0,2704309.0,2718519.0,2732337.0,2745785.0,2758351.0,2771296.0,2784893.0,2799608.0,2813239.0,2827416.0,2841673.0,2856384
Z_yvJ2k8QMQ,,,,,,,,,,,,,,,,,,,,,,,5078713.0,6263867.0,7412711.0,8735468.0,10017989.0,11175104.0,12335851.0,13573447.0,14851470.0,15922333.0,17089570.0,18406030.0,19641487.0,20959704.0,22242482.0,23605226.0,24918036.0,26361513.0,27777350.0,29091016.0,30467230.0,32000591.0,33652570.0,35017869.0,36357028.0,37809045.0,39215169.0,40679503.0,42116356.0,43645916.0,45032222.0,46417003.0,47820452.0,49173616.0,50534882.0,51918443.0,53346522.0,54677304.0,55961879.0,57240165.0,58495770.0,59747212.0,61062714.0,62393595.0,63639431.0,64833985.0,65864910.0,67178394.0,68386629.0,69654737.0,70996339.0,72280437.0,73465788.0,74612436.0,75749225.0,76892794.0,78113911.0,79445845.0,80753307.0,81955495.0,83098567.0,84262157.0,85417536.0,86631455.0,87962065.0,89197897.0,90245061.0,91211789.0,92116352.0,93059960.0,94130993.0,95289356.0,96335677.0,97158494.0,98086731.0,99074835.0,100087419.0,101110318.0,101906130.0,102568032.0,103104073.0,103594543.0,104028163.0,104444159.0,105139652.0,106042335.0,106993747.0,107770667.0,108472919.0,109176860.0,109882578.0,110600222.0,111400390.0,112166622.0,112815115.0,113438657.0,114082947.0,114756891.0,115485423.0,116159739.0,116785892.0,117260335.0,117593249.0,117918399.0,118242673.0,118574739.0,118934052.0,119278160.0,119570608.0,119848699.0,120107665.0,120369041.0,,,,,,,,,122720823.0,122990223.0,123213153.0,123422361.0,123637335.0,123852218.0,124069083.0,124324158.0,124575051.0,124777248.0,124962398.0,125149885.0,125351009.0,125551894.0,125780484.0,126004307.0,126190269.0,126363113.0,126540024.0,126712241.0,126885014.0,127087063.0,127284008.0,127448263.0,127603289.0,127755331.0,127908195.0,128067162.0,128244966.0,128421698.0,128567791.0,128707477.0,128850345.0,128991842.0,129137178.0,129301563.0,129460005.0,129597163.0,129739640.0,129902951.0,130064898.0,130221165.0,130387881.0,130545266.0,130683052.0,130811607.0,130939601.0,131068069.0,131197776
41vCvQzydy8,,,,,,,,,,,,,,,,,,,,,,,,1013266.0,1014628.0,1016295.0,1017730.0,1019120.0,1022114.0,1025986.0,1027933.0,1029342.0,1030424.0,1031495.0,1032540.0,1033749.0,1034954.0,1035849.0,1036549.0,1037087.0,1037587.0,1038142.0,1038608.0,1039098.0,1039643.0,1040064.0,1040430.0,1040830.0,1041260.0,1041687.0,1042125.0,1042559.0,1042880.0,1043185.0,1043568.0,1043880.0,1044202.0,1044569.0,1044865.0,1045120.0,1045385.0,1045624.0,1045880.0,1046163.0,1046468.0,1046748.0,1047011.0,1047369.0,1047607.0,1047901.0,1048194.0,1048421.0,1048666.0,1048932.0,1049215.0,1049474.0,1049767.0,1049995.0,1050292.0,1050571.0,1050822.0,1051086.0,1051339.0,1051566.0,1051793.0,1052126.0,1052490.0,1052791.0,1053106.0,1053399.0,1053654.0,1053901.0,1054141.0,1054372.0,1054691.0,1054928.0,1055185.0,1055412.0,1055653.0,1055871.0,1056084.0,1056291.0,1056490.0,1056677.0,1056869.0,1057089.0,1057268.0,1057504.0,1057700.0,1057842.0,1057990.0,1058119.0,1058281.0,1058398.0,1058535.0,1058744.0,1058932.0,1059123.0,1059328.0,1059516.0,1059677.0,1059854.0,1059982.0,1060084.0,1060215.0,1060367.0,1060495.0,1060640.0,1060798.0,1060986.0,1061183.0,1061370.0,1061539.0,1061664.0,,,,,,,,,1063276.0,1063457.0,1063695.0,1063930.0,1064104.0,1064264.0,1064455.0,1064606.0,1064779.0,1067112.0,1067612.0,1067882.0,1068135.0,1068364.0,1068631.0,1068851.0,1069041.0,1069217.0,1069405.0,1069569.0,1069720.0,1069873.0,1070035.0,1070174.0,1070330.0,1070453.0,1070618.0,1070732.0,1070880.0,1071035.0,1071238.0,1071394.0,1071520.0,1071659.0,1071799.0,1071925.0,1072046.0,1072173.0,1072310.0,1072441.0,1072537.0,1072662.0,1072758.0,1072876.0,1072996.0,1073127.0,1073247.0,1073362.0,1073504
rkYuufTXkL8,,,,,,,,,,,,,,,,,,,,,,,,7006871.0,8127622.0,9338268.0,10489202.0,11621062.0,12699762.0,13874112.0,15015884.0,16126923.0,17367437.0,18636442.0,19926353.0,21186766.0,22509019.0,23827922.0,25074843.0,26409256.0,27724410.0,28948330.0,30161034.0,31439408.0,32743215.0,33915382.0,35072556.0,36345632.0,37554945.0,38782847.0,40012152.0,41263021.0,42384245.0,43513793.0,44736518.0,45930719.0,47140445.0,48337413.0,49498312.0,50606207.0,51746279.0,52913038.0,54033886.0,55150901.0,56305109.0,57517264.0,58637979.0,59708529.0,60664979.0,61858558.0,62940180.0,64048686.0,65170300.0,66208389.0,67190189.0,68164959.0,69159090.0,70197714.0,71298869.0,72460867.0,73567655.0,74642204.0,75668870.0,76760129.0,77833983.0,78924725.0,79853026.0,80542860.0,81120380.0,81667275.0,82193664.0,82700265.0,83207938.0,83734973.0,84239788.0,84683414.0,85113073.0,85535594.0,85953914.0,86372825.0,86831027.0,87278523.0,87663243.0,88023943.0,88382785.0,88742735.0,89109384.0,89498376.0,89872649.0,90198300.0,90499595.0,90802510.0,91437524.0,92237463.0,93051520.0,93778950.0,94393384.0,94973031.0,95589604.0,96187326.0,96866397.0,97536477.0,98268212.0,98743616.0,99061965.0,99363053.0,99671042.0,100041259.0,100596022.0,100920306.0,101196710.0,101463174.0,101720361.0,101977310.0,,,,,,,,,104252501.0,104515714.0,104742098.0,104955449.0,105170201.0,105386794.0,105600248.0,105842757.0,106087180.0,106292430.0,106483063.0,106674934.0,106882347.0,107089878.0,107496768.0,108003124.0,108499226.0,108829256.0,109038184.0,109237920.0,109429788.0,109650008.0,109863061.0,110045231.0,110217253.0,110386594.0,110552584.0,110725359.0,110909957.0,111093517.0,111249311.0,111400059.0,111553816.0,111707739.0,111861048.0,112035531.0,112202845.0,112352135.0,112509466.0,112684836.0,112865365.0,113033572.0,113209760.0,113378519.0,113529160.0,113672736.0,113813674.0,113955198.0,114098231
7XRcflf_E0c,,,,,,,,,,,,,,,,,,,,,,,,5683032.0,6537503.0,7440857.0,8339994.0,9233813.0,10116071.0,11001215.0,11881485.0,12672179.0,13520679.0,14368110.0,15225846.0,16092126.0,17027943.0,17988658.0,18912514.0,19848887.0,20766710.0,21696327.0,22638210.0,23628867.0,24634984.0,25585387.0,26484230.0,27431081.0,28339280.0,29290658.0,30233174.0,31245027.0,32160739.0,32995048.0,33824523.0,34636463.0,35476261.0,36143962.0,36698563.0,37230342.0,37999475.0,38791682.0,39583447.0,40388470.0,41237032.0,42138583.0,42980685.0,43656487.0,44119290.0,44682849.0,45183740.0,45701428.0,46560258.0,47374395.0,48054532.0,48526259.0,48960691.0,49387836.0,49841569.0,50348747.0,50848767.0,51303419.0,51732642.0,52177733.0,52599397.0,52991154.0,53376823.0,53739394.0,54054444.0,54364861.0,54660511.0,54952496.0,55255093.0,55588449.0,55974524.0,56616298.0,57257644.0,57922941.0,58574980.0,59198996.0,59939623.0,60669434.0,61252845.0,61800714.0,62357441.0,62920116.0,63460216.0,64061247.0,64676597.0,65199572.0,65681752.0,66155273.0,66620085.0,67099159.0,67682520.0,68255322.0,68727376.0,69142441.0,69530337.0,69880033.0,70289736.0,70790275.0,71216359.0,71596668.0,71816635.0,72034678.0,72255976.0,72484363.0,72739321.0,72987788.0,73193762.0,73385977.0,73582022.0,73789687.0,,,,,,,,,76159550.0,76446221.0,76661310.0,76838018.0,77030607.0,77227118.0,77429226.0,77702190.0,78018741.0,78266999.0,78473072.0,78687801.0,78911153.0,79131726.0,79318708.0,79508082.0,79657829.0,79792018.0,79930848.0,80065966.0,80200504.0,80367340.0,80534792.0,80670502.0,80801517.0,80957877.0,81138834.0,81280735.0,81427302.0,81574739.0,81691287.0,81799627.0,81911933.0,82022592.0,82137873.0,82273128.0,82404532.0,82511557.0,82614233.0,82724068.0,82835799.0,82946820.0,83076159.0,83203521.0,83308985.0,83405366.0,83501257.0,83597294.0,83693479
g7Sdo5CqHbw,,,,,,,,,,,,,,,,,,,,,,,,,311341.0,311350.0,311361.0,311364.0,311367.0,311371.0,311376.0,311382.0,311385.0,311388.0,311394.0,311402.0,311406.0,311414.0,311420.0,311423.0,311426.0,311431.0,311436.0,311438.0,311440.0,311446.0,311451.0,311454.0,311456.0,311461.0,311467.0,311468.0,311477.0,311479.0,311481.0,311483.0,311484.0,311484.0,311488.0,311491.0,311492.0,311494.0,311499.0,311500.0,311501.0,311502.0,311502.0,311503.0,311503.0,311505.0,311508.0,311509.0,311510.0,311513.0,311514.0,311517.0,311521.0,311524.0,311525.0,311528.0,311532.0,311533.0,311538.0,311539.0,311539.0,311545.0,311546.0,311550.0,311550.0,311550.0,311551.0,311553.0,311554.0,311555.0,311556.0,311557.0,311558.0,311561.0,311561.0,311561.0,311562.0,311564.0,311565.0,311565.0,311565.0,311566.0,311568.0,311569.0,311569.0,311571.0,311573.0,311574.0,311578.0,311578.0,311578.0,311579.0,311581.0,311586.0,311590.0,311594.0,311597.0,311601.0,311601.0,311606.0,311607.0,311607.0,311607.0,311610.0,311611.0,311611.0,311614.0,311616.0,311616.0,311618.0,,,,,,,,,311629.0,311633.0,311635.0,311635.0,311637.0,311641.0,311642.0,311645.0,311646.0,311646.0,311647.0,311647.0,311648.0,311651.0,311651.0,311652.0,311652.0,311652.0,311652.0,311654.0,311656.0,311657.0,311659.0,311659.0,311661.0,311662.0,311663.0,311663.0,311664.0,311665.0,311666.0,311666.0,311666.0,311666.0,311666.0,311668.0,311671.0,311671.0,311671.0,311673.0,311673.0,311673.0,311673.0,311673.0,311674.0,311675.0,311676.0,311677.0,311678
IKrHWN37GNQ,,,,,,,,,,,,,,,,,,,,,,,,,56298.0,72740.0,85086.0,94129.0,100604.0,105345.0,109910.0,113896.0,117460.0,120291.0,122932.0,125495.0,127562.0,129933.0,132238.0,134446.0,136299.0,137973.0,139687.0,141397.0,142702.0,143780.0,144687.0,145745.0,146827.0,147895.0,148931.0,149796.0,150596.0,151446.0,152282.0,153075.0,153963.0,154733.0,155398.0,155987.0,156828.0,157926.0,158695.0,159403.0,160139.0,160865.0,161514.0,162060.0,162423.0,162798.0,163179.0,163529.0,163877.0,164261.0,164662.0,165011.0,165330.0,165707.0,166050.0,166386.0,166740.0,167056.0,167393.0,167674.0,167924.0,168189.0,168503.0,168754.0,168984.0,169194.0,169413.0,169692.0,169945.0,170148.0,170401.0,170617.0,170790.0,170997.0,171188.0,171353.0,171530.0,171741.0,171909.0,172039.0,172194.0,172348.0,172493.0,172662.0,172816.0,172987.0,173096.0,173225.0,173351.0,173491.0,173662.0,173847.0,173996.0,174123.0,174270.0,174389.0,174495.0,174662.0,174855.0,175050.0,175220.0,175364.0,175489.0,175605.0,175794.0,175969.0,176086.0,176193.0,176338.0,176461.0,,,,,,,,,177757.0,177908.0,178012.0,178133.0,178233.0,178333.0,178426.0,178552.0,178694.0,178800.0,178885.0,178962.0,179051.0,179143.0,179244.0,179385.0,179496.0,179587.0,179676.0,179774.0,179871.0,180290.0,180536.0,180748.0,180919.0,181065.0,181222.0,181406.0,181511.0,181594.0,181698.0,181783.0,181881.0,181973.0,182064.0,182167.0,182314.0,182385.0,182481.0,182549.0,182615.0,182714.0,182822.0,182917.0,183029.0,183082.0,183159.0,183220.0,183278
2h5tva_XJXM,,,,,,,,,,,,,,,,,,,,,,,,,90.0,110.0,145.0,172.0,188.0,208.0,233.0,248.0,260.0,280.0,291.0,315.0,327.0,330.0,342.0,352.0,364.0,372.0,385.0,397.0,402.0,405.0,409.0,414.0,421.0,424.0,434.0,443.0,449.0,460.0,475.0,488.0,500.0,503.0,506.0,515.0,520.0,536.0,546.0,557.0,561.0,563.0,567.0,570.0,570.0,573.0,574.0,577.0,578.0,581.0,585.0,590.0,596.0,599.0,606.0,610.0,616.0,626.0,634.0,637.0,643.0,649.0,650.0,653.0,654.0,657.0,657.0,663.0,666.0,669.0,670.0,673.0,675.0,678.0,681.0,686.0,691.0,697.0,697.0,704.0,706.0,713.0,717.0,721.0,725.0,728.0,730.0,735.0,737.0,741.0,742.0,748.0,759.0,773.0,787.0,797.0,807.0,816.0,823.0,824.0,832.0,843.0,855.0,861.0,869.0,874.0,879.0,885.0,900.0,906.0,,,,,,,,,1009.0,1018.0,1037.0,1046.0,1060.0,1078.0,1083.0,1094.0,1106.0,1124.0,1131.0,1144.0,1153.0,1160.0,1177.0,1184.0,1198.0,1201.0,1210.0,1214.0,1223.0,1236.0,1241.0,1245.0,1254.0,1265.0,1278.0,1288.0,1294.0,1297.0,1303.0,1308.0,1318.0,1329.0,1335.0,1345.0,1361.0,1363.0,1374.0,1381.0,1384.0,1388.0,1393.0,1397.0,1407.0,1425.0,1437.0,1450.0,1458
ejpX3fTXQDQ,,,,,,,,,,,,,,,,,,,,,,,,,8053.0,8060.0,8066.0,8070.0,8075.0,8079.0,8087.0,8092.0,8097.0,8099.0,8106.0,8110.0,8114.0,8117.0,8119.0,8123.0,8133.0,8141.0,8147.0,8153.0,8158.0,8161.0,8172.0,8177.0,8183.0,8185.0,8193.0,8204.0,8214.0,8224.0,8237.0,8243.0,8253.0,8256.0,8257.0,8261.0,8272.0,8277.0,8280.0,8283.0,8287.0,8291.0,8297.0,8306.0,8310.0,8318.0,8329.0,8336.0,8344.0,8349.0,8353.0,8364.0,8370.0,8381.0,8387.0,8390.0,8394.0,8400.0,8407.0,8411.0,8418.0,8422.0,8424.0,8428.0,8434.0,8437.0,8437.0,8439.0,8442.0,8445.0,8444.0,8448.0,8451.0,8453.0,8456.0,8464.0,8468.0,8475.0,8480.0,8481.0,8483.0,8487.0,8494.0,8498.0,8504.0,8507.0,8510.0,8512.0,8518.0,8518.0,8519.0,8521.0,8524.0,8528.0,8538.0,8550.0,8554.0,8556.0,8559.0,8564.0,8567.0,8569.0,8573.0,8576.0,8579.0,8580.0,8581.0,8583.0,8587.0,8589.0,,,,,,,,,8616.0,8618.0,8620.0,8621.0,8632.0,8633.0,8636.0,8643.0,8649.0,8651.0,8654.0,8660.0,8661.0,8666.0,8667.0,8669.0,8676.0,8679.0,8682.0,8685.0,8686.0,8686.0,8686.0,8692.0,8695.0,8696.0,8698.0,8698.0,8699.0,8702.0,8705.0,8707.0,8710.0,8712.0,8714.0,8718.0,8722.0,8726.0,8729.0,8734.0,8745.0,8751.0,8760.0,8770.0,8783.0,8793.0,8806.0,8811.0,8817
g7Sdo5CqHbw,,,,,,,,,,,,,,,,,,,,,,,,,311341.0,311350.0,311361.0,311365.0,311367.0,311371.0,311376.0,311382.0,311385.0,311388.0,311395.0,311402.0,311406.0,311414.0,311420.0,311423.0,311426.0,311431.0,311436.0,311438.0,311440.0,311446.0,311451.0,311454.0,311456.0,311461.0,311467.0,311468.0,311477.0,311479.0,311481.0,311483.0,311484.0,311484.0,311488.0,311491.0,311492.0,311494.0,311499.0,311500.0,311501.0,311502.0,311502.0,311503.0,311503.0,311505.0,311508.0,311509.0,311510.0,311513.0,311514.0,311517.0,311521.0,311524.0,311525.0,311528.0,311532.0,311533.0,311538.0,311539.0,311539.0,311545.0,311546.0,311550.0,311550.0,311550.0,311551.0,311553.0,311554.0,311555.0,311556.0,311557.0,311558.0,311561.0,311561.0,311561.0,311562.0,311564.0,311565.0,311565.0,311565.0,311566.0,311568.0,311569.0,311569.0,311571.0,311573.0,311574.0,311578.0,311578.0,311578.0,311579.0,311581.0,311586.0,311590.0,311594.0,311597.0,311601.0,311602.0,311606.0,311607.0,311607.0,311607.0,311610.0,311611.0,311611.0,311614.0,311616.0,311616.0,311618.0,,,,,,,,,311629.0,311633.0,311635.0,311635.0,311637.0,311641.0,311642.0,311645.0,311646.0,311646.0,311647.0,311647.0,311648.0,311651.0,311651.0,311652.0,311652.0,311652.0,311652.0,311654.0,311656.0,311657.0,311659.0,311659.0,311661.0,311662.0,311663.0,311663.0,311664.0,311665.0,311666.0,311666.0,311666.0,311666.0,311666.0,311668.0,311671.0,311671.0,311671.0,311673.0,311673.0,311673.0,311673.0,311673.0,311674.0,311675.0,311676.0,311677.0,311678
o8Qmkz0emPk,,,,,,,,,,,,,,,,,,,,,,,,,172.0,251.0,289.0,311.0,352.0,388.0,402.0,419.0,431.0,447.0,460.0,477.0,496.0,516.0,538.0,553.0,564.0,577.0,588.0,599.0,607.0,616.0,626.0,634.0,640.0,646.0,654.0,657.0,661.0,665.0,669.0,673.0,678.0,681.0,688.0,689.0,693.0,698.0,701.0,707.0,714.0,721.0,724.0,727.0,730.0,734.0,742.0,746.0,748.0,753.0,755.0,757.0,757.0,765.0,770.0,779.0,783.0,787.0,790.0,795.0,798.0,804.0,814.0,815.0,819.0,823.0,823.0,828.0,830.0,832.0,834.0,839.0,841.0,848.0,848.0,852.0,856.0,856.0,857.0,858.0,860.0,864.0,869.0,871.0,871.0,872.0,874.0,877.0,878.0,883.0,885.0,891.0,896.0,897.0,900.0,903.0,906.0,908.0,910.0,911.0,913.0,917.0,919.0,922.0,922.0,933.0,937.0,942.0,951.0,953.0,,,,,,,,,978.0,979.0,981.0,983.0,983.0,987.0,988.0,993.0,997.0,997.0,998.0,999.0,1004.0,1006.0,1012.0,1029.0,1032.0,1037.0,1028.0,1029.0,1031.0,1034.0,1037.0,1038.0,1042.0,1044.0,1047.0,1050.0,1053.0,1055.0,1061.0,1065.0,1068.0,1070.0,1072.0,1074.0,1077.0,1077.0,1081.0,1084.0,1087.0,1088.0,1090.0,1093.0,1096.0,1102.0,1106.0,1109.0,1111
PdqePTWMDSg,,,,,,,,,,,,,,,,,,,,,,,,,57.0,348.0,544.0,666.0,745.0,842.0,1003.0,1104.0,1211.0,1263.0,1321.0,1370.0,1413.0,1473.0,1539.0,1622.0,1686.0,1716.0,1747.0,1764.0,1795.0,1822.0,1833.0,1851.0,1864.0,1911.0,1942.0,1956.0,1968.0,2003.0,2016.0,2025.0,2064.0,2085.0,2098.0,2106.0,2126.0,2140.0,2146.0,2157.0,2176.0,2187.0,2201.0,2203.0,2254.0,2300.0,2307.0,2313.0,2342.0,2398.0,2410.0,2415.0,2420.0,2434.0,2447.0,2455.0,2477.0,2484.0,2497.0,2501.0,2506.0,2516.0,2529.0,2537.0,2552.0,2563.0,2574.0,2580.0,2586.0,2593.0,2596.0,2598.0,2603.0,2606.0,2611.0,2617.0,2622.0,2629.0,2635.0,2646.0,2653.0,2658.0,2683.0,2693.0,2698.0,2702.0,2732.0,2755.0,2779.0,2808.0,2819.0,2823.0,2842.0,2846.0,2852.0,2868.0,2882.0,2886.0,2879.0,2885.0,2895.0,2900.0,2905.0,2907.0,2911.0,2919.0,2926.0,2931.0,2934.0,2944.0,,,,,,,,,3039.0,3046.0,3049.0,3056.0,3070.0,3082.0,3090.0,3097.0,3099.0,3107.0,3112.0,3123.0,3127.0,3135.0,3144.0,3153.0,3161.0,3168.0,3175.0,3180.0,3181.0,3189.0,3194.0,3202.0,3210.0,3213.0,3218.0,3223.0,3241.0,3243.0,3247.0,3252.0,3253.0,3260.0,3262.0,3264.0,3269.0,3272.0,3277.0,3280.0,3282.0,3285.0,3291.0,3299.0,3302.0,3306.0,3310.0,3316.0,3323
uVFoKBZh3tU,,,,,,,,,,,,,,,,,,,,,,,,,,738593.0,3060259.0,3493872.0,4018987.0,4514492.0,4988498.0,5462362.0,5669017.0,5956891.0,6170964.0,6370553.0,6560569.0,6745984.0,6927280.0,6976077.0,7034400.0,7044458.0,7053239.0,7063037.0,7072914.0,7082266.0,7089666.0,7090821.0,7091955.0,7092853.0,7093761.0,7094637.0,7095376.0,7096174.0,7119390.0,7133484.0,7139396.0,7147077.0,7148560.0,7149275.0,7149967.0,7150645.0,7151294.0,7151877.0,7152515.0,7153033.0,7153596.0,7154191.0,7154772.0,7155471.0,7156085.0,7156638.0,7157161.0,7157617.0,7158125.0,7158685.0,7159258.0,7159782.0,7160231.0,7160662.0,7161076.0,7161443.0,7161890.0,7162286.0,7162754.0,7163095.0,7163489.0,7163875.0,7164188.0,7164540.0,7164851.0,7165144.0,7165487.0,7165801.0,7166185.0,7166544.0,7166887.0,7167217.0,7167504.0,7167903.0,7168302.0,7168687.0,7169062.0,7169409.0,7170102.0,7170707.0,7171201.0,7171651.0,7172024.0,7172402.0,7172704.0,7173026.0,7173323.0,7173678.0,7174053.0,7174425.0,7174749.0,7175092.0,7175430.0,7175754.0,7176099.0,7176441.0,7176783.0,7177118.0,7177411.0,7177717.0,7177984.0,7178258.0,7178553.0,7178815.0,7179100.0,7179359.0,7179641.0,7179916.0,,,,,,,,,7182390.0,7182630.0,7182901.0,7183150.0,7183451.0,7183686.0,7183933.0,7184147.0,7184371.0,7184649.0,7184942.0,7185184.0,7185425.0,7185682.0,7185903.0,7186163.0,7186429.0,7186698.0,7186976.0,7187202.0,7187454.0,7187703.0,7187932.0,7188187.0,7188369.0,7188660.0,7188886.0,7189099.0,7189396.0,7189710.0,7190084.0,7190412.0,7190678.0,7190919.0,7191212.0,7191522.0,7191786.0,7191985.0,7192189.0,7192462.0,7192684.0,7192915.0,7193145.0,7193404.0,7193579.0,7193780.0,7193969.0,7194208.0,7194419
mlFYPXLeJm4,,,,,,,,,,,,,,,,,,,,,,,,,,311160.0,379302.0,425114.0,452428.0,472296.0,492996.0,509360.0,527074.0,530680.0,532647.0,534210.0,537623.0,539261.0,540082.0,540791.0,541356.0,541834.0,542312.0,542672.0,543051.0,543522.0,543907.0,544280.0,544647.0,544959.0,545239.0,545541.0,545783.0,546029.0,546349.0,546622.0,546911.0,547184.0,547474.0,547867.0,548401.0,548855.0,549278.0,549990.0,550388.0,550802.0,551105.0,551593.0,552070.0,552519.0,552794.0,553001.0,553165.0,553337.0,553488.0,553635.0,553762.0,553890.0,553983.0,554086.0,554170.0,554265.0,554346.0,554432.0,554517.0,554598.0,554665.0,554738.0,554847.0,554915.0,554976.0,555058.0,555115.0,555170.0,555229.0,555277.0,555311.0,555364.0,555409.0,555457.0,555506.0,555575.0,555621.0,555655.0,555703.0,555755.0,555800.0,555866.0,555912.0,555949.0,555984.0,556020.0,556060.0,556090.0,556132.0,556177.0,556196.0,556230.0,556259.0,556291.0,556320.0,556354.0,556399.0,556439.0,556476.0,556549.0,556605.0,556659.0,556718.0,556759.0,556798.0,556857.0,556930.0,556963.0,,,,,,,,,557248.0,557285.0,557304.0,557321.0,557343.0,557361.0,557379.0,557401.0,557417.0,557452.0,557501.0,557526.0,557559.0,557597.0,557634.0,557660.0,557684.0,557705.0,557738.0,557782.0,557841.0,557889.0,557926.0,557988.0,558075.0,558112.0,558147.0,558172.0,558197.0,558218.0,558235.0,558251.0,558278.0,558315.0,558336.0,558357.0,558383.0,558411.0,558427.0,558448.0,558517.0,558531.0,558573.0,558610.0,558676.0,558719.0,558757.0,558783.0,558807
WGIIDxycxjo,,,,,,,,,,,,,,,,,,,,,,,,,,10100.0,14328.0,16520.0,23521.0,38628.0,56454.0,71682.0,89693.0,105808.0,131018.0,156152.0,182230.0,206746.0,235504.0,265056.0,293847.0,331519.0,365066.0,399544.0,432860.0,466600.0,483404.0,486962.0,493360.0,494886.0,495680.0,503168.0,509964.0,521835.0,523267.0,523579.0,523780.0,523986.0,524111.0,524265.0,524398.0,524650.0,524786.0,524983.0,525150.0,525313.0,525468.0,525692.0,525884.0,526084.0,526279.0,526444.0,526598.0,526816.0,527028.0,527223.0,527432.0,527644.0,527750.0,527895.0,527984.0,528120.0,528258.0,528360.0,528497.0,528622.0,528738.0,528841.0,528957.0,529065.0,529197.0,529291.0,529400.0,529501.0,529603.0,529707.0,529786.0,529900.0,529979.0,530056.0,530135.0,530199.0,530261.0,530324.0,530388.0,530460.0,530559.0,530662.0,530748.0,530809.0,530885.0,530945.0,531000.0,531086.0,531171.0,531239.0,531316.0,531382.0,531477.0,531550.0,531612.0,531676.0,531764.0,531810.0,531898.0,531988.0,532043.0,532109.0,532155.0,532216.0,532284.0,532352.0,532414.0,532461.0,,,,,,,,,532924.0,532981.0,533022.0,533068.0,533119.0,533176.0,533218.0,533254.0,533302.0,533360.0,533403.0,533464.0,533523.0,533571.0,533667.0,533751.0,533851.0,533943.0,534251.0,534547.0,534893.0,535167.0,535333.0,535529.0,535651.0,535833.0,535957.0,536070.0,536132.0,536178.0,536237.0,536291.0,536334.0,536380.0,536425.0,536468.0,536496.0,536547.0,536588.0,536635.0,536668.0,536717.0,536753.0,536789.0,536826.0,536867.0,536908.0,536945.0,536981
-EK0Ko7Z9co,,,,,,,,,,,,,,,,,,,,,,,,,,,,,,,,,,,,,,,,,,,,,,,,,,,,,,,,,,,,,,,,,,,,,,,,,,,,,,,,,,,,,,,,,,,,,,,,,,,,,,,,,,,,,,,,,,,,,,,,,,,,,,,,,,,,,,,,,,,,,,,,,,,,,,,,,,,,,,,,,,,,,,,,,,,,,,,,,,,,,,,,,,,,,,,
OJ8htxQx8jM,,,,,,,,,,,,,,,,,,,,,,,,,,,6505.0,10040.0,12573.0,14582.0,16161.0,17840.0,19023.0,20092.0,21027.0,21787.0,22686.0,23573.0,24355.0,25091.0,25677.0,26224.0,26599.0,26990.0,27353.0,27611.0,27910.0,28231.0,28518.0,28842.0,29188.0,29527.0,29856.0,30215.0,30608.0,30908.0,31169.0,31395.0,31636.0,31868.0,32118.0,32359.0,32608.0,32888.0,33140.0,33387.0,33606.0,33813.0,33954.0,34195.0,34367.0,34565.0,34720.0,34892.0,35020.0,35186.0,35340.0,35502.0,35691.0,35837.0,36020.0,36221.0,36376.0,36577.0,36805.0,37080.0,37318.0,37557.0,37735.0,37935.0,38143.0,38341.0,38560.0,38834.0,39118.0,39301.0,39462.0,39624.0,39802.0,39991.0,40189.0,40392.0,40556.0,40702.0,40860.0,41007.0,41188.0,41329.0,41465.0,41575.0,41680.0,41787.0,41897.0,42033.0,42155.0,42254.0,42351.0,42468.0,42583.0,42691.0,42809.0,42890.0,42980.0,43059.0,43137.0,43200.0,43282.0,43355.0,43440.0,43510.0,43582.0,43651.0,43703.0,43773.0,,,,,,,,,44578.0,44668.0,44711.0,44780.0,44881.0,44969.0,45093.0,45175.0,45289.0,45383.0,45503.0,45652.0,45780.0,45898.0,46010.0,46109.0,46196.0,46303.0,46418.0,46508.0,46588.0,46651.0,46723.0,46806.0,47048.0,47146.0,47212.0,47310.0,47388.0,47482.0,47541.0,47606.0,47696.0,47757.0,47817.0,47876.0,47938.0,47998.0,48083.0,48152.0,48224.0,48323.0,48397.0,48486.0,48534.0,48596.0,48664.0,48762.0,48828
c9J5Szk7-2Y,,,,,,,,,,,,,,,,,,,,,,,,,,,4207.0,5940.0,10477.0,26898.0,65605.0,94618.0,127617.0,158264.0,179104.0,196389.0,210027.0,217675.0,222420.0,233050.0,244907.0,251766.0,259919.0,273630.0,287410.0,297793.0,309176.0,324763.0,339892.0,354147.0,367961.0,375637.0,380787.0,386604.0,390773.0,394925.0,399103.0,401962.0,404538.0,406710.0,409229.0,411615.0,413722.0,415522.0,417513.0,419668.0,421391.0,422906.0,424516.0,426923.0,429014.0,430755.0,432451.0,433849.0,435625.0,437668.0,439493.0,441085.0,442881.0,444456.0,445862.0,447470.0,449095.0,450447.0,451954.0,453304.0,454389.0,455324.0,456298.0,457397.0,458437.0,459685.0,460869.0,461790.0,462484.0,463669.0,464734.0,465858.0,466968.0,468478.0,469825.0,471035.0,472681.0,474525.0,476290.0,478240.0,480362.0,482114.0,483833.0,485561.0,487291.0,489086.0,490714.0,492184.0,493706.0,495193.0,497084.0,498980.0,501017.0,502673.0,503901.0,504716.0,505666.0,506516.0,507353.0,508317.0,509087.0,509854.0,510600.0,511230.0,511884.0,512668.0,513403.0,514335.0,,,,,,,,,521288.0,521789.0,522446.0,523180.0,523951.0,524841.0,525634.0,526250.0,526834.0,527642.0,528505.0,529349.0,530314.0,531428.0,532348.0,533077.0,533834.0,534523.0,535394.0,536259.0,536904.0,537437.0,538079.0,538736.0,539352.0,539969.0,540630.0,541319.0,541931.0,542413.0,543138.0,543870.0,544561.0,545216.0,545897.0,546416.0,546947.0,547543.0,548119.0,548745.0,549365.0,550085.0,550672.0,551371.0,552259.0,553181.0,554060.0,554874.0,555610
zlJjCKIg7QI,,,,,,,,,,,,,,,,,,,,,,,,,,,5314.0,9412.0,18093.0,25785.0,33617.0,42135.0,52719.0,63479.0,69918.0,75540.0,80511.0,83979.0,86970.0,90383.0,94707.0,98969.0,102778.0,106509.0,109448.0,111923.0,114375.0,117888.0,122038.0,125881.0,129233.0,131978.0,134758.0,137679.0,140953.0,145482.0,148941.0,151474.0,153544.0,156408.0,159811.0,163114.0,166181.0,169359.0,172235.0,174786.0,176852.0,179281.0,181248.0,183791.0,186037.0,188557.0,190834.0,192769.0,194911.0,197024.0,199163.0,201204.0,203408.0,205371.0,206953.0,209100.0,211012.0,213023.0,214932.0,216820.0,218361.0,219689.0,221245.0,222633.0,224026.0,225533.0,227200.0,228556.0,229632.0,230818.0,232079.0,233341.0,234543.0,235779.0,236929.0,237964.0,239081.0,240232.0,241267.0,242303.0,243401.0,244345.0,245172.0,246066.0,247074.0,248088.0,248983.0,249897.0,250717.0,251302.0,252156.0,252989.0,253810.0,254518.0,255384.0,256221.0,256926.0,257529.0,258187.0,258823.0,259338.0,259965.0,260444.0,260935.0,261456.0,262001.0,262595.0,263131.0,,,,,,,,,268478.0,269001.0,269551.0,270103.0,270682.0,271284.0,271848.0,272324.0,272895.0,273431.0,274071.0,274698.0,275285.0,275986.0,276500.0,276958.0,277532.0,278109.0,278796.0,279297.0,279792.0,280233.0,280645.0,281041.0,281472.0,281949.0,282367.0,282781.0,283197.0,283620.0,284063.0,284464.0,284885.0,285056.0,285645.0,286000.0,286355.0,286768.0,287203.0,287604.0,287921.0,288315.0,288701.0,289080.0,289451.0,289951.0,290372.0,290857.0,291372
Arudb0XC6u4,,,,,,,,,,,,,,,,,,,,,,,,,,,20599.0,22295.0,22950.0,23547.0,24122.0,24594.0,24930.0,25167.0,25432.0,25643.0,25970.0,26323.0,26613.0,26958.0,27534.0,27854.0,28217.0,28459.0,28722.0,28910.0,29083.0,29289.0,29448.0,29574.0,29717.0,29856.0,29940.0,30037.0,30141.0,30229.0,30329.0,30408.0,30502.0,30581.0,30664.0,30735.0,30798.0,30851.0,30901.0,30957.0,31015.0,31072.0,31101.0,31149.0,31182.0,31215.0,31252.0,31302.0,31328.0,31356.0,31387.0,31417.0,31451.0,31485.0,31507.0,31533.0,31562.0,31602.0,31626.0,31649.0,31677.0,31698.0,31719.0,31742.0,31764.0,31782.0,31806.0,31828.0,31868.0,31885.0,31903.0,31919.0,31940.0,31959.0,31977.0,32007.0,32019.0,32025.0,32040.0,32053.0,32066.0,32088.0,32101.0,32112.0,32123.0,32139.0,32147.0,32164.0,32177.0,32188.0,32195.0,32207.0,32213.0,32221.0,32240.0,32251.0,32265.0,32277.0,32286.0,32294.0,32301.0,32314.0,32325.0,32333.0,32338.0,32352.0,32362.0,32373.0,,,,,,,,,32435.0,32439.0,32447.0,32450.0,32453.0,32466.0,32472.0,32480.0,32483.0,32489.0,32495.0,32502.0,32512.0,32514.0,32520.0,32526.0,32531.0,32541.0,32549.0,32555.0,32563.0,32577.0,32580.0,32588.0,32599.0,32604.0,32612.0,32639.0,32671.0,32693.0,32714.0,32734.0,32741.0,32748.0,32761.0,32775.0,32790.0,32798.0,32811.0,32816.0,32827.0,32839.0,32848.0,32856.0,32861.0,32878.0,32880.0,32886.0,32897
Jv0vbGSW1eA,,,,,,,,,,,,,,,,,,,,,,,,,,,4712.0,4724.0,4740.0,4749.0,4757.0,4777.0,4797.0,4814.0,4829.0,4848.0,4856.0,4868.0,4872.0,4883.0,4899.0,4913.0,4920.0,4927.0,4935.0,4942.0,4947.0,4956.0,4968.0,4983.0,5000.0,5010.0,5014.0,5020.0,5030.0,5034.0,5044.0,5047.0,5057.0,5062.0,5064.0,5069.0,5072.0,5075.0,5082.0,5088.0,5092.0,5100.0,5105.0,5110.0,5117.0,5126.0,5132.0,5138.0,5146.0,5157.0,5163.0,5172.0,5178.0,5180.0,5181.0,5186.0,5187.0,5198.0,5209.0,5218.0,5222.0,5226.0,5236.0,5241.0,5253.0,5259.0,5263.0,5277.0,5283.0,5286.0,5289.0,5306.0,5308.0,5311.0,5316.0,5324.0,5332.0,5342.0,5348.0,5358.0,5367.0,5378.0,5392.0,5409.0,5427.0,5435.0,5440.0,5446.0,5451.0,5459.0,5461.0,5464.0,5471.0,5478.0,5486.0,5499.0,5508.0,5511.0,5512.0,5515.0,5517.0,5519.0,5522.0,5526.0,5529.0,5534.0,5539.0,5544.0,,,,,,,,,5599.0,5606.0,5610.0,5621.0,5624.0,5631.0,5636.0,5637.0,5641.0,5643.0,5647.0,5653.0,5661.0,5669.0,5670.0,5671.0,5672.0,5676.0,5677.0,5677.0,5678.0,5679.0,5680.0,5682.0,5683.0,5684.0,5686.0,5690.0,5692.0,5695.0,5695.0,5700.0,5703.0,5704.0,5706.0,5709.0,5712.0,5715.0,5715.0,5718.0,5725.0,5729.0,5736.0,5736.0,5740.0,5741.0,5747.0,5753.0,5753
tKlWejma2wo,,,,,,,,,,,,,,,,,,,,,,,,,,,1726.0,2092.0,2506.0,2878.0,3660.0,4149.0,4739.0,5331.0,5645.0,5885.0,6099.0,6250.0,6417.0,6570.0,6706.0,6811.0,6942.0,7076.0,7216.0,7328.0,7422.0,7525.0,7590.0,7673.0,7822.0,7914.0,8008.0,8095.0,8213.0,8295.0,8339.0,8390.0,8440.0,8484.0,8527.0,8579.0,8629.0,8656.0,8700.0,8721.0,8757.0,8796.0,8826.0,8859.0,8902.0,8944.0,8989.0,9034.0,9077.0,9120.0,9152.0,9185.0,9229.0,9262.0,9308.0,9342.0,9367.0,9395.0,9438.0,9473.0,9528.0,9564.0,9601.0,9646.0,9690.0,9720.0,9782.0,9829.0,9859.0,9906.0,9928.0,10009.0,10041.0,10069.0,10095.0,10119.0,10149.0,10181.0,10200.0,10225.0,10245.0,10261.0,10284.0,10307.0,10330.0,10355.0,10380.0,10396.0,10401.0,10414.0,10419.0,10429.0,10446.0,10463.0,10479.0,10492.0,10505.0,10521.0,10544.0,10564.0,10586.0,10601.0,10616.0,10631.0,10638.0,10653.0,10665.0,10690.0,,,,,,,,,10825.0,10841.0,10856.0,10874.0,10889.0,10909.0,10922.0,10937.0,10965.0,10997.0,11025.0,11036.0,11049.0,11065.0,11082.0,11092.0,11105.0,11119.0,11134.0,11141.0,11154.0,11165.0,11177.0,11189.0,11199.0,11217.0,11241.0,11248.0,11260.0,11274.0,11285.0,11300.0,11321.0,11342.0,11363.0,11372.0,11401.0,11419.0,11439.0,11469.0,11487.0,11498.0,11509.0,11526.0,11535.0,11547.0,11566.0,11582.0,11615
_RpfZimvX_M,,,,,,,,,,,,,,,,,,,,,,,,,,,9305.0,10561.0,11326.0,11839.0,12303.0,12694.0,13093.0,13551.0,13710.0,13851.0,14001.0,14143.0,14230.0,14281.0,14334.0,14388.0,14450.0,14477.0,14498.0,14528.0,14542.0,14560.0,14568.0,14577.0,14585.0,14593.0,14599.0,14611.0,14617.0,14623.0,14635.0,14638.0,14643.0,14648.0,14658.0,14673.0,14679.0,14683.0,14687.0,14692.0,14700.0,14707.0,14711.0,14719.0,14730.0,14751.0,14761.0,14768.0,14775.0,14776.0,14782.0,14787.0,14791.0,14794.0,14794.0,14800.0,14802.0,14807.0,14812.0,14814.0,14817.0,14822.0,14832.0,14836.0,14844.0,14844.0,14848.0,14852.0,14855.0,14857.0,14856.0,14858.0,14860.0,14863.0,14867.0,14872.0,14872.0,14873.0,14874.0,14875.0,14876.0,14878.0,14879.0,14881.0,14883.0,14884.0,14885.0,14887.0,14893.0,14894.0,14898.0,14899.0,14902.0,14907.0,14909.0,14909.0,14912.0,14914.0,14914.0,14917.0,14920.0,14924.0,14930.0,14931.0,14933.0,14940.0,14942.0,14944.0,,,,,,,,,14971.0,14974.0,14979.0,14980.0,14981.0,14984.0,14987.0,14993.0,14998.0,15004.0,15007.0,15009.0,15011.0,15014.0,15013.0,15013.0,15014.0,15019.0,15024.0,15028.0,15031.0,15032.0,15033.0,15045.0,15050.0,15055.0,15059.0,15062.0,15064.0,15066.0,15071.0,15072.0,15077.0,15081.0,15083.0,15085.0,15089.0,15097.0,15098.0,15099.0,15101.0,15104.0,15107.0,15110.0,15115.0,15117.0,15120.0,15122.0,15127
hV7RHU0Svd8,,,,,,,,,,,,,,,,,,,,,,,,,,,,2106799.0,2115426.0,2124877.0,2132961.0,2139868.0,2148114.0,2157095.0,2165737.0,2173955.0,2181432.0,2188675.0,2195355.0,2201540.0,2207796.0,2214652.0,2221892.0,2229542.0,2237224.0,2243941.0,2250489.0,2257745.0,2264660.0,2272374.0,2280393.0,2289139.0,2296984.0,2305096.0,2314027.0,2322516.0,2331701.0,2340745.0,2348667.0,2355977.0,2363576.0,2371322.0,2379214.0,2387107.0,2395576.0,2404035.0,2411938.0,2420014.0,2427302.0,2436464.0,2444739.0,2452586.0,2460328.0,2467530.0,2474558.0,2481408.0,2488295.0,2495485.0,2502752.0,2509182.0,2515356.0,2521657.0,2527804.0,2534405.0,2540939.0,2547378.0,2553659.0,2559639.0,2565520.0,2571909.0,2578328.0,2584084.0,2590148.0,2595590.0,2600733.0,2606157.0,2611510.0,2617160.0,2622778.0,2628465.0,2633734.0,2639817.0,2646202.0,2652271.0,2658092.0,2663694.0,2668647.0,2673226.0,2677842.0,2683221.0,2688573.0,2694042.0,2699167.0,2704088.0,2708568.0,2712635.0,2718198.0,2724179.0,2730167.0,2735236.0,2740097.0,2744635.0,2748965.0,2753134.0,2757635.0,2762092.0,2766686.0,2771526.0,2776176.0,2780387.0,2785125.0,2790269.0,2795299.0,2800368.0,,,,,,,,,2839962.0,2843804.0,2847861.0,2851722.0,2855562.0,2859439.0,2863238.0,2866906.0,2870529.0,2874182.0,2877955.0,2881835.0,2886575.0,2891156.0,2895575.0,2899708.0,2903919.0,2908112.0,2912158.0,2916307.0,2920395.0,2924350.0,2928070.0,2931666.0,2935270.0,2939124.0,2943147.0,2946923.0,2950518.0,2953866.0,2957340.0,2961043.0,2964739.0,2968641.0,2972344.0,2975947.0,2979190.0,2982655.0,2986556.0,2990453.0,2994299.0,2998064.0,3001711.0,3005075.0,3008355.0,3012092.0,3016116.0,3020157.0,3024043
ZbO9PBdFRdc,,,,,,,,,,,,,,,,,,,,,,,,,,,,40773.0,181561.0,1167299.0,2205461.0,3308845.0,4415135.0,5677060.0,6831287.0,8039624.0,8160863.0,8225553.0,8671552.0,10179103.0,12468313.0,12609664.0,12640490.0,12669564.0,12698893.0,12726257.0,12754192.0,12785679.0,12815304.0,12840839.0,12865051.0,12888467.0,12908412.0,12928016.0,12944609.0,12964199.0,12983537.0,13003375.0,13023383.0,13042106.0,13059163.0,13076561.0,13093592.0,13108860.0,13124169.0,13137894.0,13151773.0,13165498.0,13177370.0,13192818.0,13206893.0,13220869.0,13234933.0,13247553.0,13261102.0,13274684.0,13288234.0,13303116.0,13320758.0,13336206.0,13349266.0,13362153.0,13376081.0,13390865.0,13405367.0,13420412.0,13434781.0,13447343.0,13460014.0,13472358.0,13484540.0,13496364.0,13509278.0,13522342.0,13535125.0,13546479.0,13557935.0,13569023.0,13580955.0,13594076.0,13608270.0,13622527.0,13637465.0,13652635.0,13667729.0,13682987.0,13697547.0,13710622.0,13723738.0,13737680.0,13750870.0,13764464.0,13777869.0,13791340.0,13804373.0,13817196.0,13829725.0,13842076.0,13854327.0,13865321.0,13876998.0,13888616.0,13898917.0,13908546.0,13918900.0,13929327.0,13939890.0,13951661.0,13963627.0,13975535.0,13988527.0,14000922.0,14012947.0,14023154.0,,,,,,,,,14121124.0,14132253.0,14142884.0,14153825.0,14165645.0,14175355.0,14184942.0,14194913.0,14204567.0,14213495.0,14222716.0,14232105.0,14242638.0,14253486.0,14263537.0,14272888.0,14282012.0,14291140.0,14299385.0,14307270.0,14315160.0,14323003.0,14330993.0,14339259.0,14347686.0,14356176.0,14364629.0,14373065.0,14381387.0,14389229.0,14397324.0,14406711.0,14417100.0,14425315.0,14433176.0,14440966.0,14448275.0,14455190.0,14462328.0,14470050.0,14477400.0,14484560.0,14491367.0,14497636.0,14504436.0,14511320.0,14518238.0,14525229.0,14532354
5MK1eJ30Isw,,,,,,,,,,,,,,,,,,,,,,,,,,,,2541.0,11583.0,17604.0,23260.0,29486.0,35437.0,42558.0,57632.0,67629.0,73305.0,80467.0,88262.0,91858.0,94958.0,102314.0,109919.0,116565.0,122213.0,126885.0,131082.0,135048.0,139313.0,141468.0,143292.0,144969.0,146415.0,148130.0,149873.0,151646.0,153366.0,153915.0,154364.0,154755.0,155053.0,155318.0,155532.0,155749.0,155929.0,156171.0,156367.0,156609.0,156765.0,157002.0,157204.0,157391.0,157588.0,157742.0,157917.0,158119.0,158300.0,158431.0,158572.0,158727.0,160378.0,163085.0,165380.0,167720.0,170351.0,173086.0,174941.0,176591.0,179014.0,180894.0,183037.0,184734.0,186664.0,188458.0,189866.0,191118.0,192554.0,193800.0,195145.0,196427.0,197492.0,198574.0,199997.0,201227.0,202479.0,203675.0,204853.0,205632.0,206412.0,207207.0,207961.0,208856.0,209664.0,210575.0,211376.0,211911.0,212550.0,213187.0,213870.0,214554.0,215138.0,215595.0,216000.0,216419.0,216804.0,217202.0,217585.0,218103.0,218478.0,218813.0,219218.0,219708.0,220179.0,220638.0,,,,,,,,,234952.0,236427.0,238065.0,240482.0,243316.0,245905.0,248086.0,250390.0,252465.0,255058.0,257648.0,260306.0,263148.0,265639.0,268043.0,270144.0,272079.0,273905.0,275608.0,276753.0,277759.0,278706.0,279545.0,280441.0,281348.0,282183.0,283028.0,283892.0,284623.0,285311.0,286059.0,286855.0,287580.0,288221.0,288917.0,289537.0,290073.0,290702.0,291335.0,291900.0,292368.0,292870.0,293357.0,293675.0,294102.0,294567.0,295087.0,295556.0,296011
CIsEE6BfJ9M,,,,,,,,,,,,,,,,,,,,,,,,,,,,31923.0,31924.0,31928.0,31931.0,31940.0,31943.0,31945.0,31946.0,31948.0,31951.0,31956.0,31962.0,31966.0,31970.0,31972.0,31977.0,31981.0,31986.0,31990.0,31995.0,31998.0,32001.0,32006.0,32010.0,32011.0,32020.0,32025.0,32028.0,32029.0,32036.0,32041.0,32047.0,32049.0,32051.0,32059.0,32061.0,32063.0,32065.0,32071.0,32072.0,32075.0,32081.0,32085.0,32086.0,32086.0,32089.0,32089.0,32094.0,32095.0,32099.0,32102.0,32106.0,32107.0,32108.0,32111.0,32112.0,32113.0,32117.0,32121.0,32123.0,32127.0,32130.0,32133.0,32135.0,32137.0,32138.0,32139.0,32139.0,32140.0,32141.0,32146.0,32147.0,32148.0,32149.0,32150.0,32154.0,32155.0,32155.0,32157.0,32160.0,32162.0,32163.0,32165.0,32167.0,32167.0,32172.0,32172.0,32173.0,32176.0,32177.0,32182.0,32184.0,32190.0,32191.0,32191.0,32193.0,32193.0,32195.0,32196.0,32202.0,32204.0,32207.0,32210.0,32210.0,32211.0,32211.0,32215.0,,,,,,,,,32247.0,32250.0,32252.0,32261.0,32264.0,32266.0,32269.0,32269.0,32269.0,32271.0,32271.0,32272.0,32276.0,32279.0,32281.0,32281.0,32282.0,32283.0,32285.0,32285.0,32285.0,32287.0,32289.0,32290.0,32290.0,32293.0,32294.0,32299.0,32300.0,32301.0,32303.0,32306.0,32307.0,32311.0,32311.0,32314.0,32317.0,32320.0,32323.0,32328.0,32329.0,32333.0,32335.0,32337.0,32340.0,32343.0,32344.0,32344.0,32349
xn8mQqz2xmM,,,,,,,,,,,,,,,,,,,,,,,,,,,,11950029.0,18141010.0,24243571.0,30417782.0,36821140.0,42773430.0,48570603.0,53071752.0,57194733.0,60334345.0,63711641.0,66994575.0,69752698.0,71032016.0,73505647.0,76415588.0,81219760.0,85283456.0,89396793.0,92619994.0,95266843.0,99428280.0,102183863.0,104447624.0,106832345.0,109099517.0,111257530.0,113643900.0,114005988.0,114382997.0,114693181.0,115139500.0,115584051.0,115986771.0,116386056.0,116777414.0,117172891.0,117585910.0,118010772.0,118394190.0,118764362.0,119077008.0,119490463.0,119837955.0,120177084.0,120536409.0,120889208.0,121237072.0,121595392.0,121950146.0,122306953.0,122672946.0,123046994.0,123410249.0,123756877.0,124100040.0,124449872.0,124793587.0,125132407.0,125484218.0,125825825.0,126134601.0,126422910.0,126716300.0,127005912.0,127301133.0,127623766.0,127940619.0,128200264.0,128459994.0,128726965.0,128999320.0,129273658.0,129597231.0,129907983.0,130156976.0,130401375.0,130654764.0,130908253.0,131165854.0,131470911.0,131763362.0,131987261.0,132205819.0,132429259.0,132651444.0,132879772.0,133154047.0,133415661.0,133626195.0,133827308.0,134031272.0,134231857.0,134447099.0,134698725.0,134939167.0,135135751.0,135323516.0,135511818.0,135711461.0,135947075.0,136211925.0,136462269.0,136659060.0,136848810.0,137041410.0,137223243.0,,,,,,,,,138894448.0,139115350.0,139284199.0,139446133.0,139611855.0,139773299.0,139932601.0,140108733.0,140287139.0,140432548.0,140575563.0,140714716.0,140871989.0,141025741.0,141204315.0,141370936.0,141511881.0,141651257.0,141809927.0,141966878.0,142125251.0,142324074.0,142512048.0,142657611.0,142801733.0,142968258.0,143126516.0,143298318.0,143489823.0,143679597.0,143828806.0,143975581.0,144123892.0,144275440.0,144424250.0,144596703.0,144757664.0,144888692.0,145026517.0,145163029.0,145306654.0,145456258.0,145630888.0,145801841.0,145942711.0,146076282.0,146222050.0,146373033.0,146527044
Es7ivQl99HI,,,,,,,,,,,,,,,,,,,,,,,,,,,,8494.0,11994.0,15241.0,17302.0,19441.0,21592.0,23506.0,25265.0,26479.0,27421.0,28283.0,29099.0,29875.0,30652.0,31424.0,32135.0,32863.0,33406.0,33957.0,34572.0,35112.0,35760.0,36308.0,36807.0,37259.0,37572.0,38024.0,38416.0,38757.0,39207.0,39631.0,40014.0,40386.0,40866.0,41365.0,41984.0,42397.0,42910.0,43411.0,43866.0,44327.0,44728.0,45153.0,45528.0,45982.0,46273.0,46645.0,46960.0,47336.0,47707.0,48117.0,48485.0,48863.0,49251.0,49613.0,49952.0,50440.0,50821.0,51162.0,51544.0,51945.0,52423.0,52842.0,53243.0,53717.0,54143.0,54559.0,55010.0,55459.0,55848.0,56322.0,56695.0,57149.0,57524.0,57979.0,58428.0,58812.0,59242.0,59709.0,60102.0,60602.0,60995.0,61371.0,61774.0,62165.0,62549.0,62929.0,63328.0,63736.0,64236.0,64643.0,64981.0,65322.0,65697.0,66059.0,66400.0,66824.0,67142.0,67454.0,67855.0,68306.0,68677.0,69012.0,69404.0,69859.0,70339.0,70735.0,,,,,,,,,74688.0,75040.0,75454.0,75777.0,76135.0,76460.0,76774.0,77176.0,77537.0,77866.0,78181.0,78461.0,78739.0,79021.0,79359.0,79656.0,79915.0,80194.0,80480.0,80760.0,81033.0,81383.0,81626.0,81894.0,82203.0,82475.0,82733.0,82989.0,83268.0,83605.0,83865.0,84165.0,84464.0,84780.0,85094.0,85361.0,85654.0,85893.0,86186.0,86474.0,86756.0,87039.0,87285.0,87589.0,87826.0,88120.0,88347.0,88620.0,88877
EsHk1bUpkGQ,,,,,,,,,,,,,,,,,,,,,,,,,,,,7410.0,10725.0,10770.0,10456.0,7103.0,7336.0,8897.0,9410.0,9044.0,8328.0,8421.0,8522.0,8622.0,8707.0,8790.0,8874.0,8939.0,8953.0,9009.0,9063.0,9124.0,9161.0,9188.0,9223.0,9241.0,9259.0,9344.0,9439.0,9496.0,9561.0,9645.0,9696.0,9722.0,9741.0,9745.0,9777.0,9875.0,9944.0,10006.0,10025.0,10058.0,10126.0,10194.0,10282.0,10330.0,10386.0,10422.0,10519.0,10571.0,10659.0,10756.0,10807.0,10851.0,10894.0,10966.0,11037.0,11084.0,11151.0,11230.0,11292.0,11357.0,11414.0,11487.0,11544.0,11545.0,11545.0,11546.0,11579.0,11657.0,11733.0,11814.0,11863.0,11933.0,11965.0,11965.0,11965.0,11984.0,12048.0,12116.0,12187.0,12232.0,12258.0,12296.0,12330.0,12397.0,12442.0,12496.0,12511.0,12543.0,12583.0,12642.0,12696.0,12754.0,12847.0,12894.0,12938.0,12971.0,13011.0,13056.0,13133.0,13172.0,13219.0,13251.0,13301.0,13349.0,13401.0,13417.0,,,,,,,,,13781.0,13805.0,13871.0,13916.0,13945.0,13963.0,13996.0,13996.0,13996.0,14046.0,14091.0,14107.0,14192.0,14228.0,14252.0,14268.0,14298.0,14337.0,14388.0,14403.0,14403.0,14403.0,14421.0,14452.0,14488.0,14517.0,14547.0,14555.0,14557.0,14560.0,14560.0,14561.0,14561.0,14562.0,14562.0,14562.0,14562.0,14562.0,14563.0,14563.0,14563.0,14563.0,14565.0,14566.0,14568.0,14568.0,14573.0,14573.0,14576
57uo7v_CAPw,,,,,,,,,,,,,,,,,,,,,,,,,,,,12516.0,12527.0,12555.0,12572.0,12581.0,12603.0,12633.0,12647.0,12670.0,12685.0,12703.0,12723.0,12739.0,12756.0,12778.0,12794.0,12823.0,12842.0,12858.0,12871.0,12890.0,12894.0,12907.0,12922.0,12931.0,12952.0,12964.0,12983.0,13000.0,13012.0,13031.0,13050.0,13067.0,13085.0,13103.0,13127.0,13143.0,13167.0,13176.0,13187.0,13199.0,13216.0,13233.0,13249.0,13262.0,13271.0,13282.0,13301.0,13308.0,13323.0,13336.0,13349.0,13361.0,13370.0,13386.0,13397.0,13413.0,13430.0,13444.0,13459.0,13476.0,13490.0,13500.0,13522.0,13536.0,13545.0,13556.0,13576.0,13589.0,13608.0,13620.0,13630.0,13634.0,13642.0,13652.0,13660.0,13673.0,13691.0,13697.0,13707.0,13716.0,13722.0,13733.0,13747.0,13755.0,13767.0,13776.0,13791.0,13800.0,13810.0,13816.0,13826.0,13836.0,13850.0,13858.0,13863.0,13875.0,13881.0,13898.0,13909.0,13918.0,13923.0,13933.0,13944.0,13963.0,13977.0,13987.0,,,,,,,,,14113.0,14124.0,14134.0,14151.0,14161.0,14176.0,14192.0,14200.0,14249.0,14273.0,14286.0,14307.0,14322.0,14337.0,14349.0,14361.0,14379.0,14391.0,14398.0,14411.0,14419.0,14436.0,14455.0,14473.0,14485.0,14500.0,14519.0,14543.0,14568.0,14581.0,14597.0,14604.0,14616.0,14625.0,14641.0,14659.0,14678.0,14695.0,14712.0,14716.0,14737.0,14750.0,14762.0,14772.0,14781.0,14790.0,14800.0,14814.0,14830
UeIeli0LNQ4,,,,,,,,,,,,,,,,,,,,,,,,,,,,9895.0,9904.0,9914.0,9926.0,9930.0,9939.0,9952.0,9960.0,9968.0,9971.0,9978.0,9990.0,10006.0,10019.0,10032.0,10041.0,10054.0,10058.0,10072.0,10083.0,10095.0,10105.0,10116.0,10123.0,10136.0,10147.0,10157.0,10161.0,10174.0,10194.0,10208.0,10238.0,10251.0,10263.0,10282.0,10293.0,10297.0,10312.0,10319.0,10331.0,10342.0,10350.0,10356.0,10367.0,10376.0,10384.0,10389.0,10397.0,10404.0,10413.0,10423.0,10434.0,10444.0,10450.0,10462.0,10468.0,10489.0,10496.0,10508.0,10514.0,10522.0,10528.0,10534.0,10542.0,10544.0,10545.0,10554.0,10563.0,10569.0,10573.0,10581.0,10592.0,10610.0,10620.0,10626.0,10635.0,10650.0,10661.0,10673.0,10682.0,10687.0,10692.0,10700.0,10706.0,10712.0,10718.0,10724.0,10729.0,10737.0,10742.0,10749.0,10749.0,10756.0,10766.0,10772.0,10777.0,10781.0,10787.0,10793.0,10799.0,10805.0,10809.0,10813.0,10819.0,10827.0,10831.0,10842.0,,,,,,,,,10907.0,10911.0,10919.0,10921.0,10928.0,10931.0,10947.0,10956.0,10972.0,10990.0,10998.0,11001.0,11007.0,11016.0,11024.0,11033.0,11039.0,11047.0,11058.0,11065.0,11073.0,11092.0,11100.0,11111.0,11116.0,11126.0,11137.0,11141.0,11147.0,11148.0,11151.0,11160.0,11168.0,11173.0,11180.0,11183.0,11192.0,11196.0,11206.0,11209.0,11220.0,11226.0,11233.0,11236.0,11240.0,11244.0,11251.0,11257.0,11261
HGq91f-6ouk,,,,,,,,,,,,,,,,,,,,,,,,,,,,11211.0,11229.0,11242.0,11255.0,11266.0,11300.0,11317.0,11333.0,11350.0,11373.0,11390.0,11430.0,11458.0,11483.0,11502.0,11548.0,11571.0,11593.0,11606.0,11621.0,11630.0,11644.0,11656.0,11667.0,11677.0,11689.0,11707.0,11716.0,11736.0,11756.0,11772.0,11798.0,11815.0,11833.0,11858.0,11870.0,11876.0,11892.0,11902.0,11916.0,11942.0,11964.0,11975.0,11995.0,12008.0,12023.0,12040.0,12053.0,12061.0,12070.0,12078.0,12091.0,12101.0,12121.0,12137.0,12147.0,12168.0,12192.0,12212.0,12221.0,12243.0,12257.0,12274.0,12290.0,12305.0,12322.0,12331.0,12350.0,12375.0,12382.0,12394.0,12404.0,12412.0,12428.0,12435.0,12445.0,12461.0,12476.0,12486.0,12496.0,12507.0,12518.0,12530.0,12543.0,12558.0,12569.0,12581.0,12591.0,12599.0,12608.0,12616.0,12624.0,12629.0,12639.0,12650.0,12659.0,12673.0,12687.0,12699.0,12709.0,12716.0,12720.0,12728.0,12736.0,12746.0,12750.0,12758.0,,,,,,,,,12875.0,12884.0,12896.0,12905.0,12921.0,12923.0,12933.0,12953.0,12972.0,12992.0,13003.0,13014.0,13021.0,13027.0,13044.0,13052.0,13058.0,13069.0,13083.0,13089.0,13095.0,13105.0,13119.0,13134.0,13141.0,13149.0,13160.0,13170.0,13178.0,13183.0,13188.0,13203.0,13206.0,13215.0,13230.0,13241.0,13247.0,13251.0,13264.0,13267.0,13276.0,13280.0,13289.0,13292.0,13299.0,13307.0,13315.0,13323.0,13329
fWmpzmBOW7Y,,,,,,,,,,,,,,,,,,,,,,,,,,,,,14470.0,18447.0,20597.0,22109.0,24232.0,26604.0,28548.0,29630.0,30616.0,31487.0,32048.0,32803.0,33265.0,33667.0,34013.0,34323.0,34706.0,34979.0,35244.0,35508.0,35767.0,36026.0,36237.0,36445.0,36618.0,36792.0,36984.0,37176.0,37338.0,37546.0,37713.0,37869.0,38033.0,38199.0,38322.0,38436.0,38572.0,38799.0,38948.0,39087.0,39242.0,39373.0,39520.0,39631.0,39740.0,39852.0,39979.0,40093.0,40203.0,40322.0,40469.0,40558.0,40667.0,40750.0,40852.0,40937.0,41043.0,41149.0,41226.0,41321.0,41396.0,41480.0,41547.0,41641.0,41725.0,41822.0,41900.0,41987.0,42054.0,42138.0,42199.0,42310.0,42388.0,42471.0,42537.0,42644.0,42751.0,42850.0,42948.0,43068.0,43193.0,43288.0,43404.0,43501.0,43589.0,43671.0,43755.0,43833.0,43906.0,43987.0,44029.0,44086.0,44144.0,44197.0,44269.0,44319.0,44375.0,44411.0,44464.0,44538.0,44583.0,44638.0,44689.0,44733.0,44785.0,44831.0,,,,,,,,,45242.0,45289.0,45337.0,45383.0,45416.0,45444.0,45491.0,45524.0,45558.0,45603.0,45625.0,45652.0,45692.0,45745.0,45782.0,45822.0,45858.0,45888.0,45921.0,45978.0,46018.0,46073.0,46113.0,46168.0,46217.0,46250.0,46282.0,46315.0,46351.0,46386.0,46423.0,46447.0,46472.0,46500.0,46550.0,46594.0,46643.0,46684.0,46717.0,46748.0,46770.0,46805.0,46827.0,46851.0,46888.0,46919.0,46935.0,46958.0,46977
yzSgtOko0Po,,,,,,,,,,,,,,,,,,,,,,,,,,,,,2185.0,2320.0,2417.0,2528.0,2635.0,2711.0,2791.0,2850.0,2911.0,2968.0,3003.0,3037.0,3102.0,3217.0,3267.0,3318.0,3345.0,3377.0,3411.0,3444.0,3476.0,3498.0,3526.0,3544.0,3565.0,3576.0,3593.0,3608.0,3625.0,3657.0,3676.0,3691.0,3706.0,3729.0,3755.0,3775.0,3800.0,3819.0,3832.0,3854.0,3871.0,3885.0,3907.0,3921.0,3940.0,3952.0,3973.0,3987.0,4004.0,4014.0,4031.0,4044.0,4061.0,4092.0,4106.0,4118.0,4128.0,4146.0,4173.0,4187.0,4201.0,4220.0,4235.0,4242.0,4252.0,4262.0,4272.0,4284.0,4310.0,4326.0,4336.0,4352.0,4365.0,4377.0,4383.0,4389.0,4406.0,4423.0,4434.0,4449.0,4466.0,4487.0,4495.0,4509.0,4527.0,4541.0,4559.0,4585.0,4605.0,4619.0,4629.0,4645.0,4655.0,4667.0,4685.0,4702.0,4712.0,4721.0,4727.0,4735.0,4740.0,4747.0,4751.0,4761.0,4765.0,4771.0,,,,,,,,,4849.0,4860.0,4875.0,4887.0,4892.0,4901.0,4911.0,4919.0,4930.0,4940.0,4948.0,4952.0,4963.0,4979.0,4990.0,5002.0,5015.0,5037.0,5047.0,5071.0,5093.0,5099.0,5106.0,5114.0,5118.0,5129.0,5140.0,5148.0,5154.0,5161.0,5175.0,5188.0,5199.0,5206.0,5219.0,5235.0,5246.0,5250.0,5275.0,5283.0,5306.0,5323.0,5332.0,5337.0,5346.0,5356.0,5365.0,5379.0,5393
oWfR7sKGu_o,,,,,,,,,,,,,,,,,,,,,,,,,,,,,688.0,691.0,692.0,693.0,695.0,697.0,699.0,699.0,699.0,700.0,701.0,706.0,707.0,708.0,709.0,710.0,711.0,711.0,711.0,713.0,713.0,714.0,715.0,716.0,717.0,717.0,719.0,719.0,719.0,719.0,719.0,723.0,724.0,724.0,726.0,727.0,729.0,729.0,734.0,735.0,736.0,737.0,739.0,740.0,740.0,742.0,743.0,745.0,746.0,746.0,746.0,747.0,748.0,748.0,748.0,748.0,748.0,748.0,748.0,750.0,750.0,751.0,751.0,752.0,752.0,754.0,755.0,756.0,756.0,756.0,756.0,756.0,757.0,757.0,757.0,758.0,759.0,762.0,763.0,763.0,764.0,764.0,766.0,766.0,766.0,766.0,767.0,767.0,768.0,769.0,772.0,773.0,773.0,773.0,773.0,773.0,773.0,774.0,774.0,777.0,777.0,777.0,778.0,780.0,781.0,785.0,,,,,,,,,801.0,803.0,804.0,804.0,805.0,806.0,809.0,810.0,815.0,815.0,818.0,821.0,822.0,822.0,824.0,827.0,827.0,827.0,827.0,827.0,829.0,830.0,831.0,832.0,834.0,835.0,835.0,835.0,835.0,837.0,844.0,847.0,848.0,849.0,851.0,851.0,851.0,851.0,852.0,852.0,853.0,856.0,856.0,857.0,862.0,863.0,865.0,867.0,870
9gS6W6rFddk,,,,,,,,,,,,,,,,,,,,,,,,,,,,,,813.0,1703.0,1858.0,1986.0,2070.0,2145.0,2201.0,2309.0,2343.0,2364.0,2379.0,2393.0,2402.0,2711.0,9697.0,20824.0,36478.0,53299.0,73110.0,94468.0,102796.0,102784.0,102776.0,102794.0,102806.0,102814.0,102823.0,102838.0,102845.0,102847.0,102848.0,102854.0,102863.0,102879.0,102886.0,102891.0,102895.0,102900.0,102904.0,102909.0,102909.0,102914.0,102916.0,102924.0,102930.0,102951.0,102955.0,102957.0,102959.0,102963.0,102972.0,102982.0,102990.0,102991.0,102994.0,102996.0,103009.0,103020.0,103035.0,103043.0,103051.0,103055.0,103062.0,103066.0,103069.0,103076.0,103082.0,103087.0,103092.0,103099.0,103101.0,103101.0,103102.0,103102.0,103105.0,103107.0,103107.0,103108.0,103108.0,103108.0,103108.0,103111.0,103114.0,103114.0,103115.0,103118.0,103120.0,103120.0,103120.0,103126.0,103128.0,103133.0,103138.0,103138.0,103140.0,103144.0,103145.0,103150.0,103151.0,103154.0,103156.0,103158.0,103163.0,103164.0,103179.0,,,,,,,,,104216.0,104251.0,104265.0,104272.0,104276.0,104280.0,104289.0,104294.0,104298.0,104303.0,104304.0,104306.0,104316.0,104326.0,104345.0,104367.0,104386.0,104407.0,104421.0,104425.0,104429.0,104429.0,104434.0,104438.0,104439.0,104444.0,104444.0,104445.0,104449.0,104449.0,104451.0,104453.0,104454.0,104465.0,104471.0,104474.0,104478.0,104481.0,104488.0,104490.0,104492.0,104494.0,104496.0,104497.0,104499.0,104502.0,104505.0,104505.0,104511
i8B2lFVy6kA,,,,,,,,,,,,,,,,,,,,,,,,,,,,,,1102.0,1230.0,1332.0,1457.0,1540.0,1628.0,1711.0,1748.0,1803.0,1826.0,1850.0,1886.0,1931.0,1991.0,2021.0,2054.0,2074.0,2078.0,2091.0,2100.0,2111.0,2124.0,2125.0,2138.0,2146.0,2148.0,2151.0,2159.0,2168.0,2173.0,2176.0,2195.0,2202.0,2206.0,2208.0,2213.0,2220.0,2226.0,2232.0,2239.0,2246.0,2253.0,2255.0,2261.0,2265.0,2270.0,2275.0,2279.0,2284.0,2287.0,2291.0,2300.0,2302.0,2305.0,2307.0,2318.0,2320.0,2327.0,2331.0,2335.0,2341.0,2347.0,2349.0,2357.0,2363.0,2367.0,2374.0,2378.0,2383.0,2387.0,2391.0,2403.0,2403.0,2416.0,2421.0,2422.0,2424.0,2426.0,2429.0,2431.0,2440.0,2442.0,2446.0,2463.0,2466.0,2469.0,2473.0,2477.0,2488.0,2490.0,2491.0,2498.0,2502.0,2504.0,2505.0,2507.0,2507.0,2512.0,2512.0,2515.0,2520.0,2526.0,2529.0,2530.0,2531.0,,,,,,,,,2561.0,2564.0,2566.0,2567.0,2567.0,2567.0,2570.0,2577.0,2577.0,2580.0,2582.0,2585.0,2587.0,2587.0,2587.0,2588.0,2591.0,2592.0,2596.0,2598.0,2601.0,2602.0,2605.0,2605.0,2605.0,2605.0,2607.0,2607.0,2608.0,2609.0,2609.0,2614.0,2617.0,2617.0,2620.0,2625.0,2625.0,2627.0,2629.0,2630.0,2630.0,2631.0,2631.0,2632.0,2632.0,2633.0,2636.0,2637.0,2637
dSkx-D2bEio,,,,,,,,,,,,,,,,,,,,,,,,,,,,,,2354.0,3710.0,4386.0,5062.0,5590.0,6220.0,6722.0,7166.0,7657.0,8119.0,8553.0,8990.0,9392.0,9834.0,10188.0,10465.0,10754.0,11028.0,11352.0,11633.0,11870.0,12287.0,12651.0,12957.0,13234.0,13484.0,13677.0,13852.0,14109.0,14240.0,14372.0,14507.0,14711.0,14859.0,15046.0,15112.0,15240.0,15395.0,15523.0,15632.0,15774.0,15900.0,15991.0,16105.0,16248.0,16382.0,16549.0,16686.0,16818.0,16914.0,16986.0,17150.0,17218.0,17327.0,17472.0,17561.0,17641.0,17737.0,17847.0,17952.0,18035.0,18170.0,18206.0,18261.0,18337.0,18403.0,18522.0,18536.0,18629.0,18706.0,18762.0,18872.0,18931.0,18962.0,19056.0,19123.0,19187.0,19266.0,19313.0,19399.0,19501.0,19519.0,19597.0,19671.0,19772.0,19854.0,19897.0,19937.0,20007.0,20089.0,20123.0,20200.0,20301.0,20403.0,20496.0,20658.0,20786.0,20933.0,21100.0,21212.0,21371.0,21516.0,21621.0,21756.0,21869.0,,,,,,,,,22999.0,23077.0,23219.0,23334.0,23469.0,23574.0,23685.0,23780.0,23918.0,24016.0,24112.0,24266.0,24420.0,24556.0,24686.0,24798.0,24955.0,25089.0,25226.0,25352.0,25525.0,25629.0,25768.0,25954.0,26107.0,26249.0,26396.0,26577.0,26689.0,26836.0,26974.0,27188.0,27337.0,27688.0,28164.0,28647.0,28998.0,29416.0,29767.0,30144.0,30446.0,30844.0,31183.0,31449.0,31770.0,32126.0,32413.0,32727.0,33078
fs6SqNi0S6k,,,,,,,,,,,,,,,,,,,,,,,,,,,,,,37076.0,68348.0,81216.0,90138.0,97104.0,102454.0,107071.0,110871.0,113914.0,116313.0,118447.0,120539.0,122686.0,124745.0,128635.0,134105.0,138182.0,141444.0,144541.0,147627.0,150148.0,152090.0,154150.0,156195.0,157991.0,159729.0,161437.0,162825.0,164174.0,165485.0,166686.0,168175.0,169582.0,171090.0,172452.0,173579.0,174653.0,175729.0,176744.0,177804.0,179171.0,180398.0,181527.0,182535.0,183489.0,184412.0,185398.0,186405.0,187359.0,188379.0,189354.0,190285.0,191121.0,191958.0,192780.0,193587.0,194507.0,195367.0,196401.0,197351.0,198167.0,198976.0,199712.0,200374.0,201133.0,201915.0,202581.0,203202.0,203865.0,204515.0,205115.0,205772.0,206469.0,207056.0,207617.0,208229.0,208765.0,209341.0,209968.0,210589.0,211181.0,211668.0,212252.0,212771.0,213278.0,213978.0,214725.0,215373.0,215926.0,216487.0,217078.0,217649.0,218306.0,218930.0,219524.0,220084.0,220610.0,221165.0,221662.0,222297.0,222859.0,223371.0,223868.0,224324.0,224817.0,,,,,,,,,229337.0,229878.0,230341.0,230735.0,231212.0,231631.0,232065.0,232480.0,232957.0,233419.0,233790.0,234269.0,234765.0,235216.0,235672.0,236116.0,236511.0,236922.0,237353.0,237780.0,238199.0,238573.0,239057.0,239512.0,239878.0,240307.0,240682.0,241047.0,241422.0,241823.0,242202.0,242562.0,242912.0,243273.0,243682.0,244135.0,244500.0,244890.0,245243.0,245625.0,245951.0,246280.0,246634.0,247016.0,247363.0,247703.0,248110.0,248505.0,248926
hxMcN-cIpJc,,,,,,,,,,,,,,,,,,,,,,,,,,,,,,303771.0,460927.0,580898.0,728952.0,826481.0,930146.0,1024949.0,1103540.0,1150538.0,1189566.0,1227651.0,1265991.0,1300545.0,1331041.0,1361715.0,1389236.0,1414931.0,1440656.0,1467097.0,1492260.0,1517655.0,1542443.0,1567512.0,1589392.0,1617716.0,1646276.0,1667745.0,1688912.0,1709997.0,1731589.0,1756106.0,1784931.0,1808003.0,1828580.0,1850176.0,1871548.0,1890714.0,1908654.0,1926861.0,1943071.0,1962957.0,1980966.0,1997251.0,2013748.0,2029186.0,2046241.0,2062138.0,2078302.0,2094505.0,2110117.0,2123698.0,2136506.0,2150539.0,2164360.0,2178895.0,2192616.0,2205364.0,2217393.0,2228852.0,2242211.0,2256192.0,2270444.0,2284189.0,2298512.0,2312386.0,2325170.0,2338165.0,2350916.0,2363198.0,2375506.0,2387210.0,2398394.0,2409393.0,2420976.0,2432609.0,2444603.0,2455638.0,2465900.0,2476128.0,2487199.0,2497996.0,2508211.0,2519636.0,2531114.0,2542962.0,2554207.0,2564862.0,2576182.0,2587021.0,2598146.0,2609175.0,2620253.0,2630393.0,2640079.0,2649787.0,2659038.0,2668605.0,2678375.0,2689023.0,2699063.0,2708876.0,2718726.0,2727737.0,2737120.0,2747190.0,,,,,,,,,2836791.0,2846130.0,2856312.0,2865223.0,2874746.0,2884337.0,2892852.0,2901707.0,2910706.0,2920099.0,2929541.0,2939464.0,2951163.0,2962277.0,2972222.0,2981494.0,2991111.0,3001103.0,3010769.0,3019628.0,3027382.0,3034924.0,3042640.0,3050366.0,3058372.0,3066625.0,3074488.0,3082408.0,3089875.0,3097040.0,3104526.0,3112012.0,3119682.0,3127301.0,3134366.0,3141514.0,3148440.0,3156117.0,3164103.0,3171594.0,3178964.0,3186181.0,3193318.0,3200312.0,3207795.0,3215495.0,3223232.0,3230750.0,3238085
sjVZ21P0B74,,,,,,,,,,,,,,,,,,,,,,,,,,,,,,,778159.0,922879.0,1017096.0,1068168.0,1105271.0,1106315.0,1131332.0,1178067.0,1181032.0,1181115.0,1181190.0,1181260.0,1181339.0,1181416.0,1181491.0,1181555.0,1181611.0,1181669.0,1181719.0,1181790.0,1181873.0,1182161.0,1182846.0,1183432.0,1184185.0,1184243.0,1184417.0,1185256.0,1185779.0,1186383.0,1186521.0,1186807.0,1186902.0,1186960.0,1187839.0,1188130.0,1188220.0,1188298.0,1188353.0,1188417.0,1188463.0,1188501.0,1188520.0,1188551.0,1188584.0,1188612.0,1188645.0,1188680.0,1188753.0,1188793.0,1188820.0,1188874.0,1188908.0,1188964.0,1188993.0,1189045.0,1189075.0,1189084.0,1189106.0,1189161.0,1189186.0,1189214.0,1189241.0,1189277.0,1189311.0,1189344.0,1189378.0,1189413.0,1189457.0,1189484.0,1189506.0,1189531.0,1189558.0,1189571.0,1189596.0,1189609.0,1189631.0,1189660.0,1189678.0,1189697.0,1189716.0,1189738.0,1189755.0,1189771.0,1189781.0,1189798.0,1189806.0,1189819.0,1189828.0,1189835.0,1189841.0,1189847.0,1189853.0,1189862.0,1189869.0,1189878.0,1189885.0,1189895.0,1189937.0,1189944.0,1189955.0,1189958.0,1189968.0,1189975.0,,,,,,,,,1190167.0,1190183.0,1190188.0,1190199.0,1190203.0,1190208.0,1190211.0,1190219.0,1190229.0,1190244.0,1190258.0,1190265.0,1190276.0,1190290.0,1190304.0,1190314.0,1190326.0,1190329.0,1190340.0,1190348.0,1190353.0,1190354.0,1190358.0,1190363.0,1190372.0,1190381.0,1190388.0,1190391.0,1190393.0,1190396.0,1190405.0,1190407.0,1190410.0,1190418.0,1190425.0,1190430.0,1190436.0,1190437.0,1190442.0,1190448.0,1190453.0,1190456.0,1190457.0,1190461.0,1190476.0,1190484.0,1190491.0,1190493.0,1190495
97mFAsQ6YsM,,,,,,,,,,,,,,,,,,,,,,,,,,,,,,,32889.0,49905.0,59257.0,66013.0,71205.0,75508.0,79383.0,82275.0,84091.0,85955.0,87573.0,89318.0,90790.0,92077.0,93380.0,94443.0,95813.0,97075.0,98146.0,99200.0,100505.0,101516.0,102333.0,103144.0,104037.0,104958.0,105914.0,106828.0,107704.0,108504.0,109263.0,109892.0,110528.0,111133.0,111738.0,112299.0,112876.0,113500.0,114035.0,114681.0,115290.0,115909.0,116514.0,117127.0,117760.0,118403.0,118987.0,119553.0,120070.0,120567.0,120982.0,121484.0,121963.0,122439.0,122930.0,123297.0,123807.0,124206.0,124630.0,124997.0,125419.0,125829.0,126287.0,126749.0,127224.0,127805.0,128350.0,128816.0,129252.0,129597.0,129951.0,130241.0,130622.0,131026.0,131524.0,131969.0,132398.0,132754.0,133075.0,133339.0,133595.0,133851.0,134172.0,134311.0,134494.0,134652.0,134847.0,135013.0,135227.0,135434.0,135641.0,135841.0,136007.0,136178.0,136331.0,136455.0,136596.0,136753.0,136901.0,137020.0,137170.0,137323.0,137454.0,137574.0,,,,,,,,,139144.0,139289.0,139436.0,139570.0,139702.0,139861.0,140002.0,140106.0,140240.0,140376.0,140480.0,140608.0,140720.0,140865.0,140982.0,141107.0,141237.0,141374.0,141517.0,141616.0,141735.0,141841.0,141957.0,142053.0,142172.0,142310.0,142446.0,142582.0,142697.0,142820.0,142936.0,143084.0,143222.0,143319.0,143418.0,143528.0,143706.0,143841.0,143946.0,144090.0,144197.0,144308.0,144432.0,144521.0,144620.0,144706.0,144829.0,144936.0,145025
HFZUAXhdnHk,,,,,,,,,,,,,,,,,,,,,,,,,,,,,,,11868163.0,12000547.0,12117666.0,12242652.0,12370323.0,12492788.0,12633718.0,12772929.0,12889007.0,12991367.0,13090156.0,13188576.0,13294031.0,13407576.0,13505144.0,13594678.0,13678723.0,13764737.0,13847508.0,13937002.0,14025280.0,14127097.0,14210280.0,14289000.0,14373662.0,14451700.0,14531455.0,14614764.0,14701961.0,14785300.0,14854593.0,14929373.0,15005248.0,15082657.0,15161583.0,15239211.0,15312170.0,15390889.0,15453532.0,15533989.0,15598497.0,15659933.0,15721026.0,15782597.0,15846949.0,15916743.0,15983929.0,16053976.0,16115682.0,16174060.0,16232540.0,16293869.0,16361901.0,16425989.0,16486712.0,16546546.0,16601647.0,16655120.0,16708332.0,16760621.0,16813711.0,16862667.0,16910699.0,16962100.0,17011519.0,17059188.0,17111360.0,17166010.0,17219492.0,17269094.0,17320271.0,17369318.0,17415934.0,17464441.0,17512939.0,17560969.0,17611395.0,17666689.0,17718012.0,17761503.0,17807389.0,17850459.0,17892752.0,17934865.0,17980650.0,18025292.0,18067837.0,18110014.0,18151998.0,18192602.0,18234164.0,18279243.0,18321515.0,18363906.0,18403859.0,18443799.0,18487696.0,18532950.0,18579469.0,18622195.0,18661755.0,18700671.0,18739211.0,18777953.0,,,,,,,,,19163020.0,19213394.0,19257819.0,19302311.0,19346596.0,19403090.0,19461277.0,19521334.0,19577337.0,19612076.0,19645898.0,19681596.0,19719434.0,19758334.0,19804677.0,19847703.0,19883784.0,19919155.0,19952764.0,19982879.0,20013366.0,20046787.0,20079231.0,20109507.0,20140360.0,20171529.0,20203179.0,20236220.0,20269017.0,20301501.0,20332749.0,20365284.0,20397519.0,20428202.0,20457912.0,20489271.0,20518330.0,20544843.0,20573646.0,20603482.0,20631601.0,20660703.0,20693055.0,20723639.0,20752116.0,20780661.0,20809531.0,20838890.0,20867839
i4c6m49jbu4,,,,,,,,,,,,,,,,,,,,,,,,,,,,,,,,11488.0,17037.0,23149.0,32269.0,59250.0,83359.0,105861.0,126926.0,132431.0,212294.0,424292.0,536131.0,570093.0,626838.0,685862.0,738140.0,794312.0,855647.0,912597.0,977592.0,1046607.0,1102143.0,1156858.0,1218304.0,1272355.0,1333479.0,1342358.0,1344175.0,1344966.0,1345779.0,1346412.0,1347067.0,1347726.0,1348360.0,1348917.0,1349498.0,1350106.0,1350651.0,1351275.0,1351894.0,1352561.0,1353087.0,1353499.0,1354058.0,1354580.0,1355093.0,1355665.0,1356378.0,1357012.0,1357627.0,1358046.0,1358627.0,1359066.0,1359569.0,1360115.0,1360574.0,1361118.0,1361675.0,1362252.0,1362862.0,1363397.0,1363968.0,1364579.0,1365160.0,1365647.0,1366172.0,1366640.0,1367060.0,1367579.0,1368158.0,1368619.0,1369079.0,1369627.0,1370204.0,1371149.0,1371690.0,1372122.0,1372507.0,1372909.0,1373307.0,1373793.0,1374260.0,1374705.0,1375265.0,1375766.0,1376352.0,1376882.0,1377381.0,1377972.0,1378452.0,1378893.0,1379205.0,1379542.0,1379815.0,1380148.0,1380526.0,1380960.0,1381410.0,1381799.0,1382170.0,1382520.0,1382900.0,1383255.0,,,,,,,,,1386295.0,1386647.0,1386986.0,1387392.0,1387777.0,1388135.0,1388509.0,1388847.0,1389216.0,1389530.0,1389840.0,1390156.0,1390485.0,1390775.0,1391208.0,1391575.0,1391893.0,1392207.0,1392491.0,1392735.0,1392942.0,1393209.0,1393475.0,1393815.0,1394193.0,1394504.0,1394831.0,1395185.0,1395555.0,1395894.0,1396226.0,1396543.0,1396872.0,1397141.0,1397438.0,1397687.0,1397994.0,1398300.0,1398579.0,1399018.0,1399461.0,1399943.0,1400260.0,1400602.0,1400942.0,1401323.0,1401641.0,1401988.0,1402313
WvDLvYZzC9Y,,,,,,,,,,,,,,,,,,,,,,,,,,,,,,,,2487.0,26815.0,65491.0,94885.0,117000.0,146440.0,182204.0,212647.0,236049.0,254280.0,269609.0,285627.0,304144.0,315811.0,326414.0,338454.0,351501.0,364505.0,378814.0,392060.0,401951.0,410440.0,418870.0,426421.0,433402.0,440169.0,446981.0,453253.0,458952.0,465838.0,472147.0,478402.0,485235.0,491709.0,496668.0,501203.0,506023.0,510017.0,514935.0,519656.0,524127.0,527799.0,531468.0,535221.0,538929.0,542602.0,546236.0,550083.0,553570.0,556718.0,560409.0,563887.0,567243.0,570641.0,574159.0,577468.0,580443.0,583364.0,586440.0,589647.0,592693.0,595789.0,598612.0,601539.0,604403.0,607288.0,610061.0,612867.0,615764.0,618385.0,620990.0,623784.0,626328.0,628943.0,631572.0,634371.0,636990.0,639601.0,642298.0,644709.0,647057.0,649386.0,651828.0,654315.0,656741.0,659031.0,661679.0,664255.0,666870.0,669440.0,672068.0,674452.0,676568.0,678799.0,681091.0,683424.0,685886.0,688291.0,690606.0,692923.0,695182.0,697298.0,699388.0,,,,,,,,,718121.0,720291.0,722365.0,724604.0,726739.0,728818.0,730771.0,732648.0,734715.0,736926.0,739012.0,741172.0,743297.0,745384.0,747584.0,749690.0,751687.0,753765.0,755879.0,757806.0,759654.0,761506.0,763410.0,765623.0,767633.0,769675.0,771725.0,773672.0,775755.0,777747.0,779637.0,781658.0,783832.0,785872.0,787991.0,790109.0,792001.0,794034.0,796058.0,797974.0,799963.0,801996.0,804024.0,806055.0,808007.0,809888.0,811882.0,814047.0,816256
sT24ed9AJtg,,,,,,,,,,,,,,,,,,,,,,,,,,,,,,,,3780.0,23192.0,48348.0,81582.0,123524.0,165941.0,201110.0,233248.0,266279.0,293518.0,318419.0,346669.0,379442.0,400522.0,417078.0,435411.0,452388.0,467273.0,479967.0,491138.0,503933.0,513780.0,525975.0,538367.0,549413.0,560169.0,570229.0,578495.0,585762.0,594041.0,601644.0,609238.0,615925.0,622560.0,628794.0,633739.0,639358.0,644416.0,651923.0,658892.0,664249.0,668937.0,673132.0,678347.0,683592.0,688605.0,693467.0,698749.0,703002.0,706598.0,711517.0,717011.0,721195.0,725698.0,730223.0,734113.0,737364.0,741252.0,745709.0,750737.0,755841.0,760812.0,765560.0,769326.0,773412.0,777651.0,781443.0,785116.0,789470.0,793204.0,796159.0,799283.0,802553.0,806228.0,809651.0,813488.0,817076.0,819970.0,823296.0,826591.0,830221.0,833629.0,837272.0,840317.0,842890.0,846814.0,850874.0,855086.0,859284.0,863012.0,866004.0,868853.0,871912.0,874975.0,878229.0,881129.0,884638.0,887592.0,890134.0,894531.0,898339.0,901688.0,904902.0,,,,,,,,,925281.0,926954.0,928732.0,930619.0,932132.0,933925.0,935669.0,937113.0,938907.0,940497.0,942645.0,944175.0,946590.0,948732.0,950521.0,952107.0,954041.0,956140.0,958343.0,960636.0,962381.0,963896.0,965276.0,966735.0,968316.0,969875.0,971626.0,973315.0,974697.0,975942.0,977763.0,979592.0,981386.0,983158.0,984924.0,986545.0,988077.0,989893.0,991709.0,993634.0,995639.0,997525.0,999170.0,1000506.0,1002032.0,1003561.0,1005007.0,1006611.0,1008760
BKm-Cmh-8sE,,,,,,,,,,,,,,,,,,,,,,,,,,,,,,,,44036.0,46074.0,48014.0,49815.0,51367.0,52901.0,54341.0,55462.0,57095.0,58324.0,59497.0,60765.0,62231.0,64009.0,65592.0,68187.0,69202.0,70241.0,71749.0,72910.0,74054.0,74886.0,75700.0,76655.0,77522.0,78485.0,79411.0,80408.0,81342.0,82088.0,82831.0,83633.0,84343.0,85064.0,85797.0,86447.0,87171.0,87749.0,88356.0,88967.0,89609.0,90170.0,90957.0,91638.0,92273.0,93003.0,93783.0,94618.0,95245.0,95932.0,96616.0,97237.0,97920.0,98525.0,99123.0,99581.0,100153.0,100848.0,101489.0,102147.0,102695.0,103257.0,103693.0,104142.0,104679.0,105254.0,105913.0,106469.0,106927.0,107389.0,107869.0,108243.0,108751.0,109261.0,109690.0,110174.0,110634.0,111004.0,111410.0,111762.0,112139.0,112526.0,112927.0,113303.0,113696.0,114068.0,114530.0,114965.0,115329.0,115719.0,116108.0,116388.0,116667.0,116949.0,117207.0,117512.0,117833.0,118114.0,118463.0,118748.0,119030.0,119346.0,119632.0,,,,,,,,,122477.0,122791.0,123123.0,123458.0,123828.0,124160.0,124501.0,124843.0,125226.0,125573.0,126059.0,126592.0,127112.0,127712.0,128133.0,128550.0,129019.0,129515.0,130021.0,130425.0,130843.0,131239.0,131595.0,132016.0,132464.0,132837.0,133203.0,133633.0,133916.0,134290.0,134604.0,134966.0,135335.0,135626.0,135965.0,136285.0,136519.0,136814.0,137147.0,137528.0,137881.0,138307.0,138616.0,138932.0,139280.0,139641.0,140013.0,140408.0,140771
x9aTWqMoz_k,,,,,,,,,,,,,,,,,,,,,,,,,,,,,,,,,919535.0,919698.0,919830.0,919954.0,920105.0,920278.0,920421.0,920573.0,920701.0,920829.0,920905.0,921031.0,921160.0,921261.0,921336.0,921466.0,921578.0,921682.0,921780.0,921864.0,921961.0,922037.0,922153.0,922256.0,922356.0,922475.0,922566.0,922648.0,922759.0,922834.0,922947.0,923036.0,923116.0,923210.0,923274.0,923375.0,923435.0,923506.0,923558.0,923638.0,923705.0,923772.0,923846.0,923917.0,923993.0,924046.0,924128.0,924174.0,924221.0,924287.0,924337.0,924382.0,924450.0,924516.0,924585.0,924652.0,924714.0,924775.0,924850.0,924917.0,924976.0,925044.0,925104.0,925172.0,925250.0,925327.0,925385.0,925441.0,925530.0,925632.0,925692.0,925765.0,925832.0,925894.0,925961.0,926028.0,926085.0,926140.0,926196.0,926251.0,926301.0,926371.0,926463.0,926526.0,926580.0,926619.0,926657.0,926697.0,926741.0,926807.0,926860.0,926907.0,926964.0,927017.0,927070.0,927105.0,927157.0,927224.0,927271.0,927317.0,927364.0,927414.0,,,,,,,,,927831.0,927888.0,927952.0,928010.0,928068.0,928125.0,928177.0,928219.0,928300.0,928361.0,928409.0,928457.0,928505.0,928553.0,928604.0,928651.0,928693.0,928740.0,928781.0,928835.0,928865.0,928912.0,928953.0,928988.0,929029.0,929082.0,929138.0,929194.0,929229.0,929280.0,929320.0,929363.0,929407.0,929465.0,929523.0,929573.0,929633.0,929665.0,929718.0,929797.0,929835.0,929883.0,929935.0,929942.0,930016.0,930065.0,930111.0,930184.0,930253
vvMjzTHHdww,,,,,,,,,,,,,,,,,,,,,,,,,,,,,,,,,61083.0,61287.0,61512.0,61780.0,61989.0,62156.0,62290.0,62437.0,62592.0,62756.0,62900.0,63043.0,63161.0,63262.0,63368.0,63524.0,63713.0,63863.0,64034.0,64149.0,64253.0,64399.0,64539.0,64757.0,64921.0,65092.0,65214.0,65365.0,65481.0,65652.0,65837.0,65994.0,66134.0,66262.0,66371.0,66488.0,66613.0,66752.0,66876.0,66990.0,67116.0,67208.0,67342.0,67437.0,67535.0,67663.0,67765.0,67875.0,67970.0,68048.0,68142.0,68247.0,68333.0,68438.0,68509.0,68564.0,68674.0,68756.0,68860.0,68973.0,69058.0,69159.0,69258.0,69345.0,69437.0,69564.0,69655.0,69739.0,69827.0,69896.0,69986.0,70058.0,70148.0,70233.0,70329.0,70411.0,70472.0,70571.0,70661.0,70747.0,70869.0,70974.0,71070.0,71159.0,71234.0,71319.0,71436.0,71510.0,71565.0,71630.0,71687.0,71755.0,71835.0,71899.0,71962.0,72023.0,72100.0,72170.0,72242.0,72338.0,72429.0,72520.0,,,,,,,,,73294.0,73376.0,73456.0,73543.0,73611.0,73690.0,73759.0,73826.0,73894.0,73956.0,74049.0,74152.0,74255.0,74346.0,74440.0,74513.0,74600.0,74678.0,74785.0,74856.0,74921.0,75003.0,75053.0,75123.0,75203.0,75279.0,75351.0,75429.0,75484.0,75544.0,75616.0,75691.0,75755.0,75834.0,75901.0,75976.0,76038.0,76102.0,76191.0,76254.0,76367.0,76438.0,76491.0,76552.0,76634.0,76694.0,76761.0,76846.0,76922
RGpnlEcruSU,,,,,,,,,,,,,,,,,,,,,,,,,,,,,,,,,26070.0,26107.0,26150.0,26197.0,26244.0,26278.0,26310.0,26347.0,26376.0,26413.0,26447.0,26479.0,26515.0,26539.0,26563.0,26605.0,26644.0,26669.0,26719.0,26759.0,26789.0,26826.0,26853.0,26882.0,26909.0,26944.0,26974.0,27011.0,27042.0,27071.0,27107.0,27145.0,27173.0,27210.0,27231.0,27264.0,27280.0,27324.0,27358.0,27388.0,27409.0,27461.0,27490.0,27512.0,27536.0,27570.0,27595.0,27621.0,27644.0,27673.0,27705.0,27727.0,27761.0,27806.0,27837.0,27877.0,27907.0,27934.0,27963.0,27990.0,28020.0,28049.0,28066.0,28083.0,28111.0,28164.0,28184.0,28230.0,28260.0,28282.0,28311.0,28335.0,28362.0,28389.0,28410.0,28435.0,28448.0,28461.0,28491.0,28504.0,28537.0,28569.0,28604.0,28626.0,28651.0,28683.0,28698.0,28731.0,28752.0,28775.0,28800.0,28828.0,28841.0,28866.0,28890.0,28908.0,28936.0,28966.0,28990.0,29012.0,29038.0,29063.0,,,,,,,,,29376.0,29394.0,29412.0,29435.0,29471.0,29491.0,29523.0,29556.0,29598.0,29628.0,29655.0,29691.0,29732.0,29751.0,29773.0,29797.0,29818.0,29836.0,29861.0,29886.0,29904.0,29939.0,29953.0,29980.0,30018.0,30038.0,30061.0,30073.0,30088.0,30102.0,30130.0,30148.0,30179.0,30220.0,30247.0,30264.0,30287.0,30313.0,30333.0,30356.0,30389.0,30414.0,30437.0,30456.0,30473.0,30500.0,30521.0,30547.0,30585
AvypHCP30Cs,,,,,,,,,,,,,,,,,,,,,,,,,,,,,,,,,479.0,2280.0,2795.0,3162.0,3258.0,3280.0,3285.0,3285.0,3302.0,3315.0,3332.0,3344.0,3351.0,3358.0,3364.0,3366.0,3371.0,3375.0,3377.0,3381.0,3388.0,3391.0,3397.0,3401.0,3405.0,3411.0,3416.0,3420.0,3422.0,3422.0,3422.0,3426.0,3428.0,3432.0,3435.0,3436.0,3439.0,3442.0,3444.0,3448.0,3451.0,3454.0,3461.0,3462.0,3463.0,3463.0,3467.0,3467.0,3469.0,3471.0,3472.0,3473.0,3473.0,3473.0,3473.0,3474.0,3476.0,3476.0,3477.0,3478.0,3479.0,3480.0,3480.0,3480.0,3482.0,3485.0,3486.0,3487.0,3488.0,3489.0,3490.0,3491.0,3492.0,3502.0,3503.0,3503.0,3504.0,3505.0,3505.0,3506.0,3509.0,3509.0,3509.0,3509.0,3509.0,3510.0,3510.0,3510.0,3511.0,3511.0,3511.0,3511.0,3511.0,3512.0,3512.0,3514.0,3516.0,3518.0,3520.0,3520.0,3521.0,3522.0,,,,,,,,,3530.0,3531.0,3532.0,3534.0,3534.0,3536.0,3537.0,3538.0,3539.0,3540.0,3540.0,3540.0,3540.0,3540.0,3540.0,3540.0,3541.0,3542.0,3542.0,3542.0,3542.0,3542.0,3542.0,3542.0,3542.0,3542.0,3543.0,3543.0,3543.0,3543.0,3543.0,3543.0,3544.0,3544.0,3544.0,3544.0,3544.0,3544.0,3545.0,3545.0,3545.0,3545.0,3545.0,3545.0,3545.0,3545.0,3545.0,3545.0,3545
XcZf9KI7sx4,,,,,,,,,,,,,,,,,,,,,,,,,,,,,,,,,6899.0,12115.0,14186.0,15365.0,16358.0,17219.0,18009.0,18813.0,19256.0,19597.0,20039.0,20413.0,20872.0,21174.0,21390.0,21787.0,22354.0,23022.0,23753.0,24585.0,25210.0,25774.0,26068.0,26316.0,26537.0,26681.0,26832.0,26929.0,27049.0,27136.0,27259.0,27379.0,27477.0,27591.0,39459.0,27799.0,27903.0,28051.0,28153.0,28275.0,28401.0,28529.0,28645.0,28755.0,28862.0,28966.0,29046.0,29168.0,29233.0,29319.0,29416.0,29495.0,29580.0,29648.0,29732.0,29806.0,29883.0,29959.0,30055.0,30122.0,30203.0,30272.0,30347.0,30393.0,30459.0,30528.0,30587.0,30635.0,30676.0,30734.0,30784.0,30822.0,30869.0,30920.0,30953.0,30995.0,31055.0,31107.0,31168.0,31214.0,31257.0,31295.0,31347.0,31391.0,31429.0,31472.0,31498.0,31535.0,31564.0,31602.0,31645.0,31676.0,31719.0,31743.0,31785.0,31829.0,31864.0,31897.0,31930.0,31965.0,32002.0,32031.0,,,,,,,,,32310.0,32341.0,32362.0,32384.0,32419.0,32444.0,32484.0,32505.0,32543.0,32576.0,32592.0,32613.0,32637.0,32659.0,32697.0,32728.0,32749.0,32774.0,32800.0,32829.0,32855.0,32882.0,32912.0,32937.0,32956.0,32988.0,33021.0,33043.0,33076.0,33105.0,33122.0,33147.0,33170.0,33189.0,33213.0,33236.0,33262.0,33285.0,33309.0,33326.0,33347.0,33363.0,33374.0,33406.0,33428.0,33444.0,33466.0,33493.0,33517
1_POUdzAiyA,,,,,,,,,,,,,,,,,,,,,,,,,,,,,,,,,18787.0,44017.0,62561.0,76265.0,90603.0,102455.0,109840.0,116436.0,121577.0,125827.0,129518.0,132946.0,135817.0,138203.0,141749.0,144547.0,147072.0,149485.0,151754.0,153909.0,155848.0,158849.0,160532.0,162192.0,163886.0,165522.0,166989.0,168365.0,169738.0,170990.0,172221.0,173471.0,174584.0,175597.0,176548.0,177626.0,178568.0,179857.0,181094.0,182235.0,183131.0,184020.0,184775.0,185750.0,186622.0,187585.0,188607.0,189519.0,190249.0,190920.0,191734.0,193949.0,194848.0,195692.0,196412.0,196405.0,196910.0,197603.0,198263.0,198775.0,199329.0,199931.0,200454.0,200994.0,201510.0,202048.0,202643.0,203177.0,203747.0,204267.0,204711.0,205366.0,205823.0,206390.0,206896.0,207426.0,207922.0,208450.0,209037.0,209578.0,210094.0,210653.0,211151.0,211563.0,212099.0,212635.0,213123.0,213655.0,214093.0,214577.0,215002.0,215368.0,215737.0,216150.0,216573.0,216967.0,217351.0,217772.0,218148.0,218605.0,219091.0,219607.0,,,,,,,,,223411.0,223826.0,224121.0,224578.0,225005.0,225367.0,225797.0,226193.0,226582.0,226972.0,227305.0,227663.0,227998.0,228315.0,228745.0,229149.0,229527.0,230017.0,230425.0,230879.0,231225.0,231604.0,231969.0,232329.0,232597.0,232946.0,233259.0,233622.0,233908.0,234251.0,234604.0,234973.0,235344.0,235620.0,235961.0,236283.0,236614.0,236945.0,237265.0,237553.0,237841.0,238120.0,238472.0,238774.0,239103.0,239409.0,239735.0,240012.0,240381
IgywphLf1ps,,,,,,,,,,,,,,,,,,,,,,,,,,,,,,,,,32948.0,120723.0,220958.0,310690.0,387054.0,461318.0,522464.0,578940.0,627033.0,668465.0,702684.0,737720.0,764995.0,788820.0,813019.0,836153.0,858285.0,884440.0,910657.0,930377.0,945878.0,965113.0,984933.0,1005749.0,1025505.0,1043921.0,1060601.0,1074987.0,1090815.0,1105295.0,1119116.0,1133878.0,1147597.0,1158963.0,1169092.0,1184693.0,1199432.0,1216822.0,1231696.0,1245276.0,1260482.0,1272767.0,1286262.0,1299942.0,1313290.0,1327157.0,1340428.0,1352009.0,1362151.0,1373217.0,1383532.0,1394309.0,1405849.0,1417210.0,1427670.0,1436649.0,1447083.0,1458444.0,1468575.0,1477422.0,1486431.0,1494485.0,1501499.0,1509933.0,1518327.0,1526983.0,1535664.0,1543621.0,1550666.0,1557174.0,1564767.0,1572892.0,1581454.0,1589935.0,1598621.0,1606389.0,1613365.0,1621213.0,1628783.0,1636847.0,1644803.0,1652489.0,1658901.0,1664436.0,1671390.0,1678541.0,1686042.0,1693322.0,1700175.0,1705999.0,1711078.0,1716566.0,1722491.0,1728616.0,1734683.0,1741261.0,1747609.0,1753036.0,1759041.0,1765227.0,1771508.0,1777712.0,,,,,,,,,1830555.0,1835951.0,1841583.0,1847273.0,1852839.0,1858070.0,1863375.0,1868181.0,1872570.0,1877729.0,1882910.0,1887922.0,1892873.0,1897972.0,1902250.0,1906006.0,1910803.0,1915712.0,1920856.0,1925934.0,1931126.0,1935951.0,1940354.0,1945704.0,1951878.0,1958484.0,1965269.0,1972274.0,1978305.0,1984426.0,1992135.0,1999714.0,2006538.0,2013000.0,2019051.0,2024682.0,2029337.0,2035029.0,2041007.0,2047168.0,2053450.0,2059680.0,2065201.0,2070229.0,2076465.0,2083516.0,2090574.0,2097205.0,2103642
EIL1MXBv8Pk,,,,,,,,,,,,,,,,,,,,,,,,,,,,,,,,,79666.0,853040.0,2496208.0,3184647.0,3904920.0,4753744.0,5557702.0,6364805.0,7063137.0,7099580.0,7117504.0,7131708.0,7146258.0,7157962.0,7167628.0,7176483.0,7184340.0,7192438.0,7200793.0,7207500.0,7213316.0,7218948.0,7224676.0,7230427.0,7236045.0,7241474.0,7246306.0,7251021.0,7255641.0,7260042.0,7264160.0,7268203.0,7272055.0,7275793.0,7279309.0,7282917.0,7285897.0,7289757.0,7293165.0,7296416.0,7299616.0,7302699.0,7305718.0,7308803.0,7311666.0,7314516.0,7317532.0,7320330.0,7322969.0,7325453.0,7327940.0,7330509.0,7332892.0,7335380.0,7337654.0,7339844.0,7341873.0,7343844.0,7345853.0,7347874.0,7349832.0,7351838.0,7353997.0,7355911.0,7357674.0,7359460.0,7361285.0,7363138.0,7365036.0,7366945.0,7368689.0,7370323.0,7372140.0,7373884.0,7375529.0,7377502.0,7379426.0,7381263.0,7383038.0,7384991.0,7386654.0,7388332.0,7390042.0,7391808.0,7393409.0,7394898.0,7396437.0,7397853.0,7399262.0,7400758.0,7402225.0,7403588.0,7404966.0,7406229.0,7407513.0,7408874.0,7410241.0,7411523.0,7412766.0,7413946.0,7415122.0,7416293.0,,,,,,,,,7426612.0,7427881.0,7429012.0,7430084.0,7431232.0,7432356.0,7433564.0,7434745.0,7435945.0,7437049.0,7438210.0,7439435.0,7440701.0,7441935.0,7443173.0,7444507.0,7445682.0,7446886.0,7448156.0,7449296.0,7450395.0,7451397.0,7452379.0,7453320.0,7454382.0,7455321.0,7456384.0,7457476.0,7458494.0,7459482.0,7460489.0,7461553.0,7462438.0,7463373.0,7464232.0,7465113.0,7466010.0,7466982.0,7467845.0,7468816.0,7469873.0,7470898.0,7471839.0,7472719.0,7473699.0,7474569.0,7475464.0,7476329.0,7477125
IG_KWRuAsGA,,,,,,,,,,,,,,,,,,,,,,,,,,,,,,,,,1952.0,5447.0,9641.0,12978.0,17500.0,24646.0,30623.0,34789.0,36177.0,37655.0,39064.0,40172.0,40981.0,41568.0,42214.0,42777.0,43198.0,43669.0,44077.0,44629.0,45047.0,45390.0,45669.0,45939.0,46180.0,46402.0,46579.0,46740.0,46948.0,47114.0,47262.0,47452.0,47600.0,47773.0,47896.0,48016.0,48123.0,48274.0,48413.0,48531.0,48636.0,48746.0,48855.0,49049.0,49197.0,49327.0,49427.0,49545.0,49632.0,49713.0,49805.0,49884.0,49941.0,50004.0,50060.0,50125.0,50178.0,50249.0,50319.0,50377.0,50443.0,50496.0,50547.0,50608.0,50672.0,50743.0,50798.0,50865.0,50926.0,50974.0,51020.0,51087.0,51150.0,51206.0,51263.0,51304.0,51351.0,51406.0,51463.0,51516.0,51579.0,51630.0,51680.0,51714.0,51752.0,51791.0,51830.0,51867.0,51904.0,51947.0,51966.0,52002.0,52041.0,52064.0,52086.0,52114.0,52141.0,52171.0,52200.0,52236.0,52271.0,52305.0,,,,,,,,,52607.0,52637.0,52682.0,52713.0,52758.0,52795.0,52826.0,52857.0,52876.0,52914.0,52965.0,53009.0,53059.0,53108.0,53142.0,53180.0,53226.0,53271.0,53315.0,53354.0,53388.0,53418.0,53447.0,53483.0,53511.0,53538.0,53570.0,53598.0,53615.0,53637.0,53667.0,53714.0,53746.0,53783.0,53821.0,53850.0,53885.0,53924.0,53968.0,53994.0,54029.0,54057.0,54092.0,54117.0,54146.0,54199.0,54234.0,54280.0,54328
iKcwkvQnImo,,,,,,,,,,,,,,,,,,,,,,,,,,,,,,,,,181450.0,183364.0,186000.0,187940.0,189250.0,190137.0,190799.0,191315.0,191749.0,192188.0,192527.0,192873.0,193215.0,193519.0,193770.0,194053.0,194296.0,194553.0,194749.0,194955.0,195151.0,195330.0,195532.0,195728.0,195898.0,196156.0,196354.0,196533.0,196662.0,196784.0,196917.0,197021.0,197132.0,197254.0,197380.0,197517.0,197635.0,197776.0,197881.0,197990.0,198106.0,198220.0,198327.0,198436.0,198547.0,198656.0,198732.0,198819.0,198920.0,199000.0,199078.0,199157.0,199235.0,199328.0,199440.0,199594.0,199767.0,199861.0,199971.0,200078.0,200144.0,200219.0,200308.0,200443.0,200495.0,200543.0,200604.0,200669.0,200719.0,200783.0,200836.0,200880.0,200937.0,200999.0,201056.0,201109.0,201177.0,201227.0,201268.0,201306.0,201348.0,201391.0,201439.0,201521.0,201582.0,201620.0,201666.0,201697.0,201731.0,201774.0,201833.0,201884.0,201929.0,201973.0,202030.0,202088.0,202142.0,202191.0,202253.0,202292.0,202333.0,202366.0,,,,,,,,,202792.0,202850.0,202952.0,203115.0,203229.0,203348.0,203458.0,203524.0,203609.0,203684.0,203743.0,203792.0,203832.0,203888.0,203945.0,204007.0,204064.0,204107.0,204152.0,204189.0,204242.0,204278.0,204329.0,204369.0,204402.0,204445.0,204489.0,204519.0,204548.0,204592.0,204642.0,204676.0,204707.0,204744.0,204772.0,204800.0,204844.0,204881.0,204911.0,204959.0,204983.0,205010.0,205063.0,205104.0,205143.0,205177.0,205205.0,205241.0,205269
GGYo0Ya-4xE,,,,,,,,,,,,,,,,,,,,,,,,,,,,,,,,,14431.0,800056.0,2428607.0,3920637.0,5731659.0,6729277.0,6793148.0,6884777.0,7183131.0,7198879.0,7201274.0,7203047.0,7205054.0,7206865.0,7208429.0,7209965.0,7211659.0,7213168.0,7214646.0,7216271.0,7217693.0,7219069.0,7220618.0,7222025.0,7223355.0,7224621.0,7225772.0,7226941.0,7228264.0,7229488.0,7230732.0,7231935.0,7233144.0,7234253.0,7235396.0,7236430.0,7237299.0,7238678.0,7239880.0,7240922.0,7242061.0,7243096.0,7243956.0,7244869.0,7245571.0,7246372.0,7247225.0,7247984.0,7248733.0,7249648.0,7250287.0,7251048.0,7251712.0,7252461.0,7253026.0,7253627.0,7254170.0,7254684.0,7255289.0,7255858.0,7256444.0,7256972.0,7257480.0,7258006.0,7258518.0,7259009.0,7259514.0,7260026.0,7260521.0,7261042.0,7261535.0,7262045.0,7262536.0,7263077.0,7263725.0,7264257.0,7264712.0,7265342.0,7266314.0,7267137.0,7267852.0,7268589.0,7269340.0,7270041.0,7270686.0,7271253.0,7271899.0,7272486.0,7273108.0,7273700.0,7274353.0,7275079.0,7276107.0,7276893.0,7277761.0,7278546.0,7279357.0,7280214.0,7280919.0,7281592.0,7282231.0,7282810.0,,,,,,,,,7287796.0,7288358.0,7288807.0,7289244.0,7289714.0,7290288.0,7290881.0,7291552.0,7292128.0,7292644.0,7293142.0,7293691.0,7294268.0,7294795.0,7295393.0,7295918.0,7296534.0,7297028.0,7297581.0,7298086.0,7298534.0,7299063.0,7299541.0,7299973.0,7300416.0,7300858.0,7301394.0,7301923.0,7302495.0,7302957.0,7303474.0,7303969.0,7304525.0,7305014.0,7305526.0,7306051.0,7306558.0,7306990.0,7307497.0,7307979.0,7308462.0,7308915.0,7309440.0,7309847.0,7310373.0,7310807.0,7311274.0,7311805.0,7312278
y9siAY03BCQ,,,,,,,,,,,,,,,,,,,,,,,,,,,,,,,,,384892.0,1208654.0,2080089.0,2937678.0,3764247.0,4606273.0,5061268.0,5320768.0,5622812.0,5906500.0,6183126.0,6446304.0,6731907.0,6977369.0,8432676.0,8605159.0,8616615.0,8626770.0,8637457.0,8649524.0,8659548.0,8669295.0,8679530.0,8689623.0,8699775.0,8709951.0,8720340.0,8730668.0,8740168.0,8749212.0,8757928.0,8766453.0,8775063.0,8783225.0,8791439.0,8799238.0,8806260.0,8814900.0,8822698.0,8830137.0,8837730.0,8844946.0,8852125.0,8858850.0,8866289.0,8873238.0,8881728.0,8890179.0,8897789.0,8904638.0,8910929.0,8917325.0,8923522.0,8929999.0,8936237.0,8942309.0,8948473.0,8954507.0,8960135.0,8965527.0,8971053.0,8976976.0,8982913.0,8988444.0,8993493.0,8998610.0,9003840.0,9008951.0,9014482.0,9019930.0,9025198.0,9030432.0,9035960.0,9041166.0,9046458.0,9051840.0,9057455.0,9062566.0,9067444.0,9072230.0,9076829.0,9081523.0,9086445.0,9091779.0,9096519.0,9101246.0,9106210.0,9111186.0,9116011.0,9121570.0,9127212.0,9132322.0,9137357.0,9143160.0,9149373.0,9155295.0,9160843.0,9166252.0,9171110.0,9175824.0,9180507.0,9185016.0,,,,,,,,,9240203.0,9251402.0,9261649.0,9270858.0,9279510.0,9287962.0,9295860.0,9302709.0,9311023.0,9318557.0,9326327.0,9333612.0,9341253.0,9348554.0,9355695.0,9362557.0,9369346.0,9375598.0,9381881.0,9388181.0,9394493.0,9400867.0,9407129.0,9413153.0,9419205.0,9425169.0,9431112.0,9437668.0,9444485.0,9451723.0,9458686.0,9465214.0,9471880.0,9477981.0,9484378.0,9490470.0,9496500.0,9502015.0,9507716.0,9513334.0,9518879.0,9524495.0,9530219.0,9535641.0,9540775.0,9545694.0,9550783.0,9555852.0,9560721
gjHcbWTXqEY,,,,,,,,,,,,,,,,,,,,,,,,,,,,,,,,,,877604.0,2755728.0,4185990.0,5643143.0,7000903.0,8113509.0,8194824.0,8278013.0,8349391.0,8424993.0,8488206.0,8542670.0,8588921.0,8631458.0,8679366.0,8724283.0,8765408.0,8802069.0,8836055.0,8867987.0,8899097.0,8930410.0,8961241.0,8992611.0,9025101.0,9055324.0,9084087.0,9111345.0,9139749.0,9167504.0,9193557.0,9220513.0,9245208.0,9268818.0,9293808.0,9317539.0,9349743.0,9374161.0,9395710.0,9419512.0,9443604.0,9468462.0,9494551.0,9520450.0,9541862.0,9568006.0,9592908.0,9613098.0,9636791.0,9662181.0,9687527.0,9712348.0,9733848.0,9753959.0,9773520.0,9793220.0,9815031.0,9837528.0,9858205.0,9881211.0,9905548.0,9928679.0,9953091.0,9977056.0,10003122.0,10028944.0,10050967.0,10073477.0,10093257.0,10113865.0,10136495.0,10159572.0,10183240.0,10204073.0,10223159.0,10240523.0,10258781.0,10276804.0,10296214.0,10314288.0,10333611.0,10352013.0,10369239.0,10388679.0,10409741.0,10431526.0,10452106.0,10472054.0,10491293.0,10506317.0,10520250.0,10536248.0,10551960.0,10568390.0,10589749.0,10609516.0,10627103.0,10647036.0,10668961.0,10690328.0,10708948.0,,,,,,,,,10859695.0,10878595.0,10895808.0,10914326.0,10933467.0,10950131.0,10967579.0,10985208.0,11003619.0,11021855.0,11041383.0,11060768.0,11079249.0,11097941.0,11112396.0,11127004.0,11143275.0,11160758.0,11177418.0,11193198.0,11209672.0,11226922.0,11242731.0,11260863.0,11279572.0,11301753.0,11323202.0,11345885.0,11366250.0,11385407.0,11405063.0,11426277.0,11448188.0,11469259.0,11489815.0,11509830.0,11528843.0,11548946.0,11570517.0,11592564.0,11614196.0,11635154.0,11656580.0,11675589.0,11696266.0,11716944.0,11736724.0,11754588.0,11771647
h7ouCL2WZ5o,,,,,,,,,,,,,,,,,,,,,,,,,,,,,,,,,,850.0,962.0,1002.0,1019.0,1030.0,1061.0,1071.0,1079.0,1082.0,1082.0,1085.0,1089.0,1093.0,1093.0,1094.0,1095.0,1096.0,1096.0,1097.0,1098.0,1101.0,1101.0,1101.0,1101.0,1101.0,1101.0,1103.0,1104.0,1103.0,1103.0,1103.0,1104.0,1104.0,1104.0,1104.0,1104.0,1105.0,1105.0,1105.0,1105.0,1107.0,1107.0,1107.0,1107.0,1107.0,1107.0,1107.0,1108.0,1108.0,1108.0,1108.0,1108.0,1109.0,1110.0,1111.0,1112.0,1112.0,1112.0,1112.0,1112.0,1112.0,1112.0,1112.0,1113.0,1113.0,1113.0,1113.0,1113.0,1113.0,1113.0,1114.0,1115.0,1115.0,1115.0,1115.0,1115.0,1115.0,1115.0,1115.0,1115.0,1115.0,1116.0,1116.0,1116.0,1116.0,1116.0,1116.0,1116.0,1116.0,1116.0,1116.0,1116.0,1116.0,1116.0,1116.0,1116.0,1116.0,1116.0,1116.0,1116.0,1116.0,,,,,,,,,1116.0,1116.0,1116.0,1116.0,1116.0,1116.0,1116.0,1116.0,1116.0,1116.0,1116.0,1116.0,1116.0,1116.0,1118.0,1118.0,1118.0,1118.0,1119.0,1119.0,1119.0,1119.0,1119.0,1119.0,1119.0,1119.0,1119.0,1119.0,1119.0,1119.0,1119.0,1119.0,1119.0,1119.0,1119.0,1119.0,1119.0,1119.0,1119.0,1119.0,1119.0,1119.0,1119.0,1119.0,1119.0,1119.0,1119.0,1119.0,1119
fCVqOG8F8NI,,,,,,,,,,,,,,,,,,,,,,,,,,,,,,,,,,278.0,350.0,373.0,392.0,401.0,411.0,421.0,429.0,439.0,444.0,449.0,458.0,461.0,462.0,464.0,470.0,473.0,481.0,486.0,489.0,491.0,492.0,494.0,499.0,503.0,507.0,516.0,532.0,544.0,556.0,559.0,565.0,570.0,571.0,574.0,575.0,576.0,577.0,581.0,586.0,592.0,594.0,597.0,599.0,602.0,604.0,610.0,612.0,613.0,613.0,614.0,621.0,625.0,627.0,631.0,635.0,637.0,639.0,642.0,642.0,643.0,647.0,649.0,653.0,655.0,657.0,658.0,659.0,661.0,664.0,668.0,669.0,671.0,671.0,671.0,675.0,678.0,680.0,682.0,685.0,687.0,687.0,688.0,689.0,689.0,689.0,689.0,690.0,692.0,703.0,708.0,718.0,723.0,728.0,739.0,747.0,754.0,762.0,765.0,770.0,770.0,,,,,,,,,793.0,793.0,798.0,798.0,799.0,801.0,801.0,803.0,803.0,804.0,804.0,804.0,806.0,806.0,808.0,809.0,810.0,811.0,812.0,812.0,815.0,815.0,819.0,819.0,820.0,820.0,820.0,820.0,820.0,822.0,823.0,824.0,824.0,824.0,824.0,825.0,825.0,826.0,826.0,827.0,829.0,831.0,831.0,832.0,832.0,834.0,835.0,838.0,838
eM8wJQUvqtI,,,,,,,,,,,,,,,,,,,,,,,,,,,,,,,,,,7160.0,14144.0,20185.0,26002.0,35164.0,43924.0,48405.0,50832.0,53355.0,56434.0,59685.0,62214.0,64267.0,66618.0,68748.0,70937.0,72765.0,74364.0,75439.0,76364.0,77638.0,79061.0,80316.0,81440.0,82674.0,83751.0,84639.0,85285.0,86217.0,87058.0,87614.0,87973.0,88229.0,88557.0,88884.0,89155.0,89686.0,90118.0,90498.0,90809.0,91082.0,91308.0,91615.0,91887.0,92146.0,92377.0,92672.0,92965.0,93336.0,93723.0,94082.0,94436.0,94841.0,95239.0,95697.0,96180.0,96759.0,97378.0,98183.0,98806.0,99580.0,100291.0,101313.0,101846.0,102260.0,102588.0,102989.0,103245.0,103494.0,103772.0,104126.0,104477.0,104857.0,105185.0,105467.0,105636.0,105912.0,106124.0,106370.0,106639.0,106892.0,107136.0,107297.0,107463.0,107705.0,107943.0,108236.0,108503.0,108700.0,108907.0,109122.0,109289.0,109447.0,109656.0,109904.0,110047.0,110211.0,110327.0,110478.0,110657.0,110839.0,,,,,,,,,112800.0,113039.0,113223.0,113473.0,113783.0,114175.0,114551.0,114890.0,115237.0,115607.0,115986.0,116445.0,116849.0,117256.0,117644.0,117918.0,118285.0,118640.0,119109.0,119475.0,119693.0,119851.0,120035.0,120230.0,120433.0,120629.0,120867.0,121033.0,121174.0,121263.0,121423.0,121617.0,121805.0,122034.0,122275.0,122468.0,122649.0,122848.0,123070.0,123319.0,123547.0,123841.0,124095.0,124289.0,124560.0,124925.0,125249.0,125541.0,125948
nhntH2wn3m0,,,,,,,,,,,,,,,,,,,,,,,,,,,,,,,,,,646365.0,979435.0,1511536.0,1910618.0,1973530.0,1991937.0,1993264.0,1994773.0,1996311.0,2074242.0,2247457.0,2388962.0,2542770.0,2682611.0,2846738.0,2988598.0,3112806.0,3247613.0,3392362.0,3533632.0,3677086.0,3813468.0,3977853.0,4162412.0,4183364.0,4187387.0,4188291.0,4189642.0,4191082.0,4192292.0,4193546.0,4194740.0,4196009.0,4197305.0,4198577.0,4199568.0,4200749.0,4201845.0,4202833.0,4203730.0,4204673.0,4205668.0,4206703.0,4207741.0,4208785.0,4209708.0,4210468.0,4211319.0,4212215.0,4213015.0,4213735.0,4214414.0,4215013.0,4215746.0,4216472.0,4217339.0,4218172.0,4218844.0,4219529.0,4220267.0,4220985.0,4221645.0,4222293.0,4222935.0,4223484.0,4224158.0,4224839.0,4225578.0,4226247.0,4226896.0,4227498.0,4228071.0,4228672.0,4229308.0,4229886.0,4230590.0,4231325.0,4231972.0,4232699.0,4233320.0,4234012.0,4234606.0,4235265.0,4235952.0,4236506.0,4237200.0,4237822.0,4238507.0,4239235.0,4240082.0,4240842.0,4241732.0,4242715.0,4243723.0,4244725.0,4245825.0,4246920.0,4248008.0,4248960.0,4249933.0,4250891.0,,,,,,,,,4259099.0,4259954.0,4260859.0,4261711.0,4262569.0,4263234.0,4263868.0,4264506.0,4265312.0,4266053.0,4266708.0,4267413.0,4268238.0,4268970.0,4269707.0,4270470.0,4271204.0,4271863.0,4272591.0,4273296.0,4274039.0,4274686.0,4275584.0,4276391.0,4277166.0,4277982.0,4278858.0,4279814.0,4280759.0,4281922.0,4283073.0,4284165.0,4285210.0,4286190.0,4287208.0,4288198.0,4289193.0,4290159.0,4291091.0,4292008.0,4292923.0,4293821.0,4294752.0,4295630.0,4296561.0,4297424.0,4298308.0,4299208.0,4300001
VSlfs3s5mtk,,,,,,,,,,,,,,,,,,,,,,,,,,,,,,,,,,3579967.0,4515309.0,5143327.0,6752968.0,7030097.0,7185992.0,7274525.0,7339898.0,7395039.0,7442895.0,7485845.0,7523608.0,7556447.0,7584977.0,7613142.0,7633971.0,7653196.0,7672363.0,7693157.0,7710259.0,7725156.0,7740559.0,7754401.0,7767531.0,7780935.0,7795103.0,7808853.0,7820749.0,7832220.0,7842776.0,7853629.0,7865397.0,7877088.0,7887088.0,7896240.0,7903831.0,7913327.0,7922040.0,7931003.0,7941000.0,7950513.0,7958858.0,7966716.0,7974509.0,7982318.0,7990310.0,7998919.0,8007095.0,8014177.0,8021085.0,8028094.0,8035157.0,8042454.0,8050054.0,8057260.0,8063362.0,8068890.0,8074428.0,8079964.0,8085812.0,8092909.0,8099970.0,8105264.0,8110451.0,8115615.0,8121311.0,8127267.0,8134618.0,8141272.0,8145633.0,8150031.0,8154544.0,8158707.0,8162970.0,8168572.0,8174053.0,8178142.0,8181675.0,8185305.0,8189060.0,8192984.0,8198357.0,8203291.0,8206833.0,8210167.0,8213612.0,8217043.0,8220892.0,8225284.0,8229695.0,8233151.0,8236637.0,8239774.0,8243175.0,8247162.0,8251988.0,8256683.0,8259990.0,8263347.0,8266795.0,8270061.0,,,,,,,,,8306408.0,8311451.0,8315241.0,8318664.0,8322205.0,8325720.0,8329125.0,8333450.0,8338292.0,8341831.0,8345275.0,8348927.0,8352821.0,8356831.0,8361294.0,8365715.0,8369125.0,8372118.0,8375134.0,8377929.0,8380956.0,8384727.0,8388681.0,8391675.0,8394430.0,8397255.0,8400039.0,8403091.0,8406715.0,8410259.0,8412861.0,8415319.0,8418140.0,8420764.0,8423468.0,8427247.0,8430686.0,8433240.0,8435852.0,8438418.0,8441012.0,8443890.0,8447549.0,8450950.0,8453648.0,8456303.0,8459126.0,8461878.0,8464746
uav-2BxMv9U,,,,,,,,,,,,,,,,,,,,,,,,,,,,,,,,,,50262.0,78165.0,104607.0,137225.0,181595.0,223571.0,249706.0,270066.0,290822.0,314120.0,339077.0,358815.0,375024.0,400627.0,420618.0,437203.0,452364.0,467032.0,481223.0,493415.0,505407.0,518287.0,530204.0,541997.0,553590.0,564718.0,575213.0,586254.0,597621.0,608267.0,618624.0,628445.0,638127.0,647148.0,656866.0,664840.0,674639.0,683532.0,691877.0,700292.0,708382.0,716610.0,724859.0,734415.0,744237.0,754219.0,764091.0,774024.0,783265.0,791923.0,800862.0,809288.0,818554.0,828127.0,837179.0,845857.0,854323.0,862867.0,871187.0,879774.0,888084.0,896495.0,904777.0,912314.0,919607.0,927015.0,934406.0,942322.0,950271.0,957927.0,965307.0,972639.0,980253.0,987945.0,995526.0,1003449.0,1010890.0,1017903.0,1025385.0,1032953.0,1040308.0,1048289.0,1056291.0,1064287.0,1071998.0,1079382.0,1086931.0,1094847.0,1102705.0,1110599.0,1118211.0,1125553.0,1132816.0,1139978.0,1147799.0,1156625.0,1165278.0,1173125.0,1180752.0,1187989.0,1195075.0,,,,,,,,,1265620.0,1273955.0,1281879.0,1289198.0,1297723.0,1305863.0,1313031.0,1320178.0,1329213.0,1337179.0,1344574.0,1352225.0,1360830.0,1369680.0,1379294.0,1389019.0,1398172.0,1406697.0,1415378.0,1422923.0,1429798.0,1437232.0,1445179.0,1453881.0,1462078.0,1470326.0,1479696.0,1488848.0,1498220.0,1507740.0,1516920.0,1526249.0,1536785.0,1547392.0,1556962.0,1567346.0,1577304.0,1587445.0,1596990.0,1606130.0,1615829.0,1626039.0,1636954.0,1647733.0,1658228.0,1667761.0,1677408.0,1687535.0,1697385
TaMDD8tebc0,,,,,,,,,,,,,,,,,,,,,,,,,,,,,,,,,,,8046.0,10959.0,13053.0,14222.0,15170.0,16048.0,16797.0,17368.0,17729.0,18091.0,18500.0,18899.0,19365.0,19440.0,19576.0,19710.0,19765.0,19792.0,19837.0,19886.0,19925.0,19958.0,19986.0,20006.0,20015.0,20050.0,20061.0,20081.0,20103.0,20125.0,20142.0,20151.0,20175.0,20192.0,20196.0,20201.0,20204.0,20215.0,20224.0,20232.0,20235.0,20245.0,20259.0,20263.0,20275.0,20278.0,20288.0,20294.0,20302.0,20313.0,20320.0,20324.0,20328.0,20333.0,20338.0,20340.0,20342.0,20347.0,20351.0,20356.0,20365.0,20367.0,20373.0,20377.0,20380.0,20382.0,20384.0,20386.0,20387.0,20392.0,20395.0,20399.0,20401.0,20404.0,20405.0,20410.0,20410.0,20411.0,20412.0,20412.0,20416.0,20417.0,20419.0,20420.0,20420.0,20421.0,20421.0,20423.0,20429.0,20432.0,20434.0,20435.0,20438.0,20445.0,20447.0,20451.0,20451.0,20457.0,20459.0,20462.0,,,,,,,,,20471.0,20473.0,20473.0,20474.0,20477.0,20477.0,20477.0,20478.0,20478.0,20480.0,20481.0,20481.0,20482.0,20483.0,20485.0,20486.0,20487.0,20490.0,20491.0,20494.0,20496.0,20496.0,20496.0,20499.0,20501.0,20504.0,20505.0,20506.0,20507.0,20507.0,20508.0,20512.0,20513.0,20515.0,20517.0,20521.0,20522.0,20523.0,20525.0,20527.0,20527.0,20528.0,20531.0,20532.0,20533.0,20534.0,20534.0,20534.0,20534
Ui6G36AH2cQ,,,,,,,,,,,,,,,,,,,,,,,,,,,,,,,,,,,37643.0,109039.0,165821.0,206390.0,240150.0,272891.0,307544.0,337591.0,362387.0,383026.0,401242.0,416298.0,431487.0,446648.0,460758.0,472163.0,482376.0,492128.0,500102.0,508476.0,517373.0,525926.0,534805.0,542820.0,549968.0,557037.0,565053.0,573147.0,580973.0,588476.0,595622.0,602076.0,607892.0,614119.0,619229.0,626265.0,633081.0,641296.0,649261.0,655396.0,663039.0,670585.0,677792.0,684557.0,690783.0,696699.0,702240.0,708582.0,715260.0,721934.0,728613.0,735035.0,740678.0,745715.0,751655.0,757700.0,763958.0,770130.0,775857.0,780760.0,785046.0,790546.0,796023.0,801531.0,807005.0,812411.0,822796.0,832116.0,841981.0,850779.0,858330.0,866219.0,872948.0,878563.0,883813.0,890245.0,896659.0,903083.0,909496.0,915734.0,921208.0,926158.0,932251.0,938495.0,944708.0,950604.0,956422.0,961287.0,965630.0,970580.0,976332.0,981661.0,987103.0,992955.0,1000109.0,1005083.0,1009375.0,1014089.0,1018959.0,1024141.0,,,,,,,,,1063326.0,1067749.0,1072736.0,1077702.0,1082303.0,1086666.0,1090700.0,1094114.0,1097216.0,1101106.0,1104957.0,1108850.0,1113039.0,1117182.0,1120859.0,1124049.0,1127906.0,1132024.0,1135971.0,1139746.0,1143514.0,1146871.0,1149679.0,1153195.0,1156893.0,1160344.0,1163764.0,1167162.0,1169955.0,1172444.0,1175522.0,1178899.0,1182152.0,1185323.0,1188269.0,1190701.0,1192929.0,1195680.0,1198692.0,1201688.0,1204604.0,1206853.0,1209028.0,1211000.0,1213597.0,1215989.0,1218419.0,1221328.0,1223960
fcBpQYnNsQ0,,,,,,,,,,,,,,,,,,,,,,,,,,,,,,,,,,,13056.0,28586.0,34395.0,37601.0,41280.0,45364.0,51179.0,56064.0,58462.0,60522.0,62167.0,63764.0,65117.0,66697.0,68021.0,69364.0,70638.0,71749.0,72622.0,73787.0,74761.0,75737.0,76784.0,77718.0,78653.0,79455.0,80216.0,81107.0,81907.0,82860.0,83575.0,84197.0,84782.0,85389.0,86037.0,86840.0,87444.0,88131.0,88850.0,89500.0,90183.0,90722.0,91412.0,92065.0,92702.0,93348.0,93973.0,94583.0,95168.0,95795.0,96451.0,97123.0,97674.0,98325.0,98980.0,99571.0,100129.0,100726.0,101289.0,101962.0,102424.0,102995.0,103501.0,104076.0,104639.0,105383.0,105986.0,106616.0,107317.0,107904.0,108556.0,109236.0,109853.0,110405.0,110995.0,111561.0,112173.0,112800.0,113365.0,113922.0,114446.0,114828.0,115258.0,115658.0,116089.0,116543.0,116949.0,117377.0,117662.0,117994.0,118415.0,118745.0,119089.0,119376.0,119673.0,119944.0,120227.0,120516.0,120871.0,121125.0,,,,,,,,,124011.0,124316.0,124748.0,125174.0,125534.0,125919.0,126380.0,126836.0,127255.0,127562.0,127899.0,128202.0,128558.0,128882.0,129220.0,129564.0,129956.0,130301.0,130647.0,131001.0,131324.0,131665.0,131992.0,132292.0,132633.0,132959.0,133307.0,133671.0,134062.0,134338.0,134683.0,135004.0,135306.0,135555.0,135841.0,136046.0,136298.0,136593.0,136875.0,137250.0,137552.0,137853.0,138097.0,138429.0,138768.0,139130.0,139470.0,139812.0,140114
HxROxHdBQ2g,,,,,,,,,,,,,,,,,,,,,,,,,,,,,,,,,,,,,197918.0,198178.0,198442.0,198756.0,199122.0,199407.0,199704.0,200021.0,200428.0,200781.0,201146.0,201453.0,201677.0,201923.0,202147.0,202363.0,202568.0,202805.0,203039.0,203252.0,203446.0,203637.0,203859.0,204085.0,204295.0,204564.0,204814.0,205052.0,205294.0,205574.0,205820.0,206088.0,206362.0,206669.0,206975.0,207305.0,207562.0,207832.0,208137.0,208433.0,208664.0,208902.0,209157.0,209445.0,209666.0,209949.0,210169.0,210444.0,210721.0,211029.0,211339.0,211564.0,211786.0,212022.0,212241.0,212447.0,212668.0,212891.0,213102.0,213277.0,213480.0,213692.0,213864.0,214067.0,214234.0,214445.0,214645.0,214840.0,215042.0,215247.0,215408.0,215601.0,215793.0,215925.0,216133.0,216317.0,216485.0,216616.0,216801.0,216984.0,217195.0,217373.0,217517.0,217697.0,217883.0,218088.0,218290.0,218463.0,218671.0,218867.0,219051.0,219311.0,219496.0,219675.0,219864.0,220062.0,220270.0,220446.0,,,,,,,,,222515.0,222735.0,222937.0,223155.0,223475.0,223746.0,224065.0,224390.0,224705.0,225035.0,225300.0,225601.0,225896.0,226165.0,226438.0,226737.0,226993.0,227253.0,227566.0,227737.0,227913.0,228084.0,228271.0,228455.0,228658.0,228822.0,229026.0,229212.0,229366.0,229531.0,229693.0,229867.0,229994.0,230123.0,230262.0,230397.0,230503.0,230626.0,230735.0,230847.0,230972.0,231060.0,231158.0,231264.0,231365.0,231463.0,231567.0,231666.0,231767
wxJn3ntOzo0,,,,,,,,,,,,,,,,,,,,,,,,,,,,,,,,,,,,,918600.0,966132.0,1013522.0,1046468.0,1080057.0,1118028.0,1141087.0,1169423.0,1202038.0,1224581.0,1245997.0,1267864.0,1283846.0,1298014.0,1314260.0,1327905.0,1342004.0,1357555.0,1375737.0,1395541.0,1412899.0,1431006.0,1452375.0,1469968.0,1488222.0,1505266.0,1520648.0,1537276.0,1554636.0,1571221.0,1587884.0,1603981.0,1615810.0,1631315.0,1646167.0,1663621.0,1681499.0,1698172.0,1712906.0,1727768.0,1742467.0,1757830.0,1774183.0,1788576.0,1801004.0,1816081.0,1830151.0,1842500.0,1853634.0,1867172.0,1883764.0,1895648.0,1908449.0,1926259.0,1942089.0,1956150.0,1971457.0,1985045.0,1995911.0,2006904.0,2015130.0,2023979.0,2033886.0,2043820.0,2055752.0,2068377.0,2077951.0,2087389.0,2095528.0,2103454.0,2112312.0,2121353.0,2133322.0,2145196.0,2156336.0,2165747.0,2174648.0,2183803.0,2193125.0,2199789.0,2206640.0,2212777.0,2219004.0,2226260.0,2233524.0,2241738.0,2248598.0,2256076.0,2262749.0,2270731.0,2276584.0,2283808.0,2291284.0,2297237.0,2302068.0,2307438.0,2313023.0,2319203.0,,,,,,,,,2365816.0,2369895.0,2373980.0,2378265.0,2382454.0,2386518.0,2390889.0,2395605.0,2400121.0,2404220.0,2408131.0,2412424.0,2418407.0,2423664.0,2429379.0,2433932.0,2437891.0,2441806.0,2446368.0,2451475.0,2456491.0,2461780.0,2466653.0,2471041.0,2475493.0,2480161.0,2485017.0,2490311.0,2495579.0,2499710.0,2503799.0,2507442.0,2511551.0,2515801.0,2520892.0,2525884.0,2530476.0,2535206.0,2539806.0,2544325.0,2548754.0,2553942.0,2560112.0,2565750.0,2571673.0,2577562.0,2583566.0,2590265.0,2598108
yebNIHKAC4A,,,,,,,,,,,,,,,,,,,,,,,,,,,,,,,,,,,,,39470530.0,42681105.0,45799005.0,48622518.0,51520260.0,54498813.0,57641523.0,61048726.0,64831526.0,68577378.0,72047700.0,75858434.0,79654692.0,83429918.0,87477055.0,92252361.0,96728545.0,101014265.0,104878241.0,108782192.0,112754827.0,116762580.0,121337160.0,125932787.0,130059164.0,134251091.0,138451739.0,142798802.0,147439897.0,152542994.0,157428119.0,161715302.0,165401345.0,170415564.0,174939040.0,179725596.0,185194556.0,190598952.0,195316060.0,199958868.0,204809595.0,209972315.0,215355544.0,221176495.0,227134137.0,232227319.0,236977013.0,241757881.0,246592691.0,251771605.0,257930250.0,264050141.0,269192060.0,274051253.0,278834787.0,283753998.0,289084585.0,295334554.0,301684276.0,306590031.0,311057013.0,315645590.0,320257653.0,325080353.0,331242596.0,337639730.0,342350749.0,346740563.0,351254664.0,355843621.0,361690666.0,369660930.0,377752776.0,384003589.0,389661249.0,395387740.0,401212277.0,407717921.0,415838137.0,424158493.0,430451001.0,436186552.0,441773545.0,447283835.0,453317228.0,460671105.0,468396010.0,474324842.0,479977678.0,485757231.0,491945611.0,498698942.0,506902650.0,514947005.0,521187051.0,526690017.0,532093562.0,537467697.0,,,,,,,,,595744975.0,604151269.0,610306922.0,616009918.0,621567960.0,627200180.0,633120540.0,640368405.0,648234330.0,654164019.0,659318882.0,664420829.0,670188901.0,676083056.0,683416274.0,690833236.0,696409436.0,701578910.0,706911502.0,712316694.0,718047883.0,725206523.0,732578421.0,738067276.0,743242245.0,748150659.0,753105721.0,758564933.0,765094789.0,771629620.0,776782593.0,781570122.0,786391995.0,791516802.0,797070877.0,803440412.0,809761339.0,814615048.0,819448192.0,824224531.0,829016293.0,833989090.0,840178792.0,846381657.0,851488814.0,856068819.0,860667551.0,865288320.0,870037303
JGm4y5LrNck,,,,,,,,,,,,,,,,,,,,,,,,,,,,,,,,,,,,,10901.0,12462.0,13624.0,14425.0,15040.0,15363.0,15670.0,16012.0,16258.0,16467.0,16611.0,16758.0,16887.0,17073.0,17207.0,17342.0,17440.0,17556.0,17687.0,17791.0,17869.0,17971.0,18046.0,18158.0,18281.0,18397.0,18503.0,18609.0,18696.0,18774.0,18863.0,19006.0,19097.0,19184.0,19277.0,19356.0,19450.0,19527.0,19583.0,19686.0,19780.0,19863.0,19911.0,19960.0,20025.0,20082.0,20125.0,20187.0,20233.0,20280.0,20327.0,20370.0,20420.0,20471.0,20513.0,20559.0,20623.0,20666.0,20707.0,20750.0,20816.0,20864.0,20904.0,20949.0,20995.0,21044.0,21092.0,21132.0,21180.0,21212.0,21265.0,21307.0,21347.0,21395.0,21431.0,21467.0,21512.0,21556.0,21601.0,21641.0,21669.0,21720.0,21763.0,21795.0,21833.0,21853.0,21877.0,21902.0,21933.0,21941.0,21962.0,21998.0,22033.0,22071.0,22087.0,22119.0,22142.0,22169.0,,,,,,,,,22408.0,22421.0,22439.0,22467.0,22482.0,22510.0,22530.0,22556.0,22577.0,22599.0,22610.0,22630.0,22649.0,22674.0,22699.0,22726.0,22754.0,22772.0,22795.0,22820.0,22843.0,22859.0,22877.0,22919.0,22947.0,22964.0,22988.0,23003.0,23028.0,23044.0,23057.0,23085.0,23099.0,23110.0,23126.0,23151.0,23169.0,23174.0,23193.0,23215.0,23233.0,23252.0,23266.0,23274.0,23293.0,23311.0,23324.0,23343.0,23354
_rZv_WE4tNM,,,,,,,,,,,,,,,,,,,,,,,,,,,,,,,,,,,,,,34560.0,45333.0,52236.0,55406.0,57721.0,59164.0,59938.0,60326.0,60514.0,60633.0,60754.0,60852.0,60946.0,61018.0,61087.0,61142.0,61184.0,61233.0,61294.0,61347.0,61380.0,61423.0,61474.0,61515.0,61545.0,61591.0,61620.0,61642.0,61681.0,61726.0,61767.0,61794.0,61830.0,61871.0,61896.0,61918.0,61935.0,61963.0,61988.0,62010.0,62031.0,62044.0,62062.0,62083.0,62094.0,62116.0,62136.0,62154.0,62179.0,62188.0,62202.0,62216.0,62239.0,62261.0,62279.0,62292.0,62317.0,62339.0,62355.0,62369.0,62396.0,62412.0,62427.0,62449.0,62469.0,62500.0,62517.0,62525.0,62544.0,62557.0,62584.0,62627.0,62638.0,62653.0,62653.0,62678.0,62703.0,62725.0,62739.0,62757.0,62773.0,62793.0,62815.0,62845.0,62875.0,62882.0,62908.0,62926.0,62941.0,62964.0,62983.0,62997.0,63022.0,63041.0,63056.0,63078.0,63086.0,,,,,,,,,63237.0,63257.0,63271.0,63283.0,63296.0,63311.0,63325.0,63344.0,63360.0,63367.0,63375.0,63398.0,63409.0,63430.0,63437.0,63451.0,63464.0,63475.0,63492.0,63513.0,63527.0,63531.0,63536.0,63543.0,63555.0,63566.0,63577.0,63590.0,63595.0,63606.0,63613.0,63619.0,63631.0,63635.0,63644.0,63652.0,63661.0,63672.0,63691.0,63709.0,63725.0,63741.0,63759.0,63769.0,63780.0,63790.0,63802.0,63807.0,63818
fnwrXSoMWQY,,,,,,,,,,,,,,,,,,,,,,,,,,,,,,,,,,,,,,124491.0,125257.0,125996.0,126888.0,127605.0,128251.0,129110.0,129773.0,130331.0,131007.0,131836.0,132601.0,133354.0,134140.0,134873.0,135566.0,136231.0,136920.0,137549.0,138169.0,138824.0,139551.0,140113.0,140730.0,141334.0,141962.0,142573.0,143304.0,143915.0,144421.0,145105.0,145648.0,146388.0,147009.0,147552.0,148106.0,148598.0,149205.0,149776.0,150448.0,151091.0,151710.0,152264.0,152864.0,153423.0,154112.0,154673.0,155329.0,155976.0,156562.0,157051.0,157574.0,158134.0,158697.0,159262.0,159802.0,160390.0,160886.0,161365.0,161839.0,162563.0,163278.0,163928.0,164601.0,165224.0,165826.0,166556.0,167407.0,168267.0,169223.0,170143.0,171084.0,171863.0,172770.0,173645.0,174540.0,175338.0,176244.0,177143.0,178092.0,178909.0,179710.0,180518.0,181304.0,182157.0,182899.0,183615.0,184334.0,185042.0,185761.0,186481.0,187295.0,188018.0,188794.0,189604.0,190397.0,191188.0,,,,,,,,,197321.0,197996.0,198651.0,199248.0,199917.0,200480.0,201016.0,201689.0,202261.0,202823.0,203441.0,204006.0,204622.0,205170.0,205823.0,206386.0,206902.0,207480.0,207933.0,208574.0,209033.0,209558.0,209988.0,210496.0,211040.0,211572.0,212114.0,212636.0,213310.0,213894.0,214337.0,214975.0,215486.0,215952.0,216430.0,216880.0,217428.0,217869.0,218338.0,218785.0,219308.0,219806.0,220230.0,220704.0,221152.0,221638.0,222152.0,222624.0,223229
I59enzHf2bs,,,,,,,,,,,,,,,,,,,,,,,,,,,,,,,,,,,,,,,5430.0,16102.0,21476.0,26611.0,32963.0,40741.0,48890.0,57870.0,68714.0,77200.0,84765.0,90963.0,96524.0,101390.0,107777.0,114333.0,120364.0,126837.0,133114.0,138549.0,142973.0,147505.0,152057.0,156951.0,161637.0,165465.0,168618.0,171118.0,173558.0,176827.0,179748.0,183763.0,186931.0,189949.0,192709.0,195086.0,197718.0,200243.0,202642.0,204990.0,207282.0,209272.0,210869.0,212713.0,214527.0,216336.0,218159.0,219791.0,221475.0,222958.0,224552.0,226180.0,227938.0,229616.0,231421.0,233073.0,234631.0,236240.0,238041.0,239781.0,241506.0,243125.0,244496.0,245754.0,247090.0,248462.0,249745.0,251019.0,252307.0,253358.0,254482.0,255741.0,257189.0,258974.0,260466.0,261915.0,263117.0,264146.0,265415.0,266986.0,268282.0,269756.0,271032.0,272102.0,273194.0,274320.0,275652.0,276924.0,278067.0,279456.0,280419.0,281329.0,282560.0,283714.0,284863.0,285955.0,,,,,,,,,295002.0,295853.0,296919.0,297944.0,299090.0,300292.0,301397.0,302308.0,303253.0,304576.0,305916.0,307206.0,308509.0,309770.0,310839.0,311920.0,313222.0,314420.0,315596.0,316893.0,317859.0,318698.0,319637.0,320620.0,321774.0,322822.0,323733.0,324708.0,325476.0,326305.0,327274.0,328360.0,329472.0,330447.0,331392.0,332311.0,333141.0,334016.0,334985.0,336102.0,337231.0,338365.0,339305.0,340101.0,341224.0,342219.0,343180.0,344244.0,345139
GQKS6wsybyE,,,,,,,,,,,,,,,,,,,,,,,,,,,,,,,,,,,,,,,11725.0,11728.0,11730.0,11734.0,11741.0,11750.0,11753.0,11758.0,11762.0,11765.0,11770.0,11776.0,11777.0,11780.0,11785.0,11787.0,11790.0,11793.0,11794.0,11800.0,11804.0,11809.0,11813.0,11814.0,11815.0,11815.0,11817.0,11818.0,11818.0,11821.0,11826.0,11833.0,11833.0,11834.0,11835.0,11839.0,11837.0,11839.0,11841.0,11843.0,11847.0,11849.0,11852.0,11853.0,11855.0,11858.0,11861.0,11864.0,11865.0,11867.0,11868.0,11870.0,11870.0,11871.0,11872.0,11874.0,11875.0,11876.0,11879.0,11880.0,11880.0,11883.0,11885.0,11887.0,11888.0,11889.0,11891.0,11893.0,11894.0,11894.0,11896.0,11896.0,11896.0,11897.0,11897.0,11900.0,11903.0,11904.0,11905.0,11905.0,11906.0,11908.0,11910.0,11913.0,11913.0,11913.0,11913.0,11914.0,11915.0,11918.0,11919.0,11923.0,11926.0,11926.0,11926.0,11927.0,,,,,,,,,11939.0,11939.0,11942.0,11944.0,11944.0,11944.0,11945.0,11946.0,11946.0,11946.0,11947.0,11947.0,11947.0,11947.0,11946.0,11948.0,11949.0,11950.0,11950.0,11950.0,11950.0,11950.0,11952.0,11954.0,11954.0,11954.0,11954.0,11954.0,11954.0,11954.0,11955.0,11955.0,11955.0,11956.0,11957.0,11957.0,11959.0,11960.0,11961.0,11961.0,11963.0,11964.0,11964.0,11966.0,11968.0,11969.0,11970.0,11969.0,11969
8wKIggUnUVY,,,,,,,,,,,,,,,,,,,,,,,,,,,,,,,,,,,,,,,13386.0,16394.0,18471.0,20324.0,21747.0,23011.0,24021.0,24757.0,25278.0,25857.0,26451.0,26848.0,27207.0,27559.0,27885.0,28205.0,28486.0,28752.0,29004.0,29188.0,29399.0,29646.0,29807.0,30005.0,30222.0,30481.0,30695.0,30899.0,31101.0,31243.0,31404.0,31543.0,31720.0,31851.0,32011.0,32146.0,32307.0,32462.0,32666.0,32772.0,32883.0,32972.0,33103.0,33203.0,33295.0,33380.0,33445.0,33509.0,33599.0,33739.0,33899.0,33996.0,34129.0,34246.0,34331.0,34441.0,34554.0,34631.0,34692.0,34801.0,34880.0,34953.0,35055.0,35142.0,35259.0,35380.0,35465.0,35531.0,35580.0,35627.0,35667.0,35711.0,35764.0,35820.0,35858.0,35928.0,36005.0,36099.0,36166.0,36240.0,36310.0,36366.0,36416.0,36492.0,36541.0,36596.0,36636.0,36683.0,36750.0,36787.0,36819.0,36863.0,36910.0,36984.0,37019.0,37058.0,,,,,,,,,37389.0,37427.0,37458.0,37499.0,37542.0,37575.0,37610.0,37647.0,37687.0,37720.0,37750.0,37787.0,37820.0,37845.0,37861.0,37879.0,37891.0,37910.0,37940.0,37975.0,37996.0,38016.0,38035.0,38057.0,38077.0,38103.0,38133.0,38164.0,38197.0,38222.0,38247.0,38277.0,38307.0,38341.0,38365.0,38395.0,38427.0,38453.0,38480.0,38518.0,38552.0,38590.0,38626.0,38670.0,38705.0,38740.0,38778.0,38821.0,38852
4Tp4mmHlvRY,,,,,,,,,,,,,,,,,,,,,,,,,,,,,,,,,,,,,,,1409727.0,1422216.0,1431750.0,1440044.0,1447664.0,1453929.0,1460548.0,1465878.0,1470111.0,1473694.0,1476625.0,1479418.0,1482001.0,1484317.0,1486317.0,1488172.0,1490160.0,1491910.0,1493926.0,1495396.0,1497201.0,1499140.0,1500532.0,1501617.0,1502409.0,1503146.0,1503886.0,1504541.0,1505208.0,1505827.0,1506374.0,1506894.0,1507454.0,1507976.0,1508501.0,1509028.0,1509579.0,1510117.0,1510574.0,1511085.0,1511761.0,1512450.0,1513071.0,1513636.0,1514163.0,1514597.0,1515505.0,1516519.0,1517680.0,1518785.0,1519597.0,1520200.0,1520705.0,1521183.0,1521634.0,1522122.0,1522534.0,1522879.0,1523158.0,1523404.0,1523650.0,1523935.0,1524199.0,1524464.0,1524693.0,1524905.0,1525177.0,1525385.0,1525596.0,1525803.0,1525992.0,1526179.0,1526386.0,1526574.0,1526763.0,1526895.0,1527037.0,1527194.0,1527321.0,1527474.0,1527578.0,1527709.0,1527842.0,1527983.0,1528118.0,1528224.0,1528331.0,1528459.0,1528558.0,1528645.0,1528746.0,1528844.0,1528949.0,1529038.0,1529138.0,1529221.0,,,,,,,,,1530063.0,1530174.0,1530264.0,1530359.0,1530427.0,1530498.0,1530584.0,1530674.0,1530768.0,1530826.0,1530900.0,1530977.0,1531034.0,1531091.0,1531154.0,1531229.0,1531303.0,1531359.0,1531416.0,1531468.0,1531526.0,1531593.0,1531658.0,1531720.0,1531772.0,1531838.0,1531900.0,1531957.0,1532017.0,1532073.0,1532124.0,1532184.0,1532230.0,1532276.0,1532311.0,1532388.0,1532445.0,1532509.0,1532558.0,1532610.0,1532677.0,1532728.0,1532790.0,1532851.0,1532898.0,1532939.0,1532997.0,1533049.0,1533110
jDn427-eusY,,,,,,,,,,,,,,,,,,,,,,,,,,,,,,,,,,,,,,,,3364.0,10274.0,14324.0,17906.0,20623.0,22757.0,24643.0,26984.0,29605.0,31402.0,33008.0,34574.0,35804.0,36890.0,37920.0,38607.0,39453.0,40077.0,40849.0,41496.0,42005.0,42657.0,43257.0,43810.0,44374.0,44816.0,45355.0,45685.0,46186.0,46497.0,47061.0,47558.0,47984.0,48467.0,48867.0,49327.0,49728.0,50281.0,50661.0,51125.0,51567.0,51958.0,52515.0,53019.0,53435.0,53921.0,54307.0,54620.0,54861.0,55108.0,55441.0,55692.0,55971.0,56224.0,56513.0,56749.0,57014.0,57265.0,57529.0,57754.0,57986.0,58244.0,58451.0,58724.0,58958.0,59144.0,59401.0,59631.0,59874.0,60158.0,60416.0,60732.0,61006.0,61288.0,61629.0,61939.0,62155.0,62406.0,62679.0,62948.0,63235.0,63479.0,63692.0,63884.0,64096.0,64302.0,64500.0,64682.0,64907.0,65103.0,65327.0,65531.0,65713.0,65946.0,66216.0,,,,,,,,,68313.0,68519.0,68757.0,68972.0,69140.0,69340.0,69507.0,69684.0,69829.0,69969.0,70168.0,70381.0,70576.0,70754.0,70963.0,71156.0,71322.0,71454.0,71597.0,71746.0,71907.0,72074.0,72192.0,72418.0,72584.0,72791.0,73023.0,73270.0,73555.0,73719.0,73900.0,74098.0,74267.0,74425.0,74585.0,74733.0,74891.0,75048.0,75245.0,75385.0,75554.0,75767.0,75968.0,76104.0,76258.0,76398.0,76541.0,76664.0,76804
aNBiA1NKdOg,,,,,,,,,,,,,,,,,,,,,,,,,,,,,,,,,,,,,,,,251488.0,251794.0,252175.0,252451.0,252795.0,253095.0,253493.0,253817.0,254186.0,254477.0,254742.0,255067.0,255356.0,255681.0,255977.0,256390.0,256782.0,257117.0,257579.0,258110.0,258513.0,258865.0,259204.0,259533.0,259866.0,260213.0,260465.0,260721.0,261009.0,261292.0,261685.0,261979.0,262273.0,262530.0,262771.0,263083.0,263323.0,263562.0,263786.0,264031.0,264312.0,264547.0,264780.0,264988.0,265205.0,265450.0,265681.0,265939.0,266150.0,266360.0,266564.0,266764.0,267037.0,267266.0,267543.0,267772.0,267958.0,268169.0,268343.0,268548.0,268736.0,268989.0,269189.0,269392.0,269547.0,269749.0,269935.0,270101.0,270340.0,270560.0,270794.0,271023.0,271247.0,271427.0,271564.0,271811.0,272061.0,272273.0,272503.0,272690.0,272907.0,273156.0,273387.0,273627.0,273777.0,273956.0,274142.0,274367.0,274543.0,274796.0,275036.0,275209.0,275393.0,275596.0,275865.0,,,,,,,,,277992.0,278239.0,278538.0,278835.0,279141.0,279630.0,280292.0,280898.0,281572.0,282159.0,282571.0,283028.0,283628.0,284340.0,285049.0,285810.0,286367.0,287177.0,288002.0,288384.0,288610.0,288833.0,289035.0,289209.0,289374.0,289536.0,289666.0,289897.0,290047.0,290222.0,290380.0,290563.0,290763.0,290927.0,291102.0,291296.0,291480.0,291668.0,291799.0,291945.0,292149.0,292336.0,292533.0,292719.0,292902.0,293053.0,293216.0,293403.0,293595
5kMOgZ1IpnM,,,,,,,,,,,,,,,,,,,,,,,,,,,,,,,,,,,,,,,,71641.0,80344.0,85831.0,89134.0,91490.0,93744.0,95362.0,96087.0,96746.0,97220.0,97617.0,97955.0,98301.0,98555.0,98762.0,98965.0,99094.0,99154.0,99247.0,99320.0,99409.0,99490.0,99560.0,99632.0,99683.0,99752.0,99810.0,99877.0,99918.0,99967.0,100021.0,100052.0,100099.0,100131.0,100164.0,100227.0,100277.0,100303.0,100336.0,100390.0,100453.0,100508.0,100543.0,100607.0,100680.0,100726.0,100783.0,100844.0,100895.0,100969.0,101040.0,101186.0,101318.0,101447.0,101540.0,101638.0,101719.0,101809.0,101888.0,101967.0,102010.0,102062.0,102107.0,102155.0,102195.0,102239.0,102279.0,102309.0,102351.0,102382.0,102420.0,102442.0,102469.0,102498.0,102522.0,102556.0,102575.0,102605.0,102628.0,102654.0,102679.0,102701.0,102723.0,102741.0,102760.0,102782.0,102799.0,102815.0,102839.0,102865.0,102888.0,102900.0,102913.0,102930.0,102939.0,,,,,,,,,103091.0,103108.0,103122.0,103134.0,103153.0,103169.0,103181.0,103188.0,103206.0,103226.0,103243.0,103257.0,103272.0,103281.0,103295.0,103307.0,103318.0,103330.0,103342.0,103354.0,103359.0,103378.0,103396.0,103402.0,103409.0,103424.0,103434.0,103449.0,103462.0,103477.0,103495.0,103514.0,103523.0,103531.0,103550.0,103560.0,103572.0,103582.0,103594.0,103612.0,103618.0,103635.0,103643.0,103652.0,103664.0,103673.0,103688.0,103699.0,103709
RvYLJh1SCWs,,,,,,,,,,,,,,,,,,,,,,,,,,,,,,,,,,,,,,,,2534.0,2541.0,2555.0,2565.0,2574.0,2587.0,2607.0,2617.0,2626.0,2631.0,2637.0,2649.0,2661.0,2673.0,2676.0,2680.0,2687.0,2719.0,2729.0,2734.0,2742.0,2746.0,2760.0,2764.0,2768.0,2778.0,2787.0,2792.0,2798.0,2805.0,2812.0,2820.0,2836.0,2846.0,2857.0,2862.0,2870.0,2885.0,2899.0,2907.0,2915.0,2927.0,2937.0,2943.0,2955.0,2960.0,2984.0,3017.0,3056.0,3094.0,3117.0,3148.0,3178.0,3218.0,3252.0,3273.0,3291.0,3330.0,3353.0,3374.0,3411.0,3439.0,3462.0,3495.0,3517.0,3529.0,3539.0,3546.0,3554.0,3562.0,3571.0,3591.0,3601.0,3612.0,3627.0,3636.0,3641.0,3646.0,3656.0,3660.0,3665.0,3668.0,3675.0,3681.0,3687.0,3693.0,3696.0,3699.0,3706.0,3711.0,3712.0,3720.0,3726.0,3730.0,3735.0,,,,,,,,,3786.0,3791.0,3795.0,3800.0,3804.0,3810.0,3816.0,3822.0,3833.0,3841.0,3850.0,3860.0,3864.0,3874.0,3880.0,3886.0,3890.0,3902.0,3907.0,3909.0,3915.0,3919.0,3925.0,3930.0,3939.0,3942.0,3950.0,3956.0,3961.0,3974.0,3984.0,3992.0,3999.0,4006.0,4010.0,4016.0,4020.0,4025.0,4031.0,4034.0,4044.0,4049.0,4054.0,4057.0,4065.0,4070.0,4075.0,4079.0,4085
KRRU59JrsC4,,,,,,,,,,,,,,,,,,,,,,,,,,,,,,,,,,,,,,,,38812.0,58341.0,66814.0,74207.0,81233.0,86776.0,92195.0,96649.0,99810.0,102119.0,104068.0,105716.0,107082.0,108070.0,108958.0,109793.0,110545.0,111206.0,111875.0,112513.0,113032.0,113568.0,114095.0,114607.0,115071.0,115521.0,115960.0,116358.0,116858.0,117267.0,117776.0,118239.0,118669.0,119102.0,119503.0,119931.0,120270.0,120648.0,121071.0,121578.0,122042.0,122372.0,122704.0,123031.0,123341.0,123674.0,123991.0,124327.0,124664.0,124976.0,125281.0,125556.0,125857.0,126130.0,126391.0,126649.0,126918.0,127203.0,127440.0,127780.0,128051.0,128394.0,128681.0,129042.0,129296.0,129772.0,130154.0,130507.0,130986.0,131337.0,131590.0,131880.0,132122.0,132351.0,132597.0,132813.0,133026.0,133224.0,133433.0,133601.0,133766.0,133993.0,134392.0,134674.0,134935.0,135135.0,135360.0,135558.0,135745.0,135940.0,136155.0,136336.0,136515.0,136689.0,136846.0,,,,,,,,,138676.0,138861.0,139044.0,139209.0,139375.0,139510.0,139679.0,139805.0,139966.0,140134.0,140283.0,140407.0,140581.0,140711.0,140894.0,141050.0,141230.0,141380.0,141555.0,141650.0,141793.0,141908.0,142025.0,142163.0,142308.0,142438.0,142581.0,142719.0,142936.0,143074.0,143199.0,143353.0,143482.0,143581.0,143692.0,143784.0,143902.0,144043.0,144152.0,144260.0,144361.0,144449.0,144545.0,144627.0,144714.0,144790.0,144874.0,144974.0,145071
pbsKbpKotfY,,,,,,,,,,,,,,,,,,,,,,,,,,,,,,,,,,,,,,,,142.0,341.0,469.0,556.0,673.0,748.0,807.0,859.0,886.0,924.0,950.0,964.0,986.0,1005.0,1028.0,1059.0,1094.0,1122.0,1144.0,1159.0,1176.0,1189.0,1208.0,1216.0,1231.0,1256.0,1266.0,1284.0,1301.0,1320.0,1339.0,1347.0,1359.0,1365.0,1376.0,1386.0,1403.0,1417.0,1432.0,1442.0,1447.0,1452.0,1461.0,1470.0,1477.0,1484.0,1490.0,1500.0,1505.0,1509.0,1517.0,1524.0,1527.0,1529.0,1536.0,1542.0,1544.0,1550.0,1555.0,1556.0,1561.0,1564.0,1568.0,1576.0,1579.0,1589.0,1599.0,1601.0,1607.0,1608.0,1613.0,1616.0,1621.0,1625.0,1630.0,1631.0,1635.0,1647.0,1657.0,1658.0,1659.0,1663.0,1667.0,1671.0,1675.0,1684.0,1687.0,1693.0,1697.0,1708.0,1711.0,1715.0,1717.0,1719.0,1720.0,,,,,,,,,1761.0,1763.0,1767.0,1772.0,1775.0,1784.0,1788.0,1790.0,1795.0,1801.0,1804.0,1815.0,1816.0,1827.0,1836.0,1838.0,1849.0,1850.0,1862.0,1870.0,1878.0,1880.0,1882.0,1885.0,1893.0,1893.0,1900.0,1901.0,1904.0,1904.0,1906.0,1908.0,1915.0,1921.0,1923.0,1923.0,1924.0,1925.0,1930.0,1935.0,1942.0,1953.0,1962.0,1970.0,1980.0,1983.0,1996.0,2002.0,2012
99Dtv9F4yfo,,,,,,,,,,,,,,,,,,,,,,,,,,,,,,,,,,,,,,,,200995.0,308860.0,377183.0,425376.0,466861.0,501839.0,533225.0,560562.0,584471.0,608516.0,634010.0,656670.0,676135.0,691312.0,707665.0,723638.0,740070.0,756764.0,772126.0,786357.0,799943.0,814010.0,827458.0,841816.0,856026.0,870287.0,883767.0,896176.0,908748.0,919552.0,933488.0,945790.0,957197.0,968218.0,978319.0,989872.0,1001824.0,1015618.0,1028557.0,1041576.0,1052385.0,1063015.0,1075366.0,1087305.0,1100561.0,1113901.0,1127128.0,1138550.0,1149029.0,1160903.0,1172668.0,1187683.0,1201417.0,1214550.0,1226969.0,1238615.0,1250557.0,1262575.0,1274128.0,1285803.0,1296812.0,1307215.0,1316588.0,1326431.0,1336840.0,1347322.0,1357146.0,1366188.0,1374817.0,1382864.0,1391780.0,1400251.0,1409127.0,1418211.0,1427101.0,1434957.0,1442280.0,1451278.0,1460215.0,1468387.0,1476346.0,1483857.0,1491409.0,1498415.0,1506344.0,1514227.0,1522558.0,1530306.0,1538086.0,1544653.0,1550860.0,1557355.0,1563968.0,1570537.0,1577562.0,,,,,,,,,1636274.0,1641966.0,1648403.0,1654253.0,1660088.0,1665506.0,1671209.0,1676126.0,1680801.0,1685765.0,1690660.0,1695707.0,1701568.0,1707008.0,1712084.0,1716651.0,1721815.0,1726985.0,1732328.0,1737540.0,1742379.0,1747062.0,1751620.0,1756804.0,1762107.0,1767473.0,1772700.0,1777809.0,1782406.0,1786778.0,1791631.0,1796402.0,1801306.0,1806179.0,1810944.0,1815158.0,1819050.0,1823640.0,1828466.0,1833055.0,1837607.0,1842232.0,1846575.0,1850448.0,1854880.0,1859428.0,1863926.0,1868246.0,1872544
GoA5PGZo6YU,,,,,,,,,,,,,,,,,,,,,,,,,,,,,,,,,,,,,,,,,1400.0,3310.0,3919.0,4294.0,4582.0,4756.0,4888.0,5118.0,5319.0,5422.0,5476.0,5531.0,5583.0,5626.0,5667.0,5719.0,5768.0,5799.0,5836.0,5873.0,5886.0,5922.0,5933.0,5939.0,5960.0,5985.0,6000.0,6013.0,6025.0,6034.0,6039.0,6041.0,6044.0,6056.0,6063.0,6066.0,6071.0,6085.0,6092.0,6096.0,6103.0,6110.0,6120.0,6127.0,6129.0,6133.0,6139.0,6146.0,6155.0,6158.0,6164.0,6164.0,6169.0,6173.0,6176.0,6177.0,6178.0,6182.0,6183.0,6189.0,6191.0,6194.0,6196.0,6201.0,6202.0,6208.0,6212.0,6218.0,6226.0,6229.0,6230.0,6232.0,6232.0,6234.0,6232.0,6234.0,6234.0,6236.0,6238.0,6238.0,6241.0,6250.0,6251.0,6253.0,6255.0,6256.0,6256.0,6259.0,6262.0,6264.0,6265.0,6266.0,6268.0,6268.0,,,,,,,,,6284.0,6292.0,6297.0,6298.0,6301.0,6301.0,6304.0,6307.0,6310.0,6311.0,6312.0,6313.0,6313.0,6314.0,6314.0,6317.0,6320.0,6321.0,6323.0,6325.0,6325.0,6327.0,6332.0,6333.0,6334.0,6335.0,6336.0,6337.0,6337.0,6340.0,6341.0,6343.0,6343.0,6347.0,6348.0,6350.0,6353.0,6354.0,6354.0,6358.0,6358.0,6362.0,6364.0,6367.0,6367.0,6367.0,6369.0,6369.0,6369
ool85N-OhXM,,,,,,,,,,,,,,,,,,,,,,,,,,,,,,,,,,,,,,,,,3582.0,4844.0,6174.0,7161.0,9035.0,10519.0,11920.0,12872.0,13638.0,14510.0,15395.0,16083.0,16542.0,16984.0,17398.0,17771.0,18154.0,18560.0,18990.0,19358.0,19784.0,20156.0,20593.0,21037.0,21477.0,21808.0,22085.0,22380.0,22679.0,23021.0,23242.0,23484.0,23765.0,23984.0,24182.0,24417.0,24647.0,24816.0,25009.0,25192.0,25349.0,25548.0,25715.0,25926.0,26093.0,26287.0,26421.0,26568.0,26732.0,26894.0,27042.0,27245.0,27438.0,27651.0,27828.0,27974.0,28138.0,28299.0,28482.0,28696.0,28873.0,29041.0,29162.0,29331.0,29495.0,29648.0,29775.0,29893.0,30021.0,30160.0,30339.0,30473.0,30616.0,30755.0,30878.0,30996.0,31121.0,31255.0,31375.0,31493.0,31614.0,31737.0,31809.0,31887.0,31963.0,32051.0,32133.0,32236.0,32349.0,32434.0,32530.0,32623.0,32749.0,32878.0,,,,,,,,,33934.0,34055.0,34160.0,34278.0,34397.0,34509.0,34665.0,34788.0,34989.0,35188.0,35410.0,35633.0,35839.0,36051.0,36228.0,36391.0,36518.0,36517.0,36517.0,36517.0,36517.0,36517.0,36517.0,36517.0,36517.0,36517.0,36517.0,36517.0,36517.0,36517.0,36517.0,36517.0,36517.0,36517.0,36517.0,36517.0,36517.0,36517.0,36517.0,36517.0,36517.0,36517.0,36517.0,36517.0,36517.0,36517.0,36517.0,36517.0,36517
-FYqar9V2OA,,,,,,,,,,,,,,,,,,,,,,,,,,,,,,,,,,,,,,,,,105187.0,504712.0,811779.0,866162.0,892399.0,912950.0,934310.0,955181.0,973304.0,986428.0,995340.0,1002765.0,1009224.0,1016985.0,1024647.0,1031592.0,1038044.0,1044038.0,1050796.0,1057328.0,1062312.0,1066701.0,1070285.0,1073561.0,1077005.0,1080522.0,1083647.0,1086506.0,1089136.0,1092532.0,1094908.0,1097093.0,1099447.0,1101724.0,1104195.0,1106735.0,1108943.0,1111021.0,1113169.0,1115316.0,1117521.0,1119383.0,1121268.0,1123068.0,1124658.0,1126391.0,1127995.0,1129458.0,1130761.0,1132512.0,1135066.0,1137187.0,1139228.0,1141114.0,1142905.0,1144545.0,1146128.0,1147593.0,1149033.0,1150576.0,1152005.0,1153326.0,1154623.0,1155796.0,1156909.0,1157997.0,1159128.0,1160224.0,1161172.0,1162131.0,1163259.0,1164353.0,1165363.0,1166462.0,1167510.0,1168409.0,1169145.0,1170033.0,1170951.0,1171725.0,1172596.0,1173461.0,1174210.0,1174864.0,1175592.0,1176242.0,1176927.0,1177696.0,1178341.0,1178962.0,1179597.0,1180216.0,1180869.0,1181540.0,,,,,,,,,1187942.0,1189022.0,1190088.0,1191217.0,1192513.0,1193843.0,1195305.0,1197013.0,1198174.0,1198972.0,1199826.0,1200857.0,1201958.0,1202991.0,1203920.0,1204729.0,1205387.0,1206014.0,1206665.0,1207403.0,1207955.0,1208608.0,1209165.0,1209679.0,1210294.0,1210921.0,1211530.0,1212222.0,1212736.0,1213326.0,1213807.0,1214362.0,1214944.0,1215418.0,1215959.0,1216549.0,1217057.0,1217526.0,1217963.0,1218531.0,1219018.0,1219587.0,1220136.0,1220477.0,1220939.0,1221402.0,1221925.0,1222449.0,1222941
Mk-lWh31BK4,,,,,,,,,,,,,,,,,,,,,,,,,,,,,,,,,,,,,,,,,308936.0,714976.0,856916.0,1008123.0,1165466.0,1312414.0,1420248.0,1524335.0,1614352.0,1686833.0,1741826.0,1793817.0,1841726.0,1892692.0,1943941.0,1992127.0,2037934.0,2083550.0,2130835.0,2176540.0,2218001.0,2256025.0,2294068.0,2337315.0,2384502.0,2433740.0,2474879.0,2513565.0,2543398.0,2577742.0,2610510.0,2641761.0,2672588.0,2703291.0,2732336.0,2760594.0,2787799.0,2813598.0,2839729.0,2865483.0,2889735.0,2916262.0,2941400.0,2967782.0,2995014.0,3020568.0,3044688.0,3066733.0,3088116.0,3108254.0,3128000.0,3147558.0,3172432.0,3197298.0,3218821.0,3236260.0,3253124.0,3269521.0,3285841.0,3302453.0,3319874.0,3335942.0,3349882.0,3362950.0,3375581.0,3387742.0,3400278.0,3413533.0,3425979.0,3437175.0,3448933.0,3461234.0,3473037.0,3484720.0,3496757.0,3507958.0,3518452.0,3528695.0,3538824.0,3548753.0,3558985.0,3570262.0,3581343.0,3591798.0,3602324.0,3612918.0,3623485.0,3634304.0,3645053.0,3655171.0,3664840.0,3675246.0,3685783.0,3696595.0,,,,,,,,,3790208.0,3800691.0,3810502.0,3820369.0,3829792.0,3839291.0,3849623.0,3860594.0,3874907.0,3888542.0,3901987.0,3917238.0,3930707.0,3943992.0,3956160.0,3969570.0,3982214.0,3995049.0,4007245.0,4016954.0,4025432.0,4034287.0,4042813.0,4050795.0,4058662.0,4068038.0,4076688.0,4085400.0,4093767.0,4101798.0,4109768.0,4117418.0,4125265.0,4132382.0,4138943.0,4145584.0,4151869.0,4157828.0,4163992.0,4169709.0,4175519.0,4180801.0,4186602.0,4191985.0,4197328.0,4202737.0,4208038.0,4213171.0,4218120
N7jXK752k1w,,,,,,,,,,,,,,,,,,,,,,,,,,,,,,,,,,,,,,,,,,2828.0,13969.0,20528.0,27492.0,32285.0,37163.0,49590.0,59340.0,65404.0,69321.0,72534.0,75109.0,77717.0,80438.0,82910.0,85273.0,87760.0,89874.0,91741.0,93597.0,95457.0,97210.0,99269.0,101536.0,103791.0,105665.0,107630.0,109302.0,111230.0,112991.0,114505.0,115952.0,117232.0,118546.0,119922.0,121129.0,122577.0,124338.0,126033.0,127705.0,129942.0,131635.0,133259.0,134940.0,136550.0,138027.0,139364.0,140767.0,142022.0,143325.0,144543.0,145792.0,146956.0,148051.0,149038.0,150171.0,151421.0,152682.0,153740.0,154879.0,156054.0,157354.0,158510.0,159696.0,160813.0,161862.0,162943.0,164035.0,164858.0,166161.0,167426.0,168556.0,169621.0,170589.0,171540.0,172526.0,173484.0,174407.0,175355.0,176361.0,177201.0,177971.0,178753.0,179570.0,180457.0,181333.0,182221.0,183102.0,183895.0,184709.0,185526.0,186308.0,187097.0,,,,,,,,,193998.0,194789.0,195500.0,196205.0,196956.0,197706.0,198387.0,198976.0,199648.0,200274.0,200934.0,201731.0,202590.0,203401.0,204109.0,204751.0,205492.0,206210.0,206939.0,207606.0,208379.0,209119.0,209948.0,210950.0,211853.0,212766.0,213654.0,214645.0,215442.0,216174.0,217060.0,217960.0,218832.0,219620.0,220373.0,221100.0,221782.0,222478.0,223238.0,224182.0,224929.0,225827.0,226670.0,227483.0,228292.0,229133.0,229943.0,230683.0,231496
bJmjcymsK6g,,,,,,,,,,,,,,,,,,,,,,,,,,,,,,,,,,,,,,,,,,752.0,756.0,765.0,769.0,790.0,797.0,804.0,807.0,813.0,816.0,819.0,821.0,823.0,827.0,830.0,833.0,837.0,841.0,844.0,844.0,844.0,849.0,854.0,861.0,864.0,864.0,867.0,875.0,880.0,884.0,889.0,901.0,906.0,913.0,926.0,935.0,941.0,960.0,967.0,973.0,979.0,984.0,986.0,992.0,994.0,1001.0,1003.0,1007.0,1011.0,1015.0,1023.0,1024.0,1027.0,1031.0,1038.0,1042.0,1043.0,1048.0,1055.0,1059.0,1061.0,1064.0,1065.0,1071.0,1073.0,1074.0,1077.0,1081.0,1081.0,1084.0,1090.0,1095.0,1100.0,1103.0,1107.0,1111.0,1118.0,1120.0,1120.0,1123.0,1130.0,1130.0,1130.0,1131.0,1132.0,1134.0,1138.0,1138.0,1140.0,1145.0,1146.0,1147.0,1148.0,,,,,,,,,1185.0,1194.0,1200.0,1203.0,1206.0,1210.0,1215.0,1222.0,1237.0,1241.0,1247.0,1264.0,1281.0,1283.0,1291.0,1298.0,1305.0,1307.0,1312.0,1324.0,1332.0,1336.0,1343.0,1350.0,1352.0,1360.0,1365.0,1369.0,1376.0,1378.0,1380.0,1383.0,1384.0,1391.0,1395.0,1396.0,1401.0,1405.0,1409.0,1414.0,1417.0,1423.0,1425.0,1429.0,1431.0,1437.0,1439.0,1448.0,1451
2QmF0B2vQMs,,,,,,,,,,,,,,,,,,,,,,,,,,,,,,,,,,,,,,,,,,11163.0,16051.0,21079.0,27452.0,32712.0,38659.0,44874.0,50317.0,56182.0,62136.0,69196.0,75262.0,81681.0,88418.0,95643.0,103166.0,105018.0,105045.0,105074.0,105106.0,105138.0,105170.0,105199.0,105226.0,105248.0,105264.0,105288.0,105319.0,105339.0,105355.0,105375.0,105414.0,105437.0,105475.0,105495.0,105528.0,105550.0,105580.0,105607.0,105627.0,105663.0,105690.0,105711.0,105750.0,105778.0,105798.0,105827.0,105843.0,105861.0,105876.0,105888.0,105909.0,105923.0,105950.0,105973.0,105987.0,106011.0,106031.0,106042.0,106061.0,106070.0,106081.0,106098.0,106105.0,106120.0,106167.0,106177.0,106185.0,106190.0,106206.0,106214.0,106223.0,106233.0,106242.0,106252.0,106263.0,106270.0,106284.0,106292.0,106301.0,106306.0,106321.0,106332.0,106338.0,106344.0,106349.0,106396.0,106400.0,106409.0,106437.0,106469.0,106479.0,106486.0,,,,,,,,,106584.0,106597.0,106605.0,106609.0,106618.0,106623.0,106630.0,106636.0,106646.0,106653.0,106656.0,106660.0,106663.0,106666.0,106671.0,106674.0,106678.0,106682.0,106684.0,106688.0,106692.0,106695.0,106700.0,106707.0,106711.0,106719.0,106726.0,106728.0,106730.0,106736.0,106741.0,106745.0,106755.0,106764.0,106772.0,106776.0,106781.0,106783.0,106790.0,106799.0,106804.0,106809.0,106816.0,106823.0,106828.0,106836.0,106840.0,106847.0,106855
95vnWIWU2tA,,,,,,,,,,,,,,,,,,,,,,,,,,,,,,,,,,,,,,,,,,800.0,881.0,947.0,972.0,1012.0,1047.0,1105.0,1171.0,1207.0,1265.0,1309.0,1380.0,1441.0,1497.0,1549.0,1626.0,1664.0,1715.0,1760.0,1797.0,1848.0,1905.0,1985.0,2100.0,2159.0,2200.0,2300.0,2361.0,2435.0,2535.0,2660.0,2760.0,2832.0,2891.0,2947.0,3021.0,3146.0,3335.0,3567.0,3727.0,3885.0,4100.0,4435.0,4579.0,4784.0,5022.0,5179.0,5452.0,5742.0,5997.0,6302.0,6471.0,6634.0,6779.0,6906.0,7136.0,7333.0,7548.0,7755.0,7929.0,8120.0,8311.0,8674.0,9083.0,9355.0,9576.0,9833.0,10041.0,10248.0,10442.0,10645.0,10808.0,10969.0,11117.0,11220.0,11314.0,11429.0,11574.0,11721.0,11829.0,11963.0,12024.0,12110.0,12187.0,12187.0,12187.0,12187.0,12187.0,12187.0,12187.0,12187.0,12187.0,12187.0,,,,,,,,,12187.0,12187.0,12187.0,12187.0,12187.0,12187.0,12187.0,12187.0,12187.0,12187.0,12187.0,12187.0,12187.0,12187.0,12187.0,12187.0,12187.0,12187.0,12187.0,12187.0,12187.0,12187.0,12187.0,12187.0,12187.0,12187.0,12187.0,12187.0,12187.0,12187.0,12187.0,12187.0,12187.0,12187.0,12187.0,12187.0,12187.0,12187.0,12187.0,12187.0,12187.0,12187.0,12187.0,12187.0,12187.0,12187.0,12187.0,12187.0,12187
J__90L047eI,,,,,,,,,,,,,,,,,,,,,,,,,,,,,,,,,,,,,,,,,,437.0,677.0,732.0,769.0,786.0,802.0,815.0,836.0,846.0,854.0,860.0,862.0,866.0,876.0,883.0,892.0,896.0,894.0,900.0,907.0,909.0,918.0,921.0,927.0,929.0,935.0,941.0,946.0,950.0,956.0,959.0,961.0,962.0,965.0,967.0,967.0,968.0,971.0,972.0,972.0,972.0,974.0,976.0,979.0,982.0,982.0,984.0,986.0,987.0,987.0,989.0,992.0,994.0,994.0,994.0,994.0,996.0,997.0,998.0,1000.0,1001.0,1002.0,1002.0,1003.0,1003.0,1003.0,1003.0,1003.0,1005.0,1005.0,1007.0,1007.0,1008.0,1007.0,1007.0,1008.0,1010.0,1012.0,1013.0,1014.0,1015.0,1015.0,1015.0,1016.0,1017.0,1020.0,1021.0,1021.0,1021.0,1021.0,1022.0,1023.0,1024.0,,,,,,,,,1036.0,1038.0,1038.0,1038.0,1039.0,1041.0,1041.0,1041.0,1042.0,1042.0,1044.0,1046.0,1046.0,1046.0,1046.0,1046.0,1046.0,1046.0,1046.0,1046.0,1046.0,1046.0,1046.0,1047.0,1047.0,1047.0,1048.0,1048.0,1048.0,1048.0,1048.0,1048.0,1049.0,1049.0,1049.0,1049.0,1051.0,1051.0,1052.0,1052.0,1052.0,1052.0,1052.0,1052.0,1052.0,1052.0,1052.0,1052.0,1053
_MQPXxKQ-dg,,,,,,,,,,,,,,,,,,,,,,,,,,,,,,,,,,,,,,,,,,73636.0,74954.0,76466.0,77576.0,78704.0,79651.0,80720.0,81629.0,82473.0,83275.0,84032.0,84628.0,85235.0,85915.0,86516.0,87091.0,87581.0,88104.0,88696.0,89142.0,89554.0,89905.0,90249.0,90543.0,90847.0,91102.0,91379.0,91591.0,91832.0,92095.0,92339.0,92588.0,92810.0,93029.0,93236.0,93421.0,93629.0,93845.0,94051.0,94241.0,94424.0,94591.0,94785.0,94969.0,95172.0,95351.0,95538.0,95670.0,95799.0,95907.0,96013.0,96131.0,96281.0,96421.0,96519.0,96624.0,96702.0,96807.0,96913.0,97012.0,97136.0,97219.0,97300.0,97374.0,97443.0,97530.0,97626.0,97725.0,97820.0,97886.0,97953.0,98035.0,98137.0,98223.0,98304.0,98393.0,98464.0,98527.0,98587.0,98656.0,98733.0,98794.0,98844.0,98895.0,98947.0,98999.0,99068.0,99119.0,99189.0,99230.0,99269.0,99311.0,99354.0,,,,,,,,,99768.0,99814.0,99980.0,100142.0,100235.0,100297.0,100375.0,100418.0,100454.0,100497.0,100575.0,100643.0,100685.0,100727.0,100777.0,100825.0,100883.0,100916.0,100963.0,100990.0,101046.0,101078.0,101104.0,101149.0,101183.0,101209.0,101220.0,101256.0,101304.0,101367.0,101415.0,101449.0,101504.0,101531.0,101551.0,101599.0,101624.0,101662.0,101691.0,101730.0,101760.0,101797.0,101829.0,101865.0,101900.0,101930.0,101973.0,102010.0,102047
8nAnoSJ7UAE,,,,,,,,,,,,,,,,,,,,,,,,,,,,,,,,,,,,,,,,,,135481.0,213347.0,215160.0,216086.0,216928.0,217710.0,218520.0,219234.0,219828.0,220349.0,220884.0,221281.0,221661.0,222102.0,222475.0,222884.0,223274.0,223798.0,224265.0,224681.0,225029.0,225371.0,225665.0,225966.0,226194.0,226442.0,226684.0,226956.0,227273.0,227480.0,227725.0,227925.0,228097.0,228351.0,228553.0,228790.0,229013.0,229263.0,229399.0,229588.0,229805.0,229993.0,230234.0,230398.0,230606.0,230734.0,230885.0,231049.0,231173.0,231351.0,231507.0,231668.0,231803.0,231976.0,232095.0,232232.0,232331.0,232451.0,232577.0,232694.0,232795.0,232937.0,233059.0,233189.0,233297.0,233434.0,233544.0,233678.0,233833.0,233975.0,234120.0,234243.0,234368.0,234458.0,234560.0,234661.0,234729.0,234819.0,234892.0,234969.0,235027.0,235093.0,235178.0,235248.0,235347.0,235453.0,235575.0,235684.0,235786.0,235856.0,235941.0,236056.0,236161.0,,,,,,,,,236932.0,237033.0,237102.0,237178.0,237282.0,237360.0,237435.0,237513.0,237600.0,237660.0,237725.0,237812.0,237905.0,238009.0,238089.0,238181.0,238267.0,238366.0,238445.0,238505.0,238570.0,238649.0,238723.0,238789.0,238876.0,238944.0,238998.0,239084.0,239165.0,239258.0,239324.0,239409.0,239466.0,239555.0,239632.0,239718.0,239781.0,239856.0,239924.0,240010.0,240071.0,240155.0,240235.0,240314.0,240384.0,240440.0,240515.0,240587.0,240650
TLbvzVKroWQ,,,,,,,,,,,,,,,,,,,,,,,,,,,,,,,,,,,,,,,,,,764109.0,1609066.0,2054492.0,2335061.0,2495164.0,2560703.0,2644139.0,2705014.0,2721563.0,2747487.0,2802488.0,2863513.0,2967111.0,3001774.0,3027746.0,3049589.0,3075009.0,3078590.0,3081530.0,3083521.0,3085468.0,3087272.0,3089117.0,3090677.0,3092044.0,3093409.0,3094706.0,3095761.0,3097252.0,3098456.0,3099596.0,3100706.0,3101678.0,3102717.0,3103733.0,3104798.0,3105600.0,3106521.0,3107325.0,3108065.0,3108847.0,3109648.0,3110293.0,3111096.0,3111798.0,3112395.0,3112953.0,3113481.0,3114054.0,3114604.0,3115125.0,3115700.0,3116366.0,3117021.0,3117557.0,3118094.0,3118612.0,3119152.0,3119586.0,3120167.0,3120702.0,3121187.0,3121605.0,3122140.0,3122632.0,3123025.0,3123486.0,3123990.0,3124453.0,3124883.0,3125358.0,3125772.0,3126191.0,3126587.0,3126991.0,3127404.0,3127754.0,3128163.0,3128577.0,3128953.0,3129293.0,3129664.0,3130025.0,3130396.0,3130705.0,3131045.0,3131390.0,3131740.0,3132163.0,3132475.0,3132855.0,3133142.0,3133401.0,,,,,,,,,3136190.0,3136596.0,3136913.0,3137139.0,3137425.0,3137746.0,3137947.0,3138284.0,3138656.0,3138988.0,3139324.0,3139549.0,3139876.0,3140103.0,3140546.0,3140917.0,3141212.0,3141498.0,3141796.0,3142066.0,3142352.0,3142585.0,3142945.0,3143233.0,3143493.0,3143773.0,3144022.0,3144239.0,3144439.0,3144701.0,3144898.0,3145072.0,3145319.0,3145480.0,3145673.0,3145867.0,3146097.0,3146257.0,3146426.0,3146636.0,3146808.0,3146997.0,3147179.0,3147327.0,3147537.0,3147684.0,3147892.0,3148036.0,3148190
TLbvzVKroWQ,,,,,,,,,,,,,,,,,,,,,,,,,,,,,,,,,,,,,,,,,,764109.0,1609066.0,2054492.0,2335061.0,2495164.0,2560703.0,2644139.0,2705014.0,2721563.0,2747487.0,2802488.0,2863513.0,2967111.0,3001774.0,3027746.0,3049589.0,3075009.0,3078590.0,3081530.0,3083521.0,3085468.0,3087272.0,3089117.0,3090677.0,3092044.0,3093409.0,3094706.0,3095761.0,3097252.0,3098456.0,3099596.0,3100706.0,3101678.0,3102717.0,3103733.0,3104798.0,3105600.0,3106521.0,3107325.0,3108065.0,3108847.0,3109648.0,3110293.0,3111096.0,3111798.0,3112395.0,3112953.0,3113481.0,3114054.0,3114604.0,3115104.0,3115700.0,3116366.0,3117021.0,3117557.0,3118094.0,3118612.0,3119152.0,3119586.0,3120167.0,3120702.0,3121194.0,3121605.0,3122140.0,3122632.0,3123025.0,3123486.0,3123990.0,3124453.0,3124883.0,3125358.0,3125772.0,3126193.0,3126595.0,3126991.0,3127404.0,3127754.0,3128165.0,3128577.0,3128933.0,3129293.0,3129664.0,3130025.0,3130396.0,3130705.0,3131045.0,3131390.0,3131740.0,3132163.0,3132475.0,3132855.0,3133142.0,3133429.0,,,,,,,,,3136190.0,3136596.0,3136913.0,3137139.0,3137474.0,3137746.0,3137947.0,3138284.0,3138656.0,3138988.0,3139324.0,3139549.0,3139847.0,3140147.0,3140546.0,3140917.0,3141212.0,3141498.0,3141796.0,3142066.0,3142352.0,3142585.0,3142945.0,3143233.0,3143489.0,3143773.0,3144022.0,3144239.0,3144439.0,3144701.0,3144898.0,3145072.0,3145319.0,3145480.0,3145673.0,3145867.0,3146050.0,3146257.0,3146426.0,3146636.0,3146808.0,3146997.0,3147179.0,3147327.0,3147537.0,3147684.0,3147892.0,3148036.0,3148190
Iy8-qPT8rQE,,,,,,,,,,,,,,,,,,,,,,,,,,,,,,,,,,,,,,,,,,20963.0,70159.0,90119.0,103686.0,113088.0,121312.0,129114.0,135316.0,140140.0,143956.0,148010.0,151380.0,154692.0,157791.0,160761.0,163793.0,166837.0,169895.0,172602.0,175458.0,178328.0,181030.0,183388.0,185574.0,187570.0,189461.0,191722.0,193872.0,196734.0,198941.0,201025.0,203133.0,205179.0,207164.0,209018.0,210988.0,213249.0,215457.0,217525.0,219247.0,220864.0,222318.0,223709.0,225148.0,226658.0,227972.0,229541.0,230969.0,232378.0,233784.0,235266.0,236617.0,237886.0,239136.0,240218.0,241327.0,242443.0,243547.0,244634.0,245822.0,246888.0,248337.0,249635.0,251512.0,252859.0,254091.0,255284.0,256445.0,257634.0,258818.0,260009.0,261041.0,262032.0,263135.0,264185.0,265118.0,266006.0,266929.0,267823.0,268788.0,269859.0,270911.0,271868.0,272693.0,273499.0,274292.0,275147.0,275979.0,276776.0,277601.0,278352.0,279123.0,279876.0,,,,,,,,,287264.0,288074.0,288796.0,289562.0,290359.0,291070.0,292194.0,293286.0,294206.0,295133.0,296117.0,296818.0,297586.0,298266.0,299055.0,299767.0,300495.0,301422.0,302188.0,302813.0,303404.0,304060.0,304598.0,305172.0,305714.0,306206.0,306751.0,307240.0,307789.0,308242.0,308683.0,309193.0,309615.0,310106.0,310538.0,310967.0,311376.0,311786.0,312200.0,312655.0,313109.0,313491.0,313913.0,314319.0,314784.0,315200.0,315687.0,316108.0,316560
gC7cURZsiH8,,,,,,,,,,,,,,,,,,,,,,,,,,,,,,,,,,,,,,,,,,,746411.0,1151281.0,1504988.0,1770321.0,1985770.0,2212153.0,2417031.0,2626022.0,2799793.0,2981114.0,3130339.0,3261220.0,3395757.0,3537155.0,3673874.0,3808739.0,3942827.0,4073319.0,4192920.0,4309560.0,4401446.0,4491407.0,4581167.0,4669710.0,4752139.0,4833989.0,4906939.0,5006524.0,5084765.0,5156714.0,5226072.0,5290388.0,5355344.0,5424882.0,5490394.0,5554300.0,5619291.0,5683162.0,5742771.0,5803555.0,5868685.0,5934047.0,5998572.0,6057055.0,6111729.0,6161631.0,6205994.0,6247097.0,6289792.0,6332667.0,6377286.0,6423026.0,6465326.0,6499396.0,6532688.0,6566232.0,6599776.0,6636235.0,6676051.0,6714892.0,6748350.0,6781258.0,6814567.0,6847519.0,6880225.0,6916342.0,6950867.0,6983301.0,7016005.0,7046337.0,7076210.0,7107249.0,7142619.0,7175471.0,7205743.0,7234613.0,7263815.0,7291495.0,7322050.0,7358515.0,7392331.0,7422018.0,7451224.0,7481059.0,7511065.0,7541351.0,7573246.0,7602534.0,7628773.0,7654611.0,7680528.0,7706297.0,,,,,,,,,7940854.0,7967962.0,7991141.0,8014654.0,8037150.0,8059209.0,8080679.0,8106973.0,8133798.0,8156851.0,8180164.0,8205906.0,8231300.0,8255513.0,8282163.0,8308283.0,8331028.0,8354569.0,8377548.0,8398951.0,8419713.0,8444918.0,8467892.0,8488196.0,8508210.0,8531025.0,8552933.0,8575680.0,8599738.0,8622787.0,8643430.0,8664121.0,8685767.0,8707420.0,8727789.0,8750089.0,8772090.0,8790704.0,8810175.0,8830329.0,8850198.0,8869912.0,8892725.0,8915056.0,8934411.0,8953842.0,8973767.0,8993503.0,9012724
j8sdZyr8yMI,,,,,,,,,,,,,,,,,,,,,,,,,,,,,,,,,,,,,,,,,,,21827.0,22830.0,23232.0,23382.0,23614.0,23770.0,23849.0,23919.0,24011.0,24078.0,24131.0,24180.0,24233.0,24299.0,24324.0,24351.0,24380.0,24409.0,24422.0,24441.0,24471.0,24489.0,24509.0,24521.0,24543.0,24558.0,24572.0,24592.0,24606.0,24616.0,24628.0,24633.0,24636.0,24643.0,24652.0,24664.0,24672.0,24681.0,24691.0,24701.0,24711.0,24722.0,24726.0,24733.0,24744.0,24753.0,24768.0,24778.0,24789.0,24798.0,24804.0,24809.0,24813.0,24819.0,24826.0,24829.0,24834.0,24844.0,24845.0,24853.0,24857.0,24863.0,24872.0,24896.0,24907.0,24920.0,24933.0,24938.0,24944.0,24962.0,24990.0,25013.0,25026.0,25040.0,25050.0,25055.0,25060.0,25071.0,25083.0,25093.0,25096.0,25106.0,25112.0,25115.0,25120.0,25128.0,25133.0,25137.0,25143.0,25144.0,25148.0,25153.0,,,,,,,,,25203.0,25207.0,25210.0,25215.0,25216.0,25221.0,25222.0,25227.0,25232.0,25233.0,25239.0,25240.0,25246.0,25250.0,25252.0,25255.0,25258.0,25257.0,25257.0,25257.0,25259.0,25263.0,25264.0,25267.0,25271.0,25276.0,25280.0,25281.0,25290.0,25291.0,25296.0,25300.0,25303.0,25308.0,25310.0,25316.0,25321.0,25327.0,25331.0,25333.0,25334.0,25341.0,25345.0,25348.0,25352.0,25355.0,25358.0,25361.0,25363
kFipqqUntXU,,,,,,,,,,,,,,,,,,,,,,,,,,,,,,,,,,,,,,,,,,,125071.0,125444.0,125747.0,126028.0,126299.0,126526.0,126747.0,127017.0,127231.0,127448.0,127663.0,127857.0,128044.0,128196.0,128419.0,128590.0,128793.0,129000.0,129247.0,129428.0,129591.0,129776.0,129941.0,130138.0,130283.0,130506.0,130662.0,130873.0,131023.0,131182.0,131346.0,131494.0,131621.0,131763.0,131924.0,132057.0,132201.0,132348.0,132446.0,132576.0,132719.0,132860.0,132991.0,133129.0,133250.0,133390.0,133549.0,133735.0,133857.0,134028.0,134192.0,134318.0,134451.0,134558.0,134692.0,134829.0,134931.0,135048.0,135168.0,135326.0,135463.0,135583.0,135739.0,135881.0,136053.0,136254.0,136506.0,136756.0,136967.0,137153.0,137307.0,137465.0,137659.0,137776.0,137939.0,138066.0,138193.0,138321.0,138510.0,138637.0,138749.0,138872.0,138993.0,139141.0,139279.0,139434.0,139576.0,139719.0,139866.0,139997.0,140121.0,140267.0,,,,,,,,,141593.0,141699.0,141814.0,141922.0,142054.0,142153.0,142293.0,142388.0,142494.0,142587.0,142677.0,142777.0,142875.0,142941.0,143033.0,143108.0,143200.0,143272.0,143356.0,143461.0,143556.0,143639.0,143712.0,143820.0,143898.0,143972.0,144069.0,144142.0,144207.0,144300.0,144372.0,144452.0,144546.0,144616.0,144687.0,144748.0,144819.0,144893.0,144946.0,145003.0,145066.0,145141.0,145217.0,145282.0,145333.0,145390.0,145454.0,145543.0,145753
JC2J-10_8wk,,,,,,,,,,,,,,,,,,,,,,,,,,,,,,,,,,,,,,,,,,,445324.0,531041.0,577361.0,610647.0,639032.0,667882.0,698629.0,729003.0,750706.0,767807.0,784595.0,801951.0,820396.0,837955.0,855368.0,872453.0,890337.0,907406.0,923388.0,938515.0,951365.0,963468.0,973757.0,983893.0,993391.0,1004729.0,1013850.0,1025586.0,1035560.0,1044397.0,1052663.0,1061243.0,1070681.0,1080365.0,1089583.0,1097969.0,1106588.0,1114045.0,1120957.0,1129092.0,1136912.0,1144619.0,1152074.0,1159341.0,1166245.0,1172560.0,1179327.0,1185927.0,1193517.0,1200933.0,1207829.0,1213622.0,1219796.0,1226310.0,1233028.0,1239527.0,1245942.0,1252133.0,1257822.0,1262709.0,1268392.0,1274341.0,1281538.0,1289398.0,1295914.0,1301967.0,1308143.0,1314491.0,1320274.0,1325905.0,1331690.0,1336909.0,1341397.0,1345745.0,1351127.0,1357325.0,1362835.0,1367795.0,1372374.0,1376727.0,1380576.0,1385236.0,1389762.0,1394528.0,1398903.0,1403940.0,1408254.0,1412264.0,1417271.0,1422354.0,1427091.0,1431662.0,,,,,,,,,1472496.0,1476505.0,1480651.0,1484931.0,1489015.0,1493351.0,1497508.0,1501269.0,1505062.0,1509014.0,1513289.0,1517743.0,1522379.0,1526723.0,1530484.0,1534350.0,1538478.0,1543843.0,1549297.0,1553987.0,1558070.0,1561865.0,1565487.0,1569659.0,1573715.0,1577689.0,1581706.0,1585747.0,1589444.0,1592996.0,1597164.0,1601395.0,1605763.0,1609504.0,1613018.0,1616037.0,1619519.0,1623369.0,1627345.0,1631227.0,1635316.0,1639253.0,1642504.0,1645607.0,1649099.0,1652814.0,1656521.0,1659612.0,1662432
NtDzH9Imz-8,,,,,,,,,,,,,,,,,,,,,,,,,,,,,,,,,,,,,,,,,,,2438279.0,2959039.0,2999627.0,3002468.0,3167819.0,3719395.0,4870249.0,5059896.0,5059792.0,5064382.0,5068750.0,5074467.0,5077435.0,5083205.0,5090131.0,5097865.0,5102535.0,5108081.0,5111775.0,5120334.0,5121199.0,5121961.0,5122712.0,5123383.0,5124099.0,5124822.0,5125489.0,5126275.0,5126957.0,5127568.0,5128188.0,5128744.0,5129295.0,5129963.0,5130582.0,5131191.0,5131811.0,5132385.0,5132915.0,5133442.0,5133950.0,5159079.0,5233415.0,5511453.0,5534708.0,5561703.0,5586293.0,5604137.0,5642055.0,5690435.0,5697998.0,5698431.0,5698932.0,5699417.0,5699819.0,5700231.0,5700594.0,5700945.0,5701361.0,5701858.0,5702271.0,5702677.0,5703043.0,5703439.0,5703770.0,5704181.0,5704550.0,5704928.0,5705328.0,5705754.0,5706132.0,5706568.0,5707010.0,5707444.0,5707754.0,5708180.0,5708559.0,5708987.0,5709389.0,5709753.0,5710190.0,5710633.0,5710983.0,5711284.0,5711653.0,5711983.0,5712306.0,5712690.0,5713071.0,5713379.0,5713680.0,5713974.0,,,,,,,,,5716446.0,5716785.0,5717108.0,5717411.0,5717665.0,5717971.0,5718273.0,5718627.0,5719041.0,5719619.0,5720189.0,5720618.0,5721049.0,5721387.0,5721761.0,5722094.0,5722371.0,5722679.0,5722963.0,5723309.0,5723619.0,5723963.0,5724250.0,5724518.0,5724803.0,5725101.0,5725365.0,5725620.0,5725841.0,5726110.0,5726451.0,5726771.0,5727072.0,5727321.0,5727565.0,5727858.0,5728108.0,5728311.0,5728555.0,5728784.0,5728969.0,5729193.0,5729382.0,5729603.0,5729757.0,5729927.0,5730135.0,5730303.0,5730474
3hJCo2UOrhg,,,,,,,,,,,,,,,,,,,,,,,,,,,,,,,,,,,,,,,,,,,49943.0,53543.0,57547.0,60725.0,63457.0,66244.0,68889.0,71603.0,74227.0,76636.0,78945.0,81199.0,83119.0,85146.0,87059.0,88996.0,90966.0,93798.0,96295.0,98349.0,100231.0,102192.0,104027.0,106000.0,107743.0,109672.0,111275.0,113279.0,115031.0,116695.0,118261.0,119665.0,121020.0,122333.0,123732.0,125009.0,126337.0,127753.0,129187.0,130507.0,131674.0,133082.0,134406.0,135690.0,137289.0,138615.0,139864.0,141056.0,142245.0,143447.0,144649.0,146106.0,147458.0,148681.0,149852.0,150977.0,152167.0,153349.0,154705.0,156012.0,157082.0,158033.0,159036.0,159957.0,160949.0,162065.0,163218.0,164267.0,165203.0,166131.0,167028.0,167938.0,168994.0,170035.0,170879.0,171855.0,172751.0,173641.0,174827.0,175969.0,177027.0,178111.0,178992.0,180275.0,181329.0,182470.0,183548.0,184591.0,185372.0,186294.0,187172.0,188067.0,,,,,,,,,196490.0,197450.0,198391.0,199179.0,199898.0,200857.0,201812.0,203315.0,204577.0,205448.0,206160.0,207107.0,207980.0,208826.0,209991.0,211020.0,211856.0,212636.0,213547.0,214481.0,215357.0,216408.0,217344.0,218231.0,219100.0,219975.0,220837.0,221798.0,222881.0,223865.0,224770.0,225626.0,226576.0,227474.0,228316.0,229311.0,230212.0,231034.0,231773.0,232570.0,233335.0,234071.0,235033.0,235920.0,236711.0,237521.0,238305.0,239150.0,239979
Iu4qA8FrUz8,,,,,,,,,,,,,,,,,,,,,,,,,,,,,,,,,,,,,,,,,,,81268.0,169886.0,258449.0,349861.0,439533.0,529507.0,621483.0,627188.0,629506.0,632546.0,634560.0,636288.0,637955.0,639497.0,640824.0,642094.0,643383.0,644715.0,645773.0,646888.0,648001.0,648909.0,649957.0,651203.0,652205.0,653129.0,653885.0,655025.0,655946.0,656957.0,658092.0,658938.0,659717.0,660570.0,661382.0,662049.0,662780.0,663665.0,664638.0,665146.0,665639.0,666204.0,666811.0,667400.0,668231.0,668993.0,669607.0,670207.0,670792.0,671565.0,672425.0,673564.0,674815.0,675610.0,676335.0,677039.0,677813.0,678561.0,679563.0,680546.0,681248.0,681888.0,682658.0,683519.0,684377.0,685596.0,686752.0,687622.0,688345.0,689227.0,690061.0,691046.0,692292.0,693358.0,694500.0,695495.0,696534.0,697375.0,698703.0,700098.0,701213.0,702139.0,703223.0,703988.0,704836.0,705732.0,706585.0,707378.0,708089.0,708590.0,709470.0,710159.0,,,,,,,,,716635.0,717553.0,718273.0,718843.0,719560.0,720191.0,720718.0,721490.0,722406.0,723094.0,723877.0,724597.0,725453.0,726380.0,727858.0,729495.0,730629.0,731585.0,732600.0,733571.0,734592.0,736266.0,737683.0,738955.0,739949.0,740946.0,741934.0,742963.0,744220.0,745868.0,746818.0,747643.0,748644.0,749575.0,750519.0,752026.0,753667.0,754605.0,755466.0,756279.0,757322.0,758351.0,759991.0,761574.0,762652.0,763707.0,764913.0,766009.0,767320
7ZSUITgxjw4,,,,,,,,,,,,,,,,,,,,,,,,,,,,,,,,,,,,,,,,,,,,7986.0,18397.0,22274.0,25375.0,27296.0,28817.0,30081.0,31073.0,31815.0,32175.0,32392.0,32666.0,32861.0,33044.0,33206.0,33334.0,33483.0,33619.0,33691.0,33775.0,33868.0,33955.0,34037.0,34110.0,34230.0,34404.0,34537.0,34605.0,34681.0,34757.0,34856.0,34931.0,35010.0,35077.0,35128.0,35195.0,35267.0,35357.0,35433.0,35590.0,35648.0,35733.0,35787.0,35849.0,35929.0,35992.0,36067.0,36145.0,36220.0,36283.0,36340.0,36400.0,36441.0,36476.0,36499.0,36525.0,36561.0,36584.0,36623.0,36644.0,36669.0,36705.0,36748.0,36778.0,36810.0,36835.0,36854.0,36884.0,36910.0,36935.0,36963.0,37003.0,37021.0,37041.0,37065.0,37096.0,37113.0,37132.0,37150.0,37172.0,37189.0,37202.0,37221.0,37247.0,37264.0,37284.0,37305.0,37332.0,37353.0,37367.0,37382.0,,,,,,,,,37552.0,37581.0,37602.0,37631.0,37651.0,37674.0,37684.0,37706.0,37718.0,37745.0,37758.0,37774.0,37794.0,37810.0,37826.0,37836.0,37858.0,37868.0,37887.0,37894.0,37909.0,37929.0,37947.0,37964.0,37979.0,37998.0,38013.0,38024.0,38033.0,38049.0,38059.0,38073.0,38084.0,38092.0,38106.0,38122.0,38141.0,38152.0,38168.0,38182.0,38191.0,38207.0,38220.0,38230.0,38242.0,38257.0,38267.0,38280.0,38289
v22K_Cyvspw,,,,,,,,,,,,,,,,,,,,,,,,,,,,,,,,,,,,,,,,,,,,886390.0,907725.0,920021.0,929443.0,939773.0,947268.0,953977.0,959908.0,965720.0,970653.0,974884.0,979387.0,983724.0,988332.0,993425.0,997559.0,1001618.0,1005124.0,1008392.0,1011510.0,1014365.0,1017208.0,1019355.0,1021353.0,1023058.0,1024445.0,1026650.0,1028624.0,1030705.0,1032585.0,1034345.0,1035803.0,1037089.0,1038501.0,1039846.0,1041432.0,1042880.0,1044394.0,1045757.0,1046944.0,1048179.0,1049442.0,1050735.0,1052043.0,1053335.0,1054395.0,1055384.0,1056410.0,1057473.0,1058832.0,1060073.0,1061392.0,1062434.0,1063475.0,1064425.0,1065417.0,1066577.0,1067887.0,1069322.0,1070505.0,1071583.0,1072678.0,1073939.0,1075311.0,1076620.0,1078023.0,1079159.0,1080228.0,1081204.0,1082276.0,1083456.0,1084733.0,1086001.0,1087091.0,1088128.0,1089027.0,1089978.0,1090980.0,1092048.0,1093180.0,1094062.0,1094877.0,1095624.0,1096433.0,1097350.0,1098354.0,1099295.0,1100117.0,1100872.0,1101695.0,1102608.0,,,,,,,,,1113056.0,1114384.0,1115415.0,1116485.0,1117412.0,1118356.0,1119436.0,1120580.0,1121752.0,1122752.0,1123697.0,1124712.0,1125809.0,1126888.0,1127985.0,1129216.0,1130045.0,1130954.0,1131799.0,1132752.0,1133853.0,1134946.0,1135982.0,1136758.0,1137578.0,1138297.0,1139041.0,1139905.0,1140737.0,1141678.0,1142446.0,1143195.0,1143918.0,1144684.0,1145586.0,1146494.0,1147353.0,1148105.0,1148878.0,1149677.0,1150480.0,1151448.0,1152402.0,1153520.0,1154534.0,1155432.0,1156464.0,1157638.0,1158934
JK-7RKsU3fw,,,,,,,,,,,,,,,,,,,,,,,,,,,,,,,,,,,,,,,,,,,,312710.0,669204.0,969096.0,1274103.0,1575188.0,1851630.0,2123055.0,2400417.0,2450322.0,2472492.0,2494636.0,2516355.0,2537193.0,2557038.0,2575855.0,2590843.0,2604972.0,2617348.0,2628995.0,2640103.0,2650320.0,2660133.0,2669868.0,2679385.0,2689317.0,2697684.0,2709356.0,2718646.0,2727421.0,2736243.0,2744712.0,2753214.0,2761610.0,2769500.0,2777644.0,2785941.0,2793662.0,2801291.0,2808417.0,2815397.0,2822215.0,2828377.0,2834572.0,2840570.0,2846197.0,2852183.0,2858209.0,2863891.0,2869450.0,2874836.0,2880047.0,2884854.0,2890148.0,2895584.0,2900501.0,2905227.0,2909675.0,2914370.0,2919030.0,2923634.0,2927810.0,2932267.0,2936635.0,2941007.0,2945192.0,2949401.0,2953561.0,2957613.0,2961638.0,2965540.0,2969225.0,2972940.0,2976562.0,2979952.0,2983323.0,2986681.0,2989790.0,2992919.0,2996124.0,2999366.0,3002566.0,3005654.0,3008606.0,3011621.0,3014933.0,3018087.0,3021190.0,3024156.0,3027195.0,3030251.0,3033154.0,,,,,,,,,3060414.0,3063746.0,3066559.0,3069278.0,3072085.0,3074786.0,3077481.0,3080271.0,3083442.0,3086301.0,3089124.0,3091855.0,3094841.0,3097844.0,3100755.0,3103669.0,3106596.0,3109534.0,3112346.0,3115008.0,3117623.0,3120741.0,3123722.0,3126588.0,3129718.0,3132636.0,3135414.0,3138193.0,3141236.0,3144277.0,3147263.0,3150177.0,3153203.0,3155893.0,3158563.0,3161945.0,3165094.0,3167875.0,3170707.0,3173648.0,3176530.0,3179380.0,3182387.0,3185278.0,3189039.0,3193603.0,3197497.0,3201058.0,3204386
H8MutZ54wXc,,,,,,,,,,,,,,,,,,,,,,,,,,,,,,,,,,,,,,,,,,,,349210.0,349489.0,349707.0,349971.0,350195.0,350466.0,350817.0,351140.0,351506.0,351797.0,352087.0,352369.0,352663.0,352979.0,353383.0,353721.0,354055.0,354298.0,354571.0,354838.0,355072.0,355322.0,355586.0,355826.0,356079.0,356285.0,357043.0,358331.0,359360.0,360102.0,360855.0,361489.0,362204.0,362902.0,363564.0,364280.0,364950.0,365604.0,366229.0,367000.0,367751.0,368394.0,368975.0,369448.0,369884.0,370417.0,371064.0,371611.0,372128.0,372686.0,373170.0,373594.0,374147.0,374649.0,375189.0,375645.0,376087.0,376470.0,376872.0,377288.0,377730.0,378139.0,378539.0,378954.0,379401.0,379784.0,380147.0,380512.0,380959.0,381315.0,381713.0,382083.0,382463.0,382825.0,383207.0,383550.0,383854.0,384104.0,384341.0,384599.0,384900.0,385194.0,385475.0,385761.0,386043.0,386333.0,386573.0,386898.0,387124.0,387433.0,387772.0,,,,,,,,,391183.0,391562.0,391937.0,392332.0,392750.0,393213.0,393685.0,393987.0,394354.0,394730.0,395438.0,396047.0,396579.0,397126.0,397605.0,398023.0,398642.0,399150.0,399703.0,400044.0,400439.0,400788.0,401115.0,401495.0,401950.0,402321.0,402725.0,403109.0,403370.0,403709.0,404021.0,404323.0,404604.0,404918.0,405176.0,405478.0,405757.0,406055.0,406331.0,406645.0,406922.0,407209.0,407457.0,407685.0,407990.0,408288.0,408606.0,408937.0,409252
2c-wYRiITQA,,,,,,,,,,,,,,,,,,,,,,,,,,,,,,,,,,,,,,,,,,,,544.0,930.0,1044.0,1235.0,1536.0,1848.0,2259.0,2599.0,2704.0,2793.0,2866.0,2984.0,3113.0,3279.0,3383.0,3438.0,3515.0,3545.0,3585.0,3613.0,3638.0,3660.0,3686.0,3710.0,3736.0,3765.0,3780.0,3799.0,3820.0,3832.0,3845.0,3872.0,3887.0,3897.0,3911.0,3916.0,3936.0,3943.0,3953.0,3964.0,3975.0,3983.0,3987.0,3995.0,4004.0,4010.0,4015.0,4025.0,4036.0,4043.0,4048.0,4055.0,4064.0,4066.0,4079.0,4085.0,4092.0,4096.0,4101.0,4109.0,4114.0,4126.0,4131.0,4136.0,4141.0,4149.0,4154.0,4160.0,4162.0,4173.0,4181.0,4190.0,4199.0,4205.0,4210.0,4216.0,4219.0,4222.0,4234.0,4235.0,4240.0,4243.0,4250.0,4254.0,4261.0,4266.0,4270.0,4273.0,4275.0,4283.0,4291.0,,,,,,,,,4373.0,4378.0,4391.0,4424.0,4456.0,4482.0,4506.0,4521.0,4563.0,4581.0,4590.0,4607.0,4616.0,4643.0,4648.0,4667.0,4677.0,4685.0,4694.0,4698.0,4698.0,4703.0,4706.0,4709.0,4711.0,4713.0,4716.0,4718.0,4719.0,4721.0,4723.0,4724.0,4727.0,4731.0,4736.0,4744.0,4748.0,4750.0,4749.0,4751.0,4755.0,4759.0,4761.0,4763.0,4770.0,4774.0,4777.0,4780.0,4784
9ixxUqV73Fk,,,,,,,,,,,,,,,,,,,,,,,,,,,,,,,,,,,,,,,,,,,,813926.0,817467.0,820624.0,824190.0,828164.0,831635.0,835445.0,839049.0,842561.0,845221.0,848261.0,851625.0,854695.0,857792.0,861113.0,864123.0,866923.0,869827.0,872993.0,876314.0,880241.0,884477.0,888238.0,891560.0,895317.0,898377.0,902817.0,906911.0,911050.0,915139.0,919051.0,923397.0,927563.0,931302.0,934496.0,937829.0,940970.0,943985.0,947868.0,951647.0,955257.0,958617.0,962115.0,965496.0,968445.0,972376.0,975997.0,979790.0,983248.0,986781.0,989871.0,992479.0,995954.0,999790.0,1003253.0,1006528.0,1010243.0,1013418.0,1016370.0,1019639.0,1022698.0,1025494.0,1028635.0,1032776.0,1037195.0,1040541.0,1044587.0,1048666.0,1052852.0,1057584.0,1062452.0,1066857.0,1070710.0,1075076.0,1079720.0,1084914.0,1093114.0,1103364.0,1119089.0,1131839.0,1143526.0,1156512.0,1169917.0,1183539.0,1196149.0,1208369.0,1222339.0,1240327.0,1255654.0,1271880.0,1286731.0,,,,,,,,,1396879.0,1406799.0,1417612.0,1427977.0,1438082.0,1448815.0,1458645.0,1467926.0,1475941.0,1484858.0,1494486.0,1503920.0,1513878.0,1523224.0,1532418.0,1540068.0,1549864.0,1560014.0,1570012.0,1578984.0,1588251.0,1599175.0,1610016.0,1622884.0,1637156.0,1654036.0,1671341.0,1691309.0,1708296.0,1722437.0,1738425.0,1753386.0,1767856.0,1780865.0,1795204.0,1809087.0,1821191.0,1834180.0,1847787.0,1860540.0,1872425.0,1885514.0,1897133.0,1907332.0,1919114.0,1931641.0,1943539.0,1955710.0,1968954
vkQ7pM2Rb3s,,,,,,,,,,,,,,,,,,,,,,,,,,,,,,,,,,,,,,,,,,,,200004.0,341199.0,383875.0,424452.0,466307.0,506925.0,541650.0,585678.0,650589.0,707779.0,776373.0,846438.0,917219.0,960247.0,969629.0,973741.0,977820.0,981306.0,984540.0,987493.0,989828.0,992374.0,994603.0,996830.0,998975.0,1001218.0,1003888.0,1006345.0,1008781.0,1011173.0,1013243.0,1015401.0,1017811.0,1019900.0,1022276.0,1024818.0,1027134.0,1028877.0,1030593.0,1032364.0,1034306.0,1036236.0,1038040.0,1039937.0,1041628.0,1043150.0,1044743.0,1046533.0,1048317.0,1049998.0,1051470.0,1052818.0,1054255.0,1055562.0,1056801.0,1057993.0,1059323.0,1060548.0,1061637.0,1062874.0,1064091.0,1065295.0,1066671.0,1067946.0,1069007.0,1069836.0,1070776.0,1071823.0,1072803.0,1073781.0,1074832.0,1075816.0,1076674.0,1077453.0,1078374.0,1079302.0,1080139.0,1080998.0,1081805.0,1082593.0,1083325.0,1084091.0,1084811.0,1085551.0,1086310.0,1087047.0,1087695.0,1088232.0,1088938.0,1089674.0,1090387.0,,,,,,,,,1097063.0,1097699.0,1098229.0,1098844.0,1099400.0,1099983.0,1100577.0,1101248.0,1101806.0,1102409.0,1102956.0,1103555.0,1104203.0,1104980.0,1105649.0,1106206.0,1106865.0,1107491.0,1107988.0,1108619.0,1109224.0,1109810.0,1110263.0,1110855.0,1111470.0,1112029.0,1112599.0,1113244.0,1113722.0,1114220.0,1114739.0,1115184.0,1115746.0,1116242.0,1116722.0,1117256.0,1117657.0,1118135.0,1118652.0,1119113.0,1119505.0,1119924.0,1120289.0,1120669.0,1121014.0,1121488.0,1121856.0,1122349.0,1122764
c3mnsAW1WwQ,,,,,,,,,,,,,,,,,,,,,,,,,,,,,,,,,,,,,,,,,,,,,8012.0,9435.0,9947.0,10501.0,11094.0,11563.0,11935.0,12145.0,12281.0,12392.0,12530.0,12697.0,12829.0,12965.0,13079.0,13212.0,13326.0,13414.0,13491.0,13573.0,13613.0,13665.0,13703.0,13744.0,13771.0,13809.0,13836.0,13850.0,13855.0,13866.0,13877.0,13904.0,13916.0,13926.0,13937.0,13952.0,13956.0,13964.0,13969.0,13976.0,13979.0,13988.0,13992.0,13997.0,13999.0,13997.0,14000.0,14004.0,14009.0,14010.0,14014.0,14017.0,14020.0,14023.0,14030.0,14033.0,14041.0,14044.0,14047.0,14048.0,14049.0,14053.0,14054.0,14055.0,14057.0,14058.0,14061.0,14061.0,14061.0,14062.0,14063.0,14064.0,14066.0,14069.0,14073.0,14074.0,14075.0,14077.0,14080.0,14083.0,14084.0,14086.0,14095.0,14106.0,14107.0,14110.0,14112.0,14113.0,14114.0,14117.0,,,,,,,,,14151.0,14166.0,14174.0,14178.0,14190.0,14191.0,14193.0,14197.0,14200.0,14205.0,14204.0,14204.0,14211.0,14213.0,14214.0,14216.0,14215.0,14220.0,14220.0,14221.0,14225.0,14239.0,14242.0,14245.0,14250.0,14266.0,14277.0,14280.0,14290.0,14293.0,14296.0,14301.0,14305.0,14311.0,14315.0,14320.0,14321.0,14322.0,14326.0,14329.0,14330.0,14331.0,14339.0,14342.0,14342.0,14344.0,14345.0,14349.0,14360
oadi-X_AvHA,,,,,,,,,,,,,,,,,,,,,,,,,,,,,,,,,,,,,,,,,,,,,9482.0,23367.0,63431.0,93869.0,125669.0,157340.0,188413.0,220130.0,238435.0,247822.0,255738.0,266841.0,278183.0,285771.0,291402.0,296821.0,303329.0,308712.0,313064.0,317518.0,321914.0,325648.0,328966.0,332605.0,335896.0,339916.0,343065.0,345756.0,348376.0,350793.0,354097.0,357133.0,359983.0,362919.0,366114.0,368584.0,370682.0,373356.0,375920.0,378353.0,380819.0,383314.0,385654.0,387568.0,389847.0,392131.0,394637.0,396821.0,399242.0,401038.0,402619.0,404487.0,406465.0,408382.0,410254.0,412029.0,413578.0,415280.0,416991.0,418719.0,420395.0,422107.0,423831.0,425263.0,426495.0,428282.0,429954.0,431574.0,433040.0,434648.0,436066.0,437110.0,438449.0,440011.0,441696.0,443371.0,444722.0,445995.0,447107.0,448377.0,449727.0,451025.0,452282.0,453509.0,454715.0,455791.0,456947.0,458186.0,459329.0,460600.0,,,,,,,,,469480.0,470377.0,471403.0,472495.0,473576.0,474711.0,476073.0,477111.0,477922.0,479029.0,480267.0,481379.0,482631.0,483701.0,484701.0,485578.0,486622.0,487804.0,488967.0,489927.0,490935.0,491746.0,492661.0,493572.0,494576.0,495533.0,496435.0,497500.0,498300.0,499065.0,500142.0,501082.0,501995.0,502934.0,503817.0,504630.0,505391.0,506172.0,507047.0,507914.0,508923.0,509769.0,510553.0,511225.0,511987.0,512943.0,513829.0,514774.0,515615
BxY5l4ZK61I,,,,,,,,,,,,,,,,,,,,,,,,,,,,,,,,,,,,,,,,,,,,,1695371.0,2275415.0,2774372.0,3199353.0,3558591.0,3892890.0,4204298.0,4522542.0,4780580.0,5010797.0,5241623.0,5470025.0,5693555.0,5912490.0,6143291.0,6359965.0,6557550.0,6740052.0,6920735.0,7097238.0,7283488.0,7474225.0,7648066.0,7818689.0,7967536.0,8150178.0,8309521.0,8462650.0,8627165.0,8793404.0,8943519.0,9095439.0,9245321.0,9405154.0,9573252.0,9742358.0,9919051.0,10073028.0,10229333.0,10370447.0,10520619.0,10662780.0,10821540.0,10987537.0,11140407.0,11278813.0,11425970.0,11575647.0,11722815.0,11878496.0,12035579.0,12163818.0,12288133.0,12413282.0,12549168.0,12678686.0,12829395.0,12991702.0,13118128.0,13232477.0,13356410.0,13480176.0,13597280.0,13739975.0,13885804.0,14006975.0,14116017.0,14235121.0,14356996.0,14476391.0,14615252.0,14774173.0,14897771.0,15003271.0,15109161.0,15218691.0,15339788.0,15474993.0,15618915.0,15731481.0,15847457.0,15963177.0,16088430.0,16234833.0,16387946.0,16540257.0,16671802.0,16794109.0,16912087.0,17027461.0,,,,,,,,,18137301.0,18295469.0,18424006.0,18535128.0,18647348.0,18744918.0,18846185.0,18958310.0,19070387.0,19157307.0,19240681.0,19321986.0,19410605.0,19494166.0,19601726.0,19710135.0,19800268.0,19890013.0,19971226.0,20060417.0,20165015.0,20293372.0,20423464.0,20520253.0,20609132.0,20697020.0,20780601.0,20870185.0,20972907.0,21077360.0,21166376.0,21254502.0,21344571.0,21433317.0,21523293.0,21627550.0,21727940.0,21805902.0,21877717.0,21949617.0,22020388.0,22097317.0,22192851.0,22290573.0,22368171.0,22435608.0,22505800.0,22580477.0,22655426
NFXxhdwuBXY,,,,,,,,,,,,,,,,,,,,,,,,,,,,,,,,,,,,,,,,,,,,,127243.0,168223.0,203470.0,237206.0,266029.0,288584.0,348767.0,449011.0,544094.0,635689.0,730046.0,817118.0,897497.0,998316.0,1099690.0,1199188.0,1288058.0,1383404.0,1472553.0,1558207.0,1630017.0,1695887.0,1764973.0,1828472.0,1885552.0,1890343.0,1895077.0,1899630.0,1904111.0,1908134.0,1911992.0,1916187.0,1920157.0,1923930.0,1927633.0,1931291.0,1934780.0,1937998.0,1940960.0,1943866.0,1946677.0,1949547.0,1952368.0,1955148.0,1957697.0,1960099.0,1962462.0,1964844.0,1967267.0,1969557.0,1971616.0,1973411.0,1975253.0,1977082.0,1978902.0,1980903.0,1983585.0,1985760.0,1987633.0,1989399.0,1991185.0,1992904.0,1994692.0,1996688.0,1998748.0,2000902.0,2003044.0,2005235.0,2007157.0,2009090.0,2010959.0,2012673.0,2014130.0,2015909.0,2017457.0,2019184.0,2020883.0,2022488.0,2023946.0,2025302.0,2026783.0,2028333.0,2029944.0,2031500.0,2033237.0,2034761.0,2036338.0,2037950.0,2039604.0,2041166.0,,,,,,,,,2055446.0,2056825.0,2058244.0,2059643.0,2060972.0,2062484.0,2064023.0,2065470.0,2066936.0,2068136.0,2069566.0,2071139.0,2072820.0,2074601.0,2076225.0,2077800.0,2079291.0,2080210.0,2082187.0,2083553.0,2084943.0,2086273.0,2087552.0,2088714.0,2089944.0,2091114.0,2092540.0,2093918.0,2095252.0,2096414.0,2097787.0,2099081.0,2100349.0,2101511.0,2102720.0,2103847.0,2104953.0,2105978.0,2107135.0,2108243.0,2109321.0,2110543.0,2111769.0,2112960.0,2114042.0,2115208.0,2116301.0,2117459.0,2118572
hdLI_UzpMgw,,,,,,,,,,,,,,,,,,,,,,,,,,,,,,,,,,,,,,,,,,,,,,87895.0,99614.0,116382.0,140206.0,159609.0,173402.0,184923.0,195423.0,207488.0,221917.0,240029.0,257195.0,273526.0,288032.0,302621.0,317232.0,330020.0,341984.0,353154.0,363440.0,372660.0,380653.0,389417.0,397081.0,406683.0,414940.0,422174.0,428744.0,434695.0,441590.0,448836.0,455704.0,461670.0,467372.0,472787.0,477515.0,483011.0,488643.0,494618.0,500348.0,505649.0,510428.0,514773.0,519838.0,524904.0,529930.0,534731.0,539197.0,543045.0,546945.0,551064.0,555013.0,558734.0,562403.0,566263.0,569773.0,573270.0,576888.0,580415.0,584113.0,587942.0,591563.0,594977.0,598153.0,601819.0,605726.0,609668.0,613473.0,617074.0,620434.0,623390.0,626995.0,630812.0,634403.0,637936.0,641386.0,644435.0,647201.0,650002.0,653229.0,656231.0,659113.0,662190.0,664943.0,667443.0,670469.0,673576.0,676690.0,679682.0,,,,,,,,,704241.0,706703.0,709227.0,711767.0,714388.0,716767.0,718955.0,720906.0,722962.0,725067.0,727202.0,729313.0,731570.0,733765.0,735660.0,737440.0,739568.0,741746.0,743867.0,745891.0,747955.0,749235.0,751775.0,753911.0,756294.0,758381.0,760707.0,763052.0,764933.0,766736.0,768821.0,771001.0,773228.0,775316.0,777309.0,779131.0,780959.0,782997.0,785145.0,787174.0,789161.0,791084.0,792791.0,794469.0,796477.0,798505.0,800429.0,802229.0,804114
8V2SpdoRxTk,,,,,,,,,,,,,,,,,,,,,,,,,,,,,,,,,,,,,,,,,,,,,,133350.0,133464.0,133558.0,133681.0,133786.0,133879.0,133980.0,134084.0,134156.0,134323.0,134465.0,134617.0,134750.0,134869.0,134993.0,135106.0,135257.0,135371.0,135469.0,135568.0,135665.0,135795.0,135912.0,136012.0,136162.0,136285.0,136427.0,136535.0,136660.0,136773.0,136867.0,136976.0,137097.0,137215.0,137318.0,137431.0,137522.0,137644.0,137767.0,137870.0,137972.0,138052.0,138128.0,138242.0,138347.0,138429.0,138524.0,138616.0,138775.0,138839.0,138927.0,139014.0,139107.0,139205.0,139267.0,139362.0,139458.0,139565.0,139661.0,139740.0,139827.0,139910.0,140003.0,140090.0,140165.0,140227.0,140295.0,140363.0,140419.0,140503.0,140592.0,140666.0,140755.0,140819.0,140922.0,141007.0,141110.0,141211.0,141278.0,141371.0,141459.0,141537.0,141610.0,141681.0,141750.0,141825.0,141901.0,141966.0,142035.0,,,,,,,,,142735.0,142819.0,142908.0,143014.0,143123.0,143206.0,143287.0,143356.0,143434.0,143556.0,143649.0,143755.0,143838.0,143919.0,144013.0,144085.0,144152.0,144216.0,144271.0,144339.0,144406.0,144477.0,144545.0,144622.0,144671.0,144743.0,144803.0,144862.0,144940.0,144990.0,145065.0,145132.0,145201.0,145265.0,145328.0,145390.0,145443.0,145493.0,145566.0,145657.0,145736.0,145802.0,145873.0,145916.0,145967.0,146052.0,146133.0,146215.0,146285
edTij5oTD6U,,,,,,,,,,,,,,,,,,,,,,,,,,,,,,,,,,,,,,,,,,,,,,15111.0,15273.0,15402.0,15522.0,15652.0,15752.0,15883.0,15985.0,16105.0,16227.0,16331.0,16440.0,16544.0,16639.0,16726.0,16833.0,16938.0,17021.0,17094.0,17169.0,17251.0,17327.0,17386.0,17458.0,17545.0,17619.0,17678.0,17745.0,17808.0,17876.0,17953.0,18011.0,18087.0,18159.0,18228.0,18289.0,18334.0,18406.0,18452.0,18504.0,18557.0,18616.0,18685.0,18728.0,18782.0,18833.0,18877.0,18920.0,18960.0,19003.0,19034.0,19073.0,19113.0,19156.0,19193.0,19230.0,19278.0,19348.0,19405.0,19446.0,19477.0,19531.0,19563.0,19611.0,19649.0,19699.0,19745.0,19776.0,19811.0,19850.0,19879.0,19909.0,19968.0,20003.0,20030.0,20074.0,20111.0,20142.0,20181.0,20223.0,20269.0,20298.0,20332.0,20366.0,20395.0,20430.0,20464.0,20486.0,20510.0,,,,,,,,,20726.0,20740.0,20763.0,20800.0,20830.0,20873.0,20909.0,20933.0,20959.0,20995.0,21022.0,21057.0,21092.0,21137.0,21164.0,21197.0,21224.0,21251.0,21293.0,21355.0,21406.0,21441.0,21480.0,21512.0,21554.0,21590.0,21625.0,21668.0,21696.0,21726.0,21753.0,21789.0,21811.0,21826.0,21845.0,21857.0,21877.0,21890.0,21916.0,21968.0,22015.0,22046.0,22080.0,22108.0,22139.0,22160.0,22187.0,22207.0,22221
uy6deO3OWas,,,,,,,,,,,,,,,,,,,,,,,,,,,,,,,,,,,,,,,,,,,,,,260.0,355.0,446.0,467.0,494.0,512.0,522.0,531.0,546.0,545.0,552.0,590.0,604.0,613.0,620.0,628.0,636.0,637.0,644.0,652.0,658.0,660.0,662.0,665.0,667.0,669.0,682.0,694.0,701.0,717.0,734.0,759.0,783.0,795.0,821.0,842.0,856.0,886.0,910.0,917.0,923.0,939.0,941.0,949.0,963.0,969.0,980.0,982.0,988.0,990.0,994.0,1012.0,1037.0,1051.0,1076.0,1081.0,1114.0,1123.0,1133.0,1148.0,1150.0,1154.0,1155.0,1157.0,1167.0,1170.0,1173.0,1184.0,1186.0,1187.0,1187.0,1188.0,1191.0,1193.0,1196.0,1197.0,1201.0,1204.0,1209.0,1212.0,1224.0,1229.0,1241.0,1244.0,1247.0,1248.0,1250.0,1252.0,1255.0,,,,,,,,,1284.0,1288.0,1289.0,1291.0,1292.0,1292.0,1293.0,1295.0,1297.0,1301.0,1302.0,1302.0,1303.0,1304.0,1304.0,1309.0,1311.0,1313.0,1329.0,1333.0,1344.0,1347.0,1347.0,1347.0,1347.0,1348.0,1348.0,1349.0,1349.0,1349.0,1352.0,1352.0,1352.0,1354.0,1356.0,1356.0,1357.0,1357.0,1357.0,1358.0,1358.0,1358.0,1358.0,1358.0,1360.0,8298.0,8319.0,8322.0,8293
CgCVZdcKcqY,,,,,,,,,,,,,,,,,,,,,,,,,,,,,,,,,,,,,,,,,,,,,,83491865.0,86680524.0,90161751.0,93350237.0,96477362.0,99478895.0,102677282.0,105469270.0,107987765.0,110694439.0,113295935.0,115950004.0,118481846.0,121037845.0,123529733.0,125831412.0,128118042.0,130363158.0,132635452.0,135029758.0,137545274.0,139834163.0,142003846.0,143843302.0,146192515.0,148236592.0,150334675.0,152497364.0,154570425.0,156536820.0,158585685.0,160606048.0,162573395.0,164631625.0,166721628.0,168745163.0,170591800.0,172431960.0,174308345.0,176142672.0,177979782.0,179914945.0,181799881.0,183503932.0,185096161.0,186735181.0,188357525.0,190041883.0,191818534.0,193595821.0,195053145.0,196527320.0,198043564.0,199572074.0,201142740.0,202857442.0,204599736.0,206011361.0,207379656.0,208768665.0,210127176.0,211503274.0,213041217.0,214538147.0,215733287.0,216904435.0,218126770.0,219336812.0,220594373.0,222009496.0,223398563.0,224537318.0,225628665.0,226713379.0,227754404.0,228867651.0,230155739.0,231391702.0,232405593.0,233404795.0,234403728.0,235450651.0,236601351.0,237940323.0,239231002.0,240296240.0,241312025.0,242321493.0,243343208.0,,,,,,,,,253450559.0,254720469.0,255746679.0,256714965.0,257705881.0,258668520.0,259633178.0,260684903.0,261758073.0,262683866.0,263594911.0,264497336.0,265507568.0,266542025.0,267695919.0,268788683.0,269707526.0,270563151.0,271426591.0,272298290.0,273161755.0,274143735.0,275056850.0,275806579.0,276569477.0,277346796.0,278136468.0,278956761.0,279852292.0,280759248.0,281515145.0,282273561.0,283036436.0,283794393.0,284575857.0,285444265.0,286325862.0,287048893.0,287794613.0,288538045.0,289267863.0,290006037.0,290848886.0,291676093.0,292382580.0,293077265.0,293786740.0,294513823.0,295257677
cVY-lgH0jhA,,,,,,,,,,,,,,,,,,,,,,,,,,,,,,,,,,,,,,,,,,,,,,,10473.0,22545.0,40389.0,52186.0,61221.0,61301.0,61322.0,61360.0,61387.0,61402.0,61435.0,61447.0,61458.0,61468.0,61484.0,61501.0,61518.0,61533.0,61543.0,61550.0,61562.0,61567.0,61575.0,61591.0,61601.0,61610.0,61618.0,61620.0,61627.0,61633.0,61638.0,61640.0,61646.0,61652.0,61658.0,61664.0,61670.0,61675.0,61679.0,61684.0,61684.0,61688.0,61695.0,61701.0,61703.0,61708.0,61711.0,61712.0,61713.0,61714.0,61720.0,61723.0,61725.0,61727.0,61730.0,61734.0,61736.0,61741.0,61752.0,61753.0,61755.0,61757.0,61759.0,61761.0,61764.0,61767.0,61768.0,61771.0,61771.0,61774.0,61776.0,61780.0,61783.0,61784.0,61785.0,61786.0,61788.0,61788.0,61789.0,61790.0,61792.0,61794.0,61795.0,61798.0,61799.0,61800.0,61802.0,61804.0,,,,,,,,,61811.0,61812.0,61812.0,61812.0,61813.0,61813.0,61813.0,61816.0,61816.0,61816.0,61816.0,61817.0,61817.0,61817.0,61818.0,61819.0,61819.0,61819.0,61819.0,61820.0,61822.0,61823.0,61824.0,61825.0,61825.0,61828.0,61829.0,61829.0,61830.0,61830.0,61834.0,61838.0,61839.0,61840.0,61840.0,61840.0,61841.0,61841.0,61842.0,61842.0,61842.0,61843.0,61843.0,61843.0,61844.0,61844.0,61846.0,61846.0,61846
7_yW-9m57ng,,,,,,,,,,,,,,,,,,,,,,,,,,,,,,,,,,,,,,,,,,,,,,,812.0,913.0,977.0,1026.0,1168.0,1499.0,1951.0,2298.0,2436.0,2584.0,2708.0,2820.0,2897.0,2958.0,3039.0,3111.0,3180.0,3234.0,3293.0,3354.0,3403.0,3456.0,3500.0,3564.0,3608.0,3644.0,3679.0,3708.0,3751.0,3797.0,3834.0,3864.0,3894.0,3925.0,3952.0,3980.0,4011.0,4037.0,4067.0,4104.0,4123.0,4141.0,4158.0,4180.0,4198.0,4217.0,4237.0,4262.0,4272.0,4293.0,4313.0,4334.0,4353.0,4375.0,4390.0,4402.0,4420.0,4436.0,4459.0,4479.0,4494.0,4519.0,4535.0,4555.0,4567.0,4586.0,4604.0,4614.0,4618.0,4620.0,4622.0,4627.0,4629.0,4632.0,4633.0,4636.0,4642.0,4650.0,4654.0,4657.0,4660.0,4662.0,4666.0,4673.0,4677.0,4680.0,4683.0,4687.0,,,,,,,,,4750.0,4760.0,4768.0,4771.0,4779.0,4786.0,4795.0,4803.0,4807.0,4820.0,4828.0,4832.0,4839.0,4846.0,4854.0,4865.0,4869.0,4877.0,4879.0,4882.0,4891.0,4895.0,4898.0,4903.0,4909.0,4914.0,4919.0,4920.0,4926.0,4927.0,4929.0,4933.0,4939.0,4941.0,4943.0,4944.0,4947.0,4949.0,4949.0,4952.0,4953.0,4955.0,4957.0,4957.0,4957.0,4960.0,4965.0,4968.0,4968
D5QtUaIuW5E,,,,,,,,,,,,,,,,,,,,,,,,,,,,,,,,,,,,,,,,,,,,,,,9551.0,1221064.0,2125103.0,2128271.0,2130777.0,2167189.0,2201375.0,2438837.0,2733586.0,2847725.0,2939721.0,3065511.0,3068760.0,3069098.0,3069865.0,3070590.0,3071309.0,3071942.0,3072531.0,3073051.0,3073567.0,3074059.0,3074409.0,3074866.0,3075239.0,3075638.0,3076029.0,3076417.0,3076743.0,3077047.0,3077365.0,3077679.0,3078001.0,3078399.0,3078830.0,3079290.0,3079713.0,3080180.0,3080521.0,3080888.0,3081164.0,3081471.0,3081764.0,3082072.0,3082371.0,3082680.0,3082963.0,3083237.0,3083469.0,3083676.0,3083900.0,3084105.0,3084301.0,3084475.0,3084649.0,3084841.0,3085020.0,3085138.0,3085266.0,3085415.0,3085536.0,3085692.0,3085823.0,3085943.0,3086078.0,3086199.0,3086330.0,3086446.0,3086566.0,3086653.0,3086795.0,3086896.0,3087010.0,3087109.0,3087236.0,3087347.0,3087492.0,3087585.0,3087684.0,3087777.0,3087867.0,3087968.0,3088072.0,3088170.0,3088266.0,3088372.0,3088500.0,3088599.0,,,,,,,,,3089611.0,3089712.0,3089834.0,3089938.0,3090062.0,3090171.0,3090244.0,3090350.0,3090435.0,3090522.0,3090625.0,3090726.0,3090814.0,3090923.0,3091015.0,3091117.0,3091192.0,3091281.0,3091367.0,3091478.0,3091568.0,3091663.0,3091733.0,3091813.0,3091880.0,3091952.0,3092051.0,3092147.0,3092234.0,3092317.0,3092392.0,3092477.0,3092561.0,3092666.0,3092748.0,3092826.0,3092885.0,3092963.0,3093037.0,3093118.0,3093185.0,3093264.0,3093323.0,3093389.0,3093455.0,3093534.0,3093609.0,3093694.0,3093772
YN8sIDIp78k,,,,,,,,,,,,,,,,,,,,,,,,,,,,,,,,,,,,,,,,,,,,,,,1568.0,3490.0,4140.0,4584.0,4979.0,5260.0,5492.0,5741.0,5921.0,6100.0,6265.0,6436.0,6545.0,6738.0,6990.0,7193.0,7315.0,7525.0,7669.0,7769.0,7890.0,8014.0,8148.0,8291.0,8396.0,8505.0,8595.0,8685.0,8802.0,8936.0,9053.0,9188.0,9284.0,9404.0,9519.0,9708.0,10063.0,10296.0,10455.0,10623.0,10809.0,10948.0,11180.0,11279.0,11341.0,11409.0,11454.0,11537.0,11620.0,11703.0,11768.0,11847.0,11922.0,12006.0,12084.0,12162.0,12236.0,12294.0,12366.0,12419.0,12499.0,12573.0,12632.0,12705.0,12757.0,12789.0,12840.0,12924.0,13036.0,13108.0,13180.0,13234.0,13289.0,13335.0,13370.0,13395.0,13432.0,13469.0,13508.0,13534.0,13571.0,13599.0,13627.0,13642.0,13672.0,13737.0,13761.0,13800.0,,,,,,,,,14072.0,14110.0,14143.0,14201.0,14233.0,14277.0,14315.0,14340.0,14360.0,14416.0,14476.0,14510.0,14546.0,14579.0,14628.0,14666.0,14701.0,14731.0,14762.0,14793.0,14824.0,14858.0,14882.0,14907.0,14940.0,14970.0,15004.0,15041.0,15072.0,15096.0,15162.0,15211.0,15244.0,15277.0,15305.0,15338.0,15381.0,15428.0,15464.0,15499.0,15538.0,15583.0,15643.0,15697.0,15768.0,15828.0,15870.0,15913.0,15940
W6qfC4DtcYc,,,,,,,,,,,,,,,,,,,,,,,,,,,,,,,,,,,,,,,,,,,,,,,,519.0,534.0,554.0,587.0,597.0,613.0,627.0,633.0,639.0,644.0,646.0,650.0,656.0,656.0,661.0,663.0,663.0,664.0,666.0,673.0,675.0,676.0,679.0,680.0,682.0,682.0,683.0,684.0,686.0,688.0,689.0,691.0,692.0,692.0,692.0,692.0,692.0,692.0,693.0,693.0,694.0,695.0,695.0,696.0,696.0,697.0,698.0,698.0,698.0,698.0,701.0,702.0,702.0,703.0,704.0,705.0,706.0,708.0,710.0,710.0,710.0,710.0,711.0,714.0,715.0,716.0,716.0,716.0,717.0,717.0,717.0,717.0,719.0,720.0,720.0,720.0,721.0,721.0,721.0,722.0,722.0,723.0,723.0,723.0,723.0,723.0,723.0,,,,,,,,,731.0,731.0,731.0,731.0,731.0,731.0,731.0,732.0,733.0,733.0,734.0,734.0,736.0,737.0,737.0,737.0,738.0,738.0,738.0,738.0,738.0,738.0,739.0,739.0,741.0,741.0,741.0,741.0,741.0,742.0,742.0,742.0,742.0,743.0,744.0,744.0,744.0,744.0,744.0,744.0,745.0,747.0,747.0,748.0,749.0,749.0,750.0,750.0,750
q35LeLrG7m8,,,,,,,,,,,,,,,,,,,,,,,,,,,,,,,,,,,,,,,,,,,,,,,,106139.0,133683.0,143355.0,148173.0,151666.0,154628.0,156884.0,158819.0,160373.0,161636.0,163872.0,166184.0,167444.0,168279.0,169276.0,170397.0,171540.0,173151.0,174262.0,175383.0,176173.0,176685.0,177353.0,177844.0,178253.0,178700.0,179172.0,179462.0,179817.0,180075.0,180266.0,180478.0,180702.0,181004.0,181189.0,181336.0,181476.0,181630.0,181781.0,181956.0,182122.0,182254.0,182394.0,182524.0,182621.0,182738.0,182868.0,182964.0,183049.0,183138.0,183182.0,183274.0,183332.0,183403.0,183489.0,183534.0,183580.0,183619.0,183653.0,183708.0,183789.0,183832.0,183894.0,183941.0,183994.0,184045.0,184125.0,184182.0,184265.0,184310.0,184360.0,184430.0,184469.0,184541.0,184601.0,184674.0,184740.0,184791.0,184847.0,184929.0,184971.0,185038.0,185104.0,185135.0,185171.0,185199.0,185230.0,,,,,,,,,185591.0,185629.0,185659.0,185690.0,185740.0,185774.0,185805.0,185840.0,185918.0,185956.0,185993.0,186016.0,186040.0,186058.0,186088.0,186113.0,186135.0,186153.0,186185.0,186212.0,186232.0,186278.0,186314.0,186359.0,186394.0,186417.0,186435.0,186470.0,186504.0,186567.0,186609.0,186639.0,186655.0,186673.0,186700.0,186735.0,186753.0,186781.0,186813.0,186852.0,186899.0,186917.0,186959.0,186994.0,187022.0,187045.0,187080.0,187106.0,187127
mUeTDV07F9o,,,,,,,,,,,,,,,,,,,,,,,,,,,,,,,,,,,,,,,,,,,,,,,,58604.0,65979.0,68468.0,70067.0,71388.0,72279.0,72969.0,73703.0,74341.0,74864.0,75280.0,75599.0,75971.0,76281.0,76645.0,76997.0,77426.0,78053.0,78439.0,78854.0,79156.0,79350.0,79646.0,79857.0,80037.0,80272.0,80492.0,80618.0,80792.0,80910.0,81003.0,81147.0,81242.0,81368.0,81467.0,81568.0,81641.0,81727.0,81801.0,81885.0,81956.0,82070.0,82143.0,82208.0,82248.0,82301.0,82364.0,82429.0,82492.0,82556.0,82606.0,82644.0,82680.0,82722.0,82775.0,82800.0,82828.0,82861.0,82893.0,82915.0,82951.0,82984.0,83024.0,83048.0,83087.0,83105.0,83127.0,83158.0,83188.0,83209.0,83239.0,83275.0,83300.0,83331.0,83363.0,83414.0,83449.0,83491.0,83535.0,83581.0,83604.0,83647.0,83684.0,83712.0,83733.0,83761.0,83784.0,,,,,,,,,84022.0,84051.0,84071.0,84094.0,84113.0,84137.0,84160.0,84184.0,84218.0,84238.0,84251.0,84266.0,84292.0,84303.0,84325.0,84342.0,84355.0,84369.0,84381.0,84394.0,84413.0,84437.0,84458.0,84485.0,84500.0,84515.0,84539.0,84561.0,84588.0,84624.0,84651.0,84671.0,84682.0,84693.0,84714.0,84739.0,84763.0,84791.0,84816.0,84843.0,84869.0,84877.0,84896.0,84929.0,84940.0,84957.0,84978.0,84999.0,85019
AZaNvjs7PeQ,,,,,,,,,,,,,,,,,,,,,,,,,,,,,,,,,,,,,,,,,,,,,,,,34665.0,42010.0,46553.0,48952.0,50840.0,52372.0,54126.0,57324.0,59348.0,61632.0,63332.0,65228.0,66942.0,68164.0,69287.0,69982.0,70874.0,71742.0,72373.0,72938.0,73805.0,74459.0,75006.0,75404.0,75693.0,76040.0,76290.0,76488.0,76680.0,76810.0,76963.0,77072.0,77181.0,77253.0,77327.0,77413.0,77481.0,77540.0,77599.0,77660.0,77703.0,77755.0,77815.0,77865.0,77903.0,77940.0,77985.0,78055.0,78099.0,78149.0,78202.0,78229.0,78269.0,78304.0,78333.0,78376.0,78402.0,78433.0,78466.0,78493.0,78536.0,78576.0,78607.0,78642.0,78676.0,78709.0,78732.0,78760.0,78796.0,78828.0,78848.0,78875.0,78893.0,78915.0,78928.0,78955.0,78975.0,78994.0,79020.0,79046.0,79066.0,79079.0,79098.0,79121.0,79138.0,79150.0,79162.0,,,,,,,,,79321.0,79340.0,79350.0,79367.0,79385.0,79395.0,79405.0,79414.0,79429.0,79443.0,79458.0,79476.0,79490.0,79507.0,79516.0,79526.0,79539.0,79553.0,79566.0,79579.0,79588.0,79605.0,79617.0,79632.0,79647.0,79666.0,79692.0,79705.0,79717.0,79728.0,79741.0,79760.0,79770.0,79786.0,79809.0,79827.0,79837.0,79847.0,79857.0,79867.0,79898.0,79905.0,79917.0,79924.0,79933.0,79944.0,79954.0,79970.0,79981
IVDMKsJj-pQ,,,,,,,,,,,,,,,,,,,,,,,,,,,,,,,,,,,,,,,,,,,,,,,,106053.0,141982.0,177756.0,209614.0,236706.0,251455.0,264586.0,278384.0,289270.0,300154.0,309360.0,316498.0,322104.0,329548.0,337616.0,344803.0,350580.0,355682.0,360600.0,365066.0,370358.0,374668.0,379224.0,384643.0,389686.0,393416.0,397353.0,403070.0,408695.0,412907.0,416846.0,420366.0,423718.0,426657.0,430479.0,434225.0,438300.0,442476.0,446761.0,450088.0,453349.0,457918.0,462362.0,467652.0,472868.0,478273.0,482143.0,485386.0,489708.0,493846.0,497941.0,502192.0,506530.0,509961.0,512867.0,516798.0,521430.0,525974.0,530316.0,534993.0,538680.0,542135.0,546728.0,551241.0,555575.0,560464.0,565707.0,569386.0,572163.0,576037.0,579880.0,583797.0,587596.0,590506.0,592995.0,595395.0,597734.0,600483.0,603190.0,605574.0,608344.0,610740.0,613066.0,616052.0,618780.0,621608.0,624316.0,,,,,,,,,647289.0,649694.0,652806.0,655666.0,658764.0,662025.0,665305.0,668363.0,671212.0,674449.0,677937.0,681441.0,685287.0,688925.0,691762.0,694316.0,697659.0,701221.0,704823.0,707751.0,710307.0,712444.0,714683.0,717287.0,720033.0,722765.0,725374.0,728175.0,730393.0,732352.0,734985.0,737329.0,739794.0,742187.0,744501.0,746360.0,748011.0,750291.0,752738.0,754756.0,757004.0,759184.0,760866.0,762535.0,764716.0,767020.0,769295.0,771823.0,774353
DbWHR_DDfUY,,,,,,,,,,,,,,,,,,,,,,,,,,,,,,,,,,,,,,,,,,,,,,,,66075.0,70925.0,75266.0,79618.0,84479.0,87609.0,89596.0,91382.0,93210.0,94591.0,95867.0,97141.0,98346.0,99389.0,100395.0,101422.0,102311.0,103243.0,104221.0,105144.0,106075.0,106693.0,107671.0,108366.0,109239.0,109952.0,110758.0,111395.0,112181.0,112951.0,113591.0,114301.0,115085.0,115781.0,116419.0,117108.0,117713.0,118382.0,119073.0,119699.0,120266.0,120855.0,121403.0,121911.0,122381.0,122791.0,123443.0,124007.0,124560.0,125031.0,125594.0,126166.0,126665.0,127178.0,127576.0,128134.0,128655.0,129124.0,129570.0,130008.0,130433.0,130871.0,131327.0,131745.0,132231.0,132616.0,133010.0,133427.0,133823.0,134194.0,134593.0,134951.0,135402.0,135726.0,136021.0,136299.0,136615.0,136890.0,137153.0,137436.0,137692.0,137969.0,138210.0,138495.0,138749.0,139024.0,139307.0,,,,,,,,,141530.0,141777.0,142001.0,142267.0,142453.0,142687.0,142899.0,143141.0,143398.0,143635.0,143836.0,144047.0,144272.0,144498.0,144742.0,144914.0,145157.0,145392.0,145648.0,145859.0,146081.0,146348.0,146583.0,146819.0,147023.0,147238.0,147438.0,147636.0,147830.0,148009.0,148179.0,148347.0,148529.0,148676.0,148834.0,149000.0,149156.0,149309.0,149472.0,149623.0,149801.0,150000.0,150198.0,150419.0,150625.0,150801.0,150995.0,151177.0,151362
DLZ8DogIMPs,,,,,,,,,,,,,,,,,,,,,,,,,,,,,,,,,,,,,,,,,,,,,,,,181133.0,184412.0,186991.0,189263.0,191312.0,193631.0,195545.0,196994.0,198345.0,199702.0,204445.0,208846.0,210945.0,212572.0,214008.0,215198.0,216284.0,217270.0,218308.0,219258.0,220211.0,221187.0,222580.0,223755.0,224930.0,226350.0,227357.0,228216.0,229184.0,230515.0,231812.0,232815.0,233855.0,234959.0,236220.0,237412.0,238908.0,240592.0,242018.0,243289.0,244160.0,245429.0,246503.0,247511.0,248546.0,249770.0,250860.0,251564.0,252525.0,253573.0,254573.0,255606.0,256598.0,257350.0,258132.0,259146.0,260136.0,261121.0,262106.0,262946.0,263887.0,264652.0,265512.0,266368.0,267538.0,268448.0,269451.0,270331.0,271066.0,271860.0,272753.0,273499.0,274341.0,275047.0,275565.0,276037.0,276461.0,276951.0,277470.0,278038.0,278601.0,279003.0,279400.0,279851.0,280325.0,280800.0,281311.0,,,,,,,,,287976.0,288511.0,289158.0,289747.0,290482.0,291219.0,291924.0,292543.0,293162.0,293815.0,294586.0,295399.0,296317.0,297378.0,298245.0,298921.0,299645.0,300378.0,301094.0,301699.0,302295.0,302768.0,303189.0,303741.0,304288.0,304789.0,305242.0,305804.0,306225.0,306662.0,307154.0,307554.0,308067.0,308516.0,308968.0,309322.0,309657.0,309993.0,310418.0,310820.0,311315.0,311829.0,312266.0,312640.0,313082.0,313569.0,314202.0,314734.0,315229
8tzv_THMMj4,,,,,,,,,,,,,,,,,,,,,,,,,,,,,,,,,,,,,,,,,,,,,,,,10257.0,21421.0,25557.0,27054.0,27882.0,28395.0,28764.0,29006.0,29209.0,29397.0,29561.0,29671.0,29757.0,29843.0,29918.0,29986.0,30029.0,30092.0,30146.0,30195.0,30222.0,30256.0,30303.0,30336.0,30381.0,30405.0,30433.0,30465.0,30492.0,30529.0,30558.0,30583.0,30619.0,30628.0,30657.0,30688.0,30724.0,30735.0,30780.0,30804.0,30833.0,30860.0,30882.0,30906.0,30917.0,30938.0,30958.0,30981.0,31000.0,31026.0,31048.0,31061.0,31085.0,31101.0,31113.0,31136.0,31155.0,31181.0,31194.0,31219.0,31235.0,31253.0,31273.0,31292.0,31306.0,31319.0,31337.0,31352.0,31388.0,31400.0,31418.0,31437.0,31450.0,31470.0,31487.0,31510.0,31525.0,31536.0,31549.0,31569.0,31589.0,31607.0,31612.0,31626.0,31632.0,31646.0,31655.0,,,,,,,,,31763.0,31771.0,31787.0,31793.0,31811.0,31821.0,31843.0,31853.0,31865.0,31877.0,31889.0,31902.0,31912.0,31924.0,31938.0,31954.0,31968.0,31978.0,31990.0,31994.0,32012.0,32022.0,32036.0,32050.0,32058.0,32072.0,32087.0,32109.0,32127.0,32134.0,32148.0,32156.0,32176.0,32183.0,32199.0,32212.0,32219.0,32236.0,32245.0,32258.0,32262.0,32282.0,32296.0,32301.0,32314.0,32330.0,32337.0,32341.0,32364
E3Xgzzh50H0,,,,,,,,,,,,,,,,,,,,,,,,,,,,,,,,,,,,,,,,,,,,,,,,655.0,845.0,1058.0,1570.0,2139.0,2674.0,2904.0,3006.0,3110.0,3182.0,3344.0,3515.0,3570.0,3616.0,3643.0,3670.0,3699.0,3727.0,3745.0,3762.0,3789.0,3801.0,3834.0,3851.0,3878.0,3908.0,3926.0,3954.0,3971.0,3996.0,4025.0,4037.0,4068.0,4087.0,4108.0,4125.0,4138.0,4166.0,4186.0,4214.0,4230.0,4250.0,4261.0,4270.0,4288.0,4313.0,4331.0,4338.0,4350.0,4359.0,4372.0,4386.0,4401.0,4415.0,4420.0,4439.0,4461.0,4476.0,4491.0,4508.0,4525.0,4539.0,4557.0,4572.0,4592.0,4607.0,4630.0,4658.0,4676.0,4689.0,4703.0,4713.0,4732.0,4740.0,4761.0,4775.0,4783.0,4792.0,4801.0,4808.0,4822.0,4831.0,4837.0,4854.0,4866.0,4879.0,4897.0,,,,,,,,,5102.0,5122.0,5128.0,5135.0,5147.0,5165.0,5191.0,5201.0,5217.0,5224.0,5237.0,5248.0,5266.0,5283.0,5298.0,5312.0,5318.0,5325.0,5336.0,5348.0,5353.0,5357.0,5358.0,5366.0,5374.0,5383.0,5392.0,5399.0,5405.0,5419.0,5430.0,5444.0,5461.0,5478.0,5486.0,5505.0,5516.0,5538.0,5553.0,5562.0,5570.0,5581.0,5602.0,5614.0,5628.0,5645.0,5661.0,5672.0,5693
1VO5KiU-7Eg,,,,,,,,,,,,,,,,,,,,,,,,,,,,,,,,,,,,,,,,,,,,,,,,2823.0,2833.0,2842.0,2851.0,2865.0,2866.0,2872.0,2875.0,2881.0,2887.0,2892.0,2901.0,2909.0,2914.0,2920.0,2923.0,2927.0,2934.0,2936.0,2939.0,2944.0,2949.0,2956.0,2962.0,2967.0,2970.0,2982.0,2989.0,2995.0,3001.0,3006.0,3010.0,3016.0,3017.0,3020.0,3023.0,3027.0,3031.0,3034.0,3040.0,3042.0,3044.0,3049.0,3055.0,3057.0,3061.0,3060.0,3065.0,3068.0,3075.0,3082.0,3086.0,3086.0,3088.0,3094.0,3102.0,3117.0,3126.0,3129.0,3134.0,3140.0,3142.0,3146.0,3153.0,3158.0,3160.0,3168.0,3170.0,3173.0,3176.0,3180.0,3184.0,3187.0,3189.0,3195.0,3198.0,3202.0,3204.0,3206.0,3206.0,3207.0,3209.0,3212.0,3213.0,3214.0,3215.0,3219.0,,,,,,,,,3237.0,3238.0,3240.0,3240.0,3241.0,3242.0,3243.0,3243.0,3244.0,3244.0,3245.0,3247.0,3249.0,3250.0,3257.0,3257.0,3261.0,3262.0,3264.0,3267.0,3275.0,3279.0,3281.0,3285.0,3287.0,3291.0,3293.0,3296.0,3297.0,3299.0,3300.0,3305.0,3307.0,3311.0,3312.0,3314.0,3315.0,3317.0,3322.0,3322.0,3327.0,3330.0,3330.0,3331.0,3333.0,3336.0,3337.0,3338.0,3340
3mqMQUSyLPA,,,,,,,,,,,,,,,,,,,,,,,,,,,,,,,,,,,,,,,,,,,,,,,,54736.0,237005.0,394026.0,439824.0,512367.0,575562.0,583273.0,662660.0,789847.0,797339.0,797902.0,798514.0,799032.0,799638.0,800222.0,800741.0,801379.0,801925.0,802433.0,802996.0,803569.0,804155.0,804894.0,805483.0,806086.0,806640.0,807156.0,807658.0,808207.0,808734.0,809261.0,809860.0,810393.0,811063.0,811703.0,812270.0,812655.0,813078.0,813570.0,814026.0,814375.0,814750.0,815095.0,815439.0,815823.0,816253.0,816648.0,816968.0,817270.0,817535.0,817790.0,818114.0,818422.0,818699.0,818988.0,819288.0,819637.0,820069.0,820380.0,820678.0,820896.0,821081.0,821359.0,821612.0,821871.0,822107.0,822380.0,822616.0,822843.0,823026.0,823210.0,823448.0,823729.0,823974.0,824170.0,824370.0,824614.0,824872.0,825089.0,825308.0,825561.0,825769.0,825971.0,826254.0,826477.0,826743.0,827019.0,,,,,,,,,829032.0,829242.0,829542.0,829858.0,830326.0,830811.0,831560.0,832239.0,832865.0,833270.0,833635.0,833998.0,834469.0,834820.0,835195.0,835509.0,835841.0,836138.0,836484.0,836748.0,837025.0,837247.0,837435.0,837653.0,837858.0,838169.0,838485.0,838725.0,838943.0,839141.0,839407.0,839633.0,839861.0,840100.0,840285.0,840528.0,840712.0,840966.0,841207.0,841416.0,841656.0,841864.0,842093.0,842274.0,842435.0,842651.0,842873.0,843130.0,843353
7wmI0p2E6j0,,,,,,,,,,,,,,,,,,,,,,,,,,,,,,,,,,,,,,,,,,,,,,,,1423.0,1427.0,1433.0,1441.0,1445.0,1447.0,1452.0,1461.0,1463.0,1472.0,1488.0,1491.0,1497.0,1498.0,1501.0,1508.0,1513.0,1517.0,1518.0,1522.0,1526.0,1527.0,1528.0,1529.0,1531.0,1536.0,1546.0,1547.0,1549.0,1549.0,1549.0,1549.0,1553.0,1557.0,1558.0,1558.0,1559.0,1559.0,1562.0,1562.0,1563.0,1564.0,1565.0,1567.0,1567.0,1567.0,1571.0,1571.0,1571.0,1571.0,1578.0,1580.0,1580.0,1580.0,1582.0,1583.0,1583.0,1583.0,1586.0,1587.0,1587.0,1587.0,1589.0,1589.0,1590.0,1592.0,1592.0,1592.0,1592.0,1592.0,1593.0,1593.0,1594.0,1594.0,1594.0,1594.0,1594.0,1594.0,1594.0,1596.0,1596.0,1596.0,1597.0,1597.0,1597.0,1597.0,1597.0,,,,,,,,,1602.0,1602.0,1602.0,1602.0,1602.0,1602.0,1602.0,1602.0,1602.0,1604.0,1606.0,1606.0,1606.0,1606.0,1606.0,1606.0,1606.0,1606.0,1606.0,1606.0,1606.0,1606.0,1606.0,1606.0,1606.0,1607.0,1607.0,1609.0,1613.0,1619.0,1619.0,1619.0,1623.0,1624.0,1627.0,1631.0,1632.0,1632.0,1632.0,1632.0,1632.0,1632.0,1634.0,1634.0,1634.0,1634.0,1634.0,1635.0,1635
yDBteBsTNnI,,,,,,,,,,,,,,,,,,,,,,,,,,,,,,,,,,,,,,,,,,,,,,,,4504.0,4608.0,4696.0,4786.0,4838.0,4904.0,5012.0,5087.0,5170.0,5237.0,5306.0,5395.0,5475.0,5582.0,5722.0,5828.0,5969.0,6124.0,6242.0,6344.0,6447.0,6531.0,6649.0,6747.0,6848.0,6946.0,7022.0,7136.0,7252.0,7379.0,7495.0,7643.0,7772.0,7886.0,8013.0,8114.0,8234.0,8341.0,8471.0,8571.0,8662.0,8773.0,8893.0,9009.0,9132.0,9247.0,9333.0,9415.0,9496.0,9548.0,9613.0,9689.0,9782.0,9866.0,9953.0,10026.0,10064.0,10089.0,10137.0,10204.0,10257.0,10292.0,10345.0,10408.0,10461.0,10509.0,10562.0,10602.0,10620.0,10644.0,10662.0,10683.0,10722.0,10745.0,10770.0,10794.0,10814.0,10834.0,10850.0,10868.0,10898.0,10912.0,10932.0,10954.0,10982.0,10998.0,11017.0,,,,,,,,,11248.0,11259.0,11289.0,11309.0,11339.0,11371.0,11381.0,11396.0,11419.0,11448.0,11488.0,11520.0,11550.0,11584.0,11605.0,11630.0,11672.0,11707.0,11737.0,11768.0,11792.0,11808.0,11833.0,11851.0,11871.0,11899.0,11934.0,11964.0,11998.0,12012.0,12038.0,12057.0,12074.0,12093.0,12125.0,12152.0,12176.0,12196.0,12220.0,12253.0,12289.0,12323.0,12357.0,12370.0,12405.0,12429.0,12469.0,12506.0,12535
lB3C0Kpbg_0,,,,,,,,,,,,,,,,,,,,,,,,,,,,,,,,,,,,,,,,,,,,,,,,23309.0,23969.0,24554.0,25200.0,26011.0,26699.0,28051.0,30087.0,31685.0,32859.0,34205.0,35287.0,36075.0,37366.0,38718.0,40650.0,42070.0,44604.0,46521.0,47412.0,49044.0,50211.0,51894.0,53447.0,54799.0,56131.0,58470.0,62412.0,65540.0,71094.0,78061.0,85897.0,93263.0,96792.0,102454.0,106848.0,109871.0,111873.0,113756.0,115446.0,116714.0,119185.0,121854.0,124521.0,127085.0,130438.0,132969.0,134703.0,137971.0,141001.0,144692.0,147634.0,150209.0,152405.0,154092.0,156576.0,159524.0,163603.0,166778.0,170536.0,172883.0,174868.0,177801.0,181037.0,184412.0,187012.0,189408.0,191339.0,193043.0,196153.0,199898.0,205237.0,208769.0,211155.0,213744.0,214942.0,215738.0,216719.0,217893.0,218840.0,221098.0,222434.0,223509.0,225254.0,227506.0,229481.0,230950.0,,,,,,,,,241115.0,241938.0,242966.0,244012.0,245047.0,246039.0,247495.0,248587.0,249634.0,250846.0,251968.0,253137.0,254432.0,255791.0,256970.0,257897.0,258996.0,260185.0,261415.0,262862.0,264325.0,265239.0,266019.0,267306.0,268903.0,270351.0,271879.0,273585.0,274771.0,275877.0,277438.0,278895.0,280619.0,282158.0,283730.0,285445.0,286718.0,288653.0,290387.0,292104.0,294021.0,296059.0,297434.0,298494.0,300597.0,302898.0,304736.0,306753.0,307946
dF9rN7eOVks,,,,,,,,,,,,,,,,,,,,,,,,,,,,,,,,,,,,,,,,,,,,,,,,48959.0,180654.0,329303.0,367182.0,367638.0,367966.0,368251.0,368436.0,368624.0,368799.0,368920.0,369070.0,369213.0,369316.0,369624.0,369839.0,370140.0,370318.0,370420.0,370511.0,370587.0,370650.0,370715.0,370758.0,370790.0,370836.0,370880.0,370921.0,370958.0,370993.0,371020.0,371044.0,371074.0,371103.0,371132.0,371159.0,371176.0,371186.0,371219.0,371241.0,371272.0,371304.0,371341.0,371352.0,371371.0,371392.0,371416.0,371447.0,371460.0,371478.0,371490.0,371504.0,371518.0,371531.0,371551.0,371573.0,371587.0,371600.0,371609.0,371628.0,371648.0,371661.0,371681.0,371701.0,371712.0,371725.0,371734.0,371746.0,371759.0,371771.0,371779.0,371790.0,371797.0,371803.0,371814.0,371824.0,371833.0,371843.0,371851.0,371870.0,371883.0,371899.0,371915.0,371953.0,371986.0,372023.0,372069.0,,,,,,,,,372262.0,372271.0,372280.0,372294.0,372302.0,372319.0,372338.0,372345.0,372359.0,372375.0,372385.0,372396.0,372404.0,372409.0,372422.0,372430.0,372440.0,372448.0,372457.0,372466.0,372476.0,372484.0,372496.0,372503.0,372514.0,372522.0,372527.0,372537.0,372543.0,372549.0,372560.0,372569.0,372582.0,372586.0,372597.0,372607.0,372614.0,372618.0,372624.0,372635.0,372648.0,372660.0,372668.0,372678.0,372688.0,372697.0,372706.0,372713.0,372723
wa0Eh9C7CCI,,,,,,,,,,,,,,,,,,,,,,,,,,,,,,,,,,,,,,,,,,,,,,,,86497.0,86588.0,86652.0,86712.0,86801.0,86869.0,86979.0,87129.0,87163.0,87193.0,87207.0,87230.0,87241.0,87282.0,87306.0,87314.0,87324.0,87333.0,87338.0,87342.0,87348.0,87351.0,87356.0,87361.0,87363.0,87365.0,87367.0,87370.0,87372.0,87376.0,87376.0,87377.0,87377.0,87378.0,87380.0,87380.0,87384.0,87387.0,87389.0,87391.0,87395.0,87397.0,87398.0,87401.0,87402.0,87404.0,87409.0,87410.0,87410.0,87411.0,87413.0,87413.0,87414.0,87414.0,87416.0,87420.0,87420.0,87420.0,87421.0,87423.0,87423.0,87423.0,87424.0,87425.0,87425.0,87429.0,87431.0,87434.0,87434.0,87435.0,87435.0,87436.0,87437.0,87437.0,87438.0,87438.0,87439.0,87439.0,87441.0,87442.0,87444.0,87444.0,87444.0,87445.0,87445.0,87445.0,87446.0,,,,,,,,,87451.0,87452.0,87453.0,87453.0,87453.0,87456.0,87457.0,87458.0,87458.0,87458.0,87459.0,87461.0,87461.0,87462.0,87462.0,87463.0,87465.0,87465.0,87466.0,87467.0,87467.0,87468.0,87470.0,87470.0,87471.0,87472.0,87472.0,87473.0,87474.0,87474.0,87474.0,87474.0,87474.0,87474.0,87474.0,87474.0,87474.0,87475.0,87475.0,87475.0,87475.0,87475.0,87476.0,87477.0,87482.0,87482.0,87482.0,87483.0,87484
ZIUNkJ2V0cs,,,,,,,,,,,,,,,,,,,,,,,,,,,,,,,,,,,,,,,,,,,,,,,,418.0,550.0,635.0,676.0,729.0,772.0,823.0,927.0,1115.0,1346.0,1542.0,1718.0,1829.0,1950.0,2067.0,2380.0,2781.0,3007.0,3247.0,3461.0,3702.0,3976.0,4323.0,4662.0,4887.0,5079.0,5282.0,5501.0,5814.0,6106.0,6293.0,6458.0,6628.0,6813.0,7016.0,7240.0,7436.0,7665.0,7895.0,8105.0,8317.0,8539.0,8846.0,9165.0,9536.0,9834.0,10093.0,10280.0,10502.0,10710.0,10946.0,11160.0,11429.0,11637.0,11806.0,12052.0,12253.0,12469.0,12728.0,12954.0,13149.0,13398.0,13668.0,13925.0,14176.0,14417.0,14689.0,14934.0,15118.0,15358.0,15565.0,15809.0,16046.0,16259.0,16376.0,16521.0,16635.0,16785.0,16914.0,17084.0,17334.0,17477.0,17650.0,17804.0,17925.0,18084.0,18231.0,,,,,,,,,19825.0,19918.0,20057.0,20224.0,20379.0,20631.0,20809.0,20944.0,21126.0,21304.0,21545.0,21766.0,22053.0,22345.0,22594.0,22775.0,22949.0,23216.0,23483.0,23697.0,23808.0,23937.0,24035.0,24178.0,24299.0,24485.0,24665.0,24836.0,24957.0,25081.0,25207.0,25330.0,25452.0,25604.0,25772.0,25908.0,26024.0,26208.0,26379.0,26528.0,26665.0,26819.0,26964.0,27073.0,27245.0,27409.0,27577.0,27732.0,27917
R8kRJ6FFUsA,,,,,,,,,,,,,,,,,,,,,,,,,,,,,,,,,,,,,,,,,,,,,,,,47775.0,48979.0,51203.0,52358.0,53075.0,53649.0,54223.0,54839.0,55269.0,55736.0,56049.0,56412.0,56739.0,57069.0,57364.0,57684.0,58019.0,58316.0,58596.0,58859.0,59189.0,59541.0,59920.0,60383.0,60712.0,61132.0,61522.0,61873.0,62145.0,62452.0,62673.0,62883.0,63069.0,63278.0,63461.0,63627.0,63767.0,63909.0,64077.0,64229.0,64374.0,64528.0,64698.0,64907.0,65185.0,65398.0,65646.0,65975.0,66277.0,66513.0,66795.0,67005.0,67231.0,67384.0,67560.0,67853.0,68013.0,68158.0,68287.0,68391.0,68517.0,68640.0,68742.0,68842.0,68939.0,69012.0,69078.0,69169.0,69253.0,69318.0,69381.0,69444.0,69496.0,69568.0,69629.0,69677.0,69741.0,69796.0,69858.0,69913.0,69965.0,70027.0,70090.0,70154.0,70206.0,70263.0,70329.0,,,,,,,,,70776.0,70860.0,70910.0,70978.0,71032.0,71082.0,71139.0,71174.0,71240.0,71285.0,71335.0,71365.0,71427.0,71473.0,71537.0,71590.0,71655.0,71700.0,71767.0,71847.0,71925.0,72003.0,72050.0,72110.0,72158.0,72197.0,72264.0,72324.0,72387.0,72456.0,72551.0,72613.0,72683.0,72885.0,72946.0,73011.0,73158.0,73248.0,73311.0,73474.0,73554.0,73649.0,73714.0,73810.0,73905.0,73968.0,74040.0,74103.0,74177
5GAGJt4Vew0,,,,,,,,,,,,,,,,,,,,,,,,,,,,,,,,,,,,,,,,,,,,,,,,39697.0,40086.0,40272.0,40515.0,40723.0,41029.0,41507.0,41812.0,41985.0,42166.0,42285.0,42363.0,42440.0,42507.0,42586.0,42636.0,42672.0,42704.0,42749.0,42783.0,42808.0,42834.0,42863.0,42891.0,42914.0,42934.0,42957.0,42976.0,43009.0,43027.0,43047.0,43071.0,43089.0,43103.0,43119.0,43144.0,43165.0,43185.0,43193.0,43208.0,43217.0,43231.0,43243.0,43253.0,43262.0,43267.0,43281.0,43294.0,43305.0,43313.0,43322.0,43326.0,43338.0,43347.0,43362.0,43372.0,43377.0,43380.0,43390.0,43395.0,43399.0,43409.0,43413.0,43415.0,43419.0,43424.0,43430.0,43435.0,43441.0,43445.0,43452.0,43462.0,43470.0,43474.0,43481.0,43494.0,43503.0,43510.0,43516.0,43520.0,43528.0,43538.0,43545.0,43552.0,43558.0,43563.0,43565.0,,,,,,,,,43624.0,43631.0,43634.0,43642.0,43644.0,43648.0,43649.0,43652.0,43653.0,43657.0,43663.0,43667.0,43671.0,43675.0,43679.0,43684.0,43687.0,43690.0,43692.0,43697.0,43700.0,43708.0,43710.0,43717.0,43724.0,43733.0,43739.0,43748.0,43754.0,43758.0,43763.0,43772.0,43774.0,43778.0,43784.0,43787.0,43799.0,43808.0,43815.0,43821.0,43826.0,43838.0,43854.0,43859.0,43867.0,43877.0,43880.0,43887.0,43891
GpRczHt0lBE,,,,,,,,,,,,,,,,,,,,,,,,,,,,,,,,,,,,,,,,,,,,,,,,43776.0,50790.0,56013.0,59772.0,63809.0,66935.0,69596.0,72487.0,74843.0,77128.0,79211.0,81154.0,82922.0,84591.0,86306.0,87940.0,89421.0,92115.0,93770.0,94926.0,96023.0,96957.0,98156.0,99177.0,100218.0,101253.0,102490.0,103523.0,104564.0,105593.0,106524.0,107335.0,108142.0,108949.0,109676.0,110331.0,111791.0,113301.0,114257.0,115062.0,115760.0,116489.0,117157.0,117834.0,118581.0,119236.0,119827.0,120332.0,120876.0,121400.0,121865.0,122378.0,122926.0,123451.0,123915.0,124346.0,124733.0,125214.0,125622.0,126015.0,126459.0,126872.0,127238.0,127774.0,128214.0,128604.0,128984.0,129392.0,129682.0,130016.0,130408.0,130892.0,131512.0,132062.0,132514.0,132896.0,133374.0,133822.0,134196.0,134548.0,134871.0,135226.0,135571.0,136017.0,136517.0,136912.0,137230.0,,,,,,,,,141498.0,141935.0,142376.0,142758.0,143133.0,143585.0,144118.0,144742.0,145810.0,146966.0,147698.0,148488.0,149362.0,149987.0,150476.0,150871.0,151319.0,151775.0,152210.0,152673.0,153066.0,153431.0,153903.0,154361.0,154834.0,155225.0,155699.0,156298.0,156894.0,157485.0,158012.0,158662.0,159477.0,160096.0,160592.0,161105.0,161585.0,161964.0,162449.0,162860.0,163243.0,163624.0,164019.0,164384.0,164783.0,165265.0,166983.0,168346.0,169313
4RTcBgcVtOE,,,,,,,,,,,,,,,,,,,,,,,,,,,,,,,,,,,,,,,,,,,,,,,,24090.0,45905.0,60996.0,76501.0,89747.0,102282.0,115070.0,129731.0,139068.0,147937.0,156574.0,164148.0,171697.0,179240.0,186810.0,193916.0,201200.0,208236.0,215108.0,221043.0,228318.0,234467.0,241857.0,248383.0,253952.0,259751.0,264927.0,271308.0,277927.0,284420.0,290005.0,295513.0,300509.0,305090.0,309987.0,314615.0,319555.0,324310.0,328803.0,332885.0,336746.0,340950.0,344755.0,349134.0,353709.0,358270.0,362329.0,366385.0,370372.0,374204.0,377819.0,381468.0,384949.0,388121.0,391126.0,394377.0,397879.0,401535.0,405328.0,408710.0,411867.0,414926.0,418431.0,422079.0,425317.0,428356.0,431601.0,434644.0,437294.0,440415.0,443278.0,446210.0,449162.0,451974.0,454810.0,457525.0,460276.0,463182.0,466273.0,469347.0,472444.0,475106.0,477800.0,480964.0,483920.0,487009.0,489985.0,,,,,,,,,521044.0,524242.0,527778.0,531187.0,534853.0,538080.0,541252.0,544010.0,546747.0,549712.0,552755.0,556068.0,560234.0,564186.0,567872.0,570968.0,574638.0,578357.0,581991.0,585252.0,587968.0,590517.0,593484.0,596587.0,599412.0,602280.0,605302.0,608270.0,610827.0,613213.0,616190.0,619029.0,621750.0,624549.0,627140.0,629564.0,632031.0,634673.0,637433.0,640156.0,642895.0,645638.0,648069.0,650436.0,653296.0,656234.0,659271.0,662160.0,665027
nJdlElIDWYE,,,,,,,,,,,,,,,,,,,,,,,,,,,,,,,,,,,,,,,,,,,,,,,,,427831.0,428888.0,429996.0,430817.0,431589.0,432261.0,432984.0,433697.0,434312.0,434824.0,435433.0,435915.0,436318.0,436649.0,437030.0,437386.0,437707.0,437948.0,438196.0,438410.0,438614.0,438884.0,439117.0,439401.0,439713.0,440055.0,440333.0,440573.0,440765.0,440962.0,441170.0,441390.0,441559.0,441778.0,441958.0,442084.0,442212.0,442336.0,442493.0,442674.0,442807.0,442939.0,443050.0,443153.0,443273.0,443381.0,443511.0,443593.0,443681.0,443771.0,443842.0,443937.0,444026.0,444111.0,444186.0,444262.0,444339.0,444429.0,444493.0,444574.0,444668.0,444735.0,444825.0,444890.0,444992.0,445057.0,445152.0,445230.0,445354.0,445455.0,445547.0,445628.0,445747.0,445845.0,445936.0,446038.0,446133.0,446220.0,446309.0,446394.0,446494.0,446597.0,446698.0,446818.0,447029.0,447157.0,,,,,,,,,448340.0,448456.0,448589.0,448691.0,448807.0,448931.0,449018.0,449115.0,449234.0,449329.0,449457.0,449563.0,449656.0,449756.0,449850.0,449957.0,450043.0,450116.0,450241.0,450332.0,450413.0,450526.0,450626.0,450765.0,450921.0,451020.0,451102.0,451182.0,451290.0,451387.0,451461.0,451539.0,451642.0,451746.0,451836.0,451923.0,452029.0,452112.0,452183.0,452241.0,452331.0,452410.0,452491.0,452572.0,452634.0,452690.0,452760.0,452866.0,452932
W8ml4ryPwic,,,,,,,,,,,,,,,,,,,,,,,,,,,,,,,,,,,,,,,,,,,,,,,,,5337333.0,7616520.0,9040846.0,10208248.0,10598528.0,10885025.0,11060278.0,11165289.0,11273646.0,11391720.0,11496443.0,11591265.0,11635694.0,11670716.0,11706349.0,11746857.0,11787920.0,11828230.0,11863250.0,11898153.0,11927930.0,11956046.0,11980238.0,12002713.0,12027078.0,12051246.0,12074676.0,12098674.0,12120523.0,12143533.0,12165953.0,12187672.0,12206689.0,12225486.0,12245385.0,12264741.0,12284189.0,12303855.0,12321286.0,12335665.0,12350746.0,12365375.0,12380428.0,12395210.0,12412071.0,12427064.0,12440682.0,12452924.0,12465186.0,12477479.0,12489848.0,12503792.0,12518484.0,12531175.0,12542935.0,12554267.0,12565508.0,12576627.0,12588014.0,12599743.0,12610990.0,12622520.0,12634016.0,12645561.0,12656965.0,12669200.0,12681321.0,12691476.0,12701121.0,12710650.0,12720457.0,12729812.0,12740049.0,12750289.0,12759665.0,12768801.0,12778448.0,12788949.0,12799710.0,12811373.0,12822452.0,12833028.0,12843559.0,12854755.0,12866350.0,12877615.0,,,,,,,,,12974467.0,12986581.0,12998373.0,13010582.0,13023584.0,13037917.0,13051075.0,13064745.0,13080967.0,13092233.0,13103754.0,13114712.0,13125904.0,13138568.0,13151411.0,13165161.0,13176804.0,13188454.0,13199540.0,13207660.0,13215344.0,13223130.0,13230278.0,13237092.0,13244833.0,13252859.0,13260656.0,13268822.0,13276989.0,13284690.0,13292020.0,13299598.0,13307332.0,13314751.0,13321639.0,13328623.0,13335196.0,13341400.0,13347996.0,13355010.0,13361839.0,13368819.0,13375948.0,13382248.0,13388703.0,13395195.0,13401721.0,13408199.0,13414602
x6ICoe6Ntnw,,,,,,,,,,,,,,,,,,,,,,,,,,,,,,,,,,,,,,,,,,,,,,,,,75716.0,80223.0,83605.0,86221.0,88280.0,89728.0,91197.0,92927.0,94321.0,95657.0,96843.0,97875.0,98736.0,99547.0,100439.0,101441.0,102428.0,103224.0,103970.0,104817.0,105596.0,106725.0,107925.0,108958.0,110036.0,110899.0,111630.0,112388.0,112928.0,113558.0,114173.0,114728.0,115285.0,115678.0,116107.0,116478.0,116812.0,117173.0,117529.0,117894.0,118149.0,118426.0,118680.0,118932.0,119187.0,119456.0,119710.0,119925.0,120122.0,120368.0,120669.0,120974.0,121275.0,121577.0,121807.0,122037.0,122287.0,122484.0,122705.0,122970.0,123243.0,123455.0,123698.0,123925.0,124137.0,124326.0,124533.0,124758.0,124937.0,125126.0,125337.0,125514.0,125679.0,125844.0,126015.0,126159.0,126313.0,126447.0,126658.0,126813.0,126987.0,127132.0,127255.0,127389.0,127501.0,127639.0,,,,,,,,,129116.0,129409.0,129584.0,129774.0,129953.0,130166.0,130389.0,130571.0,130793.0,130948.0,131094.0,131231.0,131355.0,131503.0,131649.0,131802.0,131889.0,131996.0,132104.0,132244.0,132336.0,132441.0,132543.0,132655.0,132757.0,132893.0,132995.0,133107.0,133217.0,133332.0,133456.0,133572.0,133657.0,133774.0,133868.0,133950.0,134065.0,134152.0,134231.0,134329.0,134433.0,134522.0,134612.0,134711.0,134808.0,134948.0,135103.0,135224.0,135378
kOV4qANBdPE,,,,,,,,,,,,,,,,,,,,,,,,,,,,,,,,,,,,,,,,,,,,,,,,,5031.0,5719.0,6237.0,6479.0,6634.0,6766.0,6878.0,6995.0,7098.0,7169.0,7262.0,7368.0,7437.0,7526.0,7684.0,7952.0,8152.0,8265.0,8343.0,8429.0,8500.0,8549.0,8631.0,8696.0,8777.0,8844.0,8927.0,8962.0,9017.0,9053.0,9087.0,9116.0,9137.0,9184.0,9182.0,9196.0,9221.0,9243.0,9256.0,9272.0,9291.0,9304.0,9317.0,9329.0,9342.0,9348.0,9358.0,9366.0,9370.0,9386.0,9388.0,9401.0,9411.0,9423.0,9434.0,9442.0,9454.0,9466.0,9471.0,9478.0,9482.0,9490.0,9496.0,9507.0,9515.0,9522.0,9529.0,9531.0,9542.0,9552.0,9563.0,9569.0,9578.0,9583.0,9590.0,9595.0,9605.0,9610.0,9614.0,9618.0,9621.0,9628.0,9633.0,9639.0,9645.0,9651.0,,,,,,,,,9733.0,9741.0,9752.0,9794.0,9821.0,9842.0,9870.0,9883.0,9898.0,9906.0,9929.0,9959.0,9992.0,10018.0,10030.0,10047.0,10054.0,10063.0,10076.0,10082.0,10099.0,10101.0,10105.0,10111.0,10116.0,10124.0,10129.0,10131.0,10134.0,10139.0,10145.0,10151.0,10159.0,10166.0,10171.0,10172.0,10176.0,10181.0,10183.0,10189.0,10190.0,10194.0,10199.0,10202.0,10205.0,10209.0,10217.0,10220.0,10222
ltOT9r6oa8g,,,,,,,,,,,,,,,,,,,,,,,,,,,,,,,,,,,,,,,,,,,,,,,,,5589.0,5618.0,5645.0,5668.0,5690.0,5742.0,5793.0,5813.0,5826.0,5838.0,5844.0,5853.0,5859.0,5862.0,5869.0,5873.0,5883.0,5894.0,5897.0,5906.0,5908.0,5914.0,5916.0,5919.0,5922.0,5930.0,5936.0,5940.0,5942.0,5948.0,5950.0,5953.0,5958.0,5960.0,5965.0,5968.0,5971.0,5977.0,5980.0,5987.0,5989.0,5993.0,6000.0,6001.0,6001.0,6002.0,6004.0,6008.0,6009.0,6010.0,6010.0,6012.0,6012.0,6013.0,6014.0,6018.0,6019.0,6019.0,6023.0,6023.0,6024.0,6024.0,6025.0,6026.0,6027.0,6027.0,6027.0,6027.0,6028.0,6029.0,6030.0,6031.0,6032.0,6032.0,6033.0,6033.0,6035.0,6036.0,6037.0,6037.0,6039.0,6039.0,6041.0,6041.0,6042.0,6042.0,,,,,,,,,6050.0,6050.0,6052.0,6052.0,6052.0,6053.0,6054.0,6054.0,6055.0,6056.0,6056.0,6057.0,6058.0,6060.0,6061.0,6061.0,6063.0,6065.0,6066.0,6066.0,6066.0,6068.0,6072.0,6076.0,6079.0,6079.0,6081.0,6082.0,6086.0,6086.0,6086.0,6090.0,6092.0,6094.0,6095.0,6095.0,6096.0,6098.0,6098.0,6098.0,6100.0,6102.0,6102.0,6102.0,6102.0,6102.0,6102.0,6103.0,6103
XW1-morHUiU,,,,,,,,,,,,,,,,,,,,,,,,,,,,,,,,,,,,,,,,,,,,,,,,,36365.0,42853.0,47875.0,52350.0,56139.0,60166.0,64465.0,68219.0,70782.0,72965.0,74950.0,77075.0,78656.0,80093.0,81479.0,82431.0,83670.0,84894.0,85963.0,87260.0,88214.0,89381.0,90524.0,91657.0,92595.0,93471.0,94115.0,94840.0,95596.0,96272.0,96778.0,97473.0,98162.0,98865.0,99534.0,100269.0,101067.0,101866.0,102565.0,103253.0,103841.0,104507.0,105091.0,105690.0,106301.0,106952.0,107503.0,108058.0,108547.0,109168.0,109736.0,110332.0,110784.0,111332.0,111852.0,112379.0,112891.0,113504.0,114106.0,114530.0,115000.0,115378.0,115809.0,116227.0,116723.0,117185.0,117677.0,118101.0,118606.0,119022.0,119630.0,120132.0,120656.0,121102.0,121544.0,121859.0,122232.0,122736.0,123162.0,123829.0,124412.0,124926.0,125525.0,126055.0,126716.0,127153.0,,,,,,,,,131395.0,131828.0,132230.0,132676.0,133279.0,133852.0,134482.0,135154.0,135736.0,136473.0,137237.0,137944.0,138776.0,139608.0,140302.0,141021.0,141840.0,142786.0,143731.0,144417.0,145034.0,145522.0,146046.0,146496.0,147014.0,147485.0,147904.0,148417.0,148832.0,149232.0,149652.0,149964.0,150527.0,150890.0,151314.0,151726.0,152104.0,152521.0,152886.0,153322.0,153801.0,154258.0,154711.0,155155.0,155615.0,156160.0,156746.0,157274.0,157751
LRhTNZ99LDY,,,,,,,,,,,,,,,,,,,,,,,,,,,,,,,,,,,,,,,,,,,,,,,,,,26861.0,421336.0,634361.0,1034711.0,1242564.0,1327980.0,1334196.0,1340443.0,1346535.0,1350370.0,1353420.0,1356084.0,1358387.0,1360449.0,1362093.0,1363661.0,1365042.0,1366367.0,1367658.0,1368570.0,1369832.0,1370902.0,1371857.0,1372872.0,1373712.0,1374576.0,1375554.0,1376493.0,1377339.0,1378185.0,1378962.0,1379712.0,1380509.0,1381202.0,1381939.0,1382689.0,1383612.0,1384304.0,1385183.0,1386045.0,1386916.0,1387689.0,1388286.0,1388943.0,1389593.0,1390239.0,1390830.0,1391471.0,1391910.0,1392469.0,1392965.0,1393575.0,1394032.0,1394581.0,1395132.0,1395512.0,1395991.0,1396621.0,1397174.0,1397719.0,1398146.0,1398611.0,1398984.0,1399540.0,1400293.0,1401044.0,1401684.0,1402177.0,1402623.0,1403057.0,1403682.0,1404325.0,1404893.0,1405542.0,1406028.0,1406576.0,1407015.0,1407520.0,1408101.0,1408612.0,1409082.0,1409524.0,1410064.0,1410490.0,1411027.0,,,,,,,,,1414823.0,1415139.0,1415539.0,1415892.0,1416258.0,1416627.0,1417032.0,1417344.0,1417870.0,1418237.0,1418640.0,1419079.0,1419498.0,1419909.0,1420245.0,1420564.0,1420896.0,1421215.0,1421544.0,1421913.0,1422224.0,1422545.0,1422822.0,1423125.0,1423376.0,1423739.0,1424039.0,1424315.0,1424606.0,1424851.0,1425083.0,1425324.0,1425580.0,1425850.0,1426082.0,1426325.0,1426599.0,1426862.0,1427083.0,1427311.0,1427572.0,1427775.0,1428061.0,1428343.0,1428559.0,1428780.0,1428996.0,1429225.0,1429473
XuBE8ns_Ato,,,,,,,,,,,,,,,,,,,,,,,,,,,,,,,,,,,,,,,,,,,,,,,,,,72529.0,180451.0,298846.0,406506.0,503200.0,594457.0,640286.0,725403.0,844406.0,1081257.0,1238057.0,1464256.0,1846914.0,2375063.0,2915094.0,3069141.0,3124008.0,3153522.0,3182297.0,3209060.0,3227017.0,3244507.0,3260912.0,3273359.0,3281214.0,3288343.0,3294872.0,3301023.0,3306725.0,3312985.0,3319141.0,3324563.0,3329361.0,3334535.0,3338905.0,3343360.0,3348539.0,3353156.0,3357189.0,3361380.0,3365166.0,3368822.0,3372306.0,3376287.0,3380277.0,3384451.0,3387868.0,3390882.0,3393981.0,3396836.0,3399868.0,3403358.0,3407061.0,3410182.0,3412938.0,3415754.0,3418605.0,3421392.0,3424395.0,3427359.0,3430094.0,3432680.0,3435268.0,3437770.0,3440264.0,3443088.0,3446003.0,3448383.0,3450654.0,3452858.0,3455078.0,3457538.0,3460188.0,3462768.0,3465083.0,3467267.0,3469456.0,3471777.0,3474502.0,3477491.0,3480364.0,3482781.0,3485175.0,3487688.0,3490258.0,,,,,,,,,3513789.0,3516596.0,3519017.0,3521406.0,3523729.0,3526068.0,3528605.0,3530915.0,3533447.0,3535792.0,3538202.0,3540877.0,3543758.0,3546515.0,3549080.0,3551890.0,3554407.0,3557057.0,3559508.0,3561852.0,3564267.0,3566839.0,3569616.0,3571952.0,3574265.0,3576368.0,3578494.0,3580758.0,3582653.0,3585060.0,3587059.0,3589117.0,3591324.0,3593426.0,3595333.0,3597461.0,3599521.0,3601332.0,3603226.0,3605051.0,3606887.0,3608812.0,3610838.0,3612881.0,3614802.0,3616620.0,3618477.0,3620457.0,3622472
Ns216UEVvRQ,,,,,,,,,,,,,,,,,,,,,,,,,,,,,,,,,,,,,,,,,,,,,,,,,,12492.0,14251.0,14930.0,15356.0,15771.0,16152.0,16410.0,16620.0,16785.0,17004.0,17191.0,17412.0,17662.0,17872.0,18126.0,18224.0,18308.0,18388.0,18466.0,18551.0,18632.0,18685.0,18769.0,18823.0,18869.0,18910.0,18977.0,19055.0,19191.0,19240.0,19260.0,19306.0,19401.0,19402.0,19426.0,19403.0,19418.0,19438.0,19484.0,19509.0,19572.0,19557.0,19531.0,19544.0,19523.0,19527.0,19528.0,19530.0,19529.0,19543.0,19560.0,19564.0,19569.0,19569.0,19573.0,19574.0,19577.0,19580.0,19583.0,19584.0,19585.0,19592.0,19593.0,19596.0,19599.0,19603.0,19606.0,19610.0,19610.0,19612.0,19616.0,19616.0,19621.0,19625.0,19625.0,19628.0,19627.0,19629.0,19632.0,19635.0,19641.0,19644.0,19643.0,19645.0,19650.0,,,,,,,,,19674.0,19675.0,19676.0,19678.0,19679.0,19682.0,19683.0,19684.0,19688.0,19686.0,19686.0,19689.0,19690.0,19693.0,19694.0,19696.0,19700.0,19700.0,19705.0,19705.0,19706.0,19707.0,19708.0,19709.0,19712.0,19713.0,19713.0,19714.0,19715.0,19716.0,19717.0,19717.0,19719.0,19722.0,19723.0,19723.0,19725.0,19725.0,19730.0,19731.0,19731.0,19735.0,19739.0,19740.0,19741.0,19743.0,19743.0,19745.0,19745
gEDtbt5-wtU,,,,,,,,,,,,,,,,,,,,,,,,,,,,,,,,,,,,,,,,,,,,,,,,,,7191.0,14690.0,22330.0,35054.0,56053.0,91068.0,151101.0,202588.0,233214.0,256164.0,275938.0,299458.0,319744.0,337788.0,353223.0,367211.0,380772.0,391147.0,400814.0,408661.0,416788.0,423962.0,429608.0,435112.0,441557.0,447841.0,454185.0,459436.0,463676.0,467846.0,471789.0,475763.0,480414.0,484806.0,488726.0,492593.0,496365.0,500436.0,503821.0,507512.0,511328.0,515730.0,520918.0,526386.0,531823.0,536707.0,540721.0,544719.0,548342.0,551962.0,556319.0,560072.0,563014.0,566113.0,569227.0,572242.0,575203.0,578182.0,582555.0,586779.0,590370.0,593517.0,596439.0,599343.0,602966.0,606793.0,609975.0,613253.0,616538.0,619920.0,623367.0,626930.0,629996.0,633026.0,635883.0,638546.0,641341.0,643983.0,646823.0,649217.0,651122.0,653126.0,655084.0,656970.0,658751.0,,,,,,,,,675197.0,676652.0,678225.0,679650.0,681615.0,683730.0,685665.0,687299.0,689598.0,691607.0,693575.0,695362.0,697411.0,699371.0,701087.0,702785.0,704610.0,706601.0,708330.0,709770.0,711078.0,712652.0,713937.0,715229.0,716444.0,717874.0,719280.0,720824.0,722460.0,723920.0,725258.0,726553.0,728108.0,729470.0,730814.0,732100.0,733271.0,734544.0,735892.0,737165.0,738598.0,740041.0,741452.0,742649.0,743925.0,745276.0,746726.0,748036.0,749714
KEFG06sNbDs,,,,,,,,,,,,,,,,,,,,,,,,,,,,,,,,,,,,,,,,,,,,,,,,,,8666.0,11954.0,14805.0,17044.0,19291.0,21365.0,23127.0,24727.0,25939.0,26982.0,28017.0,29032.0,30072.0,30873.0,31581.0,32158.0,32671.0,33097.0,33574.0,33996.0,34531.0,34916.0,35324.0,35658.0,35996.0,36304.0,36701.0,37078.0,37454.0,37774.0,38042.0,38274.0,38532.0,38857.0,39136.0,39406.0,39676.0,39939.0,40196.0,40456.0,40755.0,41043.0,41331.0,41591.0,41890.0,42170.0,42458.0,42750.0,43104.0,43400.0,43678.0,43919.0,44125.0,44391.0,44599.0,44813.0,45015.0,45232.0,45439.0,45607.0,45828.0,46006.0,46195.0,46399.0,46575.0,46719.0,46893.0,47064.0,47245.0,47434.0,47621.0,47749.0,47921.0,48019.0,48164.0,48274.0,48419.0,48558.0,48726.0,48874.0,49024.0,49174.0,49338.0,49509.0,49665.0,,,,,,,,,50924.0,51021.0,51128.0,51312.0,51443.0,51592.0,51715.0,51830.0,51936.0,52093.0,52212.0,52333.0,52468.0,52597.0,52743.0,52839.0,52944.0,53056.0,53170.0,53371.0,53481.0,53577.0,53673.0,53774.0,53907.0,54054.0,54148.0,54257.0,54325.0,54442.0,54535.0,54636.0,54737.0,54831.0,54929.0,55018.0,55122.0,55214.0,55324.0,55417.0,55526.0,55647.0,55758.0,55872.0,55958.0,56082.0,56182.0,56266.0,56385
SI0h-FkWd08,,,,,,,,,,,,,,,,,,,,,,,,,,,,,,,,,,,,,,,,,,,,,,,,,,2072.0,16269.0,37647.0,56008.0,77096.0,83583.0,86531.0,89257.0,90969.0,92403.0,93635.0,94951.0,96213.0,97285.0,98249.0,99338.0,100647.0,101489.0,102354.0,103037.0,103873.0,104803.0,105585.0,106431.0,107234.0,107905.0,108644.0,109327.0,109979.0,110747.0,111526.0,112152.0,112801.0,113367.0,113963.0,114491.0,114930.0,115426.0,115771.0,116127.0,116575.0,116955.0,117332.0,117676.0,118010.0,118236.0,118519.0,118833.0,119102.0,119418.0,119681.0,119901.0,120191.0,120436.0,120706.0,121060.0,121285.0,121481.0,121710.0,121985.0,122175.0,122401.0,122634.0,122795.0,123018.0,123248.0,123415.0,123657.0,123921.0,124133.0,124350.0,124591.0,124817.0,125020.0,125260.0,125453.0,125647.0,125862.0,126112.0,126383.0,126625.0,126854.0,127134.0,127410.0,127641.0,,,,,,,,,129888.0,130118.0,130370.0,130593.0,130807.0,131055.0,131295.0,131535.0,131770.0,131971.0,132174.0,132398.0,132637.0,132848.0,133045.0,133223.0,133413.0,133630.0,133834.0,134042.0,134208.0,134398.0,134619.0,134810.0,134990.0,135170.0,135355.0,135535.0,135752.0,135863.0,136017.0,136129.0,136329.0,136501.0,136697.0,136889.0,137087.0,137264.0,137423.0,137593.0,137739.0,137929.0,138062.0,138171.0,138389.0,138542.0,138663.0,138801.0,138967
u0nVsDzpjRU,,,,,,,,,,,,,,,,,,,,,,,,,,,,,,,,,,,,,,,,,,,,,,,,,,4754.0,12532.0,19407.0,26295.0,37417.0,46170.0,53334.0,60315.0,64546.0,66776.0,68740.0,70764.0,73690.0,75809.0,76929.0,77593.0,78198.0,78708.0,79439.0,80014.0,80615.0,81202.0,81752.0,82337.0,82884.0,83379.0,83937.0,84537.0,85301.0,85856.0,86392.0,86753.0,87295.0,87697.0,88191.0,88722.0,89267.0,89799.0,90229.0,90655.0,91114.0,91584.0,91996.0,92497.0,93100.0,93557.0,93951.0,94414.0,94830.0,95220.0,95791.0,96237.0,96855.0,97452.0,97879.0,98353.0,98769.0,99165.0,99522.0,99903.0,100370.0,100825.0,101373.0,101777.0,102140.0,102462.0,102749.0,103064.0,103434.0,103811.0,104119.0,104317.0,104499.0,104693.0,104870.0,105058.0,105256.0,105475.0,105758.0,105966.0,106240.0,106527.0,106777.0,107062.0,107298.0,,,,,,,,,109490.0,109688.0,109945.0,110202.0,110468.0,110817.0,111134.0,111361.0,111589.0,111861.0,112123.0,112442.0,112822.0,113160.0,113472.0,113678.0,114041.0,114482.0,114847.0,115228.0,115569.0,115882.0,116103.0,116420.0,116766.0,117049.0,117369.0,117665.0,117898.0,118144.0,118452.0,118833.0,119223.0,119568.0,120067.0,120436.0,120787.0,121171.0,121618.0,122099.0,122545.0,123010.0,123462.0,123826.0,124353.0,124962.0,125489.0,126095.0,126656
ZZ1lfi_oXto,,,,,,,,,,,,,,,,,,,,,,,,,,,,,,,,,,,,,,,,,,,,,,,,,,5939.0,9062.0,10027.0,10646.0,11150.0,11656.0,12046.0,12328.0,12527.0,12719.0,12916.0,13080.0,13224.0,13324.0,13441.0,13573.0,13664.0,13756.0,13871.0,13978.0,14098.0,14284.0,14498.0,14682.0,14803.0,14906.0,14999.0,15067.0,15152.0,15245.0,15330.0,15403.0,15444.0,15512.0,15562.0,15624.0,15689.0,15727.0,15790.0,15850.0,15906.0,15948.0,16016.0,16086.0,16156.0,16227.0,16284.0,16332.0,16387.0,16440.0,16488.0,16519.0,16563.0,16621.0,16689.0,16743.0,16780.0,16813.0,16850.0,16903.0,16940.0,16977.0,17011.0,17038.0,17062.0,17093.0,17115.0,17149.0,17170.0,17188.0,17202.0,17218.0,17241.0,17256.0,17272.0,17294.0,17314.0,17336.0,17352.0,17371.0,17396.0,17423.0,17439.0,17453.0,17496.0,,,,,,,,,17657.0,17673.0,17686.0,17694.0,17709.0,17720.0,17732.0,17746.0,17757.0,17765.0,17784.0,17791.0,17814.0,17836.0,17857.0,17869.0,17897.0,17904.0,17913.0,17930.0,17946.0,17962.0,17976.0,17995.0,18003.0,18016.0,18030.0,18044.0,18066.0,18084.0,18101.0,18108.0,18118.0,18131.0,18138.0,18150.0,18158.0,18174.0,18184.0,18195.0,18206.0,18215.0,18230.0,18238.0,18258.0,18325.0,18412.0,18437.0,18464
1XAhJEswbCM,,,,,,,,,,,,,,,,,,,,,,,,,,,,,,,,,,,,,,,,,,,,,,,,,,,47928.0,48425.0,48878.0,49389.0,49904.0,50459.0,50989.0,51426.0,51823.0,52225.0,52635.0,53060.0,53544.0,54102.0,54637.0,55107.0,55629.0,56156.0,56571.0,57238.0,58059.0,58848.0,59500.0,60049.0,60638.0,61341.0,62018.0,62647.0,63196.0,63797.0,64343.0,64978.0,65495.0,66167.0,66772.0,67307.0,67725.0,68131.0,68632.0,69088.0,69556.0,70079.0,70637.0,70986.0,71388.0,71807.0,72220.0,72665.0,73042.0,73405.0,73798.0,74231.0,74799.0,75275.0,75764.0,76297.0,76860.0,77239.0,77583.0,78031.0,78416.0,78877.0,79303.0,79710.0,80066.0,80402.0,80736.0,81066.0,81388.0,81781.0,82073.0,82415.0,82730.0,83074.0,83377.0,83864.0,84162.0,84533.0,84809.0,85163.0,85578.0,85996.0,86366.0,86767.0,,,,,,,,,90807.0,91263.0,91788.0,92338.0,92801.0,93288.0,93878.0,94389.0,94971.0,95441.0,95888.0,96368.0,96929.0,97485.0,97939.0,98397.0,98876.0,99349.0,99809.0,100212.0,100662.0,101096.0,101442.0,101802.0,102186.0,102635.0,103024.0,103467.0,103829.0,104165.0,104516.0,104806.0,105144.0,105476.0,105849.0,106161.0,106486.0,106888.0,107273.0,107633.0,107984.0,108293.0,108603.0,108876.0,109217.0,109496.0,109834.0,110123.0,110477
DX_QE4d5fP4,,,,,,,,,,,,,,,,,,,,,,,,,,,,,,,,,,,,,,,,,,,,,,,,,,,4307.0,9614.0,11076.0,12091.0,14085.0,15059.0,15263.0,15466.0,15731.0,16004.0,16188.0,16348.0,16472.0,16573.0,16668.0,16757.0,16825.0,16887.0,16936.0,17010.0,17052.0,17112.0,17179.0,17229.0,17282.0,17335.0,17380.0,17428.0,17485.0,17537.0,17600.0,17649.0,17699.0,17743.0,17804.0,17836.0,17899.0,17932.0,17968.0,17990.0,18022.0,18059.0,18108.0,18144.0,18179.0,18212.0,18233.0,18265.0,18297.0,18334.0,18365.0,18389.0,18412.0,18439.0,18470.0,18494.0,18524.0,18564.0,18594.0,18620.0,18650.0,18687.0,18704.0,18719.0,18747.0,18759.0,18787.0,18814.0,18842.0,18862.0,18887.0,18912.0,18931.0,18944.0,18963.0,18979.0,18993.0,19006.0,19019.0,19028.0,19046.0,19054.0,19077.0,19086.0,,,,,,,,,19211.0,19222.0,19229.0,19239.0,19249.0,19264.0,19280.0,19299.0,19314.0,19332.0,19342.0,19358.0,19371.0,19387.0,19398.0,19408.0,19418.0,19430.0,19436.0,19452.0,19465.0,19478.0,19495.0,19507.0,19515.0,19525.0,19538.0,19548.0,19553.0,19564.0,19567.0,19578.0,19593.0,19602.0,19612.0,19616.0,19623.0,19637.0,19643.0,19652.0,19660.0,19675.0,19686.0,19700.0,19711.0,19717.0,19727.0,19733.0,19737
rRzdwV0Tr6w,,,,,,,,,,,,,,,,,,,,,,,,,,,,,,,,,,,,,,,,,,,,,,,,,,,11425.0,32954.0,43294.0,54618.0,67795.0,80613.0,95298.0,113812.0,130242.0,137926.0,147777.0,155192.0,161339.0,167394.0,172581.0,178146.0,181141.0,184150.0,185754.0,189697.0,192409.0,194227.0,196307.0,198035.0,199728.0,201610.0,203537.0,205810.0,207848.0,210414.0,212598.0,214902.0,217382.0,219947.0,222553.0,225297.0,227628.0,229309.0,231788.0,234285.0,235865.0,237994.0,240187.0,242091.0,243711.0,245583.0,247510.0,249775.0,252128.0,254577.0,256721.0,258959.0,261491.0,263850.0,266385.0,268875.0,271380.0,273544.0,275349.0,277364.0,279760.0,282376.0,284425.0,286442.0,288412.0,290092.0,291880.0,293805.0,295979.0,297969.0,299638.0,300899.0,302219.0,303278.0,304514.0,305686.0,306907.0,308228.0,309569.0,310696.0,312030.0,313169.0,314670.0,315881.0,,,,,,,,,326947.0,327828.0,329035.0,330418.0,331764.0,333034.0,334354.0,335431.0,336785.0,338034.0,339241.0,340201.0,341155.0,342101.0,342769.0,343386.0,344076.0,344862.0,345438.0,346221.0,347022.0,347822.0,348602.0,349490.0,350469.0,351812.0,353203.0,354593.0,355824.0,356761.0,358293.0,359681.0,361197.0,362666.0,364061.0,365446.0,366546.0,367984.0,369493.0,370997.0,372323.0,373986.0,375287.0,376545.0,377834.0,379381.0,380778.0,382267.0,383618
Kubud_aEkN0,,,,,,,,,,,,,,,,,,,,,,,,,,,,,,,,,,,,,,,,,,,,,,,,,,,1677860.0,2088836.0,2306743.0,2441229.0,2542687.0,2625871.0,2700570.0,2771138.0,2832237.0,2885539.0,2936151.0,2980435.0,3025354.0,3063455.0,3129143.0,3176647.0,3219212.0,3258145.0,3292100.0,3363514.0,3421948.0,3464434.0,3515152.0,3558099.0,3598010.0,3629180.0,3673545.0,3723858.0,3820876.0,3851804.0,3872300.0,3889664.0,3901343.0,3911709.0,3922877.0,3931749.0,3941470.0,3952662.0,3962015.0,3970247.0,3978183.0,3984064.0,3988417.0,3992002.0,3995031.0,3997334.0,3999040.0,4000700.0,4002311.0,4003939.0,4005696.0,4007347.0,4008631.0,4009863.0,4011375.0,4012650.0,4013883.0,4015314.0,4016719.0,4018080.0,4019199.0,4020243.0,4021256.0,4022380.0,4023632.0,4024917.0,4025986.0,4026916.0,4027822.0,4028806.0,4029785.0,4030898.0,4032034.0,4033020.0,4033866.0,4034741.0,4035569.0,4036505.0,4037674.0,4038871.0,4039899.0,4040820.0,4041734.0,4042607.0,,,,,,,,,4059100.0,4060768.0,4062156.0,4063376.0,4064435.0,4065407.0,4066234.0,4067110.0,4068083.0,4068934.0,4069588.0,4070213.0,4070889.0,4071552.0,4072371.0,4073945.0,4075144.0,4076078.0,4076807.0,4077422.0,4078122.0,4080362.0,4082324.0,4084373.0,4086007.0,4087318.0,4088507.0,4089829.0,4090801.0,4091674.0,4092397.0,4093051.0,4093569.0,4094108.0,4094754.0,4095416.0,4096346.0,4097038.0,4097592.0,4098180.0,4098700.0,4099270.0,4099875.0,4100505.0,4101028.0,4101524.0,4101965.0,4102479.0,4103032
1ObLUoB4rSY,,,,,,,,,,,,,,,,,,,,,,,,,,,,,,,,,,,,,,,,,,,,,,,,,,,,15451.0,15670.0,16038.0,16568.0,17172.0,17356.0,17503.0,17596.0,17679.0,17783.0,17853.0,17931.0,18000.0,18054.0,18088.0,18122.0,18170.0,18200.0,18247.0,18299.0,18326.0,18359.0,18392.0,18415.0,18436.0,18460.0,18486.0,18514.0,18533.0,18562.0,18574.0,18602.0,18641.0,18661.0,18713.0,18777.0,18811.0,18895.0,18973.0,19020.0,19066.0,19104.0,19129.0,19168.0,19195.0,19219.0,19252.0,19268.0,19294.0,19333.0,19366.0,19401.0,19433.0,19470.0,19497.0,19523.0,19539.0,19563.0,19590.0,19607.0,19625.0,19683.0,19799.0,19974.0,20078.0,20183.0,20206.0,20230.0,20250.0,20278.0,20287.0,20309.0,20325.0,20345.0,20357.0,20375.0,20384.0,20395.0,20407.0,20419.0,20430.0,21400.0,21982.0,,,,,,,,,25028.0,25165.0,25322.0,25425.0,25547.0,25695.0,25819.0,25902.0,25988.0,26099.0,26172.0,26294.0,26400.0,26520.0,26593.0,26668.0,26736.0,26787.0,26862.0,26928.0,27004.0,27074.0,27133.0,27200.0,27270.0,27318.0,27374.0,27423.0,27455.0,27496.0,27539.0,27592.0,27673.0,27733.0,27806.0,27860.0,27911.0,27965.0,28016.0,28074.0,28136.0,28197.0,28266.0,28338.0,28405.0,28451.0,28491.0,28536.0,28589
wJ9cnMRYKCI,,,,,,,,,,,,,,,,,,,,,,,,,,,,,,,,,,,,,,,,,,,,,,,,,,,,4742.0,8176.0,10345.0,11796.0,13386.0,14805.0,16101.0,17527.0,18189.0,18785.0,19276.0,19760.0,20187.0,20517.0,20888.0,21271.0,21734.0,22041.0,22448.0,22816.0,23172.0,23568.0,23992.0,24491.0,24967.0,25455.0,25895.0,26323.0,26855.0,27370.0,27856.0,28295.0,28701.0,29181.0,29546.0,30585.0,32472.0,33998.0,35346.0,36482.0,37608.0,38570.0,39566.0,40412.0,41183.0,41975.0,42666.0,43296.0,43995.0,44566.0,45274.0,45859.0,46393.0,46902.0,47481.0,47940.0,48503.0,49074.0,49588.0,50053.0,50416.0,50914.0,51295.0,51742.0,52171.0,52552.0,52884.0,53265.0,53614.0,53986.0,54355.0,54681.0,55054.0,55387.0,55826.0,56182.0,56486.0,56795.0,57116.0,57377.0,57703.0,58008.0,58350.0,,,,,,,,,60797.0,61018.0,61280.0,61509.0,61718.0,61927.0,62154.0,62353.0,62582.0,62790.0,63007.0,63195.0,63446.0,63620.0,63841.0,64009.0,64203.0,64383.0,64576.0,64824.0,64995.0,65252.0,65441.0,65614.0,65834.0,66023.0,66179.0,66355.0,66542.0,66719.0,66882.0,67019.0,67185.0,67346.0,67512.0,67650.0,67798.0,67919.0,68088.0,68231.0,68359.0,68483.0,68605.0,68734.0,68867.0,68978.0,69139.0,69310.0,69460
CuCUKGyco80,,,,,,,,,,,,,,,,,,,,,,,,,,,,,,,,,,,,,,,,,,,,,,,,,,,,,572497.0,575121.0,577741.0,580890.0,584144.0,587279.0,589724.0,591690.0,593543.0,595751.0,598086.0,600293.0,602256.0,603946.0,605617.0,607052.0,608421.0,610270.0,612178.0,614076.0,615712.0,617233.0,618848.0,620396.0,622077.0,624014.0,626034.0,627929.0,630061.0,632060.0,634234.0,636775.0,639560.0,642813.0,645787.0,648921.0,651894.0,655154.0,658307.0,661329.0,664681.0,667855.0,670578.0,672974.0,675229.0,677314.0,679554.0,682036.0,684398.0,686623.0,689163.0,691723.0,694431.0,698244.0,700916.0,702788.0,704357.0,706333.0,708228.0,710382.0,712398.0,714780.0,717116.0,719246.0,721788.0,724286.0,727234.0,730289.0,733312.0,736001.0,738440.0,740825.0,742941.0,745117.0,747290.0,750112.0,752562.0,754876.0,757442.0,759958.0,762840.0,765653.0,,,,,,,,,791510.0,794282.0,797182.0,799409.0,802214.0,804467.0,806474.0,808511.0,810655.0,812514.0,814571.0,816893.0,819278.0,821568.0,823811.0,825855.0,827930.0,831120.0,833083.0,835175.0,837275.0,838583.0,840405.0,842243.0,844264.0,846396.0,848767.0,851437.0,853516.0,855607.0,857999.0,860095.0,862563.0,864419.0,866164.0,867874.0,869487.0,871260.0,873033.0,874634.0,876720.0,878811.0,880915.0,882478.0,884324.0,886162.0,887948.0,889810.0,891944
hP092xFmmUo,,,,,,,,,,,,,,,,,,,,,,,,,,,,,,,,,,,,,,,,,,,,,,,,,,,,,1346156.0,1347725.0,1349426.0,1350944.0,1352523.0,1354116.0,1355580.0,1357014.0,1358464.0,1359915.0,1361321.0,1362675.0,1364117.0,1365575.0,1366708.0,1368154.0,1369277.0,1370998.0,1372332.0,1373462.0,1374606.0,1375539.0,1376599.0,1377840.0,1379099.0,1380544.0,1382224.0,1383614.0,1384839.0,1386337.0,1387851.0,1389579.0,1391311.0,1392981.0,1394470.0,1396042.0,1398029.0,1399863.0,1401797.0,1403511.0,1405134.0,1406604.0,1407817.0,1409544.0,1411091.0,1412467.0,1414003.0,1415389.0,1416698.0,1417715.0,1418899.0,1420095.0,1421365.0,1422656.0,1424076.0,1425227.0,1426482.0,1427767.0,1429012.0,1430356.0,1431416.0,1432660.0,1433656.0,1434668.0,1435752.0,1436851.0,1437980.0,1439120.0,1440073.0,1440873.0,1441653.0,1442392.0,1443192.0,1444027.0,1444651.0,1445684.0,1446436.0,1447106.0,1448009.0,1448797.0,1449693.0,1450535.0,,,,,,,,,1458994.0,1459837.0,1460886.0,1461914.0,1462907.0,1464015.0,1465072.0,1466050.0,1467076.0,1468243.0,1469298.0,1470450.0,1471426.0,1472692.0,1473794.0,1474682.0,1475822.0,1476875.0,1478067.0,1479216.0,1480415.0,1481314.0,1482320.0,1483399.0,1484499.0,1485585.0,1486791.0,1487973.0,1488940.0,1489921.0,1490963.0,1492069.0,1493168.0,1494132.0,1495072.0,1495903.0,1496621.0,1497466.0,1498456.0,1499534.0,1500364.0,1501372.0,1502226.0,1502946.0,1503953.0,1504897.0,1505881.0,1506776.0,1507721
HmAtJr0Mhh4,,,,,,,,,,,,,,,,,,,,,,,,,,,,,,,,,,,,,,,,,,,,,,,,,,,,,,474391.0,630354.0,1319834.0,1409293.0,2809442.0,4410691.0,5874024.0,6115061.0,6162227.0,6203321.0,6244223.0,6280916.0,6315987.0,6348745.0,6380401.0,6406518.0,6439387.0,6468906.0,6496433.0,6523170.0,6548793.0,6575335.0,6601294.0,6626769.0,6652125.0,6677004.0,6700197.0,6722244.0,6743655.0,6763580.0,6783225.0,6802474.0,6821534.0,6840395.0,6858266.0,6876288.0,6893652.0,6910827.0,6927882.0,6945516.0,6963659.0,6982504.0,6998611.0,7014100.0,7029608.0,7045288.0,7060262.0,7076226.0,7092694.0,7107868.0,7122113.0,7136200.0,7149967.0,7163524.0,7178063.0,7194792.0,7210976.0,7226617.0,7241669.0,7256397.0,7270612.0,7285986.0,7304171.0,7320773.0,7336682.0,7352225.0,7367477.0,7382147.0,7397137.0,7411604.0,7425833.0,7440067.0,7453781.0,7467306.0,7481273.0,7495523.0,7509331.0,7522665.0,7535336.0,7547534.0,7559235.0,,,,,,,,,7669029.0,7681876.0,7694001.0,7705861.0,7717533.0,7729713.0,7741052.0,7751655.0,7764428.0,7776160.0,7787906.0,7799261.0,7811046.0,7822146.0,7833868.0,7845428.0,7856522.0,7868107.0,7880224.0,7891371.0,7902685.0,7915025.0,7926444.0,7937212.0,7947923.0,7958984.0,7969468.0,7980029.0,7990456.0,8001167.0,8011767.0,8022370.0,8033108.0,8043488.0,8052944.0,8063814.0,8074789.0,8084625.0,8094697.0,8104825.0,8114298.0,8123516.0,8133224.0,8142761.0,8152160.0,8161085.0,8170226.0,8179756.0,8188946
HmAtJr0Mhh4,,,,,,,,,,,,,,,,,,,,,,,,,,,,,,,,,,,,,,,,,,,,,,,,,,,,,,474391.0,630354.0,1319834.0,1409293.0,2809442.0,4410691.0,5874024.0,6115061.0,6162227.0,6203321.0,6244223.0,6280916.0,6315987.0,6348745.0,6380401.0,6406518.0,6439387.0,6468906.0,6496433.0,6523170.0,6548793.0,6575335.0,6601294.0,6626769.0,6652125.0,6677004.0,6700197.0,6722244.0,6743655.0,6763580.0,6783225.0,6802474.0,6821534.0,6840395.0,6858266.0,6876288.0,6893652.0,6910827.0,6927882.0,6945516.0,6963659.0,6982504.0,6998611.0,7014100.0,7029608.0,7045288.0,7060262.0,7076226.0,7092694.0,7107868.0,7122113.0,7136200.0,7149967.0,7163524.0,7178063.0,7194792.0,7210976.0,7226617.0,7241669.0,7256397.0,7270612.0,7285986.0,7304171.0,7320773.0,7336682.0,7352225.0,7367477.0,7382147.0,7397137.0,7411604.0,7425833.0,7440067.0,7453781.0,7467306.0,7481273.0,7495523.0,7509331.0,7522665.0,7535336.0,7547534.0,7559235.0,,,,,,,,,7669029.0,7681876.0,7694001.0,7705861.0,7717533.0,7729713.0,7741052.0,7751655.0,7764428.0,7776160.0,7787906.0,7799261.0,7811046.0,7822146.0,7833868.0,7845428.0,7856522.0,7868107.0,7880224.0,7891371.0,7902685.0,7915025.0,7926444.0,7937212.0,7947923.0,7958984.0,7969468.0,7980029.0,7990456.0,8001167.0,8011767.0,8022370.0,8033108.0,8043488.0,8052944.0,8063814.0,8074789.0,8084625.0,8094697.0,8104825.0,8114298.0,8123516.0,8133224.0,8142761.0,8152160.0,8161085.0,8170226.0,8179756.0,8188946
2wD2rTqMxzk,,,,,,,,,,,,,,,,,,,,,,,,,,,,,,,,,,,,,,,,,,,,,,,,,,,,,,3223.0,6382.0,10866.0,14633.0,17244.0,18182.0,18996.0,20746.0,22428.0,23997.0,25152.0,26042.0,26761.0,27295.0,28065.0,28642.0,29456.0,30147.0,30678.0,31294.0,31856.0,32396.0,32861.0,33342.0,33759.0,34242.0,34707.0,34966.0,35315.0,35717.0,36080.0,36387.0,36740.0,37032.0,37231.0,37584.0,37882.0,38238.0,38474.0,38763.0,39010.0,39205.0,39391.0,39549.0,39794.0,40020.0,40231.0,40406.0,40548.0,40791.0,40988.0,41152.0,41306.0,41539.0,41676.0,41808.0,42009.0,42222.0,42514.0,42728.0,42918.0,43093.0,43234.0,43408.0,43567.0,43713.0,43847.0,43985.0,44112.0,44188.0,44310.0,44416.0,44520.0,44601.0,44668.0,44760.0,44836.0,44950.0,45057.0,45133.0,45222.0,,,,,,,,,45946.0,46007.0,46080.0,46162.0,46245.0,46340.0,46407.0,46466.0,46531.0,46622.0,46705.0,46799.0,46898.0,47004.0,47092.0,47172.0,47256.0,47365.0,47455.0,47531.0,47624.0,47702.0,47769.0,47849.0,47926.0,47999.0,48103.0,48183.0,48260.0,48326.0,48395.0,48502.0,48603.0,48697.0,48777.0,48823.0,48874.0,48926.0,48972.0,49055.0,49114.0,49178.0,49242.0,49285.0,49393.0,49490.0,49555.0,49637.0,49731
dOQhdCgz5uM,,,,,,,,,,,,,,,,,,,,,,,,,,,,,,,,,,,,,,,,,,,,,,,,,,,,,,17151.0,20868.0,24098.0,26827.0,36730.0,62196.0,87394.0,119761.0,139171.0,151919.0,180193.0,199525.0,214776.0,231373.0,253053.0,274174.0,283111.0,283914.0,284741.0,285564.0,286396.0,287132.0,287983.0,288786.0,289607.0,290394.0,291091.0,291627.0,292233.0,292800.0,293476.0,294122.0,294836.0,295504.0,296126.0,296666.0,297225.0,297835.0,298406.0,298980.0,299531.0,299974.0,300439.0,300887.0,301331.0,301786.0,302241.0,302737.0,303202.0,303617.0,304074.0,304492.0,304935.0,305393.0,305836.0,306216.0,306573.0,306973.0,307388.0,307825.0,308254.0,308650.0,308986.0,309338.0,309689.0,309998.0,310311.0,310606.0,310962.0,311258.0,311504.0,311748.0,312038.0,312333.0,312675.0,312981.0,313252.0,313533.0,313815.0,314101.0,314396.0,,,,,,,,,317176.0,317509.0,317777.0,318098.0,318413.0,318757.0,319102.0,319412.0,319741.0,319958.0,320229.0,320508.0,320786.0,321105.0,321373.0,321641.0,321836.0,322136.0,322427.0,322656.0,322898.0,323129.0,323321.0,323520.0,323735.0,323923.0,324141.0,324346.0,324535.0,324736.0,324929.0,325127.0,325290.0,325458.0,325662.0,325822.0,326019.0,326155.0,326338.0,326511.0,326650.0,326847.0,327007.0,327135.0,327241.0,327418.0,327638.0,327790.0,327974
LXyDbMdkYyg,,,,,,,,,,,,,,,,,,,,,,,,,,,,,,,,,,,,,,,,,,,,,,,,,,,,,,1117571.0,1150731.0,1182893.0,1215044.0,1244142.0,1272893.0,1300240.0,1325267.0,1348427.0,1370438.0,1391961.0,1412695.0,1433093.0,1453051.0,1471932.0,1487589.0,1507186.0,1524469.0,1541288.0,1559372.0,1576892.0,1593965.0,1612470.0,1632793.0,1650492.0,1668855.0,1685727.0,1700565.0,1715038.0,1727793.0,1740663.0,1752956.0,1765166.0,1777166.0,1788799.0,1800220.0,1810977.0,1822254.0,1832876.0,1842846.0,1853125.0,1863442.0,1872932.0,1882543.0,1892516.0,1902041.0,1911582.0,1921191.0,1930902.0,1939732.0,1948855.0,1957519.0,1965707.0,1974188.0,1983307.0,1992330.0,2000758.0,2009394.0,2017650.0,2025867.0,2033684.0,2042146.0,2052102.0,2061323.0,2070337.0,2079902.0,2089211.0,2098141.0,2106814.0,2115263.0,2123041.0,2131149.0,2139158.0,2147365.0,2156574.0,2166068.0,2175019.0,2184261.0,2193582.0,2202277.0,2209647.0,,,,,,,,,2279183.0,2286935.0,2293900.0,2300868.0,2308164.0,2315224.0,2322277.0,2329198.0,2335586.0,2341711.0,2347839.0,2353727.0,2360012.0,2366143.0,2372353.0,2378189.0,2383913.0,2389922.0,2396058.0,2402177.0,2408397.0,2414959.0,2421213.0,2427088.0,2432947.0,2438732.0,2444678.0,2450763.0,2456358.0,2461915.0,2467729.0,2473601.0,2479218.0,2484628.0,2489826.0,2495212.0,2500352.0,2505518.0,2511021.0,2516604.0,2521813.0,2527025.0,2532493.0,2537865.0,2543009.0,2548135.0,2553374.0,2558679.0,2563699
ekSi00FkIOE,,,,,,,,,,,,,,,,,,,,,,,,,,,,,,,,,,,,,,,,,,,,,,,,,,,,,,71675.0,71709.0,71727.0,71760.0,71783.0,71819.0,71830.0,71841.0,71850.0,71861.0,71873.0,71888.0,71904.0,71918.0,71921.0,71928.0,71934.0,71942.0,71950.0,71966.0,71975.0,71981.0,71993.0,72003.0,72013.0,72019.0,72029.0,72032.0,72040.0,72049.0,72051.0,72060.0,72068.0,72079.0,72085.0,72095.0,72104.0,72113.0,72128.0,72135.0,72141.0,72146.0,72150.0,72158.0,72163.0,72172.0,72176.0,72186.0,72194.0,72206.0,72213.0,72217.0,72225.0,72230.0,72237.0,72241.0,72252.0,72258.0,72265.0,72268.0,72276.0,72281.0,72288.0,72295.0,72299.0,72307.0,72314.0,72319.0,72325.0,72334.0,72338.0,72347.0,72352.0,72358.0,72364.0,72370.0,72379.0,72386.0,72392.0,72398.0,72406.0,,,,,,,,,72449.0,72453.0,72455.0,72458.0,72463.0,72464.0,72471.0,72480.0,72481.0,72486.0,72486.0,72488.0,72495.0,72498.0,72502.0,72507.0,72510.0,72513.0,72515.0,72518.0,72518.0,72518.0,72524.0,72525.0,72526.0,72529.0,72529.0,72532.0,72536.0,72539.0,72542.0,72549.0,72550.0,72552.0,72553.0,72555.0,72557.0,72560.0,72564.0,72565.0,72567.0,72568.0,72568.0,72570.0,72573.0,72576.0,72577.0,72578.0,72582
LMM-SsNBPzk,,,,,,,,,,,,,,,,,,,,,,,,,,,,,,,,,,,,,,,,,,,,,,,,,,,,,,23936.0,26961.0,28561.0,29655.0,30448.0,31598.0,32772.0,33333.0,33881.0,34635.0,35056.0,35394.0,35803.0,36097.0,36360.0,36549.0,36782.0,36930.0,37082.0,37353.0,37897.0,38470.0,38969.0,39224.0,39402.0,39689.0,39860.0,40010.0,40130.0,40222.0,40296.0,40400.0,40479.0,40565.0,40698.0,40924.0,41142.0,41248.0,41339.0,41400.0,41447.0,41495.0,41539.0,41560.0,41584.0,41614.0,41633.0,41647.0,41663.0,41684.0,41693.0,41711.0,41728.0,41734.0,41748.0,41764.0,41770.0,41782.0,41794.0,41806.0,41815.0,41823.0,41835.0,41848.0,41859.0,41871.0,41893.0,41903.0,41911.0,41918.0,41919.0,41928.0,41934.0,41939.0,41947.0,41954.0,41966.0,41974.0,41983.0,41986.0,41987.0,,,,,,,,,42034.0,42036.0,42040.0,42043.0,42048.0,42053.0,42057.0,42058.0,42061.0,42067.0,42069.0,42085.0,42088.0,42089.0,42094.0,42098.0,42101.0,42101.0,42102.0,42110.0,42111.0,42114.0,42115.0,42121.0,42125.0,42128.0,42130.0,42134.0,42136.0,42140.0,42144.0,42147.0,42152.0,42154.0,42156.0,42158.0,42162.0,42164.0,42167.0,42169.0,42171.0,42173.0,42174.0,42178.0,42184.0,42187.0,42195.0,42196.0,42198
xPjsHkGNZ7U,,,,,,,,,,,,,,,,,,,,,,,,,,,,,,,,,,,,,,,,,,,,,,,,,,,,,,,8251.0,28709.0,43717.0,61679.0,72872.0,79167.0,85694.0,92416.0,99158.0,104873.0,109980.0,114322.0,117925.0,122371.0,125991.0,129893.0,133244.0,136049.0,139664.0,142671.0,146201.0,149634.0,152809.0,155664.0,158432.0,160688.0,162502.0,164803.0,166991.0,169133.0,171124.0,173058.0,175009.0,176559.0,178449.0,180365.0,182181.0,184086.0,186028.0,187641.0,189039.0,190622.0,192360.0,193860.0,195577.0,197199.0,198460.0,199718.0,201282.0,202786.0,204271.0,205723.0,207070.0,208460.0,209547.0,210772.0,212003.0,213280.0,214419.0,215639.0,216732.0,217754.0,218732.0,219865.0,220889.0,221959.0,223075.0,223939.0,224742.0,225571.0,226354.0,227196.0,227886.0,228739.0,229492.0,230150.0,231053.0,231891.0,232617.0,233414.0,,,,,,,,,239898.0,240608.0,241243.0,241907.0,242545.0,243127.0,243755.0,244207.0,244815.0,245419.0,246039.0,246806.0,247383.0,247936.0,248380.0,248838.0,249319.0,249844.0,250306.0,250730.0,251198.0,251666.0,252076.0,252583.0,253048.0,253595.0,254088.0,254771.0,255179.0,255565.0,256031.0,256584.0,257207.0,257779.0,258488.0,259011.0,259462.0,259914.0,260542.0,261154.0,261782.0,262408.0,262903.0,263451.0,264071.0,264720.0,265314.0,265867.0,266433
oX7AqV__lEY,,,,,,,,,,,,,,,,,,,,,,,,,,,,,,,,,,,,,,,,,,,,,,,,,,,,,,,289265.0,305015.0,328301.0,347396.0,356178.0,363504.0,368086.0,371583.0,374424.0,376710.0,378878.0,380873.0,383180.0,385455.0,387163.0,389250.0,390834.0,392340.0,393731.0,395106.0,396316.0,397410.0,398353.0,399399.0,400409.0,401247.0,402144.0,402964.0,403767.0,404533.0,405255.0,405977.0,406729.0,407512.0,408245.0,408857.0,409389.0,410002.0,410611.0,411272.0,411906.0,412592.0,413174.0,413741.0,414281.0,414758.0,415182.0,415687.0,416142.0,416601.0,417033.0,417440.0,417782.0,418245.0,418652.0,419145.0,419514.0,419940.0,420325.0,420783.0,421180.0,421805.0,422392.0,422838.0,423186.0,423622.0,424003.0,424432.0,424787.0,425104.0,425350.0,425626.0,425927.0,426235.0,426519.0,426813.0,427070.0,427332.0,427617.0,427945.0,,,,,,,,,430164.0,430384.0,430653.0,430829.0,431061.0,431228.0,431434.0,431578.0,431758.0,431993.0,432152.0,432333.0,432541.0,432696.0,432873.0,433081.0,433241.0,433376.0,433551.0,433700.0,433876.0,434027.0,434186.0,434369.0,434530.0,434717.0,434858.0,435017.0,435154.0,435305.0,435488.0,435675.0,435865.0,436051.0,436196.0,436349.0,436511.0,436704.0,436858.0,437020.0,437307.0,437487.0,437656.0,437793.0,437956.0,438154.0,438364.0,438538.0,438689
GYH-biN2P8U,,,,,,,,,,,,,,,,,,,,,,,,,,,,,,,,,,,,,,,,,,,,,,,,,,,,,,,55430.0,55933.0,56401.0,56928.0,57703.0,58600.0,59416.0,59852.0,60122.0,60296.0,60444.0,60559.0,60667.0,60751.0,60802.0,60874.0,60927.0,60983.0,61033.0,61087.0,61135.0,61157.0,61187.0,61210.0,61235.0,61260.0,61282.0,61307.0,61328.0,61353.0,61376.0,61426.0,61457.0,61487.0,61501.0,61515.0,61528.0,61546.0,61561.0,61588.0,61601.0,61614.0,61629.0,61636.0,61653.0,61670.0,61678.0,61682.0,61690.0,61697.0,61709.0,61723.0,61731.0,61744.0,61759.0,61768.0,61770.0,61775.0,61785.0,61791.0,61801.0,61807.0,61815.0,61828.0,61839.0,61855.0,61867.0,61874.0,61879.0,61884.0,61890.0,61896.0,61916.0,61929.0,61943.0,61955.0,61960.0,61974.0,61978.0,61981.0,,,,,,,,,62028.0,62034.0,62038.0,62042.0,62056.0,62067.0,62074.0,62083.0,62091.0,62094.0,62098.0,62103.0,62102.0,62109.0,62119.0,62127.0,62127.0,62134.0,62142.0,62149.0,62157.0,62156.0,62155.0,62162.0,62167.0,62172.0,62174.0,62185.0,62189.0,62190.0,62193.0,62197.0,62205.0,62207.0,62212.0,62214.0,62220.0,62222.0,62226.0,62238.0,62246.0,62251.0,62261.0,62263.0,62268.0,62270.0,62277.0,62279.0,62284
rr4gKSjmh9Q,,,,,,,,,,,,,,,,,,,,,,,,,,,,,,,,,,,,,,,,,,,,,,,,,,,,,,,3094446.0,3098532.0,3102349.0,3105642.0,3108568.0,3111292.0,3113871.0,3116143.0,3118938.0,3121856.0,3124035.0,3125976.0,3127820.0,3129950.0,3131972.0,3134287.0,3135956.0,3137478.0,3139039.0,3140686.0,3142475.0,3144080.0,3145477.0,3146701.0,3147878.0,3149335.0,3150730.0,3152184.0,3153825.0,3155288.0,3156646.0,3157901.0,3159112.0,3160344.0,3161557.0,3162991.0,3164223.0,3165538.0,3166872.0,3168174.0,3169494.0,3170705.0,3171858.0,3173176.0,3174561.0,3175890.0,3177074.0,3178311.0,3180194.0,3182529.0,3184881.0,3186910.0,3188409.0,3190341.0,3192280.0,3194238.0,3195699.0,3196783.0,3197749.0,3198714.0,3199909.0,3201025.0,3201964.0,3202773.0,3203632.0,3204501.0,3205398.0,3206275.0,3207192.0,3207940.0,3208731.0,3209419.0,3210159.0,3210848.0,3211705.0,3212493.0,3213251.0,3213858.0,3214480.0,3215121.0,,,,,,,,,3221659.0,3222343.0,3222941.0,3223519.0,3224113.0,3224707.0,3225301.0,3225903.0,3226588.0,3227246.0,3227918.0,3228511.0,3229443.0,3230397.0,3231288.0,3232220.0,3233036.0,3233773.0,3234451.0,3235296.0,3236184.0,3237076.0,3237921.0,3238657.0,3239389.0,3240155.0,3241099.0,3242162.0,3243078.0,3243949.0,3244678.0,3245506.0,3246212.0,3246903.0,3247497.0,3248247.0,3248896.0,3249507.0,3250123.0,3250902.0,3251622.0,3252315.0,3252936.0,3253548.0,3254124.0,3254795.0,3255465.0,3256122.0,3256824
S1eUWmTiyUI,,,,,,,,,,,,,,,,,,,,,,,,,,,,,,,,,,,,,,,,,,,,,,,,,,,,,,,29354.0,36785.0,45283.0,51900.0,60981.0,68592.0,75728.0,80908.0,85857.0,90899.0,95652.0,99320.0,102606.0,108092.0,112870.0,120002.0,124928.0,128158.0,131671.0,134757.0,139340.0,144589.0,149216.0,155971.0,163089.0,167836.0,171243.0,176208.0,181086.0,186815.0,194551.0,202867.0,209375.0,214886.0,220915.0,226764.0,233164.0,240815.0,249731.0,258116.0,265606.0,272278.0,278564.0,284654.0,291320.0,299742.0,306402.0,311163.0,317041.0,322610.0,327647.0,333004.0,338855.0,343229.0,347164.0,352666.0,359981.0,367208.0,373534.0,378412.0,381878.0,384652.0,388574.0,392660.0,396818.0,400731.0,403604.0,406207.0,408667.0,411075.0,413332.0,415654.0,417828.0,419902.0,421697.0,423213.0,425430.0,427526.0,429709.0,431675.0,,,,,,,,,453909.0,456056.0,458984.0,462009.0,464799.0,468614.0,472041.0,475310.0,478148.0,481800.0,485960.0,490675.0,495553.0,500374.0,504430.0,508280.0,513013.0,518244.0,523562.0,528408.0,533047.0,536260.0,539669.0,543701.0,548186.0,552184.0,556404.0,560821.0,564286.0,567363.0,571801.0,576885.0,582157.0,586698.0,590873.0,594123.0,596740.0,600170.0,603948.0,607527.0,611102.0,615419.0,619083.0,622187.0,626189.0,629908.0,633564.0,637294.0,640677
im6Df9xTRno,,,,,,,,,,,,,,,,,,,,,,,,,,,,,,,,,,,,,,,,,,,,,,,,,,,,,,,99363.0,144849.0,182113.0,211931.0,235856.0,256790.0,276151.0,292903.0,307667.0,320102.0,331199.0,340090.0,347707.0,355919.0,362673.0,373288.0,382070.0,389374.0,396411.0,402849.0,409956.0,416815.0,423526.0,429626.0,436026.0,441560.0,446759.0,452297.0,457661.0,462877.0,467653.0,472136.0,476012.0,479372.0,483417.0,487259.0,491091.0,495569.0,499954.0,504418.0,508762.0,513358.0,517523.0,521644.0,525329.0,529226.0,532398.0,535658.0,539337.0,543129.0,546676.0,550553.0,554647.0,558260.0,561742.0,566206.0,570532.0,577230.0,584589.0,589593.0,593119.0,595893.0,598719.0,601581.0,604316.0,606868.0,608977.0,610722.0,612340.0,613839.0,615414.0,616954.0,618454.0,619945.0,621399.0,622766.0,624181.0,625608.0,627054.0,628413.0,,,,,,,,,641253.0,642452.0,643773.0,645041.0,646297.0,647380.0,648518.0,649507.0,650689.0,651973.0,653207.0,654306.0,655573.0,656831.0,658058.0,659074.0,660273.0,661505.0,662804.0,663940.0,664912.0,665800.0,666769.0,667711.0,668871.0,669925.0,670928.0,671848.0,672693.0,673562.0,674537.0,675565.0,676549.0,677409.0,678242.0,679202.0,680131.0,681265.0,682505.0,683560.0,684743.0,685789.0,686734.0,687816.0,689038.0,690236.0,691348.0,692465.0,693567
MI43nl84gEg,,,,,,,,,,,,,,,,,,,,,,,,,,,,,,,,,,,,,,,,,,,,,,,,,,,,,,,78225.0,78700.0,79135.0,79483.0,80038.0,80447.0,80949.0,81461.0,81957.0,82335.0,82732.0,83128.0,83439.0,83812.0,84064.0,84480.0,84821.0,85156.0,85519.0,85784.0,86144.0,86444.0,86758.0,87002.0,87244.0,87580.0,87927.0,88162.0,88485.0,88747.0,89037.0,89290.0,89510.0,89741.0,89983.0,90202.0,90452.0,90671.0,90971.0,91212.0,91414.0,91661.0,91865.0,92079.0,92279.0,92513.0,92768.0,92980.0,93257.0,93486.0,93694.0,93955.0,94200.0,94433.0,94663.0,94873.0,95030.0,95260.0,95491.0,95719.0,95902.0,96063.0,96251.0,96481.0,96629.0,96826.0,97058.0,97286.0,97465.0,97652.0,97840.0,98002.0,98200.0,98409.0,98572.0,98760.0,98938.0,99122.0,99284.0,99464.0,,,,,,,,,101007.0,101159.0,101281.0,101433.0,101624.0,101799.0,101979.0,102173.0,102346.0,102477.0,102624.0,102810.0,102973.0,103177.0,103371.0,103525.0,103727.0,103885.0,104067.0,104260.0,104432.0,104575.0,104713.0,104890.0,105027.0,105183.0,105379.0,105537.0,105673.0,105816.0,106030.0,106193.0,106341.0,106497.0,106656.0,106868.0,107039.0,107227.0,107392.0,107532.0,107722.0,107945.0,108176.0,108364.0,108562.0,108725.0,108883.0,109078.0,109281
XaPsEZSO_HQ,,,,,,,,,,,,,,,,,,,,,,,,,,,,,,,,,,,,,,,,,,,,,,,,,,,,,,,7754.0,15323.0,21604.0,26853.0,31057.0,36060.0,42069.0,47035.0,49726.0,52176.0,54506.0,56212.0,57321.0,58387.0,59218.0,60506.0,61334.0,61899.0,62544.0,63192.0,63874.0,64604.0,65332.0,65974.0,66582.0,67117.0,67650.0,68254.0,68803.0,69393.0,70000.0,70686.0,71230.0,71622.0,72241.0,72811.0,73372.0,73938.0,74517.0,75015.0,75399.0,75903.0,76348.0,76843.0,77366.0,77797.0,78199.0,78497.0,78876.0,79341.0,79737.0,80102.0,80503.0,80859.0,81132.0,81442.0,81818.0,82156.0,82455.0,82793.0,83092.0,83355.0,83601.0,83939.0,84255.0,84536.0,84798.0,85050.0,85254.0,85521.0,85733.0,85957.0,86195.0,86426.0,86620.0,86837.0,87063.0,87329.0,87521.0,87702.0,,,,,,,,,90112.0,90296.0,90533.0,90813.0,91148.0,91600.0,91901.0,92202.0,92439.0,92768.0,93044.0,93385.0,93749.0,94021.0,94297.0,94586.0,94892.0,95160.0,95456.0,95785.0,96150.0,96437.0,96701.0,97088.0,97405.0,97701.0,98030.0,98407.0,98718.0,98995.0,99335.0,99801.0,100269.0,100734.0,101072.0,101416.0,101683.0,102041.0,102381.0,102724.0,102992.0,103330.0,103638.0,103898.0,104171.0,104482.0,104844.0,105145.0,105475
SD-iazrjQMs,,,,,,,,,,,,,,,,,,,,,,,,,,,,,,,,,,,,,,,,,,,,,,,,,,,,,,,115358.0,116804.0,118392.0,119942.0,121404.0,122583.0,123891.0,125021.0,126151.0,127393.0,128549.0,129599.0,130488.0,131451.0,132208.0,133386.0,134110.0,135030.0,135867.0,136703.0,137490.0,138372.0,139167.0,139869.0,140682.0,141388.0,141987.0,142761.0,143528.0,144229.0,144880.0,145611.0,146194.0,146781.0,147466.0,148155.0,148920.0,149468.0,150159.0,150753.0,151406.0,152047.0,152682.0,153307.0,153856.0,154403.0,154995.0,155528.0,156050.0,156611.0,157217.0,157747.0,158296.0,158805.0,159369.0,159933.0,160325.0,160866.0,161338.0,161862.0,162269.0,162694.0,163211.0,163682.0,164147.0,164677.0,165117.0,165540.0,165885.0,166394.0,166808.0,167185.0,167549.0,167971.0,168317.0,168625.0,169035.0,169382.0,169770.0,170076.0,,,,,,,,,173451.0,173807.0,174208.0,174534.0,174838.0,175195.0,175534.0,175846.0,176167.0,176451.0,176748.0,177074.0,177535.0,177898.0,178288.0,178691.0,179069.0,179360.0,179690.0,179948.0,180213.0,180443.0,180743.0,180984.0,181245.0,181462.0,181709.0,181955.0,182172.0,182376.0,182611.0,182879.0,183098.0,183283.0,183525.0,183726.0,183914.0,184190.0,184465.0,184785.0,185027.0,185348.0,185753.0,186025.0,186253.0,186423.0,186645.0,186901.0,187192
fsMWdnx_wuI,,,,,,,,,,,,,,,,,,,,,,,,,,,,,,,,,,,,,,,,,,,,,,,,,,,,,,,94848.0,184375.0,248562.0,303921.0,344623.0,379707.0,410620.0,444915.0,478679.0,507790.0,534223.0,557292.0,577479.0,598084.0,614250.0,632638.0,648709.0,663543.0,677527.0,690037.0,703858.0,717640.0,732811.0,747328.0,761168.0,773335.0,784045.0,795771.0,807726.0,821127.0,835400.0,849149.0,861480.0,873041.0,885664.0,897753.0,909843.0,920237.0,931037.0,941303.0,951041.0,960748.0,969896.0,978593.0,987244.0,995921.0,1004197.0,1012141.0,1021107.0,1029749.0,1038578.0,1046187.0,1053403.0,1063008.0,1071133.0,1078030.0,1085297.0,1092450.0,1099626.0,1106906.0,1113571.0,1119330.0,1125159.0,1131070.0,1137421.0,1143870.0,1150192.0,1156129.0,1161802.0,1167235.0,1172688.0,1178557.0,1184423.0,1191140.0,1198051.0,1204249.0,1211555.0,1219860.0,1229789.0,1238738.0,,,,,,,,,1325347.0,1332539.0,1339983.0,1348269.0,1356989.0,1366446.0,1378947.0,1388498.0,1394827.0,1401357.0,1407737.0,1414168.0,1423803.0,1432307.0,1440239.0,1446785.0,1452194.0,1458104.0,1463881.0,1468882.0,1473481.0,1478145.0,1482763.0,1487731.0,1492963.0,1498164.0,1503032.0,1508012.0,1512410.0,1516246.0,1520426.0,1524945.0,1529598.0,1534092.0,1538254.0,1542661.0,1546688.0,1551065.0,1555264.0,1559465.0,1563853.0,1568290.0,1572467.0,1576444.0,1580623.0,1585080.0,1589447.0,1593896.0,1598313
k66D-Nftjt8,,,,,,,,,,,,,,,,,,,,,,,,,,,,,,,,,,,,,,,,,,,,,,,,,,,,,,,,351416.0,351537.0,351740.0,351925.0,352066.0,352249.0,352400.0,352508.0,352631.0,352776.0,352960.0,353141.0,353273.0,353406.0,353619.0,353790.0,353973.0,354083.0,354214.0,354338.0,354515.0,354738.0,355022.0,355234.0,355414.0,355598.0,355733.0,355897.0,356015.0,356193.0,356381.0,356542.0,356731.0,356904.0,357043.0,357158.0,357315.0,357510.0,357684.0,357851.0,357944.0,358063.0,358162.0,358275.0,358353.0,358482.0,358599.0,358698.0,358785.0,358850.0,358928.0,359011.0,359089.0,359230.0,359325.0,359461.0,359597.0,359726.0,359824.0,359932.0,360048.0,360213.0,360313.0,360460.0,360647.0,360815.0,360972.0,361120.0,361242.0,361436.0,361587.0,361713.0,361881.0,362032.0,362179.0,362293.0,362400.0,362524.0,362646.0,,,,,,,,,363653.0,363765.0,363866.0,363979.0,364092.0,364219.0,364349.0,364476.0,364627.0,364767.0,364900.0,365058.0,365221.0,365346.0,365461.0,365579.0,365698.0,365798.0,365903.0,366016.0,366120.0,366226.0,366325.0,366427.0,366507.0,366600.0,366691.0,366801.0,366902.0,366992.0,367110.0,367217.0,367282.0,367379.0,367505.0,367657.0,367737.0,367820.0,367895.0,367970.0,368049.0,368123.0,368196.0,368259.0,368334.0,368395.0,368460.0,368549.0,368628
KTdpE45DzBQ,,,,,,,,,,,,,,,,,,,,,,,,,,,,,,,,,,,,,,,,,,,,,,,,,,,,,,,,361361.0,362473.0,363627.0,364880.0,366151.0,367367.0,368493.0,369627.0,370748.0,371812.0,372765.0,373791.0,374796.0,376391.0,378214.0,379550.0,380869.0,382132.0,383320.0,384473.0,385618.0,386731.0,387845.0,388879.0,389928.0,390895.0,391829.0,392843.0,393865.0,394793.0,395720.0,396812.0,397928.0,398860.0,399887.0,400897.0,401800.0,402837.0,403825.0,404925.0,405865.0,406780.0,407701.0,408766.0,409694.0,410728.0,411679.0,412462.0,413190.0,413979.0,414757.0,415566.0,416556.0,417446.0,418169.0,419004.0,419719.0,420408.0,421167.0,422068.0,423004.0,423742.0,424498.0,425237.0,425950.0,426802.0,427685.0,428600.0,429436.0,430512.0,432338.0,434244.0,436846.0,438913.0,440647.0,442216.0,443578.0,444788.0,445955.0,,,,,,,,,455426.0,456531.0,457531.0,458505.0,459388.0,460197.0,460959.0,461735.0,462624.0,463399.0,464186.0,465011.0,465874.0,466756.0,467614.0,468407.0,469151.0,469964.0,470716.0,471480.0,472209.0,472973.0,473697.0,474329.0,474972.0,475624.0,476341.0,477089.0,477744.0,478579.0,479281.0,479946.0,480572.0,481199.0,481891.0,482514.0,483268.0,483921.0,484608.0,485308.0,486024.0,486807.0,487689.0,488512.0,489347.0,490111.0,490849.0,491581.0,492340
yjNz4epG4nA,,,,,,,,,,,,,,,,,,,,,,,,,,,,,,,,,,,,,,,,,,,,,,,,,,,,,,,,76.0,96.0,122.0,126.0,130.0,394.0,647.0,958.0,1918.0,2324.0,2433.0,2462.0,2478.0,2487.0,2503.0,2505.0,2509.0,2516.0,2525.0,2530.0,2541.0,2546.0,2549.0,2557.0,2561.0,2566.0,2569.0,2571.0,2573.0,2574.0,2579.0,2583.0,2588.0,2590.0,2600.0,2600.0,2606.0,2609.0,2610.0,2611.0,2616.0,2618.0,2619.0,2623.0,2624.0,2624.0,2626.0,2629.0,2629.0,2633.0,2636.0,2637.0,2638.0,2641.0,2644.0,2644.0,2646.0,2649.0,2653.0,2653.0,2655.0,2655.0,2655.0,2655.0,2656.0,2658.0,2662.0,2662.0,2662.0,2665.0,2667.0,2671.0,2672.0,2675.0,2679.0,2679.0,2680.0,2686.0,2687.0,,,,,,,,,2728.0,2732.0,2732.0,2733.0,2739.0,2742.0,2746.0,2754.0,2755.0,2758.0,2766.0,2770.0,2770.0,2772.0,2773.0,2773.0,2775.0,2779.0,2779.0,2783.0,2785.0,2791.0,2793.0,2797.0,2798.0,2801.0,2802.0,2805.0,2809.0,2810.0,2812.0,2813.0,2814.0,2818.0,2824.0,2827.0,2830.0,2834.0,2835.0,2837.0,2846.0,2848.0,2851.0,2852.0,2854.0,2860.0,2862.0,2862.0,2863
0K920EdpV6M,,,,,,,,,,,,,,,,,,,,,,,,,,,,,,,,,,,,,,,,,,,,,,,,,,,,,,,,73773.0,82820.0,91497.0,99966.0,105680.0,110565.0,115188.0,119689.0,123892.0,127811.0,131391.0,135384.0,139430.0,142507.0,146446.0,149970.0,153542.0,157457.0,161280.0,164420.0,167255.0,169947.0,172535.0,175221.0,177850.0,180273.0,182566.0,184650.0,186775.0,189218.0,191416.0,193230.0,194900.0,196483.0,197982.0,199431.0,200916.0,202220.0,203609.0,205098.0,206423.0,207717.0,208935.0,210264.0,211517.0,212784.0,214293.0,216029.0,217478.0,218759.0,220021.0,221366.0,222672.0,223853.0,225039.0,226149.0,227306.0,228377.0,229614.0,230859.0,232005.0,233036.0,234040.0,235087.0,236142.0,237163.0,238245.0,239285.0,240235.0,241167.0,242123.0,242980.0,243995.0,244900.0,246005.0,247017.0,247983.0,249037.0,249853.0,,,,,,,,,257453.0,258294.0,259136.0,259900.0,260758.0,261581.0,262330.0,263070.0,263792.0,264491.0,265097.0,265816.0,266466.0,267310.0,268101.0,268829.0,269519.0,270298.0,271169.0,271972.0,272821.0,273646.0,274546.0,275268.0,276037.0,276816.0,277438.0,278167.0,278828.0,279433.0,280106.0,280828.0,281535.0,282218.0,282719.0,283348.0,283914.0,284417.0,284918.0,285470.0,286095.0,286689.0,287330.0,287950.0,288587.0,289178.0,289819.0,290358.0,291071
j0K557F8i4U,,,,,,,,,,,,,,,,,,,,,,,,,,,,,,,,,,,,,,,,,,,,,,,,,,,,,,,,8.0,28.0,36.0,67.0,72.0,75.0,75.0,75.0,95.0,96.0,98.0,99.0,103.0,103.0,104.0,105.0,106.0,111.0,112.0,116.0,117.0,118.0,118.0,118.0,118.0,118.0,119.0,120.0,120.0,120.0,120.0,122.0,122.0,122.0,123.0,123.0,123.0,124.0,124.0,124.0,124.0,124.0,124.0,124.0,124.0,124.0,124.0,124.0,124.0,124.0,124.0,124.0,124.0,124.0,124.0,124.0,124.0,124.0,124.0,124.0,124.0,124.0,124.0,124.0,124.0,124.0,124.0,124.0,124.0,124.0,124.0,124.0,124.0,124.0,124.0,124.0,124.0,124.0,124.0,,,,,,,,,124.0,124.0,124.0,124.0,124.0,124.0,124.0,124.0,124.0,124.0,124.0,124.0,124.0,124.0,124.0,124.0,124.0,124.0,124.0,124.0,124.0,124.0,124.0,124.0,124.0,124.0,124.0,124.0,124.0,124.0,124.0,124.0,124.0,124.0,124.0,124.0,124.0,124.0,124.0,124.0,124.0,124.0,124.0,124.0,124.0,124.0,124.0,124.0,124
St8bnQbnwTg,,,,,,,,,,,,,,,,,,,,,,,,,,,,,,,,,,,,,,,,,,,,,,,,,,,,,,,,5117.0,11021.0,23171.0,38846.0,44732.0,62638.0,84038.0,96957.0,112066.0,114800.0,116636.0,118324.0,119944.0,121559.0,123400.0,124911.0,126432.0,128225.0,129642.0,131008.0,132504.0,134025.0,135411.0,136938.0,138309.0,139663.0,140926.0,142209.0,143528.0,144896.0,146218.0,147530.0,148835.0,150103.0,151365.0,152522.0,153628.0,154912.0,156260.0,157493.0,158682.0,159759.0,160872.0,161940.0,163034.0,164102.0,165233.0,166317.0,167363.0,168331.0,169524.0,170641.0,171642.0,172729.0,173940.0,175219.0,176477.0,177768.0,178907.0,179884.0,180929.0,181903.0,182863.0,183845.0,184868.0,185851.0,186737.0,187656.0,188612.0,189541.0,190434.0,191326.0,192252.0,193136.0,193917.0,194972.0,195910.0,196810.0,197737.0,,,,,,,,,205704.0,206610.0,207465.0,208372.0,209295.0,210111.0,210918.0,211830.0,212809.0,213723.0,214592.0,215475.0,216467.0,217462.0,218294.0,219225.0,220193.0,221089.0,221884.0,222761.0,223620.0,224400.0,225314.0,226185.0,227059.0,227874.0,228712.0,229567.0,230284.0,231230.0,231966.0,232671.0,233364.0,234023.0,234749.0,235518.0,236202.0,236919.0,237700.0,238362.0,239088.0,239811.0,240480.0,241092.0,241670.0,242378.0,243034.0,243683.0,244415
NMKXgYKAYG0,,,,,,,,,,,,,,,,,,,,,,,,,,,,,,,,,,,,,,,,,,,,,,,,,,,,,,,,226970.0,464188.0,753095.0,989125.0,1217504.0,1470056.0,1656577.0,1822085.0,2012048.0,2195922.0,2390362.0,2570080.0,2737683.0,2748894.0,2749551.0,2750062.0,2751090.0,2751918.0,2753204.0,2754363.0,2755422.0,2756494.0,2757281.0,2758160.0,2758952.0,2759817.0,2760566.0,2761284.0,2762071.0,2762770.0,2763561.0,2764079.0,2764697.0,2765323.0,2765942.0,2766517.0,2767119.0,2767768.0,2768359.0,2768937.0,2769740.0,2770437.0,2771100.0,2771712.0,2772356.0,2772893.0,2773660.0,2774529.0,2775389.0,2776194.0,2776756.0,2777349.0,2777797.0,2778363.0,2778791.0,2779349.0,2780104.0,2780693.0,2781368.0,2781888.0,2782447.0,2783069.0,2783557.0,2784377.0,2785058.0,2785602.0,2786218.0,2786907.0,2787725.0,2788661.0,2789501.0,2790528.0,2791311.0,2792704.0,2793815.0,2794524.0,2795462.0,2796483.0,2797268.0,,,,,,,,,2804543.0,2805385.0,2806117.0,2807066.0,2807937.0,2808522.0,2809151.0,2809977.0,2811120.0,2812070.0,2812458.0,2812535.0,2812617.0,2812715.0,2812806.0,2812885.0,2812973.0,2813073.0,2813173.0,2813273.0,2813366.0,2813452.0,2813530.0,2813625.0,2813730.0,2813828.0,2813935.0,2814071.0,2814133.0,2814230.0,2814319.0,2814408.0,2814490.0,2814545.0,2814606.0,2814672.0,2814754.0,2814816.0,2814862.0,2814935.0,2814985.0,2815035.0,2815080.0,2815126.0,2815186.0,2815263.0,2815318.0,2815381.0,2815469
44vtGio2o3s,,,,,,,,,,,,,,,,,,,,,,,,,,,,,,,,,,,,,,,,,,,,,,,,,,,,,,,,,945.0,2721.0,4366.0,6460.0,9004.0,10854.0,12214.0,14415.0,16918.0,17722.0,18233.0,18983.0,19630.0,20311.0,20924.0,21433.0,21992.0,22462.0,22883.0,23351.0,23754.0,24118.0,24472.0,24831.0,25178.0,25574.0,25953.0,26244.0,26543.0,26862.0,27185.0,27422.0,27797.0,28070.0,28425.0,28701.0,29125.0,29399.0,29689.0,29942.0,30265.0,30597.0,30882.0,31212.0,31524.0,31850.0,32182.0,32568.0,32847.0,33104.0,33361.0,33592.0,33773.0,33967.0,34179.0,34428.0,34661.0,34928.0,35186.0,35374.0,35534.0,35756.0,35955.0,36182.0,36362.0,36519.0,36676.0,36833.0,37015.0,37227.0,37512.0,37828.0,38046.0,38265.0,38537.0,38800.0,39048.0,39316.0,,,,,,,,,41673.0,41867.0,42123.0,42366.0,42706.0,43026.0,43311.0,43485.0,43728.0,43913.0,44141.0,44361.0,44548.0,44738.0,44938.0,45150.0,45304.0,45438.0,45587.0,45783.0,46019.0,46144.0,46311.0,46459.0,46592.0,46719.0,46858.0,47000.0,47118.0,47259.0,47392.0,47537.0,47696.0,47856.0,47995.0,48131.0,48251.0,48385.0,48514.0,48627.0,48725.0,48863.0,48989.0,49076.0,49225.0,49380.0,49555.0,49717.0,49844
djwfUdAZo04,,,,,,,,,,,,,,,,,,,,,,,,,,,,,,,,,,,,,,,,,,,,,,,,,,,,,,,,,916271.0,1850776.0,1844298.0,1825644.0,1796051.0,1871758.0,1959309.0,2060585.0,2066591.0,2063964.0,2063170.0,2063134.0,2063224.0,2063306.0,2063366.0,2063430.0,2063490.0,2063533.0,2063589.0,2063642.0,2063687.0,2063728.0,2063762.0,2063797.0,2063834.0,2063875.0,2063897.0,2063930.0,2063966.0,2063992.0,2064009.0,2064040.0,2064068.0,2064094.0,2064123.0,2064159.0,2064188.0,2064219.0,2064238.0,2064260.0,2064274.0,2064289.0,2064307.0,2064328.0,2064350.0,2064362.0,2064381.0,2064391.0,2064406.0,2064413.0,2064422.0,2064436.0,2064458.0,2064468.0,2064480.0,2064493.0,2064503.0,2064517.0,2064533.0,2064544.0,2064553.0,2064560.0,2064574.0,2064591.0,2064612.0,2064626.0,2064641.0,2064653.0,2064662.0,2064672.0,2064686.0,2064690.0,2064699.0,2064709.0,2064725.0,2064735.0,2064737.0,2064749.0,,,,,,,,,2064869.0,2064882.0,2064896.0,2064900.0,2064903.0,2064909.0,2064919.0,2064928.0,2064935.0,2064944.0,2064949.0,2064954.0,2064966.0,2064971.0,2064979.0,2064987.0,2064993.0,2065005.0,2065013.0,2065018.0,2065025.0,2065035.0,2065042.0,2065048.0,2065054.0,2065060.0,2065069.0,2065076.0,2065087.0,2065091.0,2065100.0,2065104.0,2065110.0,2065116.0,2065120.0,2065128.0,2065134.0,2065141.0,2065155.0,2065166.0,2065172.0,2065184.0,2065198.0,2065206.0,2065217.0,2065223.0,2065229.0,2065233.0,2065239
7Ftq4vszznI,,,,,,,,,,,,,,,,,,,,,,,,,,,,,,,,,,,,,,,,,,,,,,,,,,,,,,,,,16777.0,16789.0,16800.0,16819.0,16845.0,16863.0,16884.0,16899.0,16913.0,16935.0,16945.0,16953.0,16965.0,16978.0,16989.0,17007.0,17019.0,17029.0,17043.0,17051.0,17063.0,17081.0,17082.0,17092.0,17106.0,17113.0,17123.0,17130.0,17142.0,17161.0,17179.0,17201.0,17210.0,17220.0,17233.0,17243.0,17255.0,17260.0,17267.0,17277.0,17285.0,17294.0,17308.0,17326.0,17343.0,17355.0,17370.0,17382.0,17386.0,17397.0,17408.0,17414.0,17423.0,17432.0,17443.0,17458.0,17478.0,17495.0,17504.0,17519.0,17538.0,17549.0,17559.0,17571.0,17578.0,17593.0,17600.0,17609.0,17616.0,23944.0,30465.0,38978.0,47317.0,55533.0,63514.0,67116.0,70986.0,70937.0,,,,,,,,,71031.0,71045.0,71047.0,71058.0,71076.0,71091.0,71107.0,71123.0,71132.0,71145.0,71156.0,71170.0,71191.0,71209.0,71216.0,71227.0,71242.0,71252.0,71270.0,71285.0,71312.0,71328.0,71342.0,71350.0,71362.0,71377.0,71393.0,71405.0,71410.0,71424.0,71436.0,71449.0,71456.0,71460.0,71466.0,71478.0,71490.0,71499.0,71508.0,71518.0,71527.0,71537.0,71543.0,71550.0,71555.0,71564.0,71576.0,71586.0,71603
DyX5Hy91s_M,,,,,,,,,,,,,,,,,,,,,,,,,,,,,,,,,,,,,,,,,,,,,,,,,,,,,,,,,1478.0,5318.0,7341.0,9288.0,11272.0,13179.0,15274.0,18267.0,19640.0,21403.0,22721.0,23842.0,24456.0,24489.0,24505.0,24527.0,24543.0,24555.0,24579.0,24593.0,24605.0,24613.0,24626.0,24633.0,24640.0,24653.0,24658.0,24664.0,24672.0,24679.0,24692.0,24699.0,24705.0,24710.0,24715.0,24723.0,24724.0,24730.0,24734.0,24741.0,24746.0,24753.0,24757.0,24768.0,24772.0,24777.0,24793.0,24800.0,24807.0,24823.0,24833.0,24844.0,24853.0,24861.0,24868.0,24875.0,24883.0,24888.0,24895.0,24903.0,24907.0,24912.0,24920.0,24925.0,24929.0,24931.0,24933.0,24938.0,24945.0,24951.0,24957.0,24961.0,24967.0,24976.0,24981.0,24986.0,24993.0,24997.0,,,,,,,,,25059.0,25069.0,25071.0,25075.0,25078.0,25080.0,25083.0,25088.0,25091.0,25098.0,25100.0,25104.0,25110.0,25123.0,25125.0,25127.0,25129.0,25131.0,25134.0,25136.0,25143.0,25144.0,25146.0,25149.0,25155.0,25159.0,25161.0,25162.0,25166.0,25171.0,25180.0,25185.0,25186.0,25188.0,25193.0,25200.0,25206.0,25209.0,25218.0,25222.0,25226.0,25228.0,25235.0,25239.0,25246.0,25252.0,25256.0,25261.0,25266
djwfUdAZo04,,,,,,,,,,,,,,,,,,,,,,,,,,,,,,,,,,,,,,,,,,,,,,,,,,,,,,,,,916271.0,1850776.0,1844298.0,1825644.0,1796051.0,1871758.0,1959309.0,2060585.0,2066591.0,2063964.0,2063170.0,2063134.0,2063224.0,2063306.0,2063366.0,2063431.0,2063490.0,2063533.0,2063589.0,2063642.0,2063687.0,2063728.0,2063760.0,2063797.0,2063834.0,2063875.0,2063898.0,2063930.0,2063963.0,2063992.0,2064009.0,2064040.0,2064071.0,2064093.0,2064123.0,2064159.0,2064188.0,2064219.0,2064238.0,2064260.0,2064275.0,2064289.0,2064307.0,2064328.0,2064350.0,2064360.0,2064381.0,2064391.0,2064406.0,2064413.0,2064422.0,2064436.0,2064458.0,2064468.0,2064480.0,2064493.0,2064502.0,2064517.0,2064533.0,2064544.0,2064553.0,2064560.0,2064574.0,2064591.0,2064612.0,2064626.0,2064641.0,2064653.0,2064656.0,2064672.0,2064686.0,2064690.0,2064699.0,2064709.0,2064725.0,2064735.0,2064737.0,2064749.0,,,,,,,,,2064870.0,2064882.0,2064896.0,2064900.0,2064903.0,2064909.0,2064919.0,2064927.0,2064935.0,2064944.0,2064949.0,2064954.0,2064966.0,2064971.0,2064979.0,2064986.0,2064994.0,2065005.0,2065013.0,2065018.0,2065025.0,2065035.0,2065042.0,2065048.0,2065054.0,2065061.0,2065069.0,2065076.0,2065087.0,2065091.0,2065100.0,2065104.0,2065109.0,2065116.0,2065120.0,2065128.0,2065134.0,2065141.0,2065155.0,2065167.0,2065172.0,2065184.0,2065199.0,2065206.0,2065217.0,2065223.0,2065229.0,2065233.0,2065239
nXp46X3AUI4,,,,,,,,,,,,,,,,,,,,,,,,,,,,,,,,,,,,,,,,,,,,,,,,,,,,,,,,,6502.0,14210.0,19140.0,21896.0,25339.0,27480.0,30758.0,34512.0,37886.0,39170.0,40390.0,40629.0,40879.0,47923.0,50517.0,56890.0,60199.0,61639.0,62641.0,63071.0,63164.0,63286.0,67391.0,80672.0,103654.0,135441.0,160809.0,191993.0,219970.0,249088.0,275299.0,278595.0,279750.0,278718.0,279942.0,280022.0,280100.0,280179.0,280264.0,280349.0,280411.0,280458.0,280512.0,280561.0,280614.0,280663.0,280698.0,280741.0,280785.0,280824.0,280883.0,280965.0,281018.0,281066.0,281114.0,281173.0,281211.0,281253.0,281298.0,281345.0,281383.0,281414.0,281447.0,287603.0,328606.0,365609.0,388898.0,427685.0,445271.0,462397.0,481877.0,521318.0,592280.0,727139.0,907272.0,1084614.0,1203324.0,1249734.0,,,,,,,,,1687313.0,1735211.0,1773754.0,1806210.0,1854677.0,1904024.0,1936433.0,1975243.0,2013824.0,2044025.0,2071830.0,2101996.0,2145048.0,2187843.0,2227813.0,2276307.0,2333298.0,2376083.0,2417208.0,2453413.0,2461200.0,2466464.0,2466372.0,2466404.0,2466447.0,2466498.0,2466546.0,2466613.0,2466673.0,2466737.0,2466819.0,2466850.0,2466890.0,2466930.0,2467002.0,2467055.0,2467135.0,2467224.0,2467295.0,2467360.0,2467486.0,2467521.0,2467560.0,2467631.0,2467680.0,2467745.0,2467784.0,2467841.0,2467897
rZjpVpAt3oI,,,,,,,,,,,,,,,,,,,,,,,,,,,,,,,,,,,,,,,,,,,,,,,,,,,,,,,,,,13246.0,13263.0,13283.0,13300.0,13317.0,13330.0,13346.0,13441.0,13468.0,13496.0,13524.0,13561.0,13593.0,13614.0,13638.0,13664.0,13693.0,13721.0,13750.0,13787.0,13821.0,13870.0,13894.0,13913.0,13932.0,13962.0,13991.0,14018.0,14063.0,14086.0,14104.0,14126.0,14150.0,14171.0,14197.0,14244.0,14282.0,14303.0,14321.0,14350.0,14375.0,14401.0,14423.0,14444.0,14460.0,14483.0,14508.0,14527.0,14546.0,14559.0,14584.0,14607.0,14623.0,14640.0,14673.0,14778.0,14830.0,14892.0,14879.0,14913.0,14948.0,14999.0,15053.0,15089.0,15127.0,15157.0,15182.0,15212.0,15235.0,15259.0,15277.0,15365.0,15387.0,15401.0,15419.0,15450.0,15477.0,,,,,,,,,15673.0,15687.0,15714.0,15720.0,15731.0,15748.0,15765.0,15807.0,15833.0,15860.0,15879.0,15897.0,15909.0,15927.0,15940.0,15963.0,15981.0,16010.0,16033.0,16054.0,16093.0,16121.0,16146.0,16170.0,16193.0,16226.0,16254.0,16274.0,16305.0,16337.0,16379.0,16412.0,16462.0,16491.0,16514.0,16542.0,16561.0,16581.0,16626.0,16651.0,16687.0,16724.0,16751.0,16774.0,16794.0,16814.0,16829.0,16845.0,16876
qg3phnuF5bo,,,,,,,,,,,,,,,,,,,,,,,,,,,,,,,,,,,,,,,,,,,,,,,,,,,,,,,,,,10625.0,631404.0,1021957.0,1605215.0,1858308.0,2018577.0,2012698.0,2013199.0,2011905.0,2012071.0,2012404.0,2012694.0,2012901.0,2013040.0,2013184.0,2013350.0,2013522.0,2013660.0,2013855.0,2014068.0,2014269.0,2014384.0,2014492.0,2014551.0,2014662.0,2014784.0,2015308.0,2015230.0,2015272.0,2015360.0,2015424.0,2015431.0,2015426.0,2015496.0,2015548.0,2015638.0,2015727.0,2015792.0,2015886.0,2015926.0,2015997.0,2016035.0,2016139.0,2016240.0,2016339.0,2016509.0,2016573.0,2016651.0,2018069.0,2019442.0,2020290.0,2021128.0,2022526.0,2023245.0,2023943.0,2025093.0,2026670.0,2027930.0,2028901.0,2029451.0,2029884.0,2030261.0,2030582.0,2030829.0,2031027.0,2031193.0,2031317.0,2031456.0,2031562.0,2031661.0,2031757.0,2031859.0,2031940.0,2032029.0,2032120.0,2032204.0,2032310.0,,,,,,,,,2032909.0,2032997.0,2033082.0,2033250.0,2033446.0,2033570.0,2033684.0,2033761.0,2033845.0,2033930.0,2034024.0,2034105.0,2034176.0,2034245.0,2034303.0,2034370.0,2034431.0,2034505.0,2034566.0,2034604.0,2034656.0,2034698.0,2034742.0,2034779.0,2034807.0,2034855.0,2034883.0,2034918.0,2034968.0,2035015.0,2035050.0,2035094.0,2035125.0,2035171.0,2035194.0,2035212.0,2035243.0,2035270.0,2035294.0,2035319.0,2035341.0,2035360.0,2035390.0,2035425.0,2035447.0,2035469.0,2035498.0,2035525.0,2035542
ubWZPcaK0sM,,,,,,,,,,,,,,,,,,,,,,,,,,,,,,,,,,,,,,,,,,,,,,,,,,,,,,,,,,4712.0,5294.0,5804.0,5954.0,6014.0,6059.0,6109.0,6129.0,6148.0,6177.0,6198.0,6212.0,6247.0,6273.0,6294.0,6309.0,6322.0,6342.0,6362.0,6368.0,6374.0,6379.0,6394.0,6402.0,6417.0,6433.0,6443.0,6453.0,6462.0,6465.0,6469.0,6476.0,6484.0,6496.0,6495.0,6502.0,6510.0,6521.0,6526.0,6533.0,6535.0,6542.0,6545.0,6549.0,6557.0,6560.0,6567.0,6576.0,6589.0,6604.0,6619.0,6626.0,6632.0,6631.0,6639.0,6641.0,6651.0,6658.0,6671.0,6681.0,6686.0,6696.0,6703.0,6709.0,6716.0,6726.0,6735.0,6742.0,6748.0,6753.0,6759.0,6762.0,6765.0,6769.0,6772.0,6776.0,6778.0,,,,,,,,,6807.0,6808.0,6811.0,6814.0,6816.0,6819.0,6821.0,6822.0,6827.0,6831.0,6835.0,6837.0,6842.0,6844.0,6850.0,6857.0,6866.0,6874.0,6882.0,6889.0,6888.0,6891.0,6896.0,6899.0,6902.0,6906.0,6907.0,6908.0,6910.0,6914.0,6917.0,6917.0,6918.0,6923.0,6924.0,6927.0,6927.0,6934.0,6935.0,6935.0,6937.0,6938.0,6939.0,6940.0,6939.0,6941.0,6945.0,6949.0,6951
7zQj2vK61Xs,,,,,,,,,,,,,,,,,,,,,,,,,,,,,,,,,,,,,,,,,,,,,,,,,,,,,,,,,,21318.0,21980.0,22562.0,23141.0,23381.0,23553.0,23718.0,23972.0,24246.0,24385.0,24550.0,24678.0,25001.0,25275.0,25425.0,25526.0,25615.0,25708.0,25756.0,25806.0,25832.0,25878.0,25921.0,25947.0,25962.0,25983.0,26008.0,26046.0,26081.0,26106.0,26126.0,26146.0,26169.0,26193.0,26206.0,26221.0,26253.0,26266.0,26275.0,26296.0,26302.0,26317.0,26348.0,26367.0,26390.0,26418.0,26434.0,26446.0,26459.0,26486.0,26498.0,26504.0,26514.0,26535.0,26556.0,26559.0,26561.0,26565.0,26572.0,26579.0,26586.0,26590.0,26596.0,26601.0,26605.0,26609.0,26611.0,26614.0,26616.0,26619.0,26626.0,26632.0,26637.0,26649.0,26658.0,26662.0,26674.0,,,,,,,,,26726.0,26734.0,26745.0,26750.0,26753.0,26756.0,26758.0,26766.0,26773.0,26779.0,26785.0,26812.0,26817.0,26819.0,26824.0,26827.0,26832.0,26837.0,26841.0,26843.0,26844.0,26848.0,26866.0,26875.0,26888.0,26893.0,26899.0,26916.0,26929.0,26951.0,26960.0,26976.0,26981.0,26990.0,27004.0,27009.0,27014.0,27018.0,27022.0,27026.0,27043.0,27046.0,27051.0,27071.0,27078.0,27092.0,27091.0,27091.0,27091
hRiloShKJsY,,,,,,,,,,,,,,,,,,,,,,,,,,,,,,,,,,,,,,,,,,,,,,,,,,,,,,,,,,,210063.0,213475.0,214062.0,214642.0,215110.0,215620.0,216017.0,216375.0,216683.0,217047.0,217309.0,217692.0,218035.0,218355.0,218592.0,218877.0,219102.0,219336.0,219696.0,220022.0,220298.0,220626.0,220937.0,221214.0,221512.0,221804.0,222010.0,222314.0,222555.0,222815.0,223048.0,223269.0,223523.0,223816.0,224012.0,224275.0,224439.0,224635.0,224844.0,225013.0,225182.0,225379.0,225532.0,225671.0,225805.0,225930.0,226055.0,226181.0,226277.0,226413.0,226524.0,226628.0,226763.0,226882.0,226985.0,227117.0,227195.0,227302.0,227415.0,227540.0,227659.0,227757.0,227861.0,227952.0,228050.0,228131.0,228258.0,228333.0,228418.0,228508.0,228589.0,228693.0,228775.0,228850.0,228931.0,229012.0,,,,,,,,,229759.0,229827.0,229910.0,229967.0,230030.0,230109.0,230207.0,230261.0,230310.0,230371.0,230412.0,230501.0,230580.0,230621.0,230693.0,230751.0,230834.0,230917.0,231013.0,231071.0,231130.0,231206.0,231260.0,231334.0,231388.0,231445.0,231510.0,231576.0,231620.0,231688.0,231745.0,231812.0,231885.0,231952.0,232003.0,232066.0,232129.0,232207.0,232271.0,232323.0,232377.0,232418.0,232469.0,232514.0,232566.0,232675.0,232762.0,232839.0,232896
AYJ6G8z9rCM,,,,,,,,,,,,,,,,,,,,,,,,,,,,,,,,,,,,,,,,,,,,,,,,,,,,,,,,,,,5265.0,6888.0,8244.0,9358.0,10487.0,11237.0,11919.0,12791.0,13453.0,14038.0,14416.0,14845.0,15155.0,15580.0,15864.0,16204.0,16627.0,16881.0,17526.0,17898.0,18273.0,18685.0,19361.0,19783.0,20183.0,20507.0,20728.0,20916.0,21192.0,21373.0,21559.0,21727.0,21852.0,21965.0,22093.0,22238.0,22369.0,22437.0,22541.0,22646.0,22730.0,22824.0,22895.0,22958.0,23030.0,23088.0,23160.0,23208.0,23278.0,23329.0,23412.0,23471.0,23509.0,23561.0,23607.0,23676.0,23706.0,23744.0,23791.0,23853.0,23904.0,23939.0,23972.0,24014.0,24051.0,24098.0,24147.0,24202.0,24233.0,24266.0,24308.0,24348.0,24366.0,24386.0,24419.0,24448.0,,,,,,,,,24691.0,24724.0,24748.0,24769.0,24808.0,24840.0,24883.0,24892.0,24913.0,24933.0,24946.0,24967.0,24986.0,25027.0,25044.0,25065.0,25093.0,25115.0,25142.0,25160.0,25223.0,25256.0,25284.0,25308.0,25331.0,25348.0,25358.0,25389.0,25407.0,25428.0,25446.0,25473.0,25512.0,25535.0,25568.0,25579.0,25602.0,25622.0,25637.0,25659.0,25677.0,25693.0,25706.0,25724.0,25744.0,25766.0,25790.0,25811.0,25828
i5h0x5twPB8,,,,,,,,,,,,,,,,,,,,,,,,,,,,,,,,,,,,,,,,,,,,,,,,,,,,,,,,,,,186346.0,188912.0,191166.0,193558.0,195831.0,198233.0,200483.0,202773.0,205005.0,207239.0,209102.0,211423.0,213612.0,215745.0,217885.0,220068.0,222120.0,225072.0,227807.0,230202.0,237618.0,248023.0,255855.0,263005.0,269294.0,274949.0,281152.0,288064.0,293890.0,298868.0,302952.0,306597.0,310037.0,313239.0,316532.0,319513.0,322462.0,324857.0,326987.0,329062.0,331124.0,333290.0,335537.0,337854.0,339900.0,341659.0,343462.0,345036.0,346767.0,348730.0,350500.0,352166.0,353688.0,355281.0,357246.0,359002.0,360754.0,362596.0,364038.0,365333.0,366564.0,367852.0,369263.0,371314.0,373208.0,375017.0,376529.0,378017.0,379418.0,380948.0,382803.0,384544.0,386025.0,387489.0,388827.0,390407.0,,,,,,,,,410240.0,413532.0,416222.0,419170.0,421955.0,424399.0,426957.0,429402.0,432195.0,434630.0,436887.0,439239.0,441829.0,444185.0,446601.0,449058.0,451261.0,454020.0,456958.0,459392.0,462649.0,466284.0,469172.0,471509.0,474003.0,476505.0,478968.0,481374.0,484003.0,486533.0,488712.0,490805.0,492783.0,494682.0,496682.0,498923.0,501112.0,503104.0,505111.0,507149.0,509239.0,511424.0,513765.0,515955.0,518047.0,519908.0,521691.0,523528.0,525457
RRDuNfNWT28,,,,,,,,,,,,,,,,,,,,,,,,,,,,,,,,,,,,,,,,,,,,,,,,,,,,,,,,,,,255573.0,255826.0,256059.0,256358.0,256706.0,257035.0,257348.0,257724.0,257940.0,258216.0,258428.0,258702.0,258996.0,259343.0,259671.0,259990.0,260291.0,260604.0,260971.0,261317.0,261796.0,262136.0,262460.0,262698.0,263065.0,263394.0,263716.0,264088.0,264412.0,264711.0,265015.0,265395.0,265737.0,266099.0,266454.0,267050.0,267445.0,267804.0,268114.0,268372.0,268712.0,268964.0,269272.0,269581.0,269944.0,270244.0,270603.0,270943.0,271196.0,271528.0,271815.0,272164.0,272485.0,272754.0,273043.0,273347.0,273593.0,273806.0,274112.0,274406.0,274685.0,275013.0,275353.0,275647.0,275891.0,276106.0,276444.0,276749.0,277037.0,277369.0,277644.0,277936.0,278222.0,278525.0,278832.0,279145.0,,,,,,,,,281814.0,282083.0,282311.0,282544.0,282843.0,283099.0,283333.0,283601.0,283903.0,284188.0,284512.0,284801.0,285120.0,285426.0,285689.0,286003.0,286334.0,286663.0,286960.0,287300.0,287640.0,287961.0,288229.0,288507.0,288813.0,289151.0,289456.0,289760.0,290055.0,290362.0,290704.0,290990.0,291285.0,291632.0,292001.0,292285.0,292627.0,292937.0,293209.0,293465.0,293737.0,294045.0,294306.0,294563.0,294857.0,295173.0,295454.0,295789.0,296058
jDrP5Pb2f_o,,,,,,,,,,,,,,,,,,,,,,,,,,,,,,,,,,,,,,,,,,,,,,,,,,,,,,,,,,,,27046.0,32708.0,38319.0,44034.0,49526.0,54876.0,59655.0,63802.0,67786.0,71084.0,75279.0,78745.0,81411.0,83833.0,86099.0,88438.0,90593.0,92727.0,94780.0,96720.0,98480.0,100075.0,101852.0,103447.0,105104.0,106581.0,108152.0,109616.0,110920.0,112439.0,113777.0,115238.0,116652.0,118046.0,119410.0,120631.0,121777.0,122997.0,124130.0,125292.0,126367.0,127418.0,128477.0,129589.0,130498.0,131445.0,132464.0,133324.0,134383.0,135375.0,136342.0,137251.0,138133.0,139023.0,139895.0,140843.0,141641.0,142517.0,143358.0,144199.0,145037.0,145848.0,146678.0,147476.0,148238.0,148918.0,149661.0,150344.0,151182.0,151976.0,152680.0,153397.0,154027.0,154707.0,155456.0,,,,,,,,,161370.0,162255.0,163029.0,163762.0,164524.0,165188.0,165815.0,166466.0,167137.0,167752.0,168424.0,169049.0,169703.0,170292.0,170915.0,171485.0,172070.0,172659.0,173212.0,173778.0,174363.0,174953.0,175520.0,176123.0,176734.0,177366.0,177949.0,178548.0,179143.0,179772.0,180478.0,181310.0,182095.0,182849.0,183581.0,184272.0,184840.0,185437.0,186079.0,186700.0,187297.0,187897.0,188480.0,189065.0,189600.0,190169.0,190759.0,191349.0,191914
Q6wnGhkFQh8,,,,,,,,,,,,,,,,,,,,,,,,,,,,,,,,,,,,,,,,,,,,,,,,,,,,,,,,,,,,,16260.0,28129.0,39325.0,49418.0,60377.0,68069.0,68373.0,68517.0,68643.0,68795.0,68894.0,68997.0,69106.0,69195.0,69253.0,69320.0,69387.0,69455.0,69505.0,69564.0,69620.0,69695.0,69756.0,69820.0,69850.0,69885.0,69932.0,69976.0,70004.0,70045.0,70084.0,70123.0,70160.0,70195.0,70230.0,70270.0,70303.0,70334.0,70350.0,70373.0,70395.0,70425.0,70446.0,70475.0,70493.0,70523.0,70561.0,70589.0,70606.0,70638.0,70650.0,70678.0,70728.0,70746.0,70796.0,70814.0,70838.0,70855.0,70872.0,70889.0,70909.0,70928.0,70959.0,70980.0,71001.0,71012.0,71021.0,71046.0,71073.0,71103.0,71113.0,71118.0,71129.0,71158.0,,,,,,,,,71268.0,71277.0,71291.0,71299.0,71311.0,71315.0,71322.0,71334.0,71347.0,71359.0,71366.0,71372.0,71375.0,71385.0,71399.0,71411.0,71420.0,71428.0,71436.0,71448.0,71454.0,71471.0,71482.0,71491.0,71501.0,71512.0,71531.0,71542.0,71550.0,71569.0,71588.0,71599.0,71630.0,71633.0,71650.0,71655.0,71665.0,71680.0,71690.0,71698.0,71717.0,71731.0,71742.0,71759.0,71770.0,71790.0,71805.0,71810.0,71821
bRktSOL4i4E,,,,,,,,,,,,,,,,,,,,,,,,,,,,,,,,,,,,,,,,,,,,,,,,,,,,,,,,,,,,,1543.0,5703.0,8186.0,10128.0,11804.0,14504.0,17036.0,19588.0,21649.0,23139.0,25038.0,26406.0,28457.0,29759.0,31158.0,32514.0,34324.0,35592.0,36594.0,37344.0,38041.0,38746.0,39392.0,40088.0,40888.0,41532.0,42098.0,42578.0,43042.0,43496.0,43866.0,44220.0,44602.0,44905.0,45185.0,45514.0,45919.0,46327.0,46675.0,47003.0,47283.0,47558.0,47913.0,48260.0,48568.0,48884.0,49381.0,49855.0,50250.0,50615.0,51030.0,51465.0,52021.0,52493.0,52841.0,53172.0,53498.0,53901.0,54309.0,54742.0,55188.0,55482.0,55753.0,56050.0,56381.0,56689.0,56990.0,57263.0,57544.0,57769.0,58041.0,58322.0,58599.0,58835.0,,,,,,,,,60999.0,61213.0,61417.0,61643.0,61878.0,62137.0,62388.0,62619.0,62843.0,63116.0,63404.0,63714.0,64031.0,64419.0,64754.0,65076.0,65438.0,65790.0,66125.0,66432.0,66653.0,66850.0,67064.0,67259.0,67503.0,67747.0,67997.0,68225.0,68435.0,68620.0,68810.0,68982.0,69162.0,69362.0,69535.0,69714.0,69856.0,70023.0,70205.0,70422.0,70585.0,70780.0,70933.0,71054.0,71199.0,71344.0,71502.0,71661.0,71835
Q92FDT9SQ90,,,,,,,,,,,,,,,,,,,,,,,,,,,,,,,,,,,,,,,,,,,,,,,,,,,,,,,,,,,,,998.0,999.0,1001.0,1001.0,1001.0,1001.0,1001.0,1001.0,1001.0,1001.0,1001.0,1002.0,1003.0,1003.0,1003.0,1003.0,1004.0,1004.0,1005.0,1005.0,1006.0,1006.0,1008.0,1010.0,1010.0,1010.0,1010.0,1011.0,1014.0,1014.0,1014.0,1014.0,1015.0,1015.0,1017.0,1017.0,1019.0,1019.0,1021.0,1021.0,1021.0,1021.0,1021.0,1021.0,1024.0,1024.0,1025.0,1027.0,1027.0,1027.0,1027.0,1028.0,1028.0,1028.0,1028.0,1028.0,1028.0,1030.0,1030.0,1031.0,1031.0,1031.0,1031.0,1031.0,1032.0,1032.0,1033.0,1033.0,1033.0,1034.0,1034.0,1034.0,1034.0,1034.0,,,,,,,,,1037.0,1037.0,1037.0,1039.0,1040.0,1042.0,1042.0,1042.0,1042.0,1042.0,1042.0,1042.0,1043.0,1043.0,1044.0,1046.0,1046.0,1046.0,1046.0,1046.0,1047.0,1048.0,1049.0,1049.0,1049.0,1049.0,1049.0,1050.0,1051.0,1051.0,1052.0,1053.0,1053.0,1053.0,1053.0,1054.0,1054.0,1054.0,1054.0,1055.0,1055.0,1055.0,1055.0,1056.0,1056.0,1056.0,1056.0,1056.0,1056
1w5sFvynzQU,,,,,,,,,,,,,,,,,,,,,,,,,,,,,,,,,,,,,,,,,,,,,,,,,,,,,,,,,,,,,5693.0,5820.0,5906.0,6000.0,6076.0,6157.0,6208.0,6275.0,6336.0,6417.0,6528.0,6636.0,6704.0,6770.0,6833.0,6955.0,7090.0,7231.0,7399.0,7603.0,7790.0,7916.0,8024.0,8139.0,8207.0,8270.0,8330.0,8375.0,8428.0,8480.0,8519.0,8565.0,8598.0,8652.0,8694.0,8752.0,8790.0,8848.0,8895.0,8940.0,8982.0,9006.0,9028.0,9063.0,9104.0,9130.0,9158.0,9180.0,9199.0,9228.0,9264.0,9293.0,9320.0,9360.0,9388.0,9414.0,9435.0,9461.0,9492.0,9514.0,9528.0,9557.0,9591.0,9615.0,9641.0,9671.0,9693.0,9715.0,9739.0,9767.0,9792.0,9821.0,9855.0,9901.0,,,,,,,,,10400.0,10466.0,10504.0,10535.0,10572.0,10600.0,10626.0,10650.0,10671.0,10700.0,10720.0,10748.0,10779.0,10811.0,10836.0,10858.0,10877.0,10899.0,10924.0,10952.0,10981.0,11022.0,11058.0,11074.0,11112.0,11145.0,11168.0,11192.0,11209.0,11224.0,11240.0,11255.0,11272.0,11287.0,11300.0,11314.0,11334.0,11352.0,11370.0,11384.0,11404.0,11421.0,11439.0,11459.0,11484.0,11495.0,11509.0,11516.0,11529
-_WpIwUb7kQ,,,,,,,,,,,,,,,,,,,,,,,,,,,,,,,,,,,,,,,,,,,,,,,,,,,,,,,,,,,,,2398.0,2441.0,2504.0,2545.0,2583.0,2620.0,2645.0,2677.0,2713.0,2776.0,2822.0,2846.0,2905.0,2930.0,2980.0,3023.0,3086.0,3132.0,3198.0,3279.0,3316.0,3390.0,3423.0,3489.0,3549.0,3614.0,3686.0,3715.0,3756.0,3779.0,3804.0,3843.0,3880.0,3929.0,3973.0,4024.0,4087.0,4132.0,4192.0,4233.0,4303.0,4359.0,4416.0,4484.0,4534.0,4604.0,4665.0,4696.0,4727.0,4763.0,4800.0,4830.0,4857.0,4909.0,4949.0,4966.0,4992.0,5014.0,5025.0,5037.0,5055.0,5070.0,5084.0,5097.0,5113.0,5132.0,5143.0,5161.0,5164.0,5172.0,5183.0,5200.0,5221.0,5228.0,,,,,,,,,5398.0,5417.0,5445.0,5454.0,5482.0,5515.0,5540.0,5554.0,5568.0,5574.0,5581.0,5594.0,5605.0,5618.0,5631.0,5637.0,5645.0,5649.0,5656.0,5661.0,5668.0,5673.0,5678.0,5687.0,5694.0,5700.0,5706.0,5717.0,5726.0,5733.0,5741.0,5747.0,5757.0,5765.0,5773.0,5779.0,5783.0,5796.0,5805.0,5811.0,5818.0,5821.0,5829.0,5839.0,5846.0,5849.0,5860.0,5870.0,5878
pGGqA0GvWJY,,,,,,,,,,,,,,,,,,,,,,,,,,,,,,,,,,,,,,,,,,,,,,,,,,,,,,,,,,,,,844.0,875.0,901.0,927.0,952.0,961.0,981.0,1016.0,1027.0,1043.0,1062.0,1075.0,1086.0,1096.0,1114.0,1121.0,1139.0,1161.0,1183.0,1201.0,1227.0,1251.0,1265.0,1283.0,1294.0,1300.0,1307.0,1315.0,1327.0,1330.0,1338.0,1342.0,1351.0,1366.0,1377.0,1394.0,1404.0,1411.0,1417.0,1425.0,1429.0,1441.0,1450.0,1456.0,1466.0,1477.0,1491.0,1504.0,1515.0,1521.0,1542.0,1573.0,1601.0,1632.0,1662.0,1677.0,1699.0,1719.0,1737.0,1751.0,1768.0,1794.0,1818.0,1838.0,1871.0,1893.0,1910.0,1930.0,1949.0,1962.0,1979.0,1998.0,2010.0,2049.0,,,,,,,,,2328.0,2369.0,2400.0,2433.0,2468.0,2501.0,2525.0,2546.0,2567.0,2572.0,2584.0,2596.0,2604.0,2617.0,2628.0,2645.0,2648.0,2651.0,2660.0,2676.0,2695.0,2705.0,2728.0,2746.0,2759.0,2771.0,2778.0,2795.0,2805.0,2813.0,2837.0,2842.0,2847.0,2855.0,2868.0,2876.0,2881.0,2892.0,2899.0,2906.0,2914.0,2933.0,2946.0,2951.0,2966.0,2983.0,2998.0,3012.0,3026
IzTgsU9hjYw,,,,,,,,,,,,,,,,,,,,,,,,,,,,,,,,,,,,,,,,,,,,,,,,,,,,,,,,,,,,,56432.0,56458.0,56480.0,56499.0,56517.0,56533.0,56558.0,56576.0,56591.0,56615.0,56628.0,56639.0,56658.0,56668.0,56682.0,56694.0,56708.0,56724.0,56736.0,56761.0,56773.0,56789.0,56797.0,56813.0,56827.0,56835.0,56842.0,56863.0,56877.0,56889.0,56908.0,56923.0,56938.0,56954.0,56961.0,56976.0,56983.0,56993.0,57011.0,57031.0,57048.0,57058.0,57072.0,57083.0,57100.0,57114.0,57126.0,57132.0,57142.0,57154.0,57163.0,57170.0,57180.0,57189.0,57197.0,57211.0,57221.0,57237.0,57247.0,57259.0,57273.0,57281.0,57289.0,57294.0,57296.0,57302.0,57313.0,57322.0,57328.0,57336.0,57349.0,57355.0,57364.0,57376.0,,,,,,,,,57472.0,57502.0,57533.0,57576.0,57614.0,57673.0,57755.0,57834.0,57918.0,57960.0,57991.0,58017.0,58030.0,58046.0,58075.0,58082.0,58322.0,58479.0,58574.0,58620.0,58650.0,58679.0,58698.0,58724.0,58752.0,58783.0,58800.0,58819.0,58830.0,58838.0,58854.0,58865.0,58879.0,58891.0,58906.0,58923.0,58940.0,58957.0,58969.0,58979.0,58991.0,59000.0,59006.0,59012.0,59017.0,59036.0,59052.0,59070.0,59082
5RlW3iXkonE,,,,,,,,,,,,,,,,,,,,,,,,,,,,,,,,,,,,,,,,,,,,,,,,,,,,,,,,,,,,,212638.0,259779.0,286464.0,308558.0,323785.0,341408.0,360893.0,374048.0,382461.0,392800.0,400965.0,409645.0,417552.0,424128.0,430204.0,435577.0,440612.0,445765.0,451060.0,457612.0,464065.0,513501.0,548901.0,569729.0,582032.0,589828.0,600360.0,608350.0,614671.0,619459.0,623643.0,627211.0,630879.0,632901.0,634352.0,635313.0,635970.0,636576.0,637112.0,637635.0,638250.0,638781.0,639159.0,639561.0,639964.0,640398.0,640756.0,641122.0,641507.0,641790.0,642064.0,642320.0,642579.0,642857.0,643149.0,643439.0,643642.0,643931.0,644118.0,644317.0,644522.0,644759.0,645063.0,645283.0,645468.0,645682.0,645895.0,646128.0,646332.0,646601.0,646763.0,646962.0,647128.0,647267.0,,,,,,,,,648895.0,649094.0,649229.0,649372.0,649511.0,649647.0,649758.0,649905.0,650048.0,650185.0,650308.0,650418.0,650537.0,650647.0,650792.0,650944.0,651063.0,651178.0,651302.0,651414.0,651533.0,651695.0,651813.0,651948.0,652065.0,652200.0,652337.0,652458.0,652590.0,652721.0,652831.0,652956.0,653065.0,653171.0,653286.0,653409.0,653531.0,653681.0,653810.0,653921.0,654021.0,654126.0,654256.0,654349.0,654454.0,654540.0,654657.0,654742.0,654863
nRCTy2N_otk,,,,,,,,,,,,,,,,,,,,,,,,,,,,,,,,,,,,,,,,,,,,,,,,,,,,,,,,,,,,,,29750.0,75326.0,83152.0,85017.0,86542.0,87965.0,90162.0,91018.0,91600.0,91935.0,92146.0,92335.0,92484.0,92585.0,92699.0,92806.0,92903.0,92997.0,93070.0,93158.0,93209.0,93259.0,93312.0,93360.0,93398.0,93431.0,93475.0,93502.0,93525.0,93567.0,93591.0,93614.0,93632.0,93660.0,93682.0,93693.0,93700.0,93717.0,93730.0,93753.0,93773.0,93804.0,93827.0,93846.0,93866.0,93889.0,93903.0,93919.0,93938.0,93954.0,93967.0,93980.0,94002.0,94014.0,94025.0,94038.0,94055.0,94086.0,94103.0,94117.0,94127.0,94149.0,94165.0,94180.0,94189.0,94196.0,94207.0,94220.0,94232.0,94239.0,94247.0,94252.0,94263.0,,,,,,,,,94338.0,94355.0,94364.0,94371.0,94382.0,94389.0,94396.0,94410.0,94418.0,94431.0,94439.0,94447.0,94454.0,94462.0,94473.0,94484.0,94494.0,94501.0,94507.0,94510.0,94522.0,94528.0,94535.0,94546.0,94552.0,94555.0,94565.0,94575.0,94577.0,94587.0,94603.0,94621.0,94630.0,94636.0,94642.0,94652.0,94668.0,94675.0,94681.0,94688.0,94691.0,94698.0,94712.0,94716.0,94718.0,94727.0,94737.0,94747.0,94759
ii7pCbr0dXE,,,,,,,,,,,,,,,,,,,,,,,,,,,,,,,,,,,,,,,,,,,,,,,,,,,,,,,,,,,,,,613.0,646.0,671.0,716.0,729.0,745.0,760.0,768.0,779.0,792.0,802.0,816.0,818.0,831.0,840.0,843.0,851.0,862.0,864.0,891.0,901.0,912.0,922.0,927.0,934.0,941.0,945.0,953.0,958.0,963.0,964.0,967.0,968.0,975.0,979.0,996.0,1004.0,1010.0,1013.0,1025.0,1029.0,1030.0,1034.0,1039.0,1041.0,1044.0,1046.0,1047.0,1048.0,1050.0,1053.0,1055.0,1056.0,1059.0,1059.0,1060.0,1063.0,1066.0,1070.0,1073.0,1076.0,1082.0,1083.0,1088.0,1093.0,1094.0,1094.0,1094.0,1095.0,1098.0,1098.0,1099.0,1100.0,,,,,,,,,1110.0,1114.0,1117.0,1117.0,1119.0,1119.0,1119.0,1120.0,1120.0,1120.0,1123.0,1126.0,1127.0,1127.0,1138.0,1141.0,1143.0,1144.0,1144.0,1145.0,1145.0,1147.0,1151.0,1154.0,1159.0,1166.0,1168.0,1170.0,1174.0,1178.0,1179.0,1180.0,1184.0,1187.0,1194.0,1197.0,1205.0,1208.0,1209.0,1220.0,1224.0,1227.0,1228.0,1230.0,1232.0,1234.0,1234.0,1235.0,1235
YgKq8EyMaTs,,,,,,,,,,,,,,,,,,,,,,,,,,,,,,,,,,,,,,,,,,,,,,,,,,,,,,,,,,,,,,6255.0,6315.0,6374.0,6470.0,6520.0,6555.0,6628.0,6680.0,6744.0,6844.0,6958.0,7024.0,7096.0,7156.0,7231.0,7306.0,7511.0,7829.0,8060.0,8239.0,8444.0,8656.0,8865.0,9100.0,9338.0,9541.0,9655.0,9836.0,10020.0,10240.0,10452.0,10727.0,10908.0,11024.0,11190.0,11331.0,11516.0,11683.0,11900.0,12094.0,12214.0,12417.0,12642.0,12823.0,13023.0,13193.0,13339.0,13475.0,13601.0,13771.0,14000.0,14171.0,14347.0,14545.0,14741.0,14892.0,15098.0,15265.0,15499.0,15663.0,15802.0,15915.0,16045.0,16171.0,16278.0,16380.0,16511.0,16626.0,16735.0,16847.0,16938.0,17029.0,17105.0,,,,,,,,,17832.0,17892.0,17953.0,18021.0,18095.0,18186.0,18242.0,18281.0,18367.0,18460.0,18567.0,18723.0,18900.0,19014.0,19098.0,19194.0,19289.0,19423.0,19545.0,19633.0,19714.0,19757.0,19826.0,19874.0,19943.0,19993.0,20076.0,20131.0,20197.0,20252.0,20329.0,20389.0,20454.0,20545.0,20633.0,20698.0,20748.0,20792.0,20854.0,20921.0,20985.0,21067.0,21127.0,21179.0,21247.0,21317.0,21406.0,21494.0,21583
qnu66n_1xEo,,,,,,,,,,,,,,,,,,,,,,,,,,,,,,,,,,,,,,,,,,,,,,,,,,,,,,,,,,,,,,18764.0,18890.0,18995.0,19061.0,19119.0,19167.0,19215.0,19265.0,19335.0,19397.0,19459.0,19515.0,19551.0,19607.0,19654.0,19717.0,19782.0,19869.0,19927.0,19970.0,20067.0,20167.0,20240.0,20318.0,20404.0,20457.0,20511.0,20580.0,20622.0,20719.0,20797.0,20892.0,20965.0,21022.0,21093.0,21180.0,21270.0,21373.0,21469.0,21529.0,21594.0,21652.0,21735.0,21805.0,21900.0,22006.0,22076.0,22147.0,22255.0,22332.0,22419.0,22496.0,22580.0,22647.0,22719.0,22795.0,22873.0,22962.0,23047.0,23124.0,23192.0,23261.0,23338.0,23411.0,23482.0,23541.0,23599.0,23655.0,23719.0,23774.0,23832.0,23898.0,23980.0,,,,,,,,,24818.0,24886.0,24990.0,25075.0,25143.0,25230.0,25298.0,25340.0,25414.0,25500.0,25616.0,25726.0,25860.0,25990.0,26075.0,26136.0,26220.0,26339.0,26436.0,26523.0,26590.0,26635.0,26682.0,26753.0,26821.0,26882.0,26968.0,27048.0,27102.0,27146.0,27205.0,27279.0,27338.0,27410.0,27488.0,27530.0,27560.0,27621.0,27685.0,27733.0,27783.0,27839.0,27900.0,27934.0,27994.0,28041.0,28103.0,28165.0,28214
-Mm2Js7eTYQ,,,,,,,,,,,,,,,,,,,,,,,,,,,,,,,,,,,,,,,,,,,,,,,,,,,,,,,,,,,,,,12080.0,12090.0,12105.0,12120.0,12136.0,12153.0,12168.0,12178.0,12189.0,12207.0,12217.0,12225.0,12233.0,12247.0,12265.0,12281.0,12292.0,12303.0,12316.0,12333.0,12348.0,12361.0,12380.0,12404.0,12418.0,12429.0,12444.0,12458.0,12469.0,12487.0,12504.0,12532.0,12548.0,12564.0,12582.0,12595.0,12616.0,12630.0,12643.0,12654.0,12662.0,12672.0,12686.0,12690.0,12713.0,12719.0,12738.0,12758.0,12772.0,12786.0,12804.0,12813.0,12830.0,12835.0,12847.0,12862.0,12883.0,12904.0,12927.0,12935.0,12948.0,12959.0,12975.0,12988.0,12998.0,13007.0,13018.0,13025.0,13032.0,13052.0,13066.0,13075.0,13090.0,,,,,,,,,13194.0,13201.0,13210.0,13225.0,13232.0,13246.0,13260.0,13268.0,13279.0,13300.0,13320.0,13340.0,13355.0,13383.0,13400.0,13410.0,13425.0,13441.0,13456.0,13471.0,13481.0,13489.0,13496.0,13506.0,13522.0,13542.0,13555.0,13564.0,13574.0,13579.0,13587.0,13605.0,13616.0,13628.0,13642.0,13650.0,13658.0,13670.0,13677.0,13692.0,13702.0,13718.0,13728.0,13738.0,13757.0,13774.0,13786.0,13797.0,13806
dQ6rza9Zuh0,,,,,,,,,,,,,,,,,,,,,,,,,,,,,,,,,,,,,,,,,,,,,,,,,,,,,,,,,,,,,,23933.0,23992.0,24051.0,24087.0,24113.0,24158.0,24214.0,24254.0,24304.0,24342.0,24391.0,24413.0,24437.0,24480.0,24523.0,24578.0,24614.0,24648.0,24694.0,24733.0,24779.0,24809.0,24839.0,24883.0,24929.0,24957.0,24988.0,25032.0,25073.0,25106.0,25142.0,25170.0,25203.0,25229.0,25284.0,25326.0,25368.0,25414.0,25451.0,25495.0,25527.0,25579.0,25619.0,25654.0,25687.0,25720.0,25759.0,25792.0,25824.0,25859.0,25895.0,25926.0,25966.0,26005.0,26039.0,26077.0,26118.0,26151.0,26191.0,26229.0,26253.0,26280.0,26315.0,26340.0,26360.0,26384.0,26417.0,26439.0,26469.0,26491.0,26513.0,26539.0,26570.0,,,,,,,,,26896.0,26930.0,26967.0,27002.0,27020.0,27051.0,27085.0,27111.0,27137.0,27169.0,27209.0,27258.0,27295.0,27346.0,27385.0,27423.0,27464.0,27508.0,27557.0,27593.0,27622.0,27649.0,27671.0,27705.0,27736.0,27776.0,27813.0,27846.0,27878.0,27903.0,27937.0,27971.0,27997.0,28024.0,28053.0,28075.0,28098.0,28121.0,28145.0,28183.0,28215.0,28256.0,28288.0,28318.0,28349.0,28380.0,28425.0,28455.0,28495
qadt7J5MBF0,,,,,,,,,,,,,,,,,,,,,,,,,,,,,,,,,,,,,,,,,,,,,,,,,,,,,,,,,,,,,,12240.0,12253.0,12271.0,12285.0,12301.0,12317.0,12335.0,12347.0,12363.0,12383.0,12396.0,12412.0,12418.0,12437.0,12490.0,12510.0,12527.0,12543.0,12564.0,12577.0,12598.0,12616.0,12644.0,12665.0,12687.0,12706.0,12714.0,12736.0,12758.0,12782.0,12800.0,12826.0,12855.0,12870.0,12888.0,12924.0,12945.0,12976.0,13006.0,13027.0,13037.0,13053.0,13076.0,13083.0,13116.0,13137.0,13159.0,13172.0,13192.0,13213.0,13235.0,13251.0,13281.0,13304.0,13323.0,13335.0,13355.0,13367.0,13379.0,13395.0,13406.0,13412.0,13428.0,13440.0,13454.0,13470.0,13486.0,13497.0,13506.0,13516.0,13526.0,13540.0,13556.0,,,,,,,,,13704.0,13727.0,13753.0,13783.0,13810.0,13841.0,13862.0,13881.0,13909.0,13928.0,13956.0,13993.0,14018.0,14030.0,14042.0,14063.0,14088.0,14102.0,14118.0,14131.0,14139.0,14153.0,14162.0,14171.0,14187.0,14201.0,14213.0,14226.0,14232.0,14240.0,14252.0,14268.0,14278.0,14293.0,14310.0,14317.0,14325.0,14336.0,14348.0,14369.0,14386.0,14406.0,14416.0,14429.0,14446.0,14462.0,14481.0,14500.0,14518
sXDktEtro5A,,,,,,,,,,,,,,,,,,,,,,,,,,,,,,,,,,,,,,,,,,,,,,,,,,,,,,,,,,,,,,1261.0,2829.0,4067.0,5048.0,5812.0,6483.0,7383.0,8436.0,9327.0,9888.0,10538.0,11300.0,11954.0,12635.0,13262.0,13872.0,14394.0,15044.0,15490.0,15858.0,16244.0,16667.0,17018.0,17396.0,17795.0,18216.0,18508.0,18843.0,19239.0,19633.0,19905.0,20284.0,20531.0,20849.0,21140.0,21412.0,21689.0,21963.0,22322.0,22600.0,22847.0,23149.0,23434.0,23764.0,24080.0,24390.0,24678.0,24928.0,25505.0,26130.0,26538.0,26836.0,27186.0,27529.0,27767.0,28043.0,28287.0,28616.0,28934.0,29243.0,29567.0,29839.0,30103.0,30365.0,30615.0,30859.0,31198.0,31537.0,31819.0,32062.0,32353.0,32624.0,32839.0,,,,,,,,,35253.0,35523.0,35770.0,35993.0,36265.0,36526.0,36820.0,37024.0,37281.0,37493.0,37770.0,38224.0,38720.0,39176.0,39531.0,39879.0,40227.0,40642.0,40953.0,41147.0,41271.0,41388.0,41485.0,41625.0,41738.0,41879.0,42015.0,42135.0,42215.0,42309.0,42421.0,42529.0,42606.0,42686.0,42789.0,42882.0,42943.0,43029.0,43130.0,43239.0,43373.0,43513.0,43619.0,43717.0,43818.0,43932.0,44040.0,44138.0,44252
QlxC0B3hGX8,,,,,,,,,,,,,,,,,,,,,,,,,,,,,,,,,,,,,,,,,,,,,,,,,,,,,,,,,,,,,,1075.0,2198.0,2973.0,3624.0,4128.0,4562.0,4887.0,5103.0,5389.0,5588.0,5744.0,5854.0,5946.0,6062.0,6167.0,6263.0,6358.0,6430.0,6484.0,6557.0,6598.0,6655.0,6712.0,6751.0,6804.0,6849.0,6897.0,6938.0,6980.0,7015.0,7036.0,7060.0,7089.0,7110.0,7140.0,7161.0,7190.0,7206.0,7223.0,7234.0,7258.0,7272.0,7295.0,7319.0,7333.0,7356.0,7377.0,7395.0,7410.0,7441.0,7458.0,7476.0,7491.0,7518.0,7535.0,7555.0,7571.0,7583.0,7593.0,7621.0,7633.0,7650.0,7662.0,7692.0,7710.0,7722.0,7745.0,7766.0,7777.0,7800.0,7812.0,7834.0,7846.0,,,,,,,,,7942.0,7967.0,7976.0,7991.0,8008.0,8014.0,8022.0,8029.0,8035.0,8046.0,8057.0,8068.0,8078.0,8085.0,8092.0,8102.0,8115.0,8124.0,8134.0,8135.0,8143.0,8145.0,8155.0,8161.0,8167.0,8174.0,8183.0,8193.0,8197.0,8198.0,8203.0,8213.0,8220.0,8225.0,8230.0,8234.0,8237.0,8245.0,8251.0,8265.0,8278.0,8290.0,8296.0,8301.0,8314.0,8332.0,8339.0,8343.0,8348
uvGIJUl-N90,,,,,,,,,,,,,,,,,,,,,,,,,,,,,,,,,,,,,,,,,,,,,,,,,,,,,,,,,,,,,,10123.0,11271.0,11993.0,12289.0,12592.0,12736.0,12885.0,13003.0,13144.0,13293.0,13398.0,13497.0,13629.0,13736.0,13812.0,13920.0,14012.0,14162.0,14268.0,14426.0,14563.0,14687.0,14771.0,14857.0,14919.0,15005.0,15066.0,15105.0,15161.0,15209.0,15261.0,15306.0,15363.0,15404.0,15424.0,15450.0,15497.0,15533.0,15571.0,15589.0,15608.0,15628.0,15636.0,15666.0,15680.0,15686.0,15697.0,15714.0,15721.0,15739.0,15755.0,15760.0,15768.0,15776.0,15791.0,15800.0,15808.0,15816.0,15826.0,15845.0,15854.0,15861.0,15866.0,15878.0,15883.0,15888.0,15891.0,15897.0,15898.0,15900.0,15905.0,15905.0,15912.0,,,,,,,,,15922.0,15922.0,15924.0,15926.0,15927.0,15928.0,15930.0,15930.0,15930.0,15931.0,15931.0,15939.0,15938.0,15943.0,15944.0,15951.0,15956.0,15956.0,15955.0,15957.0,15958.0,15960.0,15959.0,15962.0,15964.0,15967.0,15967.0,15970.0,15975.0,15977.0,15977.0,15978.0,15980.0,15982.0,15985.0,15987.0,15988.0,15990.0,15994.0,15995.0,15997.0,15998.0,16001.0,16002.0,16003.0,16004.0,16005.0,16008.0,16008
u5wMLWs6LSs,,,,,,,,,,,,,,,,,,,,,,,,,,,,,,,,,,,,,,,,,,,,,,,,,,,,,,,,,,,,,,,188424.0,2236573.0,3101619.0,4047746.0,4581843.0,4635792.0,5250663.0,6599822.0,7373212.0,7527743.0,7562016.0,7599530.0,7633726.0,7668670.0,7823942.0,8056876.0,8399031.0,8692352.0,8972039.0,9068217.0,9115226.0,9160858.0,9204919.0,9245236.0,9282983.0,9317818.0,9350313.0,9380258.0,9408676.0,9435610.0,9463822.0,9491861.0,9518215.0,9540791.0,9563071.0,9585067.0,9606829.0,9629169.0,9653470.0,9676427.0,9697350.0,9717023.0,9736340.0,9755536.0,9773824.0,9791938.0,9809957.0,9827463.0,9845385.0,9863679.0,9880777.0,9898160.0,9915218.0,9930936.0,9945172.0,9959571.0,9974220.0,9988483.0,10003547.0,10018368.0,10032295.0,10045531.0,10059688.0,10073874.0,10088288.0,10102691.0,10117251.0,10131060.0,10144328.0,10157171.0,10170900.0,10183740.0,,,,,,,,,10303472.0,10317350.0,10330013.0,10342703.0,10355058.0,10367218.0,10380018.0,10395227.0,10412290.0,10426214.0,10440816.0,10456655.0,10475104.0,10495342.0,10515699.0,10534869.0,10551283.0,10566831.0,10581485.0,10595201.0,10609059.0,10623195.0,10637413.0,10651396.0,10665147.0,10678016.0,10691803.0,10706226.0,10721136.0,10735577.0,10748957.0,10761977.0,10774918.0,10787343.0,10799698.0,10812412.0,10825820.0,10837358.0,10848929.0,10860780.0,10872360.0,10884607.0,10897264.0,10909528.0,10921681.0,10933430.0,10945212.0,10957076.0,10969093
bHfhtHpta6g,,,,,,,,,,,,,,,,,,,,,,,,,,,,,,,,,,,,,,,,,,,,,,,,,,,,,,,,,,,,,,,17131.0,22382.0,25432.0,28782.0,31412.0,34124.0,36944.0,40962.0,43729.0,45969.0,48332.0,50417.0,52543.0,54722.0,57072.0,59300.0,61407.0,63392.0,65005.0,66523.0,68194.0,69993.0,71544.0,72983.0,74195.0,75378.0,76571.0,77661.0,79046.0,80226.0,81387.0,82521.0,83624.0,84510.0,85397.0,86500.0,87438.0,88287.0,89148.0,89931.0,90558.0,91209.0,91835.0,92390.0,92957.0,93570.0,94179.0,94730.0,95243.0,95800.0,96281.0,96789.0,97329.0,97731.0,98274.0,98746.0,99385.0,99821.0,100377.0,100867.0,101383.0,101851.0,102323.0,102754.0,103210.0,103682.0,104063.0,104421.0,104755.0,105092.0,105438.0,105800.0,,,,,,,,,109284.0,109572.0,109930.0,110214.0,110514.0,110869.0,111240.0,111547.0,111962.0,112250.0,112596.0,112905.0,113238.0,113582.0,113978.0,114360.0,114653.0,115018.0,115435.0,115741.0,115984.0,116216.0,116490.0,116715.0,117165.0,117444.0,117737.0,118057.0,118271.0,118590.0,118779.0,118992.0,119218.0,119429.0,119642.0,119895.0,120110.0,120350.0,120565.0,120826.0,121035.0,121249.0,121479.0,121716.0,121927.0,122147.0,122420.0,122610.0,122825
CDZV_OYptNQ,,,,,,,,,,,,,,,,,,,,,,,,,,,,,,,,,,,,,,,,,,,,,,,,,,,,,,,,,,,,,,,249443.0,469571.0,695498.0,840313.0,937090.0,1014061.0,1016502.0,1019102.0,1021496.0,1024452.0,1027193.0,1029678.0,1031946.0,1034169.0,1036047.0,1037976.0,1040038.0,1041975.0,1043982.0,1045724.0,1047023.0,1048227.0,1049441.0,1050652.0,1051732.0,1052540.0,1053471.0,1054325.0,1055052.0,1055794.0,1056537.0,1057218.0,1057874.0,1058460.0,1059008.0,1059455.0,1059909.0,1060350.0,1060920.0,1061327.0,1061804.0,1062335.0,1062804.0,1063291.0,1063804.0,1064360.0,1064820.0,1065218.0,1065635.0,1066083.0,1066482.0,1066872.0,1067293.0,1067657.0,1068027.0,1068452.0,1068797.0,1069120.0,1069447.0,1069775.0,1070050.0,1070316.0,1070593.0,1070858.0,1071130.0,1071443.0,1071733.0,1071985.0,1072265.0,1072523.0,1072790.0,1073041.0,,,,,,,,,1075053.0,1075276.0,1075421.0,1075598.0,1075768.0,1075933.0,1076119.0,1076302.0,1076508.0,1076688.0,1076845.0,1077032.0,1077216.0,1077431.0,1077612.0,1077783.0,1077992.0,1078143.0,1078269.0,1078440.0,1078579.0,1078729.0,1078889.0,1079030.0,1079166.0,1079320.0,1079488.0,1079663.0,1079818.0,1079984.0,1080123.0,1080274.0,1080409.0,1080577.0,1080745.0,1080915.0,1081095.0,1081237.0,1081388.0,1081522.0,1081637.0,1081780.0,1081935.0,1082083.0,1082285.0,1082422.0,1082553.0,1082682.0,1082823
b5_mDuDx58M,,,,,,,,,,,,,,,,,,,,,,,,,,,,,,,,,,,,,,,,,,,,,,,,,,,,,,,,,,,,,,,55199.0,55568.0,55829.0,56018.0,56220.0,56467.0,56716.0,57006.0,57268.0,57569.0,57819.0,58055.0,58444.0,58842.0,59170.0,59504.0,59789.0,60015.0,60201.0,60393.0,60569.0,60750.0,60912.0,61074.0,61235.0,61354.0,61524.0,61700.0,61835.0,61995.0,62165.0,62306.0,62460.0,62601.0,62782.0,62950.0,63093.0,63257.0,63415.0,63544.0,63737.0,63888.0,64051.0,64216.0,64446.0,64563.0,64738.0,64909.0,65064.0,65185.0,65328.0,65462.0,65602.0,65732.0,65916.0,66058.0,66233.0,66407.0,66534.0,66661.0,66768.0,66877.0,67015.0,67172.0,67284.0,67466.0,67605.0,67722.0,67836.0,67943.0,68052.0,68196.0,,,,,,,,,69421.0,69551.0,69677.0,69861.0,70017.0,70192.0,70345.0,70475.0,70668.0,70847.0,71050.0,71233.0,71439.0,71652.0,71785.0,71957.0,72128.0,72301.0,72520.0,72667.0,72807.0,72938.0,73077.0,73261.0,73425.0,73564.0,73690.0,73819.0,73927.0,74037.0,74160.0,74286.0,74436.0,74569.0,74678.0,74795.0,74898.0,74986.0,75115.0,75268.0,75387.0,75541.0,75643.0,75733.0,75836.0,75941.0,76036.0,76157.0,76269
ncFqMb_I-g4,,,,,,,,,,,,,,,,,,,,,,,,,,,,,,,,,,,,,,,,,,,,,,,,,,,,,,,,,,,,,,,60602.0,93268.0,120506.0,143140.0,168285.0,197929.0,226872.0,260235.0,281869.0,297066.0,318911.0,341394.0,354938.0,375546.0,395135.0,413718.0,435178.0,457770.0,479183.0,500240.0,520857.0,545464.0,560631.0,581651.0,601001.0,619642.0,639350.0,662536.0,681394.0,699446.0,721658.0,743761.0,762189.0,786267.0,809087.0,829175.0,853566.0,875904.0,897846.0,921504.0,943884.0,964815.0,985069.0,1006798.0,1026706.0,1045677.0,1065345.0,1084220.0,1101983.0,1119336.0,1138041.0,1155283.0,1172130.0,1187622.0,1203948.0,1220496.0,1237301.0,1254221.0,1270358.0,1284632.0,1298917.0,1314751.0,1329209.0,1343893.0,1357155.0,1371485.0,1386335.0,1399418.0,1412549.0,1425633.0,1438458.0,1454975.0,,,,,,,,,1562334.0,1573538.0,1583047.0,1594643.0,1604779.0,1614790.0,1624986.0,1635480.0,1646038.0,1655690.0,1665135.0,1676181.0,1686241.0,1695422.0,1702611.0,1711837.0,1721302.0,1731104.0,1739552.0,1748654.0,1757141.0,1765310.0,1772600.0,1781561.0,1789405.0,1797858.0,1805732.0,1813897.0,1821479.0,1829183.0,1836772.0,1844742.0,1852392.0,1859501.0,1867181.0,1874363.0,1881319.0,1889323.0,1896942.0,1904653.0,1912745.0,1920223.0,1926395.0,1933332.0,1940600.0,1947449.0,1955303.0,1963355.0,1971316
ptxTqR91i8k,,,,,,,,,,,,,,,,,,,,,,,,,,,,,,,,,,,,,,,,,,,,,,,,,,,,,,,,,,,,,,,59.0,210.0,276.0,342.0,406.0,439.0,457.0,480.0,491.0,506.0,525.0,539.0,553.0,569.0,581.0,599.0,614.0,634.0,635.0,640.0,644.0,649.0,653.0,655.0,660.0,664.0,669.0,669.0,670.0,673.0,679.0,681.0,682.0,683.0,691.0,693.0,696.0,702.0,708.0,709.0,710.0,715.0,720.0,725.0,729.0,731.0,735.0,742.0,745.0,755.0,755.0,755.0,760.0,770.0,782.0,817.0,856.0,901.0,944.0,963.0,991.0,996.0,1010.0,1012.0,1023.0,1045.0,1048.0,1052.0,1054.0,1059.0,1081.0,1089.0,,,,,,,,,1242.0,1274.0,1305.0,1320.0,1330.0,1336.0,1339.0,1344.0,1350.0,1353.0,1357.0,1369.0,1386.0,1389.0,1393.0,1394.0,1403.0,1414.0,1417.0,1427.0,1431.0,1440.0,1444.0,1448.0,1451.0,1454.0,1461.0,1463.0,1464.0,1467.0,1473.0,1478.0,1479.0,1481.0,1486.0,1487.0,1491.0,1492.0,1493.0,1496.0,1502.0,1505.0,1508.0,1508.0,1511.0,1512.0,1515.0,1520.0,1524
2RudddUtM-k,,,,,,,,,,,,,,,,,,,,,,,,,,,,,,,,,,,,,,,,,,,,,,,,,,,,,,,,,,,,,,,1955.0,3906.0,5013.0,5760.0,6376.0,16665.0,20219.0,25126.0,21052.0,24357.0,27309.0,29415.0,32344.0,36825.0,40225.0,44407.0,47621.0,51335.0,55854.0,58980.0,64931.0,71777.0,78782.0,84503.0,89776.0,93695.0,98168.0,98279.0,98415.0,98523.0,98642.0,98768.0,98877.0,98971.0,99068.0,99843.0,100582.0,101185.0,100907.0,100635.0,100558.0,100652.0,100756.0,100845.0,100936.0,101028.0,101109.0,101176.0,101225.0,101268.0,101315.0,101359.0,101407.0,101471.0,101518.0,101556.0,101598.0,101651.0,101703.0,101759.0,101801.0,101848.0,101899.0,101938.0,101973.0,102013.0,102059.0,102089.0,102154.0,102209.0,102241.0,102291.0,,,,,,,,,102663.0,102762.0,102783.0,102810.0,102852.0,102881.0,102913.0,102945.0,102990.0,103021.0,103045.0,103079.0,103125.0,103153.0,103197.0,103248.0,103290.0,103332.0,103369.0,103385.0,103415.0,103443.0,103476.0,103518.0,103542.0,103563.0,103587.0,103610.0,103648.0,103669.0,103689.0,103723.0,103756.0,103779.0,103806.0,103826.0,103856.0,103870.0,103903.0,103929.0,103954.0,103979.0,103999.0,104022.0,104039.0,104055.0,104079.0,104102.0,104122
zq5mr3ePY1I,,,,,,,,,,,,,,,,,,,,,,,,,,,,,,,,,,,,,,,,,,,,,,,,,,,,,,,,,,,,,,,,,14736903.0,14760590.0,14782835.0,14812111.0,14851205.0,14892456.0,14922643.0,14950369.0,14975028.0,14996175.0,15016437.0,15036939.0,15055634.0,15071550.0,15088118.0,15103752.0,15118023.0,15131820.0,15145815.0,15159217.0,15172063.0,15184364.0,15195761.0,15205910.0,15215538.0,15225304.0,15235258.0,15244442.0,15253326.0,15261985.0,15270223.0,15278273.0,15286016.0,15293765.0,15301480.0,15309401.0,15317749.0,15325289.0,15332253.0,15339330.0,15346438.0,15353607.0,15360898.0,15368290.0,15375357.0,15381838.0,15388132.0,15394515.0,15400800.0,15407251.0,15413901.0,15419991.0,15425993.0,15431923.0,15437948.0,15443996.0,15449990.0,15456107.0,15461788.0,15467259.0,15472809.0,15478543.0,15484230.0,15490538.0,15496700.0,15502420.0,15507918.0,15513674.0,15520442.0,15526391.0,,,,,,,,,15575671.0,15584390.0,15592186.0,15599418.0,15606469.0,15617141.0,15626329.0,15636063.0,15644884.0,15650233.0,15656343.0,15663790.0,15670933.0,15677473.0,15682672.0,15687902.0,15692594.0,15697294.0,15702133.0,15706412.0,15710636.0,15714731.0,15718911.0,15723606.0,15729928.0,15735315.0,15740309.0,15745474.0,15750220.0,15755324.0,15759662.0,15764056.0,15768432.0,15772648.0,15776671.0,15780454.0,15784022.0,15787620.0,15791433.0,15795434.0,15799188.0,15802926.0,15806665.0,15810118.0,15814099.0,15818401.0,15822446.0,15826368.0,15830261
moBZTmNUkB8,,,,,,,,,,,,,,,,,,,,,,,,,,,,,,,,,,,,,,,,,,,,,,,,,,,,,,,,,,,,,,,,,1667.0,4399.0,5944.0,7914.0,10117.0,13237.0,15682.0,18237.0,19648.0,20829.0,22129.0,23402.0,24321.0,25257.0,26413.0,27721.0,28643.0,29355.0,30143.0,30928.0,31478.0,32124.0,32824.0,33441.0,34138.0,34595.0,35184.0,35488.0,35858.0,36221.0,36523.0,36729.0,37112.0,37420.0,37779.0,38221.0,38719.0,39243.0,39748.0,40255.0,40708.0,41060.0,41373.0,41675.0,41968.0,42174.0,42431.0,42599.0,42739.0,42848.0,42963.0,43094.0,43216.0,43325.0,43423.0,43504.0,43631.0,43725.0,43790.0,43849.0,43907.0,43980.0,44063.0,44150.0,44240.0,44330.0,44386.0,44442.0,44510.0,44560.0,,,,,,,,,45128.0,45194.0,45248.0,45326.0,45414.0,45467.0,45522.0,45603.0,45709.0,45782.0,45824.0,45867.0,45935.0,45993.0,46051.0,46102.0,46146.0,46218.0,46268.0,46309.0,46361.0,46415.0,46470.0,46533.0,46572.0,46619.0,46656.0,46698.0,46730.0,46770.0,46823.0,46854.0,46888.0,46923.0,46976.0,47020.0,47068.0,47095.0,47123.0,47159.0,47196.0,47224.0,47251.0,47293.0,47327.0,47361.0,47393.0,47424.0,47456
eUe2iugtdKw,,,,,,,,,,,,,,,,,,,,,,,,,,,,,,,,,,,,,,,,,,,,,,,,,,,,,,,,,,,,,,,,,1480849.0,2478228.0,3525195.0,4619032.0,5677170.0,6248164.0,6226840.0,6226410.0,6226173.0,6227238.0,6228348.0,6229464.0,6230273.0,6231167.0,6232181.0,6233121.0,6233971.0,6234848.0,6235828.0,6236563.0,6237152.0,6237741.0,6238216.0,6238613.0,6239058.0,6239518.0,6239913.0,6240360.0,6240798.0,6241197.0,6241539.0,6241946.0,6242264.0,6242627.0,6242963.0,6243292.0,6243611.0,6243885.0,6244222.0,6244532.0,6244869.0,6245253.0,6245562.0,6245871.0,6246134.0,6246451.0,6246751.0,6247160.0,6247532.0,6247913.0,6248365.0,6248735.0,6249100.0,6249491.0,6249862.0,6250188.0,6250597.0,6251009.0,6251344.0,6251622.0,6251980.0,6252348.0,6252708.0,6253059.0,6253478.0,6253854.0,6254242.0,6254600.0,6254973.0,6255368.0,,,,,,,,,6258956.0,6259330.0,6259623.0,6259943.0,6260254.0,6260626.0,6260969.0,6261313.0,6261570.0,6261848.0,6262118.0,6262375.0,6262653.0,6262944.0,6263241.0,6263485.0,6263741.0,6263989.0,6264280.0,6264564.0,6264802.0,6265034.0,6265237.0,6265459.0,6265683.0,6265894.0,6266242.0,6266599.0,6266923.0,6267241.0,6267479.0,6267768.0,6268065.0,6268337.0,6268608.0,6268904.0,6269156.0,6269388.0,6269592.0,6269849.0,6270119.0,6270340.0,6270575.0,6270777.0,6271113.0,6271389.0,6271615.0,6271851.0,6272070
NwtIN7SSDiQ,,,,,,,,,,,,,,,,,,,,,,,,,,,,,,,,,,,,,,,,,,,,,,,,,,,,,,,,,,,,,,,,,721.0,2385.0,3841.0,6422.0,9384.0,12059.0,15983.0,20185.0,22703.0,25494.0,27913.0,30462.0,34747.0,36547.0,38033.0,39223.0,41428.0,41737.0,42707.0,43418.0,43730.0,44089.0,44282.0,44667.0,44955.0,45252.0,45425.0,45646.0,45867.0,46045.0,46208.0,46351.0,46498.0,46630.0,46765.0,46901.0,47073.0,47244.0,47377.0,47533.0,47701.0,47803.0,47922.0,48004.0,48115.0,48231.0,48334.0,48433.0,48512.0,48597.0,48710.0,48819.0,48937.0,49090.0,49247.0,49349.0,49478.0,49590.0,49695.0,49807.0,49923.0,50012.0,50106.0,50198.0,50293.0,50408.0,50527.0,50617.0,50741.0,50844.0,,,,,,,,,51850.0,51979.0,52103.0,52227.0,52359.0,52473.0,52580.0,52689.0,52814.0,52946.0,53601.0,54036.0,54344.0,54506.0,54643.0,54763.0,54869.0,54979.0,55092.0,55230.0,55339.0,55463.0,55608.0,55724.0,55833.0,55922.0,56019.0,56140.0,56247.0,56382.0,56492.0,56574.0,56672.0,56773.0,56877.0,56986.0,57115.0,57225.0,57331.0,57420.0,57494.0,57577.0,57677.0,57802.0,57916.0,57993.0,58039.0,58118.0,58174
MTiD_LreuOs,,,,,,,,,,,,,,,,,,,,,,,,,,,,,,,,,,,,,,,,,,,,,,,,,,,,,,,,,,,,,,,,,3191.0,3856.0,4282.0,4612.0,4961.0,5221.0,5319.0,5377.0,5419.0,5447.0,5469.0,5498.0,5535.0,5557.0,5570.0,5588.0,5612.0,5627.0,5635.0,5643.0,5655.0,5669.0,5682.0,5690.0,5697.0,5709.0,5715.0,5725.0,5734.0,5739.0,5746.0,5752.0,5759.0,5765.0,5771.0,5775.0,5779.0,5789.0,5794.0,5798.0,5804.0,5813.0,5817.0,5820.0,5825.0,5829.0,5835.0,5837.0,5842.0,5849.0,5851.0,5854.0,5856.0,5862.0,5865.0,5868.0,5869.0,5871.0,5871.0,5873.0,5875.0,5881.0,5883.0,5884.0,5887.0,5891.0,5895.0,5897.0,5903.0,5908.0,,,,,,,,,5940.0,5943.0,5950.0,5953.0,5954.0,5957.0,5961.0,5965.0,5968.0,5969.0,5972.0,5975.0,5976.0,5979.0,5981.0,5985.0,5989.0,5991.0,5993.0,5995.0,5998.0,6000.0,6002.0,6007.0,6007.0,6011.0,6012.0,6015.0,6017.0,6018.0,6018.0,6020.0,6023.0,6026.0,6033.0,6039.0,6041.0,6042.0,6042.0,6042.0,6042.0,6044.0,6048.0,6048.0,6050.0,6052.0,6052.0,6053.0,6054
_6Zvxj0s7SE,,,,,,,,,,,,,,,,,,,,,,,,,,,,,,,,,,,,,,,,,,,,,,,,,,,,,,,,,,,,,,,,,84956.0,646672.0,802599.0,894579.0,973670.0,1119492.0,1182646.0,1224367.0,1253419.0,1275872.0,1297101.0,1318937.0,1334984.0,1348259.0,1360673.0,1374491.0,1386423.0,1402641.0,1414833.0,1422847.0,1428812.0,1433313.0,1437442.0,1440862.0,1443451.0,1445661.0,1447609.0,1449242.0,1451545.0,1453567.0,1455772.0,1457344.0,1458823.0,1460191.0,1461438.0,1462593.0,1464235.0,1465729.0,1466876.0,1467975.0,1468949.0,1470122.0,1471106.0,1472221.0,1473284.0,1474091.0,1474952.0,1475760.0,1476581.0,1477404.0,1478455.0,1479483.0,1480264.0,1481022.0,1481748.0,1482479.0,1483293.0,1484124.0,1484927.0,1485666.0,1486353.0,1487094.0,1487846.0,1488691.0,1489542.0,1490293.0,1490954.0,1491543.0,1492108.0,1492672.0,,,,,,,,,1497999.0,1498650.0,1499129.0,1499552.0,1500008.0,1500479.0,1500956.0,1501455.0,1502068.0,1502574.0,1503034.0,1503481.0,1503926.0,1504313.0,1504946.0,1505574.0,1505993.0,1506445.0,1506919.0,1507378.0,1507819.0,1508340.0,1508900.0,1509379.0,1509853.0,1510376.0,1510771.0,1511183.0,1511676.0,1512248.0,1512677.0,1513114.0,1513540.0,1513960.0,1514291.0,1514764.0,1515136.0,1515530.0,1516044.0,1516423.0,1516877.0,1517284.0,1517773.0,1518282.0,1518697.0,1519120.0,1519466.0,1519964.0,1520352
63eW5v4X7AY,,,,,,,,,,,,,,,,,,,,,,,,,,,,,,,,,,,,,,,,,,,,,,,,,,,,,,,,,,,,,,,,,73254.0,190165.0,352811.0,510166.0,654430.0,810641.0,966991.0,1124673.0,1238913.0,1320487.0,1405985.0,1490294.0,1573710.0,1664094.0,1754669.0,1838247.0,1916555.0,1995844.0,2081165.0,2163643.0,2242825.0,2330966.0,2419170.0,2498912.0,2576707.0,2650432.0,2732524.0,2809376.0,2884121.0,2959483.0,3038924.0,3111743.0,3179639.0,3244971.0,3317219.0,3391138.0,3473553.0,3552763.0,3619459.0,3685829.0,3752387.0,3818798.0,3882530.0,3939191.0,3994904.0,4053321.0,4112231.0,4174937.0,4232026.0,4286354.0,4347476.0,4406129.0,4461267.0,4516223.0,4571981.0,4628772.0,4683633.0,4738958.0,4793695.0,4845860.0,4911589.0,4974616.0,5030932.0,5085694.0,5141919.0,5192247.0,5242114.0,5291547.0,5336911.0,5387974.0,,,,,,,,,5850525.0,5907197.0,5960545.0,6011452.0,6061181.0,6113934.0,6159644.0,6209195.0,6269013.0,6318138.0,6364551.0,6413624.0,6465079.0,6519848.0,6571160.0,6622353.0,6673140.0,6725885.0,6780825.0,6839379.0,6894849.0,6962286.0,7035240.0,7101634.0,7168841.0,7243275.0,7321803.0,7398776.0,7481159.0,7560935.0,7627873.0,7695180.0,7758747.0,7818368.0,7874945.0,7938012.0,8006508.0,8070840.0,8129321.0,8186135.0,8243157.0,8302089.0,8365954.0,8427842.0,8488464.0,8541825.0,8594924.0,8650654.0,8705303
5g0hr6VKFQE,,,,,,,,,,,,,,,,,,,,,,,,,,,,,,,,,,,,,,,,,,,,,,,,,,,,,,,,,,,,,,,,,1669.0,4183.0,5363.0,6162.0,6765.0,7393.0,7863.0,8163.0,8421.0,8692.0,8958.0,9222.0,9482.0,9725.0,9920.0,10088.0,10221.0,10345.0,10473.0,10606.0,10714.0,10857.0,10968.0,11088.0,11186.0,11314.0,11422.0,11538.0,11675.0,11763.0,11886.0,12007.0,12138.0,12222.0,12288.0,12344.0,12429.0,12507.0,12585.0,12650.0,12715.0,12768.0,12853.0,12926.0,13002.0,13092.0,13177.0,13228.0,13297.0,13353.0,13418.0,13487.0,13536.0,13600.0,13652.0,13689.0,13749.0,13799.0,13838.0,13890.0,13938.0,14008.0,14057.0,14121.0,14173.0,14227.0,14266.0,14304.0,14339.0,14405.0,,,,,,,,,14976.0,15021.0,15068.0,15109.0,15153.0,15190.0,15233.0,15282.0,15330.0,15380.0,15420.0,15446.0,15493.0,15530.0,15582.0,15611.0,15641.0,15678.0,15697.0,15724.0,15749.0,15775.0,15812.0,15843.0,15864.0,15892.0,15926.0,15958.0,15994.0,16034.0,16059.0,16089.0,16132.0,16168.0,16198.0,16221.0,16250.0,16285.0,16314.0,16335.0,16358.0,16388.0,16420.0,16446.0,16474.0,16501.0,16529.0,16543.0,16563
cp0eesd7h_w,,,,,,,,,,,,,,,,,,,,,,,,,,,,,,,,,,,,,,,,,,,,,,,,,,,,,,,,,,,,,,,,,146451.0,165420.0,182391.0,202980.0,218317.0,236491.0,252246.0,266006.0,279291.0,291449.0,305559.0,319037.0,332123.0,345468.0,358974.0,370411.0,380757.0,392423.0,403399.0,414677.0,425347.0,436166.0,445847.0,455111.0,466047.0,476584.0,486534.0,496373.0,505939.0,514027.0,521952.0,531769.0,541516.0,550945.0,560458.0,569303.0,577246.0,585255.0,594731.0,604178.0,613509.0,622841.0,631581.0,640896.0,648870.0,658204.0,667848.0,676976.0,685886.0,694863.0,703758.0,711391.0,720088.0,728997.0,738280.0,747538.0,755095.0,762628.0,769342.0,776920.0,785103.0,793749.0,802110.0,809905.0,817434.0,824492.0,833724.0,842881.0,852520.0,861537.0,,,,,,,,,938178.0,946137.0,954681.0,962565.0,970779.0,979495.0,987322.0,994854.0,1002953.0,1011845.0,1020661.0,1029385.0,1038589.0,1048059.0,1056557.0,1064189.0,1073860.0,1083687.0,1093900.0,1102153.0,1110235.0,1117884.0,1125825.0,1134971.0,1143650.0,1152049.0,1160848.0,1170856.0,1181479.0,1193833.0,1207880.0,1220713.0,1234329.0,1246684.0,1259290.0,1270878.0,1281845.0,1293870.0,1305862.0,1318041.0,1329754.0,1341278.0,1351168.0,1360646.0,1371858.0,1382874.0,1393805.0,1404692.0,1415662
iT4qPQ5g3hE,,,,,,,,,,,,,,,,,,,,,,,,,,,,,,,,,,,,,,,,,,,,,,,,,,,,,,,,,,,,,,,,,1099.0,4423.0,6808.0,13789.0,23187.0,36897.0,50545.0,64199.0,73677.0,78658.0,83231.0,87408.0,91451.0,94144.0,97034.0,99496.0,101563.0,103295.0,105342.0,106921.0,108428.0,110015.0,111597.0,112670.0,114011.0,115238.0,116255.0,117329.0,118303.0,119229.0,119946.0,120885.0,121737.0,122567.0,123383.0,124263.0,124982.0,125670.0,126445.0,127225.0,127822.0,128530.0,129271.0,129743.0,130246.0,130751.0,131227.0,131836.0,132353.0,132918.0,133369.0,133840.0,134366.0,134901.0,135395.0,135944.0,136466.0,136927.0,137338.0,137685.0,138052.0,138385.0,138761.0,139107.0,139508.0,139867.0,140246.0,140630.0,141042.0,141437.0,,,,,,,,,145166.0,145502.0,145842.0,146199.0,146586.0,146977.0,147328.0,147623.0,147981.0,148471.0,148903.0,149418.0,149946.0,150378.0,150777.0,151113.0,151563.0,151928.0,152383.0,152714.0,153082.0,153349.0,153589.0,153878.0,154246.0,154585.0,154931.0,155254.0,155644.0,155905.0,156171.0,156514.0,156820.0,157164.0,157454.0,157728.0,157984.0,158261.0,158604.0,158907.0,159237.0,159556.0,159880.0,160123.0,160436.0,160797.0,161115.0,161503.0,161868
dat5EoFqZyc,,,,,,,,,,,,,,,,,,,,,,,,,,,,,,,,,,,,,,,,,,,,,,,,,,,,,,,,,,,,,,,,,8708.0,10687.0,12007.0,13229.0,14491.0,16788.0,18341.0,19278.0,19822.0,20413.0,21085.0,21707.0,22275.0,22845.0,23375.0,23763.0,24165.0,24480.0,24793.0,25130.0,25467.0,25754.0,26092.0,26335.0,26662.0,26929.0,27206.0,27483.0,27771.0,28063.0,28313.0,28597.0,28855.0,29108.0,29330.0,29529.0,29720.0,29892.0,30134.0,30771.0,31224.0,31779.0,32303.0,32763.0,33249.0,33692.0,34127.0,34588.0,34995.0,35399.0,35916.0,36366.0,36875.0,37465.0,38015.0,38124.0,38243.0,38352.0,38426.0,38525.0,38609.0,38720.0,38823.0,38916.0,39058.0,39137.0,39263.0,39382.0,39509.0,39643.0,,,,,,,,,40678.0,40802.0,40917.0,41015.0,41135.0,41231.0,41324.0,41472.0,41580.0,41722.0,41818.0,41926.0,42047.0,42174.0,42271.0,42383.0,42487.0,42598.0,42714.0,42854.0,42959.0,43036.0,43117.0,43226.0,43342.0,43428.0,43498.0,43588.0,43676.0,43758.0,43848.0,43940.0,44019.0,44081.0,44166.0,44263.0,44321.0,44391.0,44454.0,44523.0,44595.0,44675.0,44741.0,44830.0,44905.0,44977.0,45034.0,45092.0,45161
Nad5gfs-aoE,,,,,,,,,,,,,,,,,,,,,,,,,,,,,,,,,,,,,,,,,,,,,,,,,,,,,,,,,,,,,,,,,377.0,430.0,447.0,461.0,472.0,480.0,490.0,496.0,498.0,502.0,503.0,504.0,506.0,507.0,509.0,513.0,515.0,515.0,515.0,516.0,516.0,517.0,517.0,518.0,518.0,518.0,518.0,519.0,519.0,522.0,524.0,524.0,526.0,527.0,527.0,527.0,527.0,529.0,529.0,530.0,530.0,530.0,530.0,530.0,530.0,531.0,531.0,532.0,533.0,534.0,537.0,537.0,538.0,538.0,537.0,538.0,538.0,538.0,538.0,538.0,538.0,538.0,539.0,539.0,540.0,540.0,541.0,542.0,542.0,542.0,,,,,,,,,546.0,546.0,546.0,547.0,547.0,548.0,548.0,548.0,549.0,550.0,550.0,550.0,550.0,550.0,550.0,551.0,551.0,551.0,551.0,551.0,551.0,551.0,551.0,551.0,551.0,551.0,551.0,551.0,551.0,551.0,552.0,554.0,554.0,554.0,554.0,554.0,554.0,554.0,555.0,555.0,556.0,557.0,558.0,558.0,559.0,559.0,561.0,561.0,563
Tb6dCJrNkjc,,,,,,,,,,,,,,,,,,,,,,,,,,,,,,,,,,,,,,,,,,,,,,,,,,,,,,,,,,,,,,,,,1034.0,1439.0,3635.0,5113.0,6225.0,7317.0,8524.0,9187.0,9643.0,10046.0,10237.0,10460.0,10672.0,10916.0,11113.0,11273.0,11409.0,11564.0,11712.0,11848.0,11948.0,12057.0,12154.0,12249.0,12314.0,12400.0,12456.0,12500.0,12539.0,12590.0,12621.0,12659.0,12693.0,12718.0,12751.0,12778.0,12794.0,12814.0,12839.0,12867.0,12880.0,12897.0,12911.0,12928.0,12934.0,12949.0,12961.0,12976.0,12993.0,13005.0,13021.0,13053.0,13067.0,13080.0,13093.0,13107.0,13119.0,13125.0,13132.0,13141.0,13146.0,13154.0,13163.0,13170.0,13185.0,13189.0,13193.0,13204.0,13214.0,13224.0,,,,,,,,,13317.0,13322.0,13329.0,13340.0,13353.0,13365.0,13368.0,13373.0,13382.0,13392.0,13397.0,13411.0,13419.0,13428.0,13436.0,13444.0,13452.0,13464.0,13472.0,13482.0,13488.0,13509.0,13514.0,13520.0,13525.0,13531.0,13540.0,13546.0,13555.0,13562.0,13568.0,13580.0,13586.0,13604.0,13611.0,13616.0,13623.0,13630.0,13635.0,13640.0,13648.0,13652.0,13658.0,13662.0,13667.0,13673.0,13679.0,13686.0,13689
ggBqyUqawK0,,,,,,,,,,,,,,,,,,,,,,,,,,,,,,,,,,,,,,,,,,,,,,,,,,,,,,,,,,,,,,,,,14284.0,14905.0,15559.0,16065.0,16423.0,16847.0,17142.0,17446.0,17662.0,17866.0,18097.0,18327.0,18558.0,18760.0,18916.0,19061.0,19175.0,19281.0,19383.0,19460.0,19576.0,19675.0,19800.0,19936.0,20072.0,20149.0,20256.0,20357.0,20495.0,20621.0,20717.0,20854.0,20933.0,21014.0,21076.0,21165.0,21257.0,21310.0,21367.0,21442.0,21493.0,21554.0,21597.0,21660.0,21722.0,21774.0,21825.0,21876.0,21923.0,21987.0,22065.0,22146.0,22244.0,22293.0,22354.0,22412.0,22492.0,22550.0,22624.0,22679.0,22738.0,22799.0,22857.0,22901.0,22941.0,22979.0,23020.0,23051.0,23088.0,23131.0,,,,,,,,,23556.0,23585.0,23636.0,23691.0,23732.0,23786.0,23847.0,23887.0,23973.0,24024.0,24062.0,24107.0,24151.0,24203.0,24271.0,24332.0,24380.0,24439.0,24476.0,24531.0,24580.0,24630.0,24661.0,24707.0,24742.0,24772.0,24792.0,24821.0,24846.0,24869.0,24892.0,24917.0,24938.0,24974.0,24989.0,25035.0,25055.0,25090.0,25118.0,25145.0,25175.0,25201.0,25235.0,25264.0,25285.0,25320.0,25351.0,25385.0,25422
Z-IrVhChIqQ,,,,,,,,,,,,,,,,,,,,,,,,,,,,,,,,,,,,,,,,,,,,,,,,,,,,,,,,,,,,,,,,,2610978.0,2618191.0,2624435.0,2630200.0,2635636.0,2642442.0,2648639.0,2654812.0,2661018.0,2666569.0,2672992.0,2679481.0,2686496.0,2694147.0,2701571.0,2708764.0,2715730.0,2722832.0,2729870.0,2736978.0,2743949.0,2750753.0,2757807.0,2764781.0,2771394.0,2777302.0,2782977.0,2788533.0,2794085.0,2799444.0,2804635.0,2810070.0,2815833.0,2821368.0,2827590.0,2833019.0,2838316.0,2843675.0,2849058.0,2854300.0,2859735.0,2865093.0,2870089.0,2874873.0,2880012.0,2885196.0,2890286.0,2895191.0,2899823.0,2904589.0,2909817.0,2914933.0,2919632.0,2924629.0,2930001.0,2935667.0,2941062.0,2946349.0,2951354.0,2956305.0,2961482.0,2966503.0,2971486.0,2976795.0,2981268.0,2986102.0,2991219.0,2996533.0,3002029.0,3006759.0,,,,,,,,,3051513.0,3055726.0,3059995.0,3064426.0,3068798.0,3072986.0,3076886.0,3081057.0,3085409.0,3089661.0,3093888.0,3098127.0,3103197.0,3107826.0,3112913.0,3117232.0,3121604.0,3126257.0,3131348.0,3135482.0,3139392.0,3143452.0,3147878.0,3152310.0,3156907.0,3161511.0,3166109.0,3171082.0,3175640.0,3179795.0,3184457.0,3189242.0,3194172.0,3198718.0,3203422.0,3208091.0,3212937.0,3218396.0,3224369.0,3230331.0,3235688.0,3241629.0,3247163.0,3252339.0,3257508.0,3262793.0,3267893.0,3273343.0,3278587
pngXLNuXBm4,,,,,,,,,,,,,,,,,,,,,,,,,,,,,,,,,,,,,,,,,,,,,,,,,,,,,,,,,,,,,,,,,,24504.0,25789.0,27611.0,29318.0,30470.0,30879.0,31135.0,31315.0,31441.0,31534.0,31618.0,31696.0,31753.0,31806.0,31876.0,31923.0,31964.0,31994.0,32026.0,32060.0,32084.0,32111.0,32137.0,32161.0,32183.0,32191.0,32217.0,32237.0,32260.0,32276.0,32291.0,32321.0,32342.0,32366.0,32385.0,32404.0,32417.0,32432.0,32442.0,32459.0,32472.0,32481.0,32488.0,32495.0,32511.0,32526.0,32538.0,32544.0,32553.0,32561.0,32570.0,32577.0,32589.0,32596.0,32611.0,32627.0,32647.0,32660.0,32665.0,32675.0,32680.0,32688.0,32698.0,32706.0,32719.0,32727.0,32735.0,32744.0,32752.0,,,,,,,,,32800.0,32806.0,32812.0,32819.0,32825.0,32827.0,32829.0,32838.0,32846.0,32854.0,32860.0,32862.0,32867.0,32870.0,32878.0,32882.0,32885.0,32889.0,32898.0,32902.0,32912.0,32909.0,32910.0,32914.0,32924.0,32929.0,32926.0,32927.0,32929.0,32932.0,32932.0,32940.0,32944.0,32949.0,32953.0,32959.0,32961.0,32965.0,32967.0,32969.0,32972.0,32973.0,32975.0,32986.0,32993.0,32995.0,32995.0,32998.0,33004
wAWGWlwHi3s,,,,,,,,,,,,,,,,,,,,,,,,,,,,,,,,,,,,,,,,,,,,,,,,,,,,,,,,,,,,,,,,,,1193.0,1424.0,1547.0,1656.0,1780.0,1874.0,1952.0,1998.0,2047.0,2099.0,2173.0,2280.0,2398.0,2486.0,2526.0,2559.0,2580.0,2604.0,2619.0,2638.0,2654.0,2693.0,2718.0,2754.0,2787.0,2818.0,2838.0,2875.0,2905.0,2924.0,2958.0,2970.0,2991.0,3011.0,3033.0,3054.0,3075.0,3096.0,3112.0,3135.0,3156.0,3173.0,3182.0,3194.0,3206.0,3221.0,3233.0,3243.0,3252.0,3264.0,3270.0,3275.0,3279.0,3285.0,3290.0,3301.0,3305.0,3316.0,3329.0,3336.0,3348.0,3359.0,3364.0,3369.0,3376.0,3379.0,3388.0,3392.0,3396.0,,,,,,,,,3444.0,3451.0,3459.0,3467.0,3485.0,3494.0,3511.0,3523.0,3532.0,3538.0,3548.0,3556.0,3567.0,3572.0,3582.0,3591.0,3599.0,3601.0,3606.0,3610.0,3615.0,3620.0,3625.0,3629.0,3632.0,3633.0,3637.0,3638.0,3638.0,3645.0,3646.0,3655.0,3663.0,3665.0,3666.0,3671.0,3673.0,3676.0,3676.0,3681.0,3689.0,3695.0,3700.0,3703.0,3707.0,3712.0,3713.0,3722.0,3734
__lPoBFinTo,,,,,,,,,,,,,,,,,,,,,,,,,,,,,,,,,,,,,,,,,,,,,,,,,,,,,,,,,,,,,,,,,,561.0,580.0,588.0,594.0,598.0,601.0,606.0,611.0,616.0,630.0,640.0,649.0,650.0,661.0,665.0,667.0,668.0,672.0,681.0,692.0,700.0,708.0,710.0,714.0,719.0,722.0,731.0,736.0,742.0,752.0,759.0,772.0,787.0,798.0,808.0,812.0,822.0,834.0,843.0,853.0,862.0,868.0,883.0,889.0,895.0,908.0,939.0,978.0,1000.0,1023.0,1061.0,1085.0,1127.0,1160.0,1185.0,1215.0,1238.0,1249.0,1266.0,1277.0,1291.0,1303.0,1317.0,1337.0,1347.0,1361.0,1382.0,1404.0,1429.0,,,,,,,,,1590.0,1603.0,1611.0,1626.0,1638.0,1662.0,1683.0,1703.0,1731.0,1751.0,1782.0,1805.0,1841.0,1890.0,1914.0,1933.0,1949.0,1965.0,1976.0,1990.0,2001.0,2008.0,2019.0,2028.0,2037.0,2050.0,2063.0,2067.0,2077.0,2086.0,2098.0,2110.0,2124.0,2134.0,2147.0,2157.0,2163.0,2172.0,2181.0,2197.0,2207.0,2216.0,2225.0,2240.0,2249.0,2266.0,2286.0,2301.0,2312
eLPjnO8TW_M,,,,,,,,,,,,,,,,,,,,,,,,,,,,,,,,,,,,,,,,,,,,,,,,,,,,,,,,,,,,,,,,,,133593.0,164608.0,184097.0,213130.0,220461.0,222985.0,224169.0,225305.0,226133.0,226866.0,227426.0,227869.0,228276.0,228682.0,229019.0,229405.0,229876.0,230346.0,230626.0,230879.0,231146.0,231873.0,232232.0,232656.0,232933.0,233141.0,233308.0,233494.0,233675.0,233965.0,234162.0,234297.0,234413.0,234539.0,234695.0,234857.0,235025.0,235166.0,235270.0,235361.0,235477.0,235665.0,235782.0,235920.0,236046.0,236264.0,236387.0,236516.0,236606.0,236711.0,236825.0,236918.0,236979.0,237059.0,237129.0,237202.0,237281.0,237366.0,237431.0,237486.0,237547.0,237624.0,237719.0,237793.0,237879.0,237973.0,238049.0,238107.0,238178.0,,,,,,,,,238773.0,238860.0,238939.0,238990.0,239040.0,239091.0,239143.0,239182.0,239237.0,239283.0,239330.0,239361.0,239416.0,239468.0,239530.0,239581.0,239623.0,239673.0,239717.0,239766.0,239804.0,239845.0,239914.0,239947.0,239991.0,240032.0,240063.0,240106.0,240160.0,240229.0,240262.0,240304.0,240347.0,240383.0,240431.0,240490.0,240548.0,240596.0,240637.0,240676.0,240709.0,240741.0,240786.0,240858.0,240910.0,240951.0,240997.0,241037.0,241070
busYXvdzAfw,,,,,,,,,,,,,,,,,,,,,,,,,,,,,,,,,,,,,,,,,,,,,,,,,,,,,,,,,,,,,,,,,,199.0,292.0,536.0,759.0,912.0,1110.0,1282.0,1418.0,1441.0,1480.0,1567.0,1678.0,1790.0,1970.0,2204.0,2387.0,2537.0,2680.0,2809.0,2962.0,3102.0,3251.0,3368.0,3494.0,3648.0,3792.0,3930.0,4113.0,4191.0,4266.0,4368.0,4442.0,4520.0,4633.0,4728.0,4789.0,4837.0,4879.0,4928.0,4986.0,5050.0,5100.0,5158.0,5225.0,5266.0,5304.0,5368.0,5420.0,5480.0,5549.0,5590.0,5649.0,5718.0,5763.0,5818.0,5870.0,5931.0,5972.0,6007.0,6042.0,6069.0,6097.0,6137.0,6167.0,6194.0,6216.0,6228.0,6248.0,6279.0,,,,,,,,,6644.0,6685.0,6729.0,6806.0,6867.0,6966.0,7025.0,7086.0,7175.0,7236.0,7271.0,7300.0,7328.0,7361.0,7391.0,7409.0,7426.0,7433.0,7449.0,7460.0,7471.0,7477.0,7489.0,7494.0,7505.0,7511.0,7514.0,7524.0,7528.0,7532.0,7539.0,7546.0,7553.0,7563.0,7574.0,7585.0,7593.0,7604.0,7615.0,7623.0,7634.0,7649.0,7660.0,7668.0,7675.0,7690.0,7701.0,7709.0,7726
ynoqiBKBhBc,,,,,,,,,,,,,,,,,,,,,,,,,,,,,,,,,,,,,,,,,,,,,,,,,,,,,,,,,,,,,,,,,,,19080.0,29460.0,33676.0,36894.0,38976.0,41414.0,43489.0,44756.0,45255.0,45806.0,46330.0,46854.0,47406.0,47836.0,48265.0,48565.0,48933.0,49266.0,49629.0,49901.0,50139.0,50299.0,50482.0,50652.0,50880.0,51113.0,51268.0,51447.0,51655.0,51835.0,52056.0,52246.0,52417.0,52579.0,52760.0,52927.0,53022.0,53160.0,53238.0,53308.0,53330.0,53409.0,53488.0,53566.0,53648.0,53751.0,53841.0,53883.0,53986.0,54040.0,54080.0,54115.0,54169.0,54248.0,54364.0,54373.0,54425.0,54459.0,54542.0,54587.0,54655.0,54754.0,54879.0,54990.0,55073.0,55138.0,55209.0,55262.0,,,,,,,,,55707.0,55768.0,55841.0,55942.0,56013.0,56100.0,56158.0,56211.0,56287.0,56358.0,56421.0,56503.0,56653.0,56767.0,56844.0,57017.0,57125.0,57232.0,58069.0,58531.0,58737.0,58898.0,59043.0,59126.0,59232.0,59313.0,59394.0,59454.0,59522.0,59560.0,59620.0,59665.0,59708.0,59747.0,59777.0,59832.0,59908.0,59929.0,59955.0,59979.0,60037.0,60127.0,60225.0,60302.0,60423.0,60494.0,60584.0,60690.0,60730
tztQWolzG04,,,,,,,,,,,,,,,,,,,,,,,,,,,,,,,,,,,,,,,,,,,,,,,,,,,,,,,,,,,,,,,,,,,44781.0,72300.0,95913.0,118149.0,138490.0,158303.0,177047.0,188435.0,199593.0,210047.0,221884.0,232459.0,241048.0,249417.0,257154.0,265265.0,273141.0,280452.0,287340.0,294816.0,302303.0,309203.0,318047.0,326570.0,335733.0,344531.0,353906.0,361997.0,369388.0,377759.0,385519.0,392743.0,399596.0,407464.0,415411.0,421015.0,428197.0,434520.0,440386.0,446694.0,453034.0,458268.0,463288.0,468981.0,474712.0,479925.0,485394.0,491409.0,497162.0,501908.0,507461.0,512984.0,518877.0,524832.0,529800.0,534707.0,539083.0,543259.0,548541.0,554012.0,559395.0,564786.0,569387.0,573475.0,578359.0,583195.0,588188.0,592953.0,,,,,,,,,636898.0,640985.0,645330.0,649493.0,654071.0,659088.0,663778.0,668421.0,672824.0,678047.0,683649.0,689258.0,695134.0,700949.0,705939.0,710615.0,716212.0,722487.0,728445.0,733218.0,737944.0,742623.0,747162.0,752378.0,758945.0,765707.0,771710.0,777924.0,783252.0,788255.0,793958.0,799330.0,805020.0,810789.0,817721.0,824319.0,830831.0,837262.0,843648.0,849309.0,854179.0,859058.0,863246.0,867196.0,871485.0,875801.0,879919.0,884040.0,888560
WXS-o57VJ5w,,,,,,,,,,,,,,,,,,,,,,,,,,,,,,,,,,,,,,,,,,,,,,,,,,,,,,,,,,,,,,,,,,,139681.0,2736311.0,3412418.0,3833450.0,4137435.0,4423058.0,4745261.0,5055931.0,5390412.0,5674004.0,5923774.0,6141561.0,6349959.0,6566648.0,6797993.0,7039890.0,7269549.0,7495716.0,7717778.0,7954542.0,8195892.0,8418985.0,8639302.0,8865956.0,9096585.0,9329882.0,9564936.0,9800409.0,10042077.0,10293691.0,10520269.0,10749185.0,10996857.0,11247627.0,11517220.0,11808179.0,12076406.0,12334025.0,12589333.0,12842670.0,13094791.0,13375923.0,13660910.0,13920239.0,14173590.0,14437797.0,14701893.0,14968667.0,15251964.0,15524615.0,15781999.0,16033299.0,16287281.0,16537890.0,16802890.0,17082919.0,17359769.0,17614459.0,17858580.0,18097754.0,18337288.0,18592351.0,18865621.0,19138378.0,19376959.0,19616593.0,19852490.0,20094998.0,,,,,,,,,22262723.0,22535319.0,22778291.0,23010343.0,23249204.0,23494562.0,23728265.0,23974340.0,24242196.0,24478435.0,24710221.0,24935555.0,25176563.0,25414269.0,25667850.0,25918844.0,26138756.0,26352710.0,26566534.0,26775697.0,26974260.0,27197932.0,27420717.0,27612894.0,27804510.0,27992241.0,28193287.0,28402755.0,28628608.0,28863921.0,29068659.0,29275704.0,29487719.0,29695309.0,29902505.0,30147329.0,30425110.0,30680820.0,30952254.0,31220425.0,31480054.0,31742956.0,32039764.0,32344873.0,32629678.0,32909510.0,33190375.0,33471557.0,33755600
2BAXPAkLl88,,,,,,,,,,,,,,,,,,,,,,,,,,,,,,,,,,,,,,,,,,,,,,,,,,,,,,,,,,,,,,,,,,,,131055.0,203516.0,277495.0,334970.0,380324.0,432860.0,481260.0,525255.0,563448.0,601403.0,642586.0,680189.0,717293.0,750257.0,784616.0,818856.0,854190.0,890006.0,928501.0,964963.0,1000833.0,1040257.0,1075150.0,1110165.0,1143209.0,1176435.0,1208018.0,1238662.0,1267398.0,1296040.0,1323690.0,1351595.0,1378405.0,1407081.0,1434840.0,1463112.0,1488757.0,1514770.0,1539076.0,1561157.0,1583292.0,1604628.0,1624834.0,1645809.0,1666069.0,1685637.0,1704729.0,1724047.0,1742014.0,1760166.0,1777896.0,1795483.0,1812952.0,1829842.0,1847960.0,1864982.0,1880536.0,1895899.0,1911391.0,1926566.0,1944057.0,1961783.0,1978507.0,1996193.0,2015460.0,2035095.0,2052092.0,,,,,,,,,2184083.0,2197655.0,2211614.0,2225652.0,2239196.0,2251687.0,2264206.0,2276772.0,2290166.0,2302260.0,2313904.0,2326661.0,2341499.0,2356635.0,2371909.0,2386888.0,2398826.0,2410090.0,2421072.0,2433706.0,2448139.0,2462246.0,2476115.0,2490300.0,2504942.0,2518861.0,2532218.0,2545530.0,2557860.0,2570942.0,2585105.0,2601756.0,2619010.0,2635182.0,2650623.0,2666741.0,2680761.0,2696050.0,2710829.0,2724374.0,2737479.0,2750140.0,2762576.0,2774627.0,2786943.0,2799477.0,2812057.0,2824679.0,2837233
VKw4L8Z0SUI,,,,,,,,,,,,,,,,,,,,,,,,,,,,,,,,,,,,,,,,,,,,,,,,,,,,,,,,,,,,,,,,,,,,2221.0,7883.0,12861.0,17176.0,20291.0,22726.0,24768.0,26852.0,28773.0,30624.0,32414.0,34200.0,35807.0,37116.0,38455.0,39610.0,40732.0,42039.0,43300.0,44488.0,45692.0,46866.0,48177.0,49455.0,50739.0,52117.0,53430.0,54658.0,55913.0,57178.0,58445.0,59590.0,60835.0,61954.0,63095.0,64143.0,65212.0,66277.0,67382.0,68446.0,69365.0,70228.0,71086.0,71975.0,72834.0,73677.0,74492.0,75355.0,76037.0,76878.0,77564.0,78293.0,79041.0,79852.0,80522.0,81147.0,81813.0,82365.0,82844.0,83357.0,83850.0,84295.0,84737.0,85147.0,85495.0,85879.0,86263.0,,,,,,,,,89391.0,89764.0,90090.0,90436.0,90702.0,91011.0,91308.0,91563.0,91889.0,92155.0,92463.0,92763.0,93072.0,93383.0,93662.0,93929.0,94199.0,94445.0,94655.0,94932.0,95135.0,95336.0,95556.0,95773.0,96006.0,96238.0,96502.0,96768.0,97029.0,97271.0,97528.0,97818.0,98163.0,98490.0,98772.0,99030.0,99276.0,99573.0,99876.0,100236.0,100526.0,100791.0,101041.0,101499.0,102167.0,102698.0,103178.0,103684.0,104216
KVoYIOffenk,,,,,,,,,,,,,,,,,,,,,,,,,,,,,,,,,,,,,,,,,,,,,,,,,,,,,,,,,,,,,,,,,,,,477.0,6181.0,8869.0,9713.0,9974.0,10286.0,10551.0,10754.0,10901.0,11024.0,11170.0,11259.0,11331.0,11406.0,11494.0,11552.0,11616.0,11672.0,11721.0,11789.0,11822.0,11858.0,11898.0,11926.0,11974.0,12009.0,12034.0,12070.0,12112.0,12138.0,12174.0,12225.0,12268.0,12304.0,12330.0,12381.0,12412.0,12395.0,12413.0,12448.0,12452.0,12465.0,12481.0,12502.0,12517.0,12531.0,12552.0,12562.0,12569.0,12583.0,12590.0,12602.0,12611.0,12622.0,12633.0,12651.0,12662.0,12669.0,12675.0,12680.0,12688.0,12696.0,12707.0,12717.0,12728.0,12740.0,12747.0,,,,,,,,,12808.0,12819.0,12826.0,12829.0,12831.0,12836.0,12839.0,12842.0,12852.0,12854.0,12856.0,12859.0,12862.0,12865.0,12865.0,12870.0,12875.0,12878.0,12884.0,12888.0,12891.0,12897.0,12900.0,12901.0,12905.0,12905.0,12906.0,12908.0,12909.0,12912.0,12914.0,12917.0,12918.0,12918.0,12920.0,12922.0,12931.0,12933.0,12936.0,12940.0,12945.0,12945.0,12950.0,12953.0,12956.0,12957.0,12962.0,12966.0,12970
Pl88TpRRWkI,,,,,,,,,,,,,,,,,,,,,,,,,,,,,,,,,,,,,,,,,,,,,,,,,,,,,,,,,,,,,,,,,,,,79438.0,102480.0,117920.0,127149.0,134669.0,141825.0,147893.0,153121.0,157025.0,160603.0,163992.0,167058.0,170365.0,173542.0,176215.0,178582.0,180662.0,182245.0,184091.0,185665.0,187099.0,188350.0,189479.0,190642.0,191696.0,193117.0,194379.0,195572.0,196551.0,197469.0,198203.0,199062.0,199889.0,200754.0,201488.0,202044.0,202726.0,203292.0,203974.0,204640.0,205310.0,205928.0,206470.0,207148.0,207725.0,208330.0,208903.0,209484.0,209992.0,210339.0,210854.0,211300.0,211799.0,212332.0,212834.0,213244.0,213646.0,213969.0,214426.0,214742.0,215129.0,215628.0,216117.0,216524.0,216976.0,217355.0,217695.0,,,,,,,,,221496.0,221699.0,222013.0,222459.0,222767.0,223136.0,223585.0,223967.0,224410.0,224852.0,225237.0,225705.0,226232.0,226663.0,226889.0,227316.0,227670.0,228138.0,228462.0,228785.0,229048.0,229363.0,229634.0,229892.0,230207.0,230509.0,230865.0,231137.0,231479.0,231836.0,232141.0,232443.0,232776.0,233131.0,233438.0,233719.0,233978.0,234222.0,234491.0,234730.0,234984.0,235252.0,235510.0,235804.0,235991.0,236234.0,236495.0,236797.0,237033
ZWM6YDl77QA,,,,,,,,,,,,,,,,,,,,,,,,,,,,,,,,,,,,,,,,,,,,,,,,,,,,,,,,,,,,,,,,,,,,38756.0,64044.0,136000.0,150863.0,168968.0,185038.0,189593.0,193935.0,210003.0,316481.0,447364.0,449950.0,452319.0,446925.0,448845.0,450736.0,452583.0,454156.0,455767.0,457214.0,458458.0,459705.0,460938.0,461961.0,463044.0,464114.0,465204.0,466240.0,467181.0,468053.0,469039.0,470041.0,470962.0,471877.0,472757.0,473535.0,474347.0,475320.0,476195.0,477025.0,477813.0,478621.0,479323.0,480010.0,480652.0,481321.0,481996.0,482714.0,483397.0,484022.0,484616.0,485174.0,485762.0,486347.0,486908.0,487422.0,487844.0,488369.0,488773.0,489264.0,489756.0,490577.0,494231.0,500376.0,505697.0,510134.0,513421.0,,,,,,,,,,,,,,,,,,,,,,,,,,,,,,,,,,,,,,,,,,,,,,,,,,,,,,,,,
G1nEmpviph0,,,,,,,,,,,,,,,,,,,,,,,,,,,,,,,,,,,,,,,,,,,,,,,,,,,,,,,,,,,,,,,,,,,,3912.0,4163.0,4427.0,4696.0,4924.0,5109.0,5277.0,5416.0,5542.0,5693.0,5831.0,5963.0,6088.0,6231.0,6341.0,6432.0,6522.0,6617.0,6703.0,6828.0,6923.0,7034.0,7129.0,7216.0,7295.0,7378.0,7478.0,7549.0,7644.0,7726.0,7797.0,7887.0,7956.0,8022.0,8101.0,8167.0,8210.0,8257.0,8304.0,8355.0,8406.0,8467.0,8523.0,8570.0,8619.0,8662.0,8733.0,8795.0,8864.0,8913.0,8955.0,8993.0,9036.0,9090.0,9136.0,9184.0,9247.0,9290.0,9342.0,9392.0,9440.0,9494.0,9554.0,9590.0,9629.0,9678.0,9708.0,,,,,,,,,10074.0,10143.0,10186.0,10221.0,10265.0,10299.0,10337.0,10386.0,10425.0,10479.0,10529.0,10559.0,10625.0,10716.0,10805.0,10852.0,10917.0,10962.0,11001.0,11043.0,11080.0,11128.0,11187.0,11219.0,11253.0,11296.0,11329.0,11368.0,11407.0,11462.0,11507.0,11546.0,11595.0,11626.0,11654.0,11691.0,11722.0,11746.0,11775.0,11813.0,11847.0,11863.0,11888.0,11927.0,11959.0,11981.0,11996.0,12023.0,12040
rcj_g0g78RA,,,,,,,,,,,,,,,,,,,,,,,,,,,,,,,,,,,,,,,,,,,,,,,,,,,,,,,,,,,,,,,,,,,,,96.0,273.0,314.0,330.0,339.0,354.0,388.0,413.0,428.0,436.0,437.0,438.0,444.0,445.0,446.0,447.0,450.0,455.0,458.0,460.0,463.0,464.0,466.0,469.0,470.0,470.0,474.0,481.0,483.0,483.0,483.0,483.0,483.0,484.0,484.0,485.0,487.0,487.0,488.0,488.0,489.0,491.0,494.0,496.0,500.0,501.0,507.0,511.0,518.0,519.0,519.0,530.0,530.0,533.0,533.0,540.0,543.0,543.0,543.0,545.0,545.0,546.0,548.0,548.0,550.0,552.0,,,,,,,,,558.0,559.0,559.0,559.0,559.0,560.0,560.0,560.0,560.0,563.0,563.0,564.0,564.0,565.0,569.0,569.0,570.0,570.0,571.0,571.0,571.0,574.0,574.0,576.0,582.0,582.0,582.0,582.0,586.0,588.0,590.0,590.0,592.0,592.0,593.0,593.0,596.0,597.0,597.0,598.0,598.0,598.0,600.0,602.0,608.0,611.0,611.0,614.0,618
HRPRapEiJmo,,,,,,,,,,,,,,,,,,,,,,,,,,,,,,,,,,,,,,,,,,,,,,,,,,,,,,,,,,,,,,,,,,,,,185198.0,187887.0,190062.0,192078.0,194144.0,195971.0,198056.0,200105.0,202080.0,204225.0,206227.0,208317.0,210389.0,212507.0,215007.0,217400.0,219706.0,221989.0,224310.0,226232.0,228437.0,230464.0,232468.0,234496.0,236447.0,238568.0,240343.0,242362.0,244375.0,246544.0,248681.0,250654.0,252664.0,254387.0,256238.0,258112.0,259957.0,261847.0,263806.0,265658.0,267294.0,269065.0,270843.0,272407.0,274129.0,275813.0,277365.0,278833.0,280242.0,281956.0,283486.0,285039.0,286536.0,287802.0,289219.0,290552.0,291989.0,293353.0,294809.0,296469.0,297834.0,299115.0,300355.0,301802.0,303104.0,304462.0,,,,,,,,,316219.0,317360.0,318569.0,319750.0,320794.0,322049.0,323091.0,324140.0,325163.0,326303.0,327327.0,328417.0,329851.0,331031.0,332273.0,333289.0,334427.0,335571.0,336693.0,337871.0,338917.0,339977.0,340848.0,341764.0,342702.0,343615.0,344559.0,345531.0,346332.0,347149.0,347975.0,348782.0,349637.0,350453.0,351325.0,352140.0,352953.0,353685.0,354464.0,355338.0,356232.0,357110.0,357924.0,358637.0,359369.0,360170.0,360909.0,361658.0,362388
hRgz0d_mpC4,,,,,,,,,,,,,,,,,,,,,,,,,,,,,,,,,,,,,,,,,,,,,,,,,,,,,,,,,,,,,,,,,,,,,540.0,1056.0,1253.0,1375.0,1437.0,1487.0,1572.0,1618.0,1652.0,1673.0,1714.0,1742.0,1765.0,1782.0,1802.0,1819.0,1834.0,1847.0,1856.0,1869.0,1881.0,1889.0,1895.0,1903.0,1907.0,1909.0,1913.0,1918.0,1932.0,1935.0,1939.0,1949.0,1956.0,1959.0,1961.0,1966.0,1971.0,1974.0,1980.0,1987.0,1989.0,1994.0,1998.0,2005.0,2009.0,2019.0,2024.0,2028.0,2036.0,2042.0,2050.0,2054.0,2063.0,2068.0,2074.0,2081.0,2086.0,2092.0,2093.0,2095.0,2100.0,2104.0,2105.0,2106.0,2111.0,2117.0,,,,,,,,,2148.0,2156.0,2158.0,2167.0,2168.0,2171.0,2176.0,2178.0,2182.0,2184.0,2193.0,2204.0,2210.0,2215.0,2262.0,2301.0,2322.0,2324.0,2325.0,2327.0,2336.0,2338.0,2339.0,2341.0,2343.0,2346.0,2350.0,2353.0,2355.0,2359.0,2362.0,2366.0,2368.0,2370.0,2373.0,2379.0,2380.0,2382.0,2384.0,2385.0,2386.0,2387.0,2388.0,2389.0,2392.0,2395.0,2399.0,2404.0,2407
U2558gJwxrk,,,,,,,,,,,,,,,,,,,,,,,,,,,,,,,,,,,,,,,,,,,,,,,,,,,,,,,,,,,,,,,,,,,,,922.0,1309.0,2726.0,10555.0,32374.0,45004.0,56780.0,65081.0,70642.0,75830.0,83131.0,87216.0,89293.0,91453.0,92765.0,94015.0,95270.0,96255.0,97056.0,97676.0,98236.0,98835.0,99442.0,100014.0,100590.0,101093.0,101511.0,101983.0,102468.0,102949.0,103401.0,103826.0,104233.0,104562.0,104947.0,105376.0,105846.0,106272.0,106716.0,107133.0,107474.0,107881.0,108225.0,108550.0,108906.0,109267.0,109578.0,109834.0,110213.0,110542.0,110847.0,111238.0,111562.0,111864.0,112071.0,112289.0,112531.0,112762.0,112974.0,113249.0,113413.0,113648.0,113825.0,114018.0,114269.0,114469.0,,,,,,,,,117020.0,117301.0,117596.0,117926.0,118218.0,118603.0,118920.0,119151.0,119438.0,119679.0,119956.0,120215.0,120486.0,120786.0,121088.0,121299.0,121522.0,121773.0,121977.0,122144.0,122328.0,122515.0,122694.0,122889.0,123083.0,123272.0,123502.0,123695.0,123894.0,124060.0,124271.0,124520.0,124735.0,124967.0,125215.0,125422.0,125561.0,125754.0,125966.0,126145.0,126376.0,126595.0,126776.0,126944.0,127148.0,127412.0,127631.0,127908.0,128176
WMIaOhC_Jyk,,,,,,,,,,,,,,,,,,,,,,,,,,,,,,,,,,,,,,,,,,,,,,,,,,,,,,,,,,,,,,,,,,,,,,83960.0,85376.0,86528.0,87556.0,88548.0,89963.0,90834.0,91349.0,91757.0,92034.0,92203.0,92333.0,92468.0,92576.0,92650.0,92723.0,92782.0,92838.0,92892.0,92948.0,93010.0,93047.0,93089.0,93141.0,93171.0,93214.0,93251.0,93283.0,93320.0,93365.0,93402.0,93439.0,93470.0,93508.0,93547.0,93569.0,93594.0,93617.0,93658.0,93697.0,93727.0,93773.0,93853.0,93890.0,93926.0,93970.0,94022.0,94058.0,94089.0,94112.0,94129.0,94149.0,94172.0,94194.0,94212.0,94232.0,94254.0,94281.0,94302.0,94323.0,94346.0,94369.0,94393.0,94411.0,94435.0,,,,,,,,,94622.0,94632.0,94641.0,94649.0,94655.0,94668.0,94683.0,94690.0,94744.0,94764.0,94776.0,94786.0,94801.0,94816.0,94788.0,94804.0,94814.0,94825.0,94842.0,94848.0,94861.0,94876.0,94889.0,94901.0,94912.0,94925.0,94937.0,94945.0,94960.0,94975.0,94992.0,95012.0,95026.0,95033.0,95045.0,95061.0,95073.0,95089.0,95098.0,95108.0,95121.0,95143.0,95154.0,95161.0,95172.0,95180.0,95189.0,95197.0,95216
SOHkVelqFpc,,,,,,,,,,,,,,,,,,,,,,,,,,,,,,,,,,,,,,,,,,,,,,,,,,,,,,,,,,,,,,,,,,,,,,56746.0,56960.0,57229.0,57532.0,57760.0,57999.0,58296.0,58666.0,58989.0,59306.0,59459.0,59652.0,59837.0,60102.0,60441.0,60760.0,61108.0,61630.0,61963.0,62361.0,62782.0,63248.0,63761.0,64277.0,64763.0,65091.0,65547.0,65945.0,66421.0,66823.0,67228.0,67521.0,67828.0,68301.0,68787.0,69272.0,69612.0,70031.0,70367.0,70749.0,71148.0,71527.0,71817.0,72107.0,72404.0,72762.0,73124.0,73416.0,73737.0,74092.0,74483.0,74770.0,74977.0,75190.0,75371.0,75582.0,75744.0,75901.0,76137.0,76368.0,76519.0,76739.0,76942.0,77182.0,77404.0,,,,,,,,,80372.0,80591.0,80942.0,81308.0,81666.0,82094.0,82465.0,82793.0,83066.0,83477.0,84057.0,84518.0,85015.0,85513.0,86011.0,86341.0,86766.0,87170.0,87731.0,88158.0,88467.0,88747.0,89025.0,89346.0,89648.0,89964.0,90305.0,90733.0,91108.0,91427.0,91751.0,92044.0,92337.0,92653.0,93002.0,93278.0,93464.0,93792.0,94118.0,94366.0,94736.0,95173.0,95473.0,95707.0,96001.0,96309.0,96626.0,96944.0,97285
aTgzm7a7f78,,,,,,,,,,,,,,,,,,,,,,,,,,,,,,,,,,,,,,,,,,,,,,,,,,,,,,,,,,,,,,,,,,,,,,3249.0,8695.0,10350.0,11352.0,11964.0,12545.0,13059.0,13520.0,13855.0,14069.0,14282.0,14470.0,14673.0,14836.0,15032.0,15216.0,15363.0,15540.0,15705.0,15859.0,16032.0,16198.0,16370.0,16540.0,16673.0,16813.0,16930.0,17052.0,17174.0,17283.0,17373.0,17490.0,17597.0,17697.0,17810.0,17924.0,18020.0,18128.0,18217.0,18292.0,18374.0,18482.0,18574.0,18658.0,18731.0,18842.0,18949.0,19033.0,19102.0,19183.0,19256.0,19367.0,19449.0,19521.0,19571.0,19661.0,19725.0,19807.0,19879.0,19959.0,20006.0,20060.0,20152.0,20206.0,20304.0,,,,,,,,,21083.0,21170.0,21238.0,21314.0,21387.0,21451.0,21537.0,21608.0,21664.0,21746.0,21814.0,21897.0,21948.0,22017.0,22071.0,22133.0,22193.0,22232.0,22278.0,22338.0,22393.0,22442.0,22484.0,22527.0,22569.0,22598.0,22645.0,22689.0,22721.0,22790.0,22833.0,22870.0,22911.0,22945.0,22990.0,23039.0,23086.0,23125.0,23163.0,23211.0,23258.0,23301.0,23348.0,23400.0,23433.0,23488.0,23533.0,23568.0,23615
lFPPI7yO8PM,,,,,,,,,,,,,,,,,,,,,,,,,,,,,,,,,,,,,,,,,,,,,,,,,,,,,,,,,,,,,,,,,,,,,,77.0,197.0,268.0,313.0,351.0,390.0,418.0,438.0,450.0,470.0,481.0,490.0,502.0,518.0,526.0,533.0,543.0,546.0,550.0,563.0,568.0,579.0,590.0,595.0,599.0,607.0,617.0,624.0,635.0,641.0,645.0,649.0,653.0,656.0,660.0,666.0,672.0,680.0,685.0,687.0,690.0,692.0,729.0,751.0,793.0,807.0,825.0,845.0,871.0,888.0,906.0,925.0,946.0,963.0,987.0,997.0,1012.0,1024.0,1038.0,1045.0,1052.0,1062.0,1072.0,1095.0,1107.0,,,,,,,,,1200.0,1212.0,1230.0,1247.0,1260.0,1275.0,1290.0,1312.0,1331.0,1357.0,1370.0,1395.0,1414.0,1435.0,1447.0,1455.0,1478.0,1492.0,1505.0,1522.0,1536.0,1554.0,1560.0,1576.0,1592.0,1613.0,1622.0,1632.0,1643.0,1656.0,1676.0,1689.0,1699.0,1714.0,1722.0,1744.0,1767.0,1781.0,1800.0,1817.0,1831.0,1843.0,1852.0,1859.0,1883.0,1907.0,1920.0,1938.0,1950
1m9gGoRYfIA,,,,,,,,,,,,,,,,,,,,,,,,,,,,,,,,,,,,,,,,,,,,,,,,,,,,,,,,,,,,,,,,,,,,,,35164.0,279992.0,605931.0,974264.0,1003677.0,1052089.0,1056936.0,1060305.0,1063237.0,1065763.0,1067720.0,1069514.0,1071231.0,1073253.0,1075203.0,1076870.0,1078730.0,1080139.0,1081465.0,1082943.0,1084470.0,1085944.0,1087182.0,1088160.0,1089436.0,1090623.0,1091859.0,1093188.0,1094385.0,1095606.0,1096881.0,1097835.0,1098833.0,1099669.0,1100831.0,1101756.0,1102685.0,1103572.0,1104504.0,1105642.0,1106668.0,1107485.0,1108222.0,1109085.0,1109961.0,1110728.0,1111448.0,1112199.0,1113077.0,1113751.0,1114667.0,1115316.0,1115929.0,1116561.0,1117161.0,1117653.0,1117932.0,1118362.0,1118922.0,1119498.0,1119970.0,1120612.0,1121231.0,1121886.0,1122484.0,,,,,,,,,1127462.0,1128051.0,1128707.0,1129414.0,1130127.0,1130750.0,1131314.0,1131965.0,1132386.0,1133019.0,1133503.0,1134058.0,1134673.0,1135232.0,1135836.0,1136360.0,1136941.0,1137595.0,1138180.0,1138625.0,1139235.0,1139726.0,1140190.0,1140663.0,1141253.0,1141799.0,1142373.0,1142854.0,1143302.0,1143727.0,1144235.0,1144823.0,1145366.0,1145851.0,1146344.0,1146734.0,1147140.0,1147585.0,1148008.0,1148478.0,1148918.0,1149284.0,1149577.0,1149910.0,1150237.0,1150579.0,1150995.0,1151447.0,1151776
XjxCFww-cU4,,,,,,,,,,,,,,,,,,,,,,,,,,,,,,,,,,,,,,,,,,,,,,,,,,,,,,,,,,,,,,,,,,,,,,179508.0,180076.0,180626.0,181090.0,181540.0,181931.0,182330.0,182726.0,183139.0,183555.0,183942.0,184241.0,184618.0,184950.0,185292.0,185684.0,186056.0,186536.0,186924.0,187341.0,187872.0,188331.0,188648.0,189037.0,189360.0,189632.0,189896.0,190117.0,190377.0,190574.0,190812.0,191043.0,191246.0,191473.0,191686.0,191915.0,192198.0,192451.0,192680.0,192868.0,193073.0,193270.0,193480.0,193672.0,193859.0,194063.0,194233.0,194423.0,194602.0,194764.0,194930.0,195157.0,195315.0,195492.0,195619.0,195760.0,195910.0,196065.0,196241.0,196408.0,196562.0,196704.0,196871.0,197049.0,197211.0,,,,,,,,,198658.0,198973.0,199290.0,199682.0,199969.0,200314.0,200590.0,200836.0,201104.0,201350.0,201543.0,201865.0,202114.0,202425.0,202717.0,202967.0,203169.0,203378.0,203544.0,203706.0,203860.0,204002.0,204143.0,204304.0,204436.0,204567.0,204716.0,204859.0,205035.0,205177.0,205374.0,205499.0,205634.0,205750.0,205905.0,206073.0,206203.0,206340.0,206463.0,206593.0,206722.0,206865.0,207036.0,207167.0,207304.0,207456.0,207600.0,207731.0,207913
eDUkyGpM5d4,,,,,,,,,,,,,,,,,,,,,,,,,,,,,,,,,,,,,,,,,,,,,,,,,,,,,,,,,,,,,,,,,,,,,,6730.0,27441.0,41737.0,52585.0,60277.0,68480.0,75935.0,82398.0,88291.0,93658.0,98114.0,101861.0,106260.0,111206.0,115049.0,117612.0,119809.0,121831.0,123465.0,125327.0,127093.0,128790.0,130515.0,132163.0,133604.0,134829.0,136330.0,137766.0,139163.0,140414.0,141593.0,142629.0,143618.0,144848.0,145863.0,146801.0,147843.0,148888.0,149945.0,150862.0,151863.0,152876.0,153725.0,154615.0,155368.0,156282.0,156978.0,157750.0,158549.0,159336.0,160066.0,160754.0,161288.0,161844.0,162398.0,162857.0,163510.0,164127.0,164677.0,165304.0,165812.0,166409.0,166953.0,167584.0,168164.0,,,,,,,,,173121.0,173595.0,174062.0,174642.0,175178.0,175669.0,176113.0,176467.0,176892.0,177413.0,177950.0,178446.0,178907.0,179453.0,179966.0,180436.0,180944.0,181398.0,181835.0,182356.0,182784.0,183189.0,183620.0,183999.0,184474.0,184964.0,185423.0,185927.0,186275.0,186591.0,186955.0,187373.0,187766.0,188164.0,188499.0,188825.0,189116.0,189440.0,189810.0,190161.0,190482.0,190853.0,191154.0,191472.0,191748.0,192088.0,192404.0,192715.0,193079
lGZUsofobgQ,,,,,,,,,,,,,,,,,,,,,,,,,,,,,,,,,,,,,,,,,,,,,,,,,,,,,,,,,,,,,,,,,,,,,,3054.0,5190.0,6625.0,7781.0,8633.0,9856.0,11168.0,12219.0,13534.0,14563.0,15648.0,16789.0,17595.0,18595.0,19621.0,20469.0,21164.0,21656.0,22048.0,22508.0,22861.0,23175.0,23505.0,23791.0,24090.0,24373.0,24572.0,24731.0,25045.0,25325.0,25584.0,25772.0,25943.0,26134.0,26271.0,26423.0,26560.0,26691.0,26813.0,26952.0,27084.0,27186.0,27287.0,27412.0,27508.0,27618.0,27745.0,27849.0,27941.0,28012.0,28081.0,28207.0,28314.0,28402.0,28517.0,28614.0,28707.0,28813.0,28926.0,29016.0,29148.0,29245.0,29306.0,29383.0,29461.0,,,,,,,,,30048.0,30119.0,30165.0,30243.0,30337.0,30395.0,30458.0,30526.0,30593.0,30666.0,30734.0,30786.0,30851.0,30948.0,31031.0,31124.0,31163.0,31215.0,31249.0,31311.0,31362.0,31413.0,31469.0,31512.0,31561.0,31614.0,31670.0,31730.0,31814.0,31876.0,31923.0,31980.0,32035.0,32075.0,32112.0,32151.0,32203.0,32260.0,32301.0,32353.0,32400.0,32442.0,32493.0,32523.0,32551.0,32583.0,32664.0,32775.0,32843
EG2hlb6ydWc,,,,,,,,,,,,,,,,,,,,,,,,,,,,,,,,,,,,,,,,,,,,,,,,,,,,,,,,,,,,,,,,,,,,,,9758.0,9885.0,9979.0,10085.0,10208.0,10303.0,15112.0,19895.0,27682.0,33524.0,38305.0,43275.0,50302.0,60697.0,71423.0,82336.0,93911.0,105831.0,115981.0,127308.0,137608.0,150400.0,161973.0,172752.0,183414.0,194193.0,204791.0,204927.0,204923.0,204869.0,204959.0,205032.0,205097.0,205139.0,205180.0,205240.0,205276.0,205343.0,205393.0,205442.0,205494.0,205539.0,205576.0,205620.0,205671.0,205713.0,205751.0,205794.0,205831.0,205881.0,205915.0,205948.0,205988.0,206040.0,206079.0,206119.0,206159.0,206218.0,206259.0,206297.0,206341.0,206386.0,206412.0,206446.0,206493.0,,,,,,,,,206863.0,206911.0,206939.0,206973.0,207003.0,207036.0,207056.0,207079.0,207118.0,207150.0,207187.0,207220.0,207248.0,207291.0,207352.0,207373.0,207417.0,207454.0,207502.0,207550.0,207599.0,207652.0,207686.0,207726.0,207773.0,207820.0,207886.0,207939.0,207987.0,208018.0,208043.0,208070.0,208118.0,208148.0,208182.0,208217.0,208249.0,208283.0,208317.0,208353.0,208396.0,208425.0,208455.0,208485.0,208514.0,208557.0,208592.0,208628.0,208658
eXLLC96eyLk,,,,,,,,,,,,,,,,,,,,,,,,,,,,,,,,,,,,,,,,,,,,,,,,,,,,,,,,,,,,,,,,,,,,,,139818.0,162370.0,173511.0,181427.0,187774.0,194049.0,198079.0,199227.0,200051.0,200735.0,201165.0,201433.0,201649.0,201850.0,202049.0,202216.0,202384.0,202524.0,202636.0,202752.0,202863.0,202953.0,203047.0,203173.0,203262.0,203377.0,203438.0,203503.0,203585.0,203661.0,203735.0,203833.0,203894.0,203966.0,204025.0,204073.0,204134.0,204168.0,204215.0,204255.0,204292.0,204349.0,204387.0,204450.0,204504.0,204538.0,204583.0,204612.0,204641.0,204673.0,204703.0,204746.0,204778.0,204806.0,204835.0,204872.0,204900.0,204923.0,204948.0,204974.0,205003.0,205017.0,205047.0,205103.0,205133.0,,,,,,,,,205423.0,205463.0,205488.0,205510.0,205540.0,205558.0,205575.0,205598.0,205622.0,205646.0,205661.0,205670.0,205691.0,205712.0,205727.0,205749.0,205766.0,205779.0,205790.0,205802.0,205823.0,205838.0,205855.0,205861.0,205886.0,205907.0,205930.0,205947.0,205966.0,205988.0,206004.0,206031.0,206044.0,206056.0,206068.0,206091.0,206110.0,206126.0,206136.0,206150.0,206168.0,206191.0,206215.0,206229.0,206245.0,206254.0,206274.0,206289.0,206313
SPBcMZUEThs,,,,,,,,,,,,,,,,,,,,,,,,,,,,,,,,,,,,,,,,,,,,,,,,,,,,,,,,,,,,,,,,,,,,,,6402.0,6426.0,6448.0,6461.0,6484.0,6499.0,6533.0,6556.0,6579.0,6601.0,6628.0,6653.0,6685.0,6722.0,6741.0,6775.0,6805.0,6823.0,6841.0,6862.0,6885.0,6903.0,6928.0,6950.0,6965.0,6992.0,7018.0,7032.0,7070.0,7099.0,7137.0,7161.0,7185.0,7203.0,7228.0,7256.0,7270.0,7297.0,7322.0,7340.0,7360.0,7383.0,7399.0,7431.0,7453.0,7472.0,7488.0,7515.0,7535.0,7556.0,7569.0,7583.0,7588.0,7606.0,7624.0,7644.0,7660.0,7679.0,7710.0,7730.0,7739.0,7755.0,7770.0,7797.0,7824.0,,,,,,,,,8027.0,8043.0,8059.0,8084.0,8106.0,8126.0,8144.0,8157.0,8182.0,8198.0,8224.0,8243.0,8264.0,8279.0,8296.0,8313.0,8331.0,8364.0,8378.0,8400.0,8414.0,8437.0,8455.0,8469.0,8481.0,8494.0,8509.0,8521.0,8538.0,8546.0,8561.0,8567.0,8575.0,8588.0,8601.0,8609.0,8622.0,8636.0,8652.0,8668.0,8680.0,8696.0,8718.0,8727.0,8737.0,8755.0,8770.0,8789.0,8806
y4Gxxp_gaRE,,,,,,,,,,,,,,,,,,,,,,,,,,,,,,,,,,,,,,,,,,,,,,,,,,,,,,,,,,,,,,,,,,,,,,7751.0,7849.0,7971.0,8067.0,8150.0,8260.0,8374.0,8474.0,8581.0,8695.0,8795.0,8884.0,9004.0,9093.0,9179.0,9330.0,9481.0,9611.0,9701.0,9825.0,9926.0,10044.0,10163.0,10251.0,10321.0,10393.0,10465.0,10532.0,10579.0,10661.0,10718.0,10765.0,10812.0,10866.0,10910.0,10949.0,10984.0,11024.0,11066.0,11112.0,11159.0,11206.0,11253.0,11304.0,11362.0,11408.0,11432.0,11478.0,11543.0,11611.0,11669.0,11704.0,11753.0,11767.0,11802.0,11840.0,11896.0,11926.0,11958.0,11987.0,12031.0,12089.0,12145.0,12208.0,12283.0,,,,,,,,,12825.0,12860.0,12908.0,12963.0,13002.0,13073.0,13125.0,13174.0,13241.0,13300.0,13361.0,13427.0,13489.0,13562.0,13633.0,13683.0,13748.0,13831.0,13884.0,13917.0,13934.0,13959.0,13991.0,14026.0,14058.0,14079.0,14105.0,14147.0,14175.0,14195.0,14211.0,14233.0,14256.0,14273.0,14304.0,14331.0,14355.0,14391.0,14415.0,14442.0,14470.0,14499.0,14528.0,14575.0,14603.0,14641.0,14693.0,14733.0,14772
2pnCM4vbzt0,,,,,,,,,,,,,,,,,,,,,,,,,,,,,,,,,,,,,,,,,,,,,,,,,,,,,,,,,,,,,,,,,,,,,,7033.0,7039.0,7043.0,7048.0,7054.0,7067.0,7073.0,7079.0,7080.0,7084.0,7094.0,7105.0,7117.0,7117.0,7122.0,7128.0,7132.0,7135.0,7136.0,7143.0,7143.0,7147.0,7150.0,7152.0,7157.0,7158.0,7160.0,7163.0,7165.0,7168.0,7169.0,7171.0,7171.0,7174.0,7175.0,7176.0,7178.0,7182.0,7184.0,7186.0,7190.0,7191.0,7193.0,7197.0,7197.0,7202.0,7203.0,7205.0,7207.0,7210.0,7212.0,7213.0,7216.0,7216.0,7219.0,7221.0,7226.0,7228.0,7240.0,7254.0,7298.0,7313.0,7321.0,7331.0,7339.0,,,,,,,,,7368.0,7370.0,7371.0,7373.0,7376.0,7379.0,7380.0,7384.0,7385.0,7389.0,7396.0,7398.0,7401.0,7402.0,7405.0,7410.0,7411.0,7414.0,7414.0,7416.0,7417.0,7421.0,7428.0,7431.0,7432.0,7433.0,7437.0,7437.0,7439.0,7443.0,7446.0,7447.0,7450.0,7454.0,7456.0,7461.0,7466.0,7468.0,7473.0,7475.0,7476.0,7478.0,7478.0,7482.0,7485.0,7485.0,7489.0,7490.0,7490
yZgyH54AD4g,,,,,,,,,,,,,,,,,,,,,,,,,,,,,,,,,,,,,,,,,,,,,,,,,,,,,,,,,,,,,,,,,,,,,,27090.0,27135.0,27166.0,27195.0,27246.0,27296.0,27344.0,27369.0,27398.0,27427.0,27450.0,27475.0,27500.0,27523.0,27554.0,27585.0,27619.0,27647.0,27669.0,27700.0,27721.0,27746.0,27762.0,27782.0,27792.0,27812.0,27838.0,27854.0,27877.0,27896.0,27925.0,27941.0,27952.0,27968.0,27985.0,28000.0,28015.0,28034.0,28044.0,28058.0,28083.0,28098.0,28112.0,28125.0,28152.0,28169.0,28182.0,28188.0,28201.0,28214.0,28225.0,28240.0,28247.0,28253.0,28261.0,28274.0,28287.0,28298.0,28340.0,28384.0,28462.0,28517.0,28551.0,28583.0,28615.0,,,,,,,,,28765.0,28777.0,28785.0,28799.0,28806.0,28814.0,28826.0,28833.0,28841.0,28856.0,28867.0,28882.0,28894.0,28908.0,28918.0,28927.0,28933.0,28944.0,28954.0,28968.0,28976.0,28986.0,28995.0,29006.0,29019.0,29028.0,29037.0,29043.0,29052.0,29067.0,29078.0,29088.0,29099.0,29104.0,29117.0,29126.0,29135.0,29144.0,29155.0,29168.0,29179.0,29188.0,29205.0,29221.0,29234.0,29243.0,29259.0,29273.0,29282
xKtiWJtMJ8k,,,,,,,,,,,,,,,,,,,,,,,,,,,,,,,,,,,,,,,,,,,,,,,,,,,,,,,,,,,,,,,,,,,,,,,4133.0,13241.0,20930.0,26654.0,31891.0,36424.0,40354.0,45363.0,50110.0,52978.0,55290.0,57365.0,59531.0,61437.0,63518.0,65500.0,67083.0,68649.0,70427.0,78266.0,90542.0,102939.0,113675.0,120945.0,126658.0,134625.0,142809.0,147984.0,152891.0,157115.0,160083.0,162480.0,164935.0,167112.0,169279.0,171556.0,174570.0,177292.0,179233.0,181479.0,183768.0,186850.0,189837.0,192237.0,194603.0,196907.0,198999.0,201066.0,202687.0,204171.0,205678.0,207112.0,208368.0,209579.0,210986.0,212390.0,213807.0,215040.0,216337.0,217414.0,218469.0,219521.0,220790.0,221885.0,,,,,,,,,231430.0,232347.0,233247.0,234000.0,234912.0,235923.0,236788.0,237505.0,238424.0,239291.0,240334.0,241335.0,242396.0,243352.0,244315.0,245171.0,246108.0,247154.0,248385.0,249263.0,250051.0,250780.0,251661.0,252364.0,253324.0,254082.0,255021.0,255854.0,256574.0,257280.0,258003.0,258685.0,259440.0,260241.0,260910.0,261554.0,262254.0,262996.0,263716.0,264434.0,265157.0,265867.0,266586.0,267224.0,267894.0,268629.0,269365.0,270112.0,270905
6lDzRkm4WJU,,,,,,,,,,,,,,,,,,,,,,,,,,,,,,,,,,,,,,,,,,,,,,,,,,,,,,,,,,,,,,,,,,,,,,,8836.0,8947.0,9079.0,9218.0,9364.0,9495.0,9619.0,9728.0,9839.0,9946.0,10062.0,10150.0,10219.0,10300.0,10372.0,10453.0,10540.0,10591.0,10674.0,10733.0,10787.0,10840.0,10906.0,10964.0,11032.0,11088.0,11138.0,11185.0,11237.0,11295.0,11368.0,11420.0,11497.0,11603.0,11681.0,11719.0,11785.0,11843.0,11888.0,11929.0,11990.0,12031.0,12078.0,12129.0,12183.0,12229.0,12259.0,12314.0,12365.0,12394.0,12438.0,12486.0,12525.0,12570.0,12619.0,12672.0,12713.0,12752.0,12794.0,12848.0,12879.0,12923.0,12965.0,12995.0,,,,,,,,,13326.0,13364.0,13394.0,13438.0,13477.0,13527.0,13581.0,13624.0,13678.0,13706.0,13749.0,13796.0,13837.0,13869.0,13904.0,13946.0,13976.0,14026.0,14057.0,14186.0,14297.0,14362.0,14428.0,14479.0,14530.0,14585.0,14663.0,14719.0,14753.0,14794.0,14824.0,14874.0,14935.0,14969.0,15006.0,15039.0,15075.0,15097.0,15126.0,15438.0,15779.0,16029.0,16176.0,16427.0,16797.0,17140.0,17564.0,17693.0,17778
UjbCWg3JLb4,,,,,,,,,,,,,,,,,,,,,,,,,,,,,,,,,,,,,,,,,,,,,,,,,,,,,,,,,,,,,,,,,,,,,,,135128.0,144992.0,154301.0,160500.0,167488.0,176030.0,180137.0,182461.0,183573.0,184321.0,184705.0,185017.0,185252.0,185461.0,185608.0,185763.0,185929.0,186057.0,186146.0,186233.0,186324.0,186397.0,186464.0,186520.0,186573.0,186605.0,186652.0,186701.0,186744.0,186799.0,186838.0,186875.0,186913.0,186937.0,186983.0,187019.0,187046.0,187082.0,187116.0,187145.0,187169.0,187200.0,187224.0,187252.0,187278.0,187307.0,187337.0,187353.0,187368.0,187385.0,187417.0,187437.0,187452.0,187480.0,187503.0,187518.0,187546.0,187560.0,187593.0,187612.0,187638.0,187651.0,187664.0,187677.0,,,,,,,,,187811.0,187821.0,187835.0,187846.0,187858.0,187864.0,187874.0,187891.0,187908.0,187917.0,187925.0,187929.0,187936.0,187946.0,187953.0,187963.0,187970.0,187980.0,187988.0,187992.0,187997.0,188006.0,188014.0,188023.0,188027.0,188032.0,188041.0,188043.0,188049.0,188061.0,188069.0,188079.0,188096.0,188100.0,188104.0,188114.0,188126.0,188135.0,188141.0,188148.0,188152.0,188159.0,188167.0,188174.0,188186.0,188191.0,188197.0,188201.0,188209
Oa1vSkAhFgU,,,,,,,,,,,,,,,,,,,,,,,,,,,,,,,,,,,,,,,,,,,,,,,,,,,,,,,,,,,,,,,,,,,,,,,922.0,925.0,927.0,930.0,936.0,943.0,948.0,950.0,955.0,959.0,964.0,966.0,966.0,968.0,972.0,972.0,974.0,974.0,974.0,977.0,977.0,978.0,980.0,982.0,985.0,987.0,989.0,990.0,994.0,995.0,997.0,999.0,1002.0,1008.0,1008.0,1014.0,1015.0,1019.0,1027.0,1032.0,1037.0,1040.0,1046.0,1049.0,1051.0,1051.0,1055.0,1059.0,1061.0,1062.0,1073.0,1077.0,1087.0,1097.0,1102.0,1109.0,1110.0,1115.0,1121.0,1124.0,1142.0,1154.0,1163.0,1173.0,,,,,,,,,1285.0,1288.0,1295.0,1305.0,1314.0,1325.0,1333.0,1334.0,1341.0,1351.0,1357.0,1361.0,1365.0,1370.0,1376.0,1379.0,1385.0,1392.0,1400.0,1406.0,1409.0,1408.0,1410.0,1411.0,1416.0,1418.0,1419.0,1422.0,1424.0,1426.0,1428.0,1428.0,1435.0,1439.0,1444.0,1446.0,1446.0,1448.0,1453.0,1459.0,1460.0,1462.0,1464.0,1466.0,1470.0,1474.0,1475.0,1478.0,1487
FbcBVInloF0,,,,,,,,,,,,,,,,,,,,,,,,,,,,,,,,,,,,,,,,,,,,,,,,,,,,,,,,,,,,,,,,,,,,,,,5855.0,5885.0,5908.0,5935.0,5962.0,6000.0,6035.0,6052.0,6069.0,6103.0,6122.0,6147.0,6165.0,6175.0,6233.0,6251.0,6264.0,6289.0,6309.0,6319.0,6329.0,6343.0,6357.0,6369.0,6385.0,6404.0,6416.0,6428.0,6444.0,6455.0,6473.0,6487.0,6498.0,6507.0,6511.0,6525.0,6544.0,6561.0,6571.0,6582.0,6608.0,6622.0,6628.0,6640.0,6653.0,6671.0,6691.0,6704.0,6724.0,6742.0,6749.0,6773.0,6801.0,6817.0,6831.0,6846.0,6879.0,6896.0,6923.0,6941.0,6958.0,6972.0,6986.0,6994.0,,,,,,,,,7067.0,7080.0,7087.0,7092.0,7105.0,7118.0,7125.0,7131.0,7139.0,7153.0,7160.0,7169.0,7177.0,7182.0,7187.0,7198.0,7204.0,7210.0,7218.0,7229.0,7237.0,7245.0,7255.0,7259.0,7261.0,7265.0,7267.0,7275.0,7282.0,7288.0,7292.0,7299.0,7306.0,7312.0,7321.0,7327.0,7338.0,7347.0,7353.0,7361.0,7366.0,7371.0,7377.0,7393.0,7399.0,7401.0,7409.0,7410.0,7418
1RMuqEI6euE,,,,,,,,,,,,,,,,,,,,,,,,,,,,,,,,,,,,,,,,,,,,,,,,,,,,,,,,,,,,,,,,,,,,,,,34863.0,37201.0,38896.0,40340.0,41784.0,43163.0,44576.0,45869.0,46952.0,47741.0,48490.0,49197.0,49959.0,50682.0,51258.0,51998.0,52634.0,53291.0,54055.0,54820.0,55598.0,56362.0,57093.0,57886.0,58403.0,59022.0,59722.0,60371.0,60950.0,61597.0,62162.0,62717.0,63218.0,63781.0,64267.0,64812.0,65782.0,66692.0,67484.0,68096.0,68599.0,69142.0,69702.0,70228.0,70874.0,71371.0,71824.0,72325.0,72830.0,73218.0,73607.0,74064.0,74473.0,74885.0,75370.0,75844.0,76208.0,76616.0,77048.0,77400.0,77817.0,78150.0,78519.0,78888.0,,,,,,,,,82308.0,82610.0,82902.0,83255.0,83574.0,83835.0,84101.0,84390.0,84679.0,85005.0,85304.0,85630.0,85963.0,86313.0,86691.0,87031.0,87331.0,87709.0,88042.0,88341.0,88638.0,88907.0,89138.0,89405.0,89687.0,89957.0,90227.0,90479.0,90815.0,91070.0,91367.0,91622.0,91925.0,92212.0,92512.0,92776.0,93042.0,93297.0,93580.0,93812.0,94069.0,94427.0,94839.0,95218.0,95572.0,95942.0,96315.0,96701.0,97052
ugtvjIOhpnQ,,,,,,,,,,,,,,,,,,,,,,,,,,,,,,,,,,,,,,,,,,,,,,,,,,,,,,,,,,,,,,,,,,,,,,,,21559.0,26781.0,29406.0,31536.0,33897.0,38369.0,43923.0,50252.0,55149.0,58261.0,60841.0,63646.0,67107.0,69881.0,72443.0,74551.0,76276.0,78358.0,80194.0,82040.0,83715.0,85185.0,86243.0,87076.0,87987.0,88924.0,89913.0,90777.0,91649.0,92492.0,93175.0,93995.0,94698.0,95427.0,96101.0,96674.0,97286.0,97872.0,98397.0,98991.0,99802.0,100619.0,101475.0,102072.0,102550.0,103059.0,103609.0,104185.0,104715.0,105161.0,105464.0,105802.0,106093.0,106418.0,106847.0,107395.0,107898.0,108475.0,109010.0,109380.0,109695.0,110066.0,110775.0,,,,,,,,,127307.0,129020.0,131318.0,134720.0,139035.0,143037.0,144958.0,147010.0,148534.0,149535.0,150800.0,152115.0,153279.0,154477.0,155710.0,156924.0,157681.0,158286.0,158938.0,159630.0,160175.0,160731.0,161369.0,161899.0,162613.0,163259.0,163898.0,164620.0,165139.0,165583.0,166096.0,166572.0,167057.0,167475.0,167931.0,168358.0,168692.0,169166.0,169559.0,169915.0,170339.0,170780.0,171167.0,171469.0,171842.0,172254.0,172666.0,173031.0,173404
Kac6VGN6WO0,,,,,,,,,,,,,,,,,,,,,,,,,,,,,,,,,,,,,,,,,,,,,,,,,,,,,,,,,,,,,,,,,,,,,,,,63.0,105.0,120.0,146.0,161.0,169.0,173.0,185.0,189.0,196.0,204.0,211.0,221.0,224.0,229.0,231.0,232.0,235.0,239.0,241.0,242.0,243.0,248.0,255.0,255.0,259.0,262.0,265.0,271.0,274.0,279.0,279.0,282.0,283.0,285.0,293.0,296.0,301.0,302.0,309.0,312.0,313.0,316.0,318.0,319.0,319.0,319.0,320.0,321.0,324.0,324.0,329.0,333.0,336.0,338.0,344.0,345.0,348.0,349.0,356.0,359.0,363.0,367.0,,,,,,,,,401.0,407.0,408.0,412.0,412.0,415.0,415.0,416.0,419.0,424.0,425.0,426.0,427.0,431.0,433.0,434.0,437.0,438.0,439.0,445.0,445.0,446.0,447.0,449.0,451.0,451.0,453.0,456.0,459.0,462.0,464.0,466.0,469.0,470.0,471.0,471.0,472.0,472.0,472.0,473.0,474.0,473.0,475.0,475.0,478.0,478.0,478.0,479.0,481
suEyjN0M9_k,,,,,,,,,,,,,,,,,,,,,,,,,,,,,,,,,,,,,,,,,,,,,,,,,,,,,,,,,,,,,,,,,,,,,,,,937138.0,943942.0,950106.0,955149.0,959918.0,964501.0,968961.0,973616.0,977824.0,981738.0,985763.0,989395.0,993013.0,996537.0,1000006.0,1003239.0,1006384.0,1009572.0,1013171.0,1016288.0,1019362.0,1022308.0,1025063.0,1027889.0,1030752.0,1033389.0,1035964.0,1038538.0,1041345.0,1043992.0,1046352.0,1048547.0,1050609.0,1052712.0,1054790.0,1056908.0,1059052.0,1061036.0,1062812.0,1064743.0,1066718.0,1068599.0,1070414.0,1072478.0,1074585.0,1076607.0,1078925.0,1081034.0,1083042.0,1085051.0,1087058.0,1088959.0,1090705.0,1092391.0,1094033.0,1095692.0,1097435.0,1099014.0,1100598.0,1102134.0,1103662.0,1105321.0,1107045.0,,,,,,,,,1121512.0,1122872.0,1123899.0,1125245.0,1126461.0,1127451.0,1128443.0,1129479.0,1130550.0,1131577.0,1132654.0,1133716.0,1134852.0,1135918.0,1137004.0,1138029.0,1139080.0,1140132.0,1141270.0,1142484.0,1143544.0,1144732.0,1145828.0,1146982.0,1148156.0,1149285.0,1150445.0,1151571.0,1152721.0,1153780.0,1154922.0,1156048.0,1157181.0,1158254.0,1159252.0,1160222.0,1161220.0,1162217.0,1163281.0,1164401.0,1165467.0,1166489.0,1167552.0,1168572.0,1169735.0,1170749.0,1171775.0,1172675.0,1173602
ugtvjIOhpnQ,,,,,,,,,,,,,,,,,,,,,,,,,,,,,,,,,,,,,,,,,,,,,,,,,,,,,,,,,,,,,,,,,,,,,,,,21559.0,26781.0,29406.0,31536.0,33897.0,38369.0,43923.0,50252.0,55173.0,58067.0,60914.0,63646.0,67107.0,69881.0,72443.0,74551.0,76276.0,78358.0,80194.0,82040.0,83715.0,85185.0,86243.0,87076.0,87987.0,88924.0,89913.0,90777.0,91649.0,92492.0,93175.0,93995.0,94698.0,95427.0,96101.0,96674.0,97286.0,97872.0,98397.0,98991.0,99802.0,100619.0,101475.0,102072.0,102550.0,103059.0,103609.0,104127.0,104715.0,105161.0,105464.0,105802.0,106093.0,106418.0,106847.0,107395.0,107898.0,108475.0,109010.0,109387.0,109695.0,110066.0,110775.0,,,,,,,,,127307.0,129020.0,131586.0,134720.0,139035.0,143037.0,144958.0,147010.0,148534.0,149535.0,150800.0,152115.0,153279.0,154475.0,155710.0,156924.0,157681.0,158286.0,158938.0,159630.0,160175.0,160731.0,161369.0,161899.0,162613.0,163259.0,163891.0,164620.0,165139.0,165584.0,166096.0,166572.0,167057.0,167475.0,167931.0,168354.0,168692.0,169166.0,169559.0,169915.0,170339.0,170782.0,171167.0,171469.0,171842.0,172254.0,172666.0,173031.0,173404
TnseWEOBWDs,,,,,,,,,,,,,,,,,,,,,,,,,,,,,,,,,,,,,,,,,,,,,,,,,,,,,,,,,,,,,,,,,,,,,,,,,2650563.0,3634420.0,4233626.0,4687834.0,5129239.0,5336582.0,5448893.0,5526129.0,5536779.0,5546445.0,5556792.0,5566424.0,5575516.0,5583953.0,5591121.0,5597625.0,5604070.0,5610651.0,5617665.0,5624553.0,5631781.0,5638719.0,5645080.0,5651101.0,5657365.0,5663669.0,5669994.0,5675829.0,5681605.0,5687116.0,5692421.0,5697943.0,5703545.0,5708988.0,5714447.0,5719483.0,5724305.0,5729484.0,5734480.0,5739492.0,5744268.0,5749344.0,5754202.0,5758495.0,5762962.0,5767595.0,5772395.0,5776911.0,5781429.0,5786158.0,5790036.0,5793575.0,5797569.0,5801685.0,5805582.0,5809867.0,5813744.0,5817238.0,5821057.0,5825340.0,5829103.0,5832798.0,,,,,,,,,5863959.0,5867282.0,5870385.0,5873528.0,5876758.0,5879609.0,5882553.0,5885456.0,5888332.0,5891225.0,5894111.0,5897180.0,5900365.0,5903617.0,5906793.0,5909753.0,5912650.0,5915675.0,5918926.0,5921871.0,5924636.0,5927343.0,5929968.0,5932372.0,5934832.0,5937270.0,5939955.0,5942544.0,5944915.0,5947413.0,5949839.0,5952375.0,5954944.0,5957367.0,5959789.0,5962134.0,5964466.0,5966781.0,5969186.0,5971498.0,5973873.0,5976261.0,5978571.0,5980749.0,5983055.0,5985320.0,5987775.0,5990132.0,5992432
oodPmBnsLmE,,,,,,,,,,,,,,,,,,,,,,,,,,,,,,,,,,,,,,,,,,,,,,,,,,,,,,,,,,,,,,,,,,,,,,,,,254.0,260.0,273.0,281.0,287.0,298.0,314.0,329.0,343.0,353.0,369.0,382.0,391.0,396.0,402.0,413.0,423.0,438.0,471.0,517.0,548.0,587.0,615.0,653.0,678.0,708.0,724.0,737.0,763.0,783.0,801.0,819.0,850.0,890.0,917.0,982.0,999.0,1014.0,994.0,1011.0,1038.0,1056.0,1078.0,1096.0,1116.0,1132.0,1147.0,1174.0,1189.0,1203.0,1216.0,1228.0,1254.0,1272.0,1288.0,1302.0,1319.0,1334.0,1347.0,1359.0,1377.0,1389.0,,,,,,,,,1608.0,1663.0,1704.0,1728.0,1778.0,1817.0,1849.0,1876.0,1938.0,1980.0,2020.0,2038.0,2066.0,2090.0,2115.0,2141.0,2178.0,2202.0,2235.0,2269.0,2283.0,2310.0,2319.0,2337.0,2349.0,2362.0,2410.0,2433.0,2453.0,2473.0,2486.0,2511.0,2528.0,2543.0,2567.0,2587.0,2615.0,2643.0,2682.0,2712.0,2743.0,2758.0,2771.0,2791.0,2823.0,2855.0,2873.0,2897.0,2917
eSGxZtWpHnE,,,,,,,,,,,,,,,,,,,,,,,,,,,,,,,,,,,,,,,,,,,,,,,,,,,,,,,,,,,,,,,,,,,,,,,,,5150.0,5163.0,5182.0,5200.0,5218.0,5225.0,5237.0,5245.0,5255.0,5270.0,5275.0,5283.0,5297.0,5305.0,5307.0,5314.0,5323.0,5329.0,5338.0,5345.0,5346.0,5359.0,5364.0,5368.0,5371.0,5373.0,5381.0,5383.0,5388.0,5402.0,5408.0,5411.0,5412.0,5421.0,5430.0,5434.0,5439.0,5449.0,5458.0,5463.0,5473.0,5484.0,5494.0,5498.0,5505.0,5510.0,5513.0,5522.0,5527.0,5535.0,5541.0,5544.0,5550.0,5552.0,5557.0,5567.0,5575.0,5586.0,5591.0,5597.0,5605.0,5611.0,,,,,,,,,5665.0,5673.0,5686.0,5692.0,5695.0,5703.0,5709.0,5714.0,5716.0,5718.0,5723.0,5727.0,5734.0,5740.0,5744.0,5750.0,5757.0,5762.0,5766.0,5771.0,5775.0,5776.0,5782.0,5786.0,5789.0,5801.0,5810.0,5815.0,5820.0,5826.0,5828.0,5830.0,5836.0,5844.0,5849.0,5853.0,5859.0,5863.0,5868.0,5871.0,5879.0,5881.0,5883.0,5887.0,5889.0,5894.0,5896.0,5898.0,5902
eSGxZtWpHnE,,,,,,,,,,,,,,,,,,,,,,,,,,,,,,,,,,,,,,,,,,,,,,,,,,,,,,,,,,,,,,,,,,,,,,,,,5150.0,5163.0,5182.0,5200.0,5218.0,5225.0,5237.0,5245.0,5258.0,5270.0,5275.0,5283.0,5293.0,5305.0,5307.0,5313.0,5323.0,5329.0,5340.0,5345.0,5346.0,5359.0,5364.0,5367.0,5371.0,5374.0,5381.0,5383.0,5388.0,5403.0,5408.0,5411.0,5412.0,5421.0,5430.0,5434.0,5441.0,5449.0,5456.0,5465.0,5473.0,5484.0,5494.0,5498.0,5504.0,5509.0,5513.0,5522.0,5526.0,5535.0,5541.0,5547.0,5549.0,5552.0,5559.0,5567.0,5575.0,5586.0,5591.0,5597.0,5605.0,5611.0,,,,,,,,,5664.0,5673.0,5686.0,5692.0,5695.0,5703.0,5709.0,5714.0,5716.0,5718.0,5723.0,5727.0,5734.0,5740.0,5744.0,5750.0,5757.0,5762.0,5766.0,5771.0,5775.0,5776.0,5782.0,5786.0,5789.0,5801.0,5810.0,5815.0,5820.0,5825.0,5827.0,5830.0,5836.0,5844.0,5849.0,5853.0,5859.0,5863.0,5868.0,5871.0,5879.0,5882.0,5883.0,5888.0,5889.0,5894.0,5896.0,5899.0,5902
pI8ivNejRHo,,,,,,,,,,,,,,,,,,,,,,,,,,,,,,,,,,,,,,,,,,,,,,,,,,,,,,,,,,,,,,,,,,,,,,,,,39222.0,45742.0,53846.0,63756.0,72262.0,79435.0,84110.0,88116.0,91861.0,95652.0,99495.0,103000.0,106959.0,110136.0,113047.0,116061.0,119171.0,122273.0,124649.0,126780.0,128800.0,130594.0,132341.0,134346.0,136293.0,138244.0,140110.0,142034.0,143923.0,145497.0,147231.0,148762.0,150287.0,151618.0,152785.0,154093.0,155403.0,156739.0,158046.0,159325.0,160540.0,161601.0,162660.0,163692.0,164717.0,165706.0,166784.0,168002.0,169078.0,170071.0,170955.0,171684.0,172446.0,173249.0,174072.0,174876.0,175878.0,176709.0,177530.0,178380.0,179314.0,180261.0,,,,,,,,,188887.0,189935.0,191090.0,192100.0,193305.0,194454.0,195469.0,196529.0,197517.0,198632.0,199964.0,201497.0,203091.0,204553.0,205804.0,207055.0,208566.0,210117.0,211611.0,213132.0,214422.0,215661.0,216752.0,218084.0,219468.0,221038.0,222531.0,224081.0,225449.0,226693.0,228067.0,229278.0,230626.0,231668.0,232776.0,233702.0,234901.0,236090.0,237418.0,238540.0,239718.0,240671.0,241938.0,242796.0,244042.0,245306.0,246438.0,247422.0,248649
mtMZGPQl-iA,,,,,,,,,,,,,,,,,,,,,,,,,,,,,,,,,,,,,,,,,,,,,,,,,,,,,,,,,,,,,,,,,,,,,,,,,63893.0,64667.0,65409.0,66012.0,66474.0,66892.0,67821.0,68667.0,69722.0,70638.0,71536.0,72417.0,73276.0,74222.0,75132.0,75940.0,76788.0,77706.0,78771.0,80042.0,81206.0,81863.0,82402.0,82971.0,83664.0,84150.0,84502.0,84964.0,85268.0,85495.0,85810.0,86062.0,86322.0,86572.0,86826.0,87041.0,87266.0,87479.0,87753.0,87943.0,88090.0,88254.0,88395.0,88491.0,88606.0,88741.0,88878.0,88999.0,89130.0,89232.0,89314.0,89402.0,89515.0,89644.0,89737.0,89876.0,89963.0,90043.0,90123.0,90211.0,90296.0,90391.0,,,,,,,,,91317.0,91439.0,91518.0,91591.0,91686.0,91800.0,91875.0,91944.0,92043.0,92150.0,92227.0,92348.0,92467.0,92594.0,92668.0,92743.0,92866.0,92952.0,93026.0,93097.0,93169.0,93231.0,93290.0,93356.0,93434.0,93517.0,93601.0,93673.0,93727.0,93786.0,93849.0,93922.0,93984.0,94055.0,94128.0,94181.0,94230.0,94322.0,94375.0,94445.0,94505.0,94588.0,94673.0,94734.0,94830.0,94947.0,95029.0,95093.0,95157
2gFyNCxgxMA,,,,,,,,,,,,,,,,,,,,,,,,,,,,,,,,,,,,,,,,,,,,,,,,,,,,,,,,,,,,,,,,,,,,,,,,,519591.0,522023.0,524314.0,526601.0,529037.0,531090.0,533028.0,534861.0,536579.0,537979.0,539083.0,539884.0,540423.0,540733.0,541065.0,541328.0,541547.0,541727.0,541881.0,541990.0,542134.0,542273.0,542561.0,542681.0,542817.0,542956.0,543028.0,543156.0,543257.0,543344.0,543411.0,543481.0,543538.0,543580.0,543613.0,543677.0,543719.0,543761.0,543795.0,543829.0,543852.0,543890.0,543932.0,543965.0,544005.0,544034.0,544064.0,544090.0,544116.0,544137.0,544155.0,544163.0,544196.0,544212.0,544232.0,544260.0,544298.0,544320.0,544350.0,544367.0,544388.0,544405.0,,,,,,,,,544693.0,544727.0,544745.0,544779.0,544825.0,544888.0,544953.0,545011.0,545058.0,545102.0,545180.0,545239.0,545332.0,545383.0,545427.0,545467.0,545508.0,545528.0,545564.0,545586.0,545607.0,545634.0,545668.0,545693.0,545709.0,545727.0,545743.0,545766.0,545796.0,545814.0,545836.0,545852.0,545868.0,545881.0,545893.0,545916.0,545935.0,545945.0,545964.0,545971.0,545981.0,545990.0,545999.0,546010.0,546022.0,546035.0,546046.0,546068.0,546078
RsVWT2XBP4M,,,,,,,,,,,,,,,,,,,,,,,,,,,,,,,,,,,,,,,,,,,,,,,,,,,,,,,,,,,,,,,,,,,,,,,,,38638.0,39584.0,40480.0,41354.0,42198.0,43055.0,43927.0,44689.0,45350.0,46100.0,46736.0,47451.0,48324.0,49581.0,50583.0,51702.0,52621.0,53312.0,53986.0,54542.0,55062.0,55738.0,56243.0,56725.0,57280.0,57675.0,58121.0,58586.0,59049.0,59474.0,59905.0,60313.0,60718.0,61089.0,61490.0,61839.0,62216.0,62575.0,62963.0,63320.0,63652.0,64039.0,64454.0,64827.0,65198.0,65577.0,65910.0,66247.0,66555.0,66827.0,67164.0,67435.0,67668.0,67963.0,68221.0,68479.0,68734.0,68979.0,69223.0,69442.0,69626.0,69884.0,,,,,,,,,71840.0,72046.0,72323.0,72548.0,72793.0,73070.0,73299.0,73469.0,73691.0,73961.0,74196.0,74476.0,74784.0,74985.0,75251.0,75458.0,75683.0,75926.0,76174.0,76400.0,76570.0,76764.0,76892.0,77083.0,77284.0,77442.0,77634.0,77802.0,77949.0,78132.0,78274.0,78441.0,78582.0,78755.0,78924.0,79073.0,79199.0,79347.0,79503.0,79684.0,79819.0,80023.0,80202.0,80373.0,80538.0,80701.0,80881.0,81050.0,81195
Otrmlx1lGus,,,,,,,,,,,,,,,,,,,,,,,,,,,,,,,,,,,,,,,,,,,,,,,,,,,,,,,,,,,,,,,,,,,,,,,,,11623.0,12251.0,12739.0,13249.0,13748.0,14019.0,14154.0,14271.0,14534.0,14687.0,14784.0,14867.0,14931.0,14988.0,15045.0,15134.0,15202.0,15260.0,15303.0,15366.0,15468.0,15564.0,15636.0,15679.0,15718.0,15760.0,15789.0,15825.0,15886.0,15946.0,15988.0,16000.0,16024.0,16051.0,16057.0,16100.0,16119.0,16145.0,16173.0,16188.0,16205.0,16215.0,16225.0,16237.0,16249.0,16265.0,16287.0,16306.0,16321.0,16341.0,16356.0,16367.0,16386.0,16402.0,16413.0,16420.0,16432.0,16447.0,16465.0,16494.0,16514.0,16528.0,,,,,,,,,16641.0,16655.0,16662.0,16663.0,16679.0,16684.0,16691.0,16697.0,16706.0,16722.0,16727.0,16740.0,16740.0,16743.0,16746.0,16752.0,16757.0,16772.0,16793.0,16819.0,16831.0,16833.0,16847.0,16878.0,16888.0,16895.0,16904.0,16916.0,16923.0,16934.0,16943.0,16945.0,16950.0,16956.0,16963.0,16975.0,16984.0,16985.0,16987.0,16988.0,16992.0,16997.0,17000.0,17002.0,17003.0,17004.0,17004.0,17006.0,17009
ss5mwQjX9Mo,,,,,,,,,,,,,,,,,,,,,,,,,,,,,,,,,,,,,,,,,,,,,,,,,,,,,,,,,,,,,,,,,,,,,,,,,16951.0,16951.0,16951.0,16951.0,16951.0,16952.0,16952.0,16953.0,16953.0,16954.0,16955.0,16957.0,16958.0,16958.0,16958.0,16958.0,16958.0,16959.0,16960.0,16960.0,16961.0,16961.0,16962.0,16962.0,16962.0,16962.0,16962.0,16963.0,16963.0,16966.0,16967.0,16970.0,16970.0,16970.0,16971.0,16973.0,16973.0,16973.0,16973.0,16978.0,16978.0,16978.0,16979.0,16980.0,16981.0,16981.0,16981.0,16981.0,16983.0,16983.0,16984.0,16984.0,16984.0,16984.0,16985.0,16985.0,16985.0,16988.0,16989.0,16989.0,16989.0,16989.0,,,,,,,,,16992.0,16992.0,16995.0,16995.0,16995.0,16995.0,16997.0,16997.0,16997.0,16998.0,16998.0,16998.0,17000.0,17000.0,17000.0,17000.0,17001.0,17001.0,17001.0,17003.0,17003.0,17003.0,17003.0,17003.0,17003.0,17003.0,17004.0,17004.0,17004.0,17004.0,17004.0,17005.0,17005.0,17005.0,17005.0,17005.0,17005.0,17005.0,17006.0,17007.0,17007.0,17007.0,17007.0,17007.0,17008.0,17008.0,17008.0,17009.0,17009
PtEfJFOchnw,,,,,,,,,,,,,,,,,,,,,,,,,,,,,,,,,,,,,,,,,,,,,,,,,,,,,,,,,,,,,,,,,,,,,,,,,,,2336.0,3974.0,4311.0,4512.0,4219.0,4342.0,4458.0,4571.0,4635.0,4694.0,4750.0,4997.0,5065.0,5118.0,5150.0,5187.0,5203.0,5225.0,5247.0,5259.0,5280.0,5282.0,5293.0,5298.0,5302.0,5316.0,5324.0,5329.0,5336.0,5354.0,5369.0,5383.0,5392.0,5396.0,5405.0,5414.0,5425.0,5429.0,5435.0,5439.0,5443.0,5444.0,5448.0,5453.0,5455.0,5457.0,5460.0,5463.0,5468.0,5472.0,5473.0,5474.0,5477.0,5478.0,5479.0,5481.0,5482.0,5484.0,5484.0,5487.0,,,,,,,,,5496.0,5498.0,5500.0,5501.0,5503.0,5503.0,5503.0,5505.0,5505.0,5505.0,5505.0,5505.0,5509.0,5509.0,5509.0,5511.0,5513.0,5513.0,5513.0,5513.0,5513.0,5513.0,5515.0,5515.0,5516.0,5516.0,5517.0,5518.0,5518.0,5518.0,5519.0,5519.0,5521.0,5522.0,5522.0,5522.0,5522.0,5522.0,5524.0,5525.0,5526.0,5528.0,5528.0,5528.0,5531.0,5531.0,5533.0,5535.0,5535
dMtywt7svZU,,,,,,,,,,,,,,,,,,,,,,,,,,,,,,,,,,,,,,,,,,,,,,,,,,,,,,,,,,,,,,,,,,,,,,,,,,,934.0,5166.0,6170.0,6619.0,7128.0,7458.0,7801.0,8336.0,8627.0,8753.0,8837.0,8905.0,8985.0,9011.0,9061.0,9067.0,9088.0,9121.0,9140.0,9156.0,9188.0,9212.0,9227.0,9236.0,9242.0,9253.0,9266.0,9272.0,9282.0,9284.0,9289.0,9299.0,9305.0,9313.0,9318.0,9325.0,9338.0,9346.0,9355.0,9360.0,9369.0,9377.0,9383.0,9387.0,9392.0,9397.0,9406.0,9414.0,9416.0,9426.0,9428.0,9434.0,9435.0,9441.0,9442.0,9447.0,9452.0,9464.0,9468.0,9474.0,,,,,,,,,9518.0,9519.0,9522.0,9526.0,9527.0,9539.0,9551.0,9554.0,9556.0,9565.0,9567.0,9570.0,9578.0,9586.0,9595.0,9600.0,9609.0,9612.0,9615.0,9623.0,9637.0,9644.0,9644.0,9645.0,9645.0,9645.0,9646.0,9646.0,9648.0,9648.0,9650.0,9650.0,9651.0,9652.0,9653.0,9656.0,9656.0,9656.0,9657.0,9659.0,9660.0,9660.0,9665.0,9666.0,9669.0,9674.0,9684.0,9690.0,9699
hB5WXh-uqEY,,,,,,,,,,,,,,,,,,,,,,,,,,,,,,,,,,,,,,,,,,,,,,,,,,,,,,,,,,,,,,,,,,,,,,,,,,,0.0,2537.0,10097.0,18226.0,25726.0,33715.0,41754.0,51146.0,62282.0,72532.0,82862.0,93247.0,102973.0,113565.0,123524.0,123560.0,123631.0,123630.0,123673.0,123696.0,123735.0,123778.0,123821.0,123860.0,123891.0,123920.0,123948.0,123984.0,124010.0,124036.0,124062.0,124089.0,124106.0,124117.0,124131.0,124144.0,124159.0,124178.0,124195.0,124212.0,124232.0,124263.0,124285.0,124309.0,124322.0,124335.0,124352.0,124364.0,124374.0,124391.0,124400.0,124412.0,124421.0,124432.0,124447.0,124468.0,124480.0,124490.0,124496.0,124523.0,,,,,,,,,124627.0,124635.0,124650.0,124680.0,124684.0,124699.0,124711.0,124722.0,124738.0,124750.0,124762.0,124765.0,124780.0,124791.0,124807.0,124821.0,124839.0,124856.0,124867.0,124879.0,124885.0,124894.0,124901.0,124911.0,124923.0,124938.0,124968.0,124993.0,125004.0,125022.0,125031.0,125040.0,125049.0,125062.0,125075.0,125090.0,125102.0,125107.0,125121.0,125132.0,125143.0,125160.0,125173.0,125182.0,125194.0,125203.0,125219.0,125230.0,125250
lBlj0VSO49U,,,,,,,,,,,,,,,,,,,,,,,,,,,,,,,,,,,,,,,,,,,,,,,,,,,,,,,,,,,,,,,,,,,,,,,,,,,3376999.0,3378972.0,3380998.0,3383193.0,3385545.0,3387776.0,3389535.0,3391279.0,3393107.0,3395122.0,3397328.0,3399563.0,3401822.0,3403993.0,3405933.0,3407878.0,3409952.0,3412084.0,3414538.0,3416929.0,3419213.0,3421127.0,3423075.0,3424855.0,3426736.0,3428738.0,3430745.0,3432935.0,3435077.0,3437186.0,3439424.0,3441612.0,3443790.0,3446005.0,3448094.0,3450467.0,3452557.0,3454751.0,3456893.0,3459101.0,3461406.0,3463612.0,3465448.0,3467473.0,3469555.0,3471555.0,3473550.0,3475370.0,3477208.0,3478695.0,3480332.0,3482212.0,3483986.0,3485850.0,3487524.0,3489131.0,3490554.0,3491943.0,3493377.0,3494707.0,,,,,,,,,3507309.0,3508825.0,3510263.0,3511670.0,3513312.0,3514831.0,3516432.0,3518112.0,3519665.0,3521030.0,3522547.0,3524346.0,3526268.0,3528024.0,3529776.0,3531531.0,3533336.0,3535215.0,3537235.0,3539658.0,3542604.0,3545437.0,3548038.0,3550538.0,3553013.0,3555187.0,3557311.0,3559362.0,3561267.0,3562966.0,3564680.0,3566205.0,3568036.0,3569626.0,3571372.0,3573165.0,3574791.0,3576507.0,3578267.0,3580012.0,3581614.0,3583103.0,3584807.0,3586534.0,3588579.0,3590715.0,3592864.0,3595148.0,3597393
JcKRhtBLlww,,,,,,,,,,,,,,,,,,,,,,,,,,,,,,,,,,,,,,,,,,,,,,,,,,,,,,,,,,,,,,,,,,,,,,,,,,,7079.0,7090.0,7096.0,7100.0,7114.0,7125.0,7135.0,7148.0,7156.0,7169.0,7176.0,7183.0,7188.0,7193.0,7199.0,7204.0,7218.0,7235.0,7247.0,7256.0,7258.0,7266.0,7277.0,7284.0,7292.0,7306.0,7318.0,7325.0,7333.0,7341.0,7354.0,7359.0,7364.0,7370.0,7379.0,7386.0,7399.0,7408.0,7411.0,7419.0,7426.0,7433.0,7440.0,7448.0,7453.0,7456.0,7461.0,7467.0,7475.0,7486.0,7489.0,7494.0,7499.0,7503.0,7508.0,7514.0,7517.0,7528.0,7535.0,7541.0,,,,,,,,,7590.0,7594.0,7603.0,7608.0,7610.0,7613.0,7621.0,7625.0,7634.0,7638.0,7641.0,7651.0,7665.0,7670.0,7676.0,7685.0,7688.0,7694.0,7699.0,7703.0,7706.0,7714.0,7718.0,7722.0,7726.0,7731.0,7735.0,7740.0,7746.0,7751.0,7754.0,7761.0,7769.0,7775.0,7781.0,7788.0,7796.0,7802.0,7809.0,7823.0,7836.0,7839.0,7846.0,7852.0,7856.0,7866.0,7879.0,7883.0,7886
d8U6WJyQufo,,,,,,,,,,,,,,,,,,,,,,,,,,,,,,,,,,,,,,,,,,,,,,,,,,,,,,,,,,,,,,,,,,,,,,,,,,,55763.0,55878.0,56030.0,56161.0,56310.0,56444.0,56597.0,56723.0,56860.0,56968.0,57101.0,57192.0,57274.0,57370.0,57447.0,57583.0,57725.0,57826.0,57939.0,58065.0,58165.0,58272.0,58402.0,58522.0,58661.0,58806.0,58916.0,59008.0,59133.0,59216.0,59338.0,59471.0,59586.0,59701.0,59799.0,59907.0,60019.0,60144.0,60295.0,60409.0,60504.0,60622.0,60756.0,60891.0,61049.0,61248.0,61397.0,61526.0,61645.0,61758.0,61877.0,62003.0,62122.0,62263.0,62385.0,62492.0,62631.0,62736.0,62872.0,63043.0,,,,,,,,,64282.0,64387.0,64524.0,64640.0,64765.0,64899.0,65027.0,65143.0,65259.0,65438.0,65549.0,65692.0,65798.0,65944.0,66065.0,66176.0,66299.0,66401.0,66521.0,66603.0,66705.0,66793.0,66894.0,66994.0,67113.0,67214.0,67328.0,67456.0,67570.0,67707.0,67821.0,67946.0,68028.0,68167.0,68273.0,68410.0,68500.0,68623.0,68722.0,68868.0,69020.0,69155.0,69279.0,69421.0,69552.0,69671.0,69790.0,69912.0,70037
ANeKI8sKvgg,,,,,,,,,,,,,,,,,,,,,,,,,,,,,,,,,,,,,,,,,,,,,,,,,,,,,,,,,,,,,,,,,,,,,,,,,,,76239.0,81620.0,86958.0,95184.0,113319.0,126946.0,141485.0,155382.0,168622.0,178101.0,185288.0,191789.0,195317.0,198472.0,200887.0,202821.0,205805.0,208349.0,210967.0,213707.0,216297.0,218474.0,220041.0,221876.0,223453.0,224521.0,225740.0,227030.0,228261.0,229252.0,230154.0,231105.0,231985.0,233093.0,233907.0,234611.0,235238.0,235801.0,236365.0,236908.0,237579.0,238200.0,238605.0,239128.0,239582.0,240328.0,241155.0,242178.0,242887.0,243502.0,244004.0,244555.0,245157.0,245718.0,246332.0,246988.0,247396.0,247873.0,248280.0,248642.0,,,,,,,,,253301.0,253898.0,254213.0,254472.0,254687.0,254901.0,255067.0,255185.0,255301.0,255408.0,255539.0,255640.0,255751.0,255838.0,255926.0,256009.0,256089.0,256176.0,256250.0,256321.0,256388.0,256464.0,256544.0,256623.0,256694.0,256741.0,256834.0,256939.0,257020.0,257079.0,257160.0,257216.0,257292.0,257367.0,257449.0,257576.0,257654.0,257713.0,257804.0,257871.0,257957.0,258041.0,258098.0,258155.0,258216.0,258273.0,258336.0,258381.0,258442
COv0zahhjVQ,,,,,,,,,,,,,,,,,,,,,,,,,,,,,,,,,,,,,,,,,,,,,,,,,,,,,,,,,,,,,,,,,,,,,,,,,,,1757109.0,1759911.0,1762680.0,1764837.0,1767189.0,1769086.0,1770782.0,1772198.0,1773344.0,1774500.0,1775455.0,1776367.0,1777382.0,1778283.0,1778984.0,1779634.0,1780421.0,1781124.0,1781991.0,1782749.0,1783435.0,1783885.0,1784331.0,1784762.0,1785196.0,1785554.0,1785939.0,1786275.0,1786624.0,1786972.0,1787213.0,1787560.0,1787785.0,1788180.0,1788526.0,1788758.0,1789070.0,1789311.0,1789622.0,1789940.0,1790190.0,1790454.0,1790630.0,1790844.0,1791033.0,1791214.0,1791414.0,1791621.0,1791787.0,1791934.0,1792107.0,1792280.0,1792471.0,1792660.0,1792821.0,1792993.0,1793133.0,1793294.0,1793434.0,1793595.0,,,,,,,,,1795012.0,1795211.0,1795335.0,1795511.0,1795645.0,1795787.0,1795933.0,1796094.0,1796259.0,1796403.0,1796562.0,1796719.0,1796865.0,1797005.0,1797186.0,1797375.0,1797506.0,1797640.0,1797793.0,1797960.0,1798182.0,1798372.0,1798568.0,1798748.0,1798951.0,1799119.0,1799302.0,1799464.0,1799592.0,1799752.0,1799905.0,1800046.0,1800220.0,1800334.0,1800495.0,1800614.0,1800764.0,1800908.0,1801031.0,1801158.0,1801319.0,1801416.0,1801564.0,1801707.0,1801819.0,1801958.0,1802115.0,1802262.0,1802552
qMImzc1F7eM,,,,,,,,,,,,,,,,,,,,,,,,,,,,,,,,,,,,,,,,,,,,,,,,,,,,,,,,,,,,,,,,,,,,,,,,,,,2034145.0,2102980.0,2160383.0,2207736.0,2250703.0,2287335.0,2321197.0,2349408.0,2373235.0,2395060.0,2412385.0,2426639.0,2439403.0,2449947.0,2459722.0,2470363.0,2484331.0,2495038.0,2504820.0,2514355.0,2521798.0,2527345.0,2532663.0,2537794.0,2542429.0,2546747.0,2551328.0,2555236.0,2558587.0,2561820.0,2565035.0,2568217.0,2571295.0,2574497.0,2577493.0,2580133.0,2582739.0,2585183.0,2587312.0,2589582.0,2591806.0,2593569.0,2595287.0,2596871.0,2598453.0,2599872.0,2601463.0,2602925.0,2604219.0,2605389.0,2606524.0,2607740.0,2608915.0,2610185.0,2611430.0,2612522.0,2613582.0,2614593.0,2615599.0,2616561.0,,,,,,,,,2624737.0,2625593.0,2626380.0,2627167.0,2627909.0,2628716.0,2629546.0,2630481.0,2631227.0,2631817.0,2632476.0,2633179.0,2633939.0,2634627.0,2635377.0,2636122.0,2636849.0,2637557.0,2638298.0,2639218.0,2640909.0,2642133.0,2643462.0,2644625.0,2646089.0,2647400.0,2648724.0,2649931.0,2650960.0,2652011.0,2652853.0,2653878.0,2654767.0,2655627.0,2656501.0,2657390.0,2658060.0,2658879.0,2659725.0,2660637.0,2661518.0,2662335.0,2663187.0,2663898.0,2664576.0,2665345.0,2666142.0,2666977.0,2668359
PXbcw31LIQc,,,,,,,,,,,,,,,,,,,,,,,,,,,,,,,,,,,,,,,,,,,,,,,,,,,,,,,,,,,,,,,,,,,,,,,,,,,5272.0,15874.0,31345.0,47445.0,68713.0,105121.0,132137.0,162622.0,181765.0,195121.0,208232.0,221585.0,234608.0,245238.0,258624.0,271272.0,282697.0,292385.0,300685.0,309521.0,317922.0,328320.0,337377.0,345519.0,353794.0,360869.0,367209.0,372815.0,379724.0,386942.0,393394.0,400586.0,407874.0,415781.0,422514.0,429428.0,436274.0,443523.0,450323.0,457595.0,463343.0,467803.0,473913.0,480143.0,486266.0,496864.0,505198.0,512054.0,518833.0,525028.0,530344.0,535835.0,540678.0,545361.0,549064.0,552535.0,556779.0,560891.0,565640.0,570740.0,,,,,,,,,609571.0,613349.0,617577.0,621668.0,626192.0,631016.0,635633.0,640180.0,644494.0,649487.0,654729.0,659570.0,664873.0,670334.0,674498.0,678233.0,683129.0,687928.0,693315.0,697813.0,702011.0,706027.0,710010.0,714441.0,719055.0,723624.0,728133.0,732827.0,736999.0,740626.0,745206.0,749356.0,753361.0,757114.0,760802.0,764182.0,767057.0,770845.0,774803.0,778286.0,782053.0,786170.0,789379.0,792229.0,795694.0,799738.0,803873.0,807805.0,812094
5LFeRUt2qdo,,,,,,,,,,,,,,,,,,,,,,,,,,,,,,,,,,,,,,,,,,,,,,,,,,,,,,,,,,,,,,,,,,,,,,,,,,,2815.0,9406.0,13537.0,16682.0,19339.0,21225.0,22815.0,24746.0,26433.0,28016.0,29580.0,30830.0,32163.0,33379.0,34120.0,34663.0,35174.0,35651.0,36176.0,36546.0,36844.0,37268.0,37620.0,37954.0,38310.0,38649.0,38937.0,39209.0,39531.0,39811.0,40096.0,40347.0,40588.0,40859.0,41043.0,41243.0,41513.0,41704.0,41937.0,42194.0,42374.0,42569.0,42815.0,43046.0,43249.0,43483.0,43648.0,43787.0,43950.0,44106.0,44271.0,44394.0,44590.0,44747.0,44921.0,45108.0,45319.0,45475.0,45673.0,45899.0,,,,,,,,,48380.0,48616.0,48928.0,49091.0,49273.0,49508.0,49773.0,50098.0,50176.0,50320.0,50515.0,50710.0,50901.0,51043.0,51213.0,51362.0,51502.0,51683.0,51937.0,52179.0,52336.0,52475.0,52609.0,52820.0,52973.0,53168.0,53309.0,53505.0,53598.0,53715.0,53837.0,53960.0,54084.0,54190.0,54301.0,54443.0,54573.0,54732.0,54863.0,54971.0,55119.0,55230.0,55314.0,55403.0,55497.0,55609.0,55707.0,55835.0,56032
o549FUtEuTY,,,,,,,,,,,,,,,,,,,,,,,,,,,,,,,,,,,,,,,,,,,,,,,,,,,,,,,,,,,,,,,,,,,,,,,,,,,885.0,1376.0,2306.0,3530.0,5038.0,6086.0,6919.0,7385.0,7607.0,7840.0,8016.0,8238.0,8388.0,8470.0,8530.0,8600.0,8651.0,8693.0,8727.0,8752.0,8778.0,8799.0,8839.0,8864.0,8888.0,8913.0,8926.0,8943.0,8979.0,9011.0,9035.0,9057.0,9082.0,9097.0,9114.0,9132.0,9146.0,9163.0,9181.0,9205.0,9228.0,9260.0,9282.0,9305.0,9335.0,9360.0,9375.0,9396.0,9413.0,9427.0,9436.0,9452.0,9466.0,9480.0,9498.0,9510.0,9524.0,9539.0,9548.0,9563.0,,,,,,,,,9716.0,9726.0,9743.0,9752.0,9766.0,9776.0,9796.0,9814.0,9830.0,9842.0,9853.0,9872.0,9889.0,9912.0,9929.0,9938.0,9955.0,9965.0,9971.0,9988.0,9996.0,10003.0,10015.0,10028.0,10040.0,10047.0,10059.0,10071.0,10078.0,10093.0,10101.0,10113.0,10121.0,10133.0,10147.0,10156.0,10161.0,10166.0,10172.0,10175.0,10181.0,10185.0,10200.0,10206.0,10212.0,10219.0,10223.0,10230.0,10239
r3yuhtB1H8U,,,,,,,,,,,,,,,,,,,,,,,,,,,,,,,,,,,,,,,,,,,,,,,,,,,,,,,,,,,,,,,,,,,,,,,,,,,378167.0,1029215.0,1691398.0,1764426.0,1835222.0,1922710.0,1999424.0,2067664.0,2125505.0,2176976.0,2221822.0,2262772.0,2299100.0,2329383.0,2358740.0,2386365.0,2413241.0,2437811.0,2463300.0,2489279.0,2512200.0,2533479.0,2554251.0,2575275.0,2595900.0,2615714.0,2636243.0,2655066.0,2672613.0,2689257.0,2705095.0,2720091.0,2734481.0,2749179.0,2762680.0,2775533.0,2788025.0,2800055.0,2811561.0,2823296.0,2834849.0,2844988.0,2854308.0,2863776.0,2872965.0,2882358.0,2892222.0,2902032.0,2911392.0,2919449.0,2927124.0,2934582.0,2941920.0,2948951.0,2955963.0,2962347.0,2968773.0,2975018.0,2981650.0,2988056.0,,,,,,,,,3035388.0,3040314.0,3044886.0,3049194.0,3053487.0,3057674.0,3061549.0,3065724.0,3069938.0,3073892.0,3078016.0,3081748.0,3085899.0,3089990.0,3093903.0,3097569.0,3100967.0,3104661.0,3108371.0,3112382.0,3116316.0,3120084.0,3123993.0,3128115.0,3133652.0,3138202.0,3142251.0,3146234.0,3149897.0,3153341.0,3156730.0,3160330.0,3163913.0,3167212.0,3170302.0,3173434.0,3176384.0,3179519.0,3182869.0,3185956.0,3189172.0,3192399.0,3195712.0,3198846.0,3202192.0,3205578.0,3208833.0,3212071.0,3215176
Dbxfo8YBkYE,,,,,,,,,,,,,,,,,,,,,,,,,,,,,,,,,,,,,,,,,,,,,,,,,,,,,,,,,,,,,,,,,,,,,,,,,,,1429988.0,2441583.0,3335677.0,4195937.0,5044765.0,5896095.0,6725839.0,6897508.0,7000891.0,7098433.0,7185686.0,7264977.0,7341869.0,7410933.0,7474600.0,7533091.0,7588866.0,7641211.0,7691541.0,7745255.0,7797660.0,7839423.0,7880260.0,7919535.0,7956561.0,7991055.0,8029999.0,8072612.0,8108929.0,8141223.0,8172263.0,8202287.0,8232930.0,8266819.0,8300063.0,8327985.0,8356095.0,8382317.0,8407607.0,8432500.0,8459807.0,8485987.0,8509415.0,8533568.0,8555846.0,8576122.0,8597815.0,8621555.0,8645319.0,8665486.0,8687083.0,8708488.0,8728756.0,8748067.0,8767468.0,8785805.0,8802666.0,8818012.0,8833293.0,8848266.0,,,,,,,,,9003303.0,9021417.0,9035597.0,9049095.0,9063000.0,9076040.0,9089070.0,9103444.0,9118333.0,9131948.0,9143778.0,9155227.0,9168449.0,9180909.0,9195029.0,9208221.0,9220807.0,9231945.0,9243110.0,9253472.0,9263841.0,9275840.0,9288824.0,9299594.0,9310068.0,9321141.0,9332129.0,9343643.0,9355713.0,9367742.0,9378949.0,9388738.0,9398749.0,9408397.0,9418268.0,9428932.0,9440381.0,9449800.0,9459842.0,9469727.0,9479691.0,9489541.0,9500713.0,9512169.0,9522015.0,9531462.0,9540951.0,9550698.0,9560507
-BX7DpABCbE,,,,,,,,,,,,,,,,,,,,,,,,,,,,,,,,,,,,,,,,,,,,,,,,,,,,,,,,,,,,,,,,,,,,,,,,,,,8630.0,75559.0,118148.0,167783.0,232965.0,300563.0,368783.0,453635.0,527467.0,599112.0,666070.0,733749.0,797013.0,852575.0,920307.0,987989.0,1052301.0,1114385.0,1177327.0,1232989.0,1283744.0,1342213.0,1396144.0,1443297.0,1487371.0,1528302.0,1565839.0,1602958.0,1646549.0,1688212.0,1727970.0,1777439.0,1827024.0,1872734.0,1916304.0,1966884.0,2014902.0,2059881.0,2105122.0,2149720.0,2191705.0,2226615.0,2265998.0,2306207.0,2347109.0,2387965.0,2426312.0,2464056.0,2500546.0,2535893.0,2571626.0,2609966.0,2648849.0,2689336.0,2728253.0,2765297.0,2807792.0,2851732.0,2895720.0,2938344.0,,,,,,,,,3273083.0,3306525.0,3342920.0,3379013.0,3414392.0,3450386.0,3487727.0,3521758.0,3554324.0,3588127.0,3622951.0,3657485.0,3694049.0,3729454.0,3762600.0,3793738.0,3827890.0,3861751.0,3895949.0,3927819.0,3958553.0,3987660.0,4016735.0,4046737.0,4077395.0,4107859.0,4139347.0,4171511.0,4201049.0,4230269.0,4261915.0,4293951.0,4326606.0,4357738.0,4388878.0,4420796.0,4453424.0,4489858.0,4528180.0,4566439.0,4605285.0,4643244.0,4680893.0,4719307.0,4762751.0,4809744.0,4857125.0,4904788.0,4951994
4PGX1ZYvzvo,,,,,,,,,,,,,,,,,,,,,,,,,,,,,,,,,,,,,,,,,,,,,,,,,,,,,,,,,,,,,,,,,,,,,,,,,,,109898.0,1092333.0,1750492.0,2440122.0,3037638.0,3096151.0,3146128.0,3192017.0,3228822.0,3254319.0,3275312.0,3295558.0,3315396.0,3332973.0,3354283.0,3382927.0,3405184.0,3422698.0,3439516.0,3455118.0,3469705.0,3482900.0,3495415.0,3506715.0,3517621.0,3527466.0,3538244.0,3548290.0,3557136.0,3565799.0,3573864.0,3581737.0,3589550.0,3596981.0,3604136.0,3610783.0,3617802.0,3624093.0,3629793.0,3635403.0,3641159.0,3646736.0,3652042.0,3657174.0,3661927.0,3666273.0,3670825.0,3675431.0,3679989.0,3684322.0,3688411.0,3692300.0,3696309.0,3700339.0,3704334.0,3708428.0,3712108.0,3715691.0,3719322.0,3722745.0,,,,,,,,,3751490.0,3754846.0,3757885.0,3760746.0,3763863.0,3766780.0,3769850.0,3773120.0,3776866.0,3780430.0,3784021.0,3787533.0,3791205.0,3795151.0,3799161.0,3803034.0,3806797.0,3810004.0,3813228.0,3816369.0,3820537.0,3825365.0,3829871.0,3833841.0,3837764.0,3841514.0,3845303.0,3849213.0,3852921.0,3856397.0,3859841.0,3863134.0,3866408.0,3869655.0,3872811.0,3876043.0,3879095.0,3882036.0,3885217.0,3888292.0,3891456.0,3894559.0,3897744.0,3901293.0,3904773.0,3908164.0,3911511.0,3914877.0,3918289
gJTMPX28nE4,,,,,,,,,,,,,,,,,,,,,,,,,,,,,,,,,,,,,,,,,,,,,,,,,,,,,,,,,,,,,,,,,,,,,,,,,,,,1960.0,1984.0,1999.0,2014.0,2023.0,2043.0,2060.0,2070.0,2075.0,2087.0,2099.0,2108.0,2118.0,2129.0,2144.0,2159.0,2171.0,2177.0,2189.0,2195.0,2200.0,2206.0,2215.0,2225.0,2232.0,2242.0,2256.0,2265.0,2274.0,2283.0,2292.0,2301.0,2312.0,2323.0,2330.0,2352.0,2370.0,2387.0,2419.0,2436.0,2466.0,2477.0,2482.0,2494.0,2500.0,2506.0,2512.0,2519.0,2526.0,2529.0,2535.0,2550.0,2568.0,2589.0,2602.0,2616.0,2624.0,2634.0,2640.0,,,,,,,,,2702.0,2704.0,2708.0,2715.0,2719.0,2729.0,2741.0,2753.0,2755.0,2757.0,2758.0,2762.0,2771.0,2771.0,2778.0,2780.0,2786.0,2789.0,2791.0,2795.0,2797.0,2800.0,2801.0,2803.0,2803.0,2808.0,2809.0,2813.0,2816.0,2819.0,2822.0,2823.0,2825.0,2830.0,2833.0,2833.0,2834.0,2840.0,2843.0,2846.0,2848.0,2851.0,2854.0,2859.0,2860.0,2863.0,2865.0,2867.0,2869
rSwsQR41qtk,,,,,,,,,,,,,,,,,,,,,,,,,,,,,,,,,,,,,,,,,,,,,,,,,,,,,,,,,,,,,,,,,,,,,,,,,,,,,26924.0,35109.0,39056.0,40445.0,41587.0,42571.0,43314.0,43698.0,43953.0,44126.0,44297.0,44408.0,44552.0,44647.0,44716.0,44794.0,44889.0,44985.0,45087.0,45183.0,45304.0,45398.0,45472.0,45521.0,45567.0,45627.0,45674.0,45720.0,45754.0,45814.0,45847.0,45893.0,45947.0,45996.0,46065.0,46110.0,46171.0,46210.0,46270.0,46295.0,46342.0,46381.0,46416.0,46462.0,46482.0,46503.0,46525.0,46556.0,46579.0,46596.0,46613.0,46629.0,46641.0,46664.0,46688.0,46706.0,46719.0,46738.0,,,,,,,,,46907.0,46926.0,46949.0,46963.0,46976.0,46990.0,47004.0,47009.0,47024.0,47033.0,47048.0,47058.0,47069.0,47080.0,47096.0,47109.0,47119.0,47131.0,47138.0,47151.0,47159.0,47171.0,47180.0,47193.0,47206.0,47218.0,47223.0,47229.0,47245.0,47254.0,47270.0,47284.0,47298.0,47308.0,47318.0,47322.0,47330.0,47340.0,47350.0,47354.0,47358.0,47360.0,47367.0,47380.0,47390.0,47402.0,47407.0,47417.0,47426
5mG5Vn9gub0,,,,,,,,,,,,,,,,,,,,,,,,,,,,,,,,,,,,,,,,,,,,,,,,,,,,,,,,,,,,,,,,,,,,,,,,,,,,,54598.0,55492.0,56684.0,57901.0,58876.0,59842.0,60916.0,62212.0,63453.0,64842.0,65962.0,66871.0,67960.0,69008.0,70167.0,71292.0,72374.0,73704.0,74735.0,75816.0,76871.0,77741.0,78720.0,79787.0,80725.0,81686.0,83014.0,83891.0,84750.0,85531.0,86279.0,87093.0,87767.0,88426.0,89221.0,89903.0,90734.0,91619.0,92485.0,93126.0,94042.0,95016.0,95958.0,96850.0,97718.0,98416.0,99042.0,99580.0,100203.0,100918.0,101594.0,102357.0,103058.0,103710.0,104396.0,105204.0,106026.0,106828.0,,,,,,,,,115284.0,116153.0,117064.0,118108.0,118944.0,120311.0,121340.0,122429.0,123268.0,124131.0,125146.0,126355.0,127566.0,128677.0,129578.0,130537.0,131457.0,132687.0,133694.0,134606.0,135505.0,136143.0,136685.0,137500.0,138202.0,139156.0,140076.0,140960.0,141731.0,142350.0,143011.0,143819.0,144628.0,145380.0,146147.0,146824.0,147452.0,148274.0,149041.0,149814.0,150522.0,151374.0,152069.0,152642.0,153477.0,154256.0,155084.0,155913.0,156851
ysxoSeG0wA4,,,,,,,,,,,,,,,,,,,,,,,,,,,,,,,,,,,,,,,,,,,,,,,,,,,,,,,,,,,,,,,,,,,,,,,,,,,,,9025.0,16228.0,20090.0,23078.0,25862.0,28582.0,31296.0,33825.0,35496.0,36875.0,37939.0,38694.0,39689.0,40631.0,41444.0,42344.0,43222.0,44148.0,44901.0,45692.0,46284.0,47047.0,47569.0,48176.0,48671.0,49060.0,49512.0,49940.0,50503.0,50950.0,51452.0,51887.0,52228.0,52766.0,53223.0,53718.0,54165.0,54562.0,54971.0,55277.0,55705.0,56022.0,56400.0,56709.0,57098.0,57432.0,57790.0,58138.0,58442.0,58839.0,59252.0,59636.0,60155.0,60576.0,61033.0,61421.0,61830.0,62191.0,,,,,,,,,65439.0,65791.0,66101.0,66481.0,66851.0,67225.0,67582.0,67859.0,68257.0,68567.0,68903.0,69220.0,69590.0,69920.0,70194.0,70382.0,70623.0,70940.0,71163.0,71477.0,71748.0,72006.0,72288.0,72653.0,72911.0,73188.0,73490.0,73794.0,74035.0,74311.0,74591.0,74836.0,75068.0,75285.0,75476.0,75718.0,75906.0,76082.0,76304.0,76557.0,76761.0,77027.0,77278.0,77471.0,77728.0,77941.0,78168.0,78365.0,78655
543Tuz77kuQ,,,,,,,,,,,,,,,,,,,,,,,,,,,,,,,,,,,,,,,,,,,,,,,,,,,,,,,,,,,,,,,,,,,,,,,,,,,,,121811.0,122320.0,122776.0,123241.0,123743.0,124290.0,124822.0,125287.0,125715.0,126176.0,126450.0,126777.0,127215.0,127830.0,128318.0,128699.0,129136.0,129478.0,129772.0,130110.0,130471.0,130980.0,131388.0,131713.0,132005.0,132275.0,132564.0,132839.0,133147.0,133485.0,134025.0,134459.0,134861.0,135134.0,135387.0,135640.0,135874.0,136089.0,136334.0,136532.0,136807.0,137033.0,137246.0,137526.0,137777.0,138050.0,138308.0,138502.0,138752.0,139001.0,139248.0,139516.0,139795.0,140042.0,140279.0,140575.0,140838.0,141132.0,,,,,,,,,143327.0,143579.0,143834.0,144112.0,144341.0,144645.0,144939.0,145212.0,145470.0,145775.0,146089.0,146371.0,146664.0,147004.0,147215.0,147487.0,147758.0,148060.0,148384.0,148636.0,148955.0,149182.0,149475.0,149734.0,150007.0,150245.0,150590.0,150889.0,151108.0,151354.0,151580.0,151752.0,151959.0,152180.0,152409.0,152635.0,152822.0,153043.0,153205.0,153434.0,153664.0,153937.0,154158.0,154346.0,154591.0,154835.0,155073.0,155286.0,155520
Di9dg4sapqw,,,,,,,,,,,,,,,,,,,,,,,,,,,,,,,,,,,,,,,,,,,,,,,,,,,,,,,,,,,,,,,,,,,,,,,,,,,,,60371.0,60606.0,60812.0,60988.0,61157.0,61335.0,61485.0,61749.0,61972.0,62204.0,62364.0,62515.0,62709.0,62913.0,63098.0,63293.0,63499.0,63662.0,63809.0,63982.0,64182.0,64335.0,64514.0,64684.0,64820.0,64953.0,65069.0,65225.0,65390.0,65564.0,65736.0,65914.0,66032.0,66199.0,66394.0,66580.0,66749.0,66894.0,67057.0,67158.0,67300.0,67466.0,67589.0,67742.0,67869.0,68010.0,68109.0,68222.0,68320.0,68438.0,68555.0,68654.0,68758.0,68896.0,69012.0,69128.0,69264.0,69398.0,,,,,,,,,70464.0,70536.0,70624.0,70746.0,70860.0,70962.0,71118.0,71212.0,71320.0,71431.0,71557.0,71685.0,71840.0,71994.0,72114.0,72240.0,72344.0,72486.0,72630.0,72758.0,72920.0,73019.0,73118.0,73223.0,73332.0,73441.0,73556.0,73704.0,73832.0,73956.0,74095.0,74214.0,74335.0,74452.0,74569.0,74677.0,74780.0,74899.0,75008.0,75103.0,75204.0,75324.0,75420.0,75514.0,75614.0,75724.0,75816.0,75929.0,76018
bjoG5hSIkNY,,,,,,,,,,,,,,,,,,,,,,,,,,,,,,,,,,,,,,,,,,,,,,,,,,,,,,,,,,,,,,,,,,,,,,,,,,,,,58271.0,58595.0,58880.0,59102.0,59253.0,59446.0,59638.0,59860.0,60090.0,60279.0,60456.0,60614.0,60780.0,60915.0,61094.0,61283.0,61441.0,61599.0,61757.0,61911.0,62090.0,62314.0,62463.0,62642.0,62770.0,62914.0,63036.0,63198.0,63331.0,63444.0,63599.0,63709.0,63849.0,63951.0,64092.0,64202.0,64352.0,64489.0,64621.0,64729.0,64837.0,64994.0,65155.0,65331.0,65454.0,65584.0,65680.0,65778.0,65923.0,66076.0,66210.0,66401.0,66512.0,66698.0,66839.0,66985.0,67122.0,67278.0,,,,,,,,,68558.0,68701.0,68838.0,68971.0,69086.0,69231.0,69343.0,69465.0,69575.0,69720.0,69889.0,70060.0,70311.0,70482.0,70640.0,70773.0,70942.0,71091.0,71282.0,71432.0,71582.0,71668.0,71774.0,71873.0,71978.0,72129.0,72273.0,72444.0,72575.0,72695.0,72856.0,73010.0,73168.0,73345.0,73469.0,73619.0,73719.0,73846.0,73992.0,74117.0,74253.0,74397.0,74499.0,74600.0,74721.0,74821.0,74948.0,75078.0,75238
dtP_T9MtZGc,,,,,,,,,,,,,,,,,,,,,,,,,,,,,,,,,,,,,,,,,,,,,,,,,,,,,,,,,,,,,,,,,,,,,,,,,,,,,130396.0,183611.0,261632.0,323277.0,372445.0,422700.0,451070.0,477037.0,499498.0,520430.0,538835.0,554479.0,569140.0,582626.0,596642.0,610263.0,623164.0,635045.0,646707.0,657699.0,669127.0,681811.0,694238.0,705592.0,715992.0,727232.0,738369.0,748862.0,758513.0,768329.0,778438.0,787687.0,797089.0,807171.0,816391.0,826517.0,836015.0,844716.0,852498.0,859499.0,867296.0,875647.0,883575.0,892048.0,899921.0,905709.0,911156.0,917713.0,924575.0,931269.0,937723.0,944318.0,949987.0,955433.0,961352.0,966927.0,972287.0,977855.0,,,,,,,,,1036479.0,1042535.0,1048855.0,1055246.0,1061580.0,1068019.0,1073966.0,1079514.0,1085632.0,1091454.0,1097316.0,1103011.0,1109148.0,1114724.0,1120152.0,1125288.0,1130244.0,1135038.0,1139892.0,1144180.0,1148435.0,1152699.0,1156874.0,1161186.0,1165806.0,1170261.0,1174220.0,1178382.0,1181982.0,1185711.0,1189568.0,1193553.0,1197473.0,1201356.0,1205460.0,1209088.0,1212498.0,1216451.0,1220675.0,1224265.0,1228324.0,1232494.0,1236191.0,1239492.0,1243237.0,1247082.0,1250796.0,1254764.0,1258664
t7VnzHhVIEQ,,,,,,,,,,,,,,,,,,,,,,,,,,,,,,,,,,,,,,,,,,,,,,,,,,,,,,,,,,,,,,,,,,,,,,,,,,,,,3695.0,3819.0,3981.0,4109.0,4204.0,4303.0,4415.0,4523.0,4630.0,4736.0,4809.0,4867.0,4969.0,5072.0,5136.0,5192.0,5262.0,5329.0,5381.0,5459.0,5508.0,5606.0,5658.0,5716.0,5749.0,5808.0,5866.0,5920.0,5975.0,6011.0,6071.0,6137.0,6189.0,6260.0,6306.0,6354.0,6409.0,6448.0,6494.0,6542.0,6617.0,6673.0,6734.0,6796.0,6841.0,6882.0,6939.0,6984.0,7028.0,7067.0,7108.0,7142.0,7201.0,7250.0,7309.0,7374.0,7428.0,7499.0,,,,,,,,,7965.0,8003.0,8060.0,8117.0,8168.0,8221.0,8285.0,8325.0,8370.0,8403.0,8450.0,8522.0,8572.0,8604.0,8637.0,8665.0,8711.0,8761.0,8800.0,8839.0,8875.0,8904.0,8922.0,8950.0,8975.0,8994.0,9022.0,9045.0,9073.0,9118.0,9163.0,9198.0,9207.0,9235.0,9254.0,9299.0,9334.0,9384.0,9431.0,9472.0,9530.0,9592.0,9648.0,9708.0,9765.0,9814.0,9878.0,9929.0,9996
QBvRd074P4M,,,,,,,,,,,,,,,,,,,,,,,,,,,,,,,,,,,,,,,,,,,,,,,,,,,,,,,,,,,,,,,,,,,,,,,,,,,,,,10250.0,16459.0,21818.0,22352.0,22517.0,22820.0,23028.0,23221.0,23406.0,23583.0,23612.0,23826.0,23813.0,23862.0,23884.0,23902.0,23949.0,24001.0,24050.0,24073.0,24102.0,24128.0,24183.0,24241.0,24267.0,24314.0,24342.0,24370.0,24396.0,24437.0,24474.0,24509.0,24546.0,24572.0,24586.0,24606.0,24642.0,24685.0,24707.0,24732.0,24767.0,24782.0,24796.0,24808.0,24817.0,24830.0,24836.0,24850.0,24863.0,24878.0,24891.0,24905.0,24910.0,24914.0,24918.0,24925.0,24937.0,,,,,,,,,24993.0,25005.0,25013.0,25019.0,25023.0,25027.0,25040.0,25048.0,25064.0,25087.0,25103.0,25118.0,25129.0,25143.0,25152.0,25161.0,25178.0,25190.0,25200.0,25212.0,25219.0,25226.0,25232.0,25236.0,25244.0,25248.0,25258.0,25266.0,25277.0,25281.0,25292.0,25304.0,25309.0,25318.0,25326.0,25331.0,25344.0,25357.0,25365.0,25377.0,25393.0,25410.0,25422.0,25429.0,25436.0,25447.0,25452.0,25457.0,25466
8t6U15ABwAo,,,,,,,,,,,,,,,,,,,,,,,,,,,,,,,,,,,,,,,,,,,,,,,,,,,,,,,,,,,,,,,,,,,,,,,,,,,,,,4330.0,7670.0,7998.0,8142.0,8247.0,8323.0,8450.0,8455.0,8492.0,8522.0,8552.0,8565.0,8585.0,8601.0,8619.0,8637.0,8658.0,8666.0,8682.0,8690.0,8712.0,8731.0,8740.0,8751.0,8762.0,8769.0,8779.0,8788.0,8804.0,8816.0,8830.0,8839.0,8850.0,8860.0,8872.0,8887.0,8897.0,8903.0,8910.0,8919.0,8928.0,8933.0,8940.0,8951.0,8956.0,8964.0,8974.0,8981.0,8987.0,8991.0,8992.0,8996.0,9003.0,9008.0,9018.0,9024.0,9031.0,,,,,,,,,9086.0,9092.0,9098.0,9105.0,9117.0,9129.0,9140.0,9145.0,9153.0,9161.0,9164.0,9170.0,9183.0,9192.0,9198.0,9203.0,9210.0,9215.0,9217.0,9221.0,9223.0,9226.0,9229.0,9233.0,9239.0,9242.0,9247.0,9250.0,9257.0,9265.0,9272.0,9276.0,9277.0,9280.0,9285.0,9286.0,9290.0,9292.0,9301.0,9303.0,9308.0,9313.0,9317.0,9321.0,9322.0,9323.0,9328.0,9329.0,9330
qmAMfh_mbBA,,,,,,,,,,,,,,,,,,,,,,,,,,,,,,,,,,,,,,,,,,,,,,,,,,,,,,,,,,,,,,,,,,,,,,,,,,,,,,222782.0,247919.0,264113.0,275296.0,283323.0,290280.0,296634.0,303711.0,310615.0,317207.0,322416.0,327042.0,331382.0,335181.0,338859.0,341947.0,343687.0,344865.0,345752.0,346522.0,347095.0,347598.0,348086.0,348528.0,349047.0,349444.0,349854.0,350201.0,350532.0,350833.0,351233.0,351575.0,351814.0,352111.0,352385.0,352631.0,352914.0,353182.0,353438.0,353652.0,353852.0,354031.0,354244.0,354423.0,354585.0,354735.0,354886.0,355034.0,355213.0,355375.0,355475.0,355628.0,355797.0,355935.0,356054.0,356200.0,356353.0,,,,,,,,,357247.0,357378.0,357493.0,357607.0,357733.0,357826.0,357904.0,358031.0,358142.0,358246.0,358396.0,358512.0,358605.0,358702.0,358830.0,358950.0,359031.0,359144.0,359228.0,359330.0,359425.0,359542.0,359658.0,359780.0,359867.0,359976.0,360083.0,360186.0,360268.0,360382.0,360476.0,360599.0,360698.0,360798.0,360877.0,360957.0,361077.0,361157.0,361251.0,361320.0,361399.0,361481.0,361569.0,361631.0,361704.0,361776.0,361865.0,361945.0,362007
HCdLEiXoxwg,,,,,,,,,,,,,,,,,,,,,,,,,,,,,,,,,,,,,,,,,,,,,,,,,,,,,,,,,,,,,,,,,,,,,,,,,,,,,,6906184.0,6920236.0,6933858.0,6945971.0,6958069.0,6969822.0,6981998.0,6994005.0,7005670.0,7018293.0,7029646.0,7040051.0,7050290.0,7061196.0,7072128.0,7083157.0,7094545.0,7104766.0,7115079.0,7126204.0,7136854.0,7147670.0,7159297.0,7172751.0,7185695.0,7198004.0,7208356.0,7218678.0,7228876.0,7239083.0,7250879.0,7262133.0,7273061.0,7284931.0,7295205.0,7305308.0,7315019.0,7325422.0,7334808.0,7342913.0,7350971.0,7359007.0,7366998.0,7374899.0,7383626.0,7391627.0,7398959.0,7406782.0,7414537.0,7421601.0,7429397.0,7437937.0,7446197.0,7454893.0,7464202.0,7472843.0,7480972.0,,,,,,,,,7565701.0,7575268.0,7583562.0,7591519.0,7599749.0,7608178.0,7616046.0,7624829.0,7636323.0,7647313.0,7657794.0,7668310.0,7679888.0,7691390.0,7705775.0,7718079.0,7729978.0,7742264.0,7754258.0,7763785.0,7773649.0,7784855.0,7793988.0,7801781.0,7810267.0,7817821.0,7825910.0,7834264.0,7843326.0,7851925.0,7859969.0,7867145.0,7874439.0,7882088.0,7889625.0,7898218.0,7905825.0,7912927.0,7920171.0,7927404.0,7934719.0,7943338.0,7955097.0,7965053.0,7973766.0,7982455.0,7991324.0,8000083.0,8008787
qjLFT42CtNM,,,,,,,,,,,,,,,,,,,,,,,,,,,,,,,,,,,,,,,,,,,,,,,,,,,,,,,,,,,,,,,,,,,,,,,,,,,,,,89083.0,89819.0,90381.0,91014.0,91685.0,92373.0,93109.0,93805.0,94499.0,95145.0,95765.0,96469.0,97267.0,97958.0,98809.0,99605.0,100270.0,100800.0,101520.0,102345.0,103051.0,103852.0,104606.0,105342.0,105931.0,106647.0,107516.0,108526.0,109357.0,110195.0,111016.0,111726.0,112551.0,113325.0,114342.0,115309.0,116273.0,117034.0,117544.0,118287.0,119058.0,119714.0,120597.0,121841.0,123020.0,124061.0,125292.0,126556.0,127688.0,128705.0,129812.0,130884.0,131828.0,132902.0,134093.0,135143.0,136198.0,,,,,,,,,144277.0,145148.0,146041.0,147034.0,148041.0,149250.0,150159.0,151021.0,151935.0,153000.0,153998.0,155075.0,156264.0,157245.0,158425.0,159433.0,160621.0,161818.0,162967.0,163887.0,164766.0,165308.0,166282.0,167006.0,168002.0,169027.0,170052.0,170956.0,171800.0,172435.0,173446.0,174459.0,175283.0,176204.0,177140.0,177897.0,178655.0,179418.0,180264.0,181271.0,182182.0,183093.0,184025.0,184809.0,185599.0,186510.0,187290.0,188179.0,189051
1Bq4sBl80zw,,,,,,,,,,,,,,,,,,,,,,,,,,,,,,,,,,,,,,,,,,,,,,,,,,,,,,,,,,,,,,,,,,,,,,,,,,,,,,959234.0,965249.0,970967.0,976615.0,982041.0,986881.0,991862.0,993719.0,995696.0,997699.0,999558.0,1001712.0,1004067.0,1006418.0,1009073.0,1011505.0,1013951.0,1016237.0,1018125.0,1019824.0,1021654.0,1023358.0,1025061.0,1026887.0,1028519.0,1030025.0,1031316.0,1032637.0,1033926.0,1035292.0,1036712.0,1037871.0,1039173.0,1040472.0,1041969.0,1043344.0,1044719.0,1045930.0,1046994.0,1048066.0,1049176.0,1050312.0,1051393.0,1052421.0,1053401.0,1054422.0,1055409.0,1056314.0,1057291.0,1058276.0,1059221.0,1060236.0,1061084.0,1062057.0,1062972.0,1063869.0,1064745.0,,,,,,,,,1072090.0,1072825.0,1073509.0,1074204.0,1075007.0,1075711.0,1076785.0,1077772.0,1078715.0,1079672.0,1080593.0,1081542.0,1082630.0,1083535.0,1084400.0,1085231.0,1086046.0,1086860.0,1087685.0,1088418.0,1089069.0,1089685.0,1090267.0,1090789.0,1091433.0,1092039.0,1092622.0,1093268.0,1093872.0,1094492.0,1095162.0,1095850.0,1096573.0,1097210.0,1097841.0,1098465.0,1099069.0,1099653.0,1100231.0,1100766.0,1101336.0,1101899.0,1102431.0,1102871.0,1103457.0,1103970.0,1104481.0,1104985.0,1105490
4TTI8UR7kTE,,,,,,,,,,,,,,,,,,,,,,,,,,,,,,,,,,,,,,,,,,,,,,,,,,,,,,,,,,,,,,,,,,,,,,,,,,,,,,27268.0,196937.0,366119.0,516375.0,644934.0,783249.0,913059.0,1027773.0,1131558.0,1223349.0,1288392.0,1295626.0,1305717.0,1301402.0,1302870.0,1305086.0,1307405.0,1309874.0,1311497.0,1312869.0,1314105.0,1315293.0,1316329.0,1317472.0,1318540.0,1319602.0,1320521.0,1321473.0,1322378.0,1323255.0,1324119.0,1325017.0,1325822.0,1326626.0,1327442.0,1328286.0,1329191.0,1329991.0,1330753.0,1331529.0,1332317.0,1333055.0,1340796.0,1345776.0,1347645.0,1349173.0,1350229.0,1351493.0,1352515.0,1353475.0,1354524.0,1355601.0,1357112.0,1358423.0,1359672.0,1360823.0,1361806.0,,,,,,,,,1369545.0,1370180.0,1370782.0,1371340.0,1371897.0,1372468.0,1373017.0,1373537.0,1374055.0,1374522.0,1375010.0,1375491.0,1376013.0,1376461.0,1376899.0,1377366.0,1377732.0,1378193.0,1378656.0,1379086.0,1379546.0,1380000.0,1380482.0,1380909.0,1381324.0,1381747.0,1382168.0,1382566.0,1383045.0,1383432.0,1383806.0,1384145.0,1384557.0,1384944.0,1385334.0,1385738.0,1386122.0,1386478.0,1386867.0,1387261.0,1387608.0,1387937.0,1388231.0,1388576.0,1388900.0,1389254.0,1389581.0,1389919.0,1390303
QdyDEOaIfD0,,,,,,,,,,,,,,,,,,,,,,,,,,,,,,,,,,,,,,,,,,,,,,,,,,,,,,,,,,,,,,,,,,,,,,,,,,,,,,56228.0,57245.0,57711.0,58073.0,58483.0,58972.0,59464.0,59948.0,60353.0,60819.0,61193.0,61561.0,61959.0,62344.0,62707.0,63086.0,63418.0,63748.0,64096.0,64464.0,64834.0,65221.0,65550.0,65946.0,66310.0,66635.0,67050.0,67461.0,67807.0,68137.0,68486.0,68804.0,69185.0,69571.0,69991.0,70369.0,70692.0,71119.0,71447.0,71786.0,72168.0,72523.0,72938.0,73316.0,73695.0,74013.0,74381.0,74800.0,75157.0,75529.0,75868.0,76230.0,76653.0,77019.0,77394.0,77701.0,78015.0,,,,,,,,,80833.0,81205.0,81509.0,81823.0,82137.0,82486.0,82840.0,83115.0,83465.0,83853.0,84251.0,84579.0,84943.0,85278.0,85625.0,85995.0,86368.0,86855.0,87277.0,87692.0,88058.0,88465.0,88836.0,89173.0,89530.0,89847.0,90212.0,90581.0,90909.0,91270.0,91642.0,91970.0,92343.0,92673.0,92987.0,93288.0,93547.0,93807.0,94108.0,94401.0,94709.0,94943.0,95210.0,95486.0,95747.0,96096.0,96463.0,96776.0,97145
14jEbOcA6so,,,,,,,,,,,,,,,,,,,,,,,,,,,,,,,,,,,,,,,,,,,,,,,,,,,,,,,,,,,,,,,,,,,,,,,,,,,,,,19139.0,29187.0,34927.0,37898.0,40462.0,43371.0,46136.0,47663.0,48874.0,49786.0,50520.0,51285.0,51973.0,52559.0,52976.0,53457.0,53905.0,54282.0,54632.0,55019.0,55362.0,55654.0,55959.0,56282.0,56596.0,56916.0,57160.0,57473.0,57743.0,58001.0,58244.0,58448.0,58712.0,58914.0,59124.0,59339.0,59578.0,59786.0,59991.0,60151.0,60309.0,60510.0,60736.0,60885.0,61018.0,61212.0,61365.0,61514.0,61681.0,61833.0,61986.0,62156.0,62335.0,62496.0,62659.0,62797.0,63001.0,,,,,,,,,64444.0,64594.0,64761.0,64919.0,65089.0,65256.0,65397.0,65553.0,65722.0,65898.0,66122.0,66382.0,66769.0,67070.0,67361.0,67656.0,67904.0,68155.0,68432.0,68690.0,68932.0,69165.0,69436.0,69683.0,69981.0,70198.0,70466.0,70712.0,70941.0,71167.0,71368.0,71589.0,71747.0,71952.0,72156.0,72397.0,72605.0,72810.0,73028.0,73182.0,73348.0,73510.0,73726.0,73933.0,74142.0,74338.0,74514.0,74720.0,74872
EmLau82WDM8,,,,,,,,,,,,,,,,,,,,,,,,,,,,,,,,,,,,,,,,,,,,,,,,,,,,,,,,,,,,,,,,,,,,,,,,,,,,,,4608.0,4617.0,4619.0,4620.0,4627.0,4631.0,4643.0,4655.0,4660.0,4664.0,4667.0,4673.0,4676.0,4680.0,4682.0,4684.0,4688.0,4692.0,4694.0,4702.0,4708.0,4712.0,4718.0,4722.0,4724.0,4726.0,4729.0,4733.0,4740.0,4745.0,4747.0,4747.0,4750.0,4753.0,4754.0,4759.0,4763.0,4763.0,4764.0,4767.0,4768.0,4769.0,4771.0,4772.0,4774.0,4775.0,4775.0,4778.0,4780.0,4781.0,4782.0,4785.0,4787.0,4788.0,4788.0,4789.0,4789.0,,,,,,,,,4803.0,4804.0,4814.0,4840.0,4861.0,4862.0,4862.0,4864.0,4866.0,4868.0,4875.0,4876.0,4880.0,4881.0,4882.0,4885.0,4885.0,4888.0,4890.0,4892.0,4893.0,4893.0,4899.0,4907.0,4911.0,4913.0,4918.0,4919.0,4920.0,4920.0,4920.0,4923.0,4926.0,4927.0,4929.0,4930.0,4930.0,4934.0,4935.0,4936.0,4939.0,4939.0,4941.0,4942.0,4943.0,4944.0,4945.0,4948.0,4948
Cg6Yf2r1lrs,,,,,,,,,,,,,,,,,,,,,,,,,,,,,,,,,,,,,,,,,,,,,,,,,,,,,,,,,,,,,,,,,,,,,,,,,,,,,,2110773.0,2111264.0,2111706.0,2112037.0,2112316.0,2112531.0,2112734.0,2112881.0,2113022.0,2113132.0,2113262.0,2113400.0,2113515.0,2113647.0,2113760.0,2113878.0,2114004.0,2114109.0,2114223.0,2114342.0,2114409.0,2114487.0,2114572.0,2114695.0,2114772.0,2114871.0,2114956.0,2115049.0,2115125.0,2115191.0,2115262.0,2115321.0,2115390.0,2115470.0,2115523.0,2115591.0,2115677.0,2115753.0,2115842.0,2115953.0,2116022.0,2116079.0,2116137.0,2116198.0,2116265.0,2116313.0,2116380.0,2116420.0,2116479.0,2116524.0,2116565.0,2116624.0,2116678.0,2116753.0,2116795.0,2116856.0,2116899.0,,,,,,,,,2117367.0,2117402.0,2117455.0,2119445.0,2121074.0,2122049.0,2122518.0,2122694.0,2122918.0,2123013.0,2123103.0,2123249.0,2123341.0,2123384.0,2123431.0,2123498.0,2123546.0,2123598.0,2123636.0,2123694.0,2123726.0,2123763.0,2123814.0,2123863.0,2123921.0,2123979.0,2124018.0,2124073.0,2124114.0,2124145.0,2124182.0,2124205.0,2124240.0,2124265.0,2124293.0,2124318.0,2124361.0,2124384.0,2124397.0,2124411.0,2124428.0,2124443.0,2124456.0,2124476.0,2124498.0,2124517.0,2124535.0,2124556.0,2124575
hAVtbM0Yuxg,,,,,,,,,,,,,,,,,,,,,,,,,,,,,,,,,,,,,,,,,,,,,,,,,,,,,,,,,,,,,,,,,,,,,,,,,,,,,,,570.0,2048.0,3370.0,4853.0,6364.0,7858.0,9124.0,10331.0,11288.0,12024.0,12973.0,13849.0,14782.0,15668.0,16342.0,16912.0,17451.0,17966.0,18412.0,18851.0,19341.0,19809.0,20257.0,20655.0,21092.0,21614.0,22150.0,22589.0,22986.0,23407.0,23741.0,24109.0,24565.0,24898.0,25264.0,25571.0,25933.0,26187.0,26529.0,26850.0,27169.0,27467.0,27690.0,27974.0,28200.0,28479.0,28769.0,29065.0,29352.0,29570.0,29793.0,29956.0,30140.0,30301.0,30526.0,30704.0,,,,,,,,,32513.0,32683.0,32880.0,33099.0,33306.0,33482.0,33711.0,33878.0,34060.0,34208.0,34387.0,34584.0,34771.0,34913.0,35089.0,35220.0,35424.0,35619.0,35771.0,35949.0,36133.0,36251.0,36364.0,36511.0,36682.0,36900.0,37046.0,37209.0,37334.0,37454.0,37595.0,37747.0,37886.0,38017.0,38139.0,38272.0,38433.0,38649.0,38824.0,39039.0,39259.0,39459.0,39624.0,39804.0,40019.0,40208.0,40379.0,40567.0,40708
1roZobjQBTw,,,,,,,,,,,,,,,,,,,,,,,,,,,,,,,,,,,,,,,,,,,,,,,,,,,,,,,,,,,,,,,,,,,,,,,,,,,,,,,5506.0,14728.0,21211.0,22656.0,22801.0,22948.0,23094.0,23298.0,23463.0,23496.0,23545.0,23572.0,23604.0,23626.0,23641.0,23653.0,23659.0,23665.0,23678.0,23685.0,23701.0,23709.0,23711.0,23721.0,23758.0,23766.0,23836.0,23857.0,23867.0,23875.0,23882.0,23886.0,23889.0,23892.0,23895.0,23899.0,23905.0,23910.0,23912.0,23915.0,23923.0,23928.0,23935.0,23941.0,23943.0,23950.0,23958.0,23960.0,23966.0,23972.0,23977.0,23982.0,23985.0,23990.0,23991.0,23997.0,,,,,,,,,24026.0,24026.0,24031.0,24037.0,24040.0,24041.0,24042.0,24044.0,24047.0,24050.0,24054.0,24055.0,24059.0,24062.0,24064.0,24069.0,24073.0,24081.0,24083.0,24085.0,24090.0,24098.0,24102.0,24105.0,24106.0,24108.0,24114.0,24121.0,24125.0,24126.0,24127.0,24130.0,24134.0,24138.0,24143.0,24144.0,24144.0,24145.0,24149.0,24151.0,24152.0,24154.0,24156.0,24157.0,24159.0,24159.0,24162.0,24167.0,24169
0zgJgsbcAN8,,,,,,,,,,,,,,,,,,,,,,,,,,,,,,,,,,,,,,,,,,,,,,,,,,,,,,,,,,,,,,,,,,,,,,,,,,,,,,,664230.0,1239270.0,1647693.0,1937954.0,2189896.0,2423112.0,2623733.0,2804866.0,2924690.0,3037960.0,3133521.0,3216859.0,3296681.0,3367069.0,3435136.0,3504218.0,3572199.0,3624030.0,3670110.0,3713738.0,3759107.0,3805537.0,3854270.0,3904236.0,3943408.0,3978372.0,4013673.0,4048572.0,4084516.0,4125270.0,4167269.0,4199882.0,4228589.0,4256204.0,4283296.0,4310773.0,4341936.0,4374783.0,4402253.0,4434134.0,4463530.0,4492482.0,4521630.0,4551042.0,4582281.0,4605601.0,4636305.0,4659301.0,4683808.0,4712526.0,4741340.0,4769981.0,4792889.0,4810115.0,4826652.0,4843176.0,,,,,,,,,4982345.0,5000287.0,5014633.0,5027558.0,5039874.0,5051156.0,5062496.0,5075134.0,5089078.0,5100088.0,5110037.0,5119380.0,5129675.0,5139801.0,5150744.0,5161861.0,5171102.0,5180170.0,5189076.0,5198364.0,5207225.0,5218096.0,5229253.0,5237725.0,5245731.0,5253542.0,5262436.0,5273063.0,5283065.0,5292706.0,5300328.0,5307977.0,5315541.0,5323454.0,5331904.0,5341633.0,5351067.0,5358723.0,5366533.0,5374337.0,5382037.0,5389586.0,5398558.0,5407876.0,5415758.0,5423290.0,5430792.0,5439033.0,5447381
FJLYO9n5f9o,,,,,,,,,,,,,,,,,,,,,,,,,,,,,,,,,,,,,,,,,,,,,,,,,,,,,,,,,,,,,,,,,,,,,,,,,,,,,,,,51180.0,90622.0,118042.0,140027.0,156117.0,161774.0,165837.0,203718.0,230017.0,282996.0,321081.0,372491.0,407107.0,438550.0,468109.0,495769.0,515462.0,547185.0,605888.0,633185.0,643628.0,664413.0,676623.0,699088.0,714118.0,757403.0,774016.0,791294.0,812331.0,815514.0,876556.0,943523.0,997628.0,1054554.0,1075378.0,1092531.0,1110867.0,1130539.0,1151718.0,1169786.0,1197950.0,1223859.0,1224869.0,1235970.0,1246385.0,1254042.0,1264265.0,1277502.0,1286792.0,1300288.0,1312437.0,1324206.0,1340872.0,1351830.0,1357694.0,,,,,,,,,1765697.0,1768638.0,1770425.0,1771951.0,1773362.0,1774580.0,1775755.0,1776950.0,1778030.0,1779018.0,1779970.0,1780842.0,1781730.0,1782542.0,1783349.0,1784196.0,1784985.0,1785697.0,1786482.0,1787197.0,1787748.0,1788347.0,1789022.0,1789520.0,1790197.0,1790770.0,1791358.0,1791898.0,1792392.0,1792898.0,1793343.0,1793859.0,1794349.0,1794743.0,1795134.0,1795618.0,1796127.0,1796520.0,1796998.0,1797439.0,1797958.0,1798449.0,1798805.0,1799199.0,1799607.0,1800133.0,1800594.0,1801059.0,1801481
IqxBPMfyVhw,,,,,,,,,,,,,,,,,,,,,,,,,,,,,,,,,,,,,,,,,,,,,,,,,,,,,,,,,,,,,,,,,,,,,,,,,,,,,,,,30141.0,30571.0,30918.0,31120.0,31299.0,31422.0,31550.0,31632.0,31721.0,31826.0,31935.0,32008.0,32059.0,32115.0,32150.0,32177.0,32215.0,32239.0,32260.0,32276.0,32292.0,32318.0,32348.0,32370.0,32389.0,32411.0,32437.0,32451.0,32465.0,32489.0,32494.0,32505.0,32515.0,32529.0,32536.0,32548.0,32553.0,32565.0,32570.0,32581.0,32583.0,32588.0,32599.0,32606.0,32617.0,32624.0,32629.0,32634.0,32638.0,32643.0,32651.0,32656.0,32663.0,32667.0,32670.0,,,,,,,,,32716.0,32726.0,32730.0,32734.0,32738.0,32744.0,32749.0,32750.0,32752.0,32756.0,32757.0,32763.0,32764.0,32769.0,32771.0,32780.0,32785.0,32790.0,32793.0,32797.0,32798.0,32803.0,32806.0,32806.0,32809.0,32812.0,32816.0,32822.0,32826.0,32830.0,32835.0,32836.0,32839.0,32846.0,32851.0,32851.0,32853.0,32858.0,32859.0,32861.0,32863.0,32867.0,32868.0,32869.0,32871.0,32873.0,32875.0,32879.0,32881
Pn6ey6HOkP4,,,,,,,,,,,,,,,,,,,,,,,,,,,,,,,,,,,,,,,,,,,,,,,,,,,,,,,,,,,,,,,,,,,,,,,,,,,,,,,,3260400.0,3277129.0,3292275.0,3307319.0,3322871.0,3339717.0,3358562.0,3376184.0,3392733.0,3407860.0,3422488.0,3436440.0,3449495.0,3462644.0,3476208.0,3489748.0,3501401.0,3512381.0,3523430.0,3534137.0,3545645.0,3557563.0,3570312.0,3581787.0,3592074.0,3602724.0,3613246.0,3623858.0,3634848.0,3645673.0,3656019.0,3665663.0,3676060.0,3686800.0,3697427.0,3708146.0,3718816.0,3728233.0,3736955.0,3745528.0,3754246.0,3763596.0,3775011.0,3786738.0,3797091.0,3807051.0,3816954.0,3827312.0,3838778.0,3851931.0,3865724.0,3877632.0,3890290.0,3901669.0,3913865.0,,,,,,,,,4123330.0,4168560.0,4209836.0,4257483.0,4300784.0,4346821.0,4398595.0,4445421.0,4495368.0,4535339.0,4573816.0,4615714.0,4661274.0,4707122.0,4752958.0,4801147.0,4843807.0,4885627.0,4927516.0,4965733.0,5003904.0,5046377.0,5086795.0,5121355.0,5152761.0,5183527.0,5216090.0,5249100.0,5282435.0,5315053.0,5343557.0,5371096.0,5398596.0,5426425.0,5454483.0,5485051.0,5514240.0,5540888.0,5567546.0,5594094.0,5620242.0,5647985.0,5676924.0,5704859.0,5731045.0,5756123.0,5780675.0,5805904.0,5832007
iJmD5WJnILA,,,,,,,,,,,,,,,,,,,,,,,,,,,,,,,,,,,,,,,,,,,,,,,,,,,,,,,,,,,,,,,,,,,,,,,,,,,,,,,,178.0,432.0,489.0,576.0,627.0,661.0,689.0,761.0,798.0,846.0,903.0,940.0,995.0,1036.0,1090.0,1130.0,1204.0,1237.0,1269.0,1301.0,1263.0,1274.0,1282.0,1299.0,1307.0,1320.0,1330.0,1344.0,1354.0,1363.0,1381.0,1403.0,1410.0,1415.0,1418.0,1423.0,1432.0,1439.0,1446.0,1457.0,1467.0,1480.0,1492.0,1504.0,1506.0,1517.0,1521.0,1528.0,1531.0,1546.0,1551.0,1553.0,1555.0,1563.0,1566.0,,,,,,,,,1612.0,1615.0,1616.0,1621.0,1623.0,1626.0,1628.0,1632.0,1636.0,1642.0,1643.0,1645.0,1650.0,1652.0,1655.0,1655.0,1659.0,1666.0,1667.0,1674.0,1681.0,1683.0,1694.0,1698.0,1699.0,1702.0,1704.0,1709.0,1710.0,1713.0,1718.0,1721.0,1730.0,1730.0,1732.0,1736.0,1743.0,1746.0,1749.0,1749.0,1754.0,1756.0,1757.0,1760.0,1763.0,1765.0,1767.0,1768.0,1771
UglIcuR3mYg,,,,,,,,,,,,,,,,,,,,,,,,,,,,,,,,,,,,,,,,,,,,,,,,,,,,,,,,,,,,,,,,,,,,,,,,,,,,,,,,2702.0,3775.0,5086.0,6388.0,7658.0,9023.0,10568.0,11620.0,12080.0,12539.0,12952.0,13339.0,13682.0,14022.0,14246.0,14416.0,14567.0,14753.0,14884.0,14988.0,15093.0,15223.0,15319.0,15414.0,15521.0,15639.0,15744.0,15811.0,15882.0,15957.0,16040.0,16109.0,16195.0,16272.0,16353.0,16432.0,16496.0,16580.0,16674.0,16738.0,16803.0,16878.0,16931.0,17000.0,17060.0,17114.0,17197.0,17255.0,17310.0,17371.0,17442.0,17507.0,17575.0,17655.0,17707.0,,,,,,,,,18789.0,18870.0,18964.0,19061.0,19137.0,19230.0,19389.0,19525.0,19650.0,19726.0,19812.0,19888.0,19959.0,20042.0,20105.0,20178.0,20254.0,20300.0,20367.0,20440.0,20504.0,20553.0,20590.0,20639.0,20688.0,20729.0,20779.0,20826.0,20860.0,20903.0,20931.0,20978.0,21006.0,21045.0,21079.0,21103.0,21142.0,21177.0,21213.0,21236.0,21259.0,21282.0,21302.0,21334.0,21374.0,21400.0,21432.0,21461.0,21499
r79RZ7eDRiU,,,,,,,,,,,,,,,,,,,,,,,,,,,,,,,,,,,,,,,,,,,,,,,,,,,,,,,,,,,,,,,,,,,,,,,,,,,,,,,,29935.0,30198.0,30537.0,30828.0,31205.0,31575.0,32036.0,32374.0,32716.0,33087.0,33464.0,33761.0,34115.0,34478.0,34744.0,35066.0,35319.0,35529.0,35823.0,36139.0,36377.0,36571.0,36727.0,36891.0,37177.0,37451.0,37645.0,37899.0,38128.0,38310.0,38502.0,38654.0,38852.0,39007.0,39185.0,39339.0,39469.0,39600.0,39741.0,39919.0,40121.0,40324.0,40501.0,40705.0,40838.0,40998.0,41167.0,41347.0,41476.0,41642.0,41817.0,42000.0,42225.0,42385.0,42569.0,,,,,,,,,44639.0,44883.0,45093.0,45383.0,45691.0,46029.0,46312.0,46600.0,46879.0,47094.0,47415.0,47641.0,48004.0,48315.0,48579.0,48772.0,49041.0,49351.0,49654.0,49959.0,50163.0,50378.0,50553.0,50739.0,51008.0,51263.0,51463.0,51718.0,51888.0,52056.0,52241.0,52409.0,52575.0,52757.0,52933.0,53094.0,53261.0,53443.0,53653.0,53793.0,53983.0,54167.0,54364.0,54531.0,54722.0,54972.0,55270.0,55494.0,55759
Ffu9eSV3INs,,,,,,,,,,,,,,,,,,,,,,,,,,,,,,,,,,,,,,,,,,,,,,,,,,,,,,,,,,,,,,,,,,,,,,,,,,,,,,,,23868.0,27800.0,31001.0,33810.0,36334.0,38588.0,40937.0,42756.0,43651.0,44543.0,45396.0,46126.0,46969.0,47731.0,48357.0,48999.0,49630.0,50144.0,50672.0,51109.0,51620.0,52050.0,52405.0,52751.0,53165.0,53569.0,54017.0,54562.0,55002.0,55509.0,56027.0,56727.0,58569.0,60473.0,61488.0,62199.0,62794.0,63352.0,63911.0,64397.0,64960.0,65453.0,65806.0,66157.0,66492.0,66825.0,67062.0,67357.0,67627.0,67951.0,68166.0,68468.0,68790.0,69116.0,69471.0,,,,,,,,,72071.0,72298.0,72472.0,72778.0,73055.0,73323.0,73650.0,73840.0,74113.0,74348.0,74701.0,74996.0,75321.0,75610.0,75887.0,76091.0,76420.0,76694.0,77049.0,77304.0,77573.0,77819.0,78145.0,78478.0,78759.0,78985.0,79289.0,79552.0,79774.0,79980.0,80243.0,80531.0,80820.0,81058.0,81334.0,81552.0,81775.0,82076.0,82369.0,82588.0,82904.0,83164.0,83388.0,83653.0,83880.0,84196.0,84402.0,84694.0,84913
xWldBK4d2Ps,,,,,,,,,,,,,,,,,,,,,,,,,,,,,,,,,,,,,,,,,,,,,,,,,,,,,,,,,,,,,,,,,,,,,,,,,,,,,,,,4543387.0,4596570.0,4646063.0,4692643.0,4749829.0,4803207.0,4850644.0,4895793.0,4939131.0,4981652.0,5020738.0,5063098.0,5103578.0,5142291.0,5181719.0,5218349.0,5249996.0,5281368.0,5312284.0,5343379.0,5378267.0,5416115.0,5450841.0,5482720.0,5513956.0,5546398.0,5576602.0,5604946.0,5636479.0,5665415.0,5696545.0,5738779.0,5775132.0,5811782.0,5855118.0,5900031.0,5940935.0,5976533.0,6010761.0,6044422.0,6077246.0,6109613.0,6144678.0,6177041.0,6205569.0,6234109.0,6263392.0,6292505.0,6325310.0,6359245.0,6389183.0,6416410.0,6440623.0,6463435.0,6486188.0,,,,,,,,,6673311.0,6695572.0,6714884.0,6733270.0,6751673.0,6769800.0,6786904.0,6805121.0,6823309.0,6839742.0,6855460.0,6870752.0,6887378.0,6904771.0,6921481.0,6937585.0,6952511.0,6967658.0,6983580.0,6999450.0,7014420.0,7031821.0,7048176.0,7062314.0,7077305.0,7092109.0,7106848.0,7122209.0,7137657.0,7152423.0,7166951.0,7180645.0,7194893.0,7209294.0,7222984.0,7237497.0,7252159.0,7264862.0,7278202.0,7291646.0,7304829.0,7317655.0,7332130.0,7345478.0,7357728.0,7370066.0,7382474.0,7394589.0,7406397
JTgJRIupqvg,,,,,,,,,,,,,,,,,,,,,,,,,,,,,,,,,,,,,,,,,,,,,,,,,,,,,,,,,,,,,,,,,,,,,,,,,,,,,,,,,1543.0,4623.0,7022.0,9733.0,12860.0,16587.0,23963.0,31430.0,38962.0,43614.0,48685.0,54272.0,61426.0,67067.0,71828.0,76666.0,80678.0,85307.0,90619.0,95539.0,100408.0,105163.0,110227.0,114468.0,118377.0,123079.0,127029.0,131266.0,134608.0,137992.0,140908.0,143854.0,146168.0,148728.0,151139.0,152768.0,154745.0,156684.0,158490.0,159965.0,161783.0,163165.0,164624.0,165922.0,167236.0,168518.0,169448.0,170459.0,171265.0,172068.0,173011.0,173942.0,174701.0,175432.0,,,,,,,,,184133.0,185028.0,185898.0,186661.0,187504.0,188335.0,189114.0,189912.0,191061.0,192513.0,193922.0,195162.0,196159.0,196840.0,197407.0,198004.0,198586.0,199286.0,200006.0,200388.0,200943.0,201333.0,201815.0,202232.0,202604.0,202976.0,203389.0,203736.0,204084.0,204442.0,204764.0,205059.0,205397.0,205712.0,206015.0,206306.0,206540.0,206866.0,207182.0,207533.0,207841.0,208216.0,208493.0,208754.0,209006.0,209402.0,209706.0,210007.0,210272
N5DlHmV55MI,,,,,,,,,,,,,,,,,,,,,,,,,,,,,,,,,,,,,,,,,,,,,,,,,,,,,,,,,,,,,,,,,,,,,,,,,,,,,,,,,45035.0,75004.0,97986.0,119711.0,137880.0,155547.0,169413.0,175437.0,182125.0,188399.0,194350.0,200088.0,204485.0,207979.0,210967.0,214183.0,217788.0,221691.0,225420.0,228799.0,232087.0,235201.0,238947.0,242391.0,245533.0,248788.0,252097.0,254547.0,256632.0,259251.0,262143.0,264653.0,267124.0,269462.0,272086.0,274304.0,276596.0,279119.0,281540.0,283947.0,286103.0,287970.0,289665.0,291623.0,294051.0,296312.0,298182.0,300155.0,301687.0,303109.0,304978.0,306853.0,308575.0,310369.0,,,,,,,,,326379.0,327944.0,329587.0,331253.0,333184.0,335317.0,337240.0,338941.0,340903.0,343307.0,345794.0,348462.0,351401.0,353968.0,355716.0,357375.0,359718.0,362333.0,365019.0,367003.0,368417.0,369880.0,370958.0,372358.0,373835.0,375372.0,376710.0,378294.0,379637.0,380922.0,382310.0,383714.0,385021.0,386026.0,386952.0,387800.0,388500.0,389533.0,390419.0,391274.0,392114.0,392967.0,393734.0,394411.0,395296.0,396228.0,397158.0,398085.0,399000
GOvdRCbIZfo,,,,,,,,,,,,,,,,,,,,,,,,,,,,,,,,,,,,,,,,,,,,,,,,,,,,,,,,,,,,,,,,,,,,,,,,,,,,,,,,,3079.0,4066.0,5356.0,6819.0,8507.0,10307.0,12306.0,12764.0,13174.0,13504.0,13918.0,14135.0,14427.0,14663.0,14843.0,15017.0,15204.0,15376.0,15587.0,15780.0,15962.0,16134.0,16309.0,16455.0,16625.0,16837.0,16987.0,17134.0,17268.0,17369.0,17502.0,17624.0,17800.0,17986.0,18198.0,18380.0,18534.0,18707.0,18853.0,19017.0,19185.0,19351.0,19502.0,19673.0,19811.0,19956.0,20074.0,20169.0,20283.0,20387.0,20465.0,20545.0,20621.0,20709.0,,,,,,,,,21479.0,21550.0,21616.0,21710.0,21785.0,21880.0,21965.0,22034.0,22105.0,22174.0,22246.0,22339.0,22429.0,22525.0,22622.0,22711.0,22789.0,22852.0,22948.0,23035.0,23119.0,23229.0,23298.0,23370.0,23447.0,23520.0,23610.0,23696.0,23776.0,23840.0,23902.0,23995.0,24069.0,24135.0,24187.0,24231.0,24270.0,24302.0,24339.0,24362.0,24394.0,24431.0,24464.0,24493.0,24517.0,24542.0,24578.0,24607.0,24634
1baLiXuhfOU,,,,,,,,,,,,,,,,,,,,,,,,,,,,,,,,,,,,,,,,,,,,,,,,,,,,,,,,,,,,,,,,,,,,,,,,,,,,,,,,,4087.0,7079.0,9489.0,11335.0,13560.0,15569.0,17000.0,18180.0,19346.0,20405.0,21303.0,22061.0,22788.0,24094.0,25206.0,25923.0,26541.0,27020.0,27588.0,28034.0,28458.0,28849.0,29141.0,29402.0,29678.0,29891.0,30168.0,30376.0,30643.0,30861.0,31064.0,31288.0,31457.0,31729.0,31964.0,32177.0,32401.0,32591.0,32766.0,32907.0,33051.0,33192.0,33342.0,33489.0,33598.0,33703.0,33811.0,33938.0,34039.0,34130.0,34209.0,34306.0,34378.0,34479.0,,,,,,,,,35333.0,35433.0,35531.0,35620.0,35712.0,35801.0,35904.0,36016.0,36156.0,36247.0,36396.0,36536.0,36669.0,36824.0,36935.0,37063.0,37183.0,37343.0,37525.0,37645.0,37838.0,38068.0,38247.0,38421.0,38562.0,38689.0,38819.0,38956.0,39061.0,39192.0,39312.0,39408.0,39515.0,39616.0,39687.0,39764.0,39837.0,39917.0,39980.0,40088.0,40168.0,40262.0,40367.0,40468.0,40558.0,40661.0,40759.0,40859.0,40947
ealNSvmfmXE,,,,,,,,,,,,,,,,,,,,,,,,,,,,,,,,,,,,,,,,,,,,,,,,,,,,,,,,,,,,,,,,,,,,,,,,,,,,,,,,,2420.0,3372.0,3720.0,3769.0,3483.0,3536.0,3454.0,3494.0,3532.0,3565.0,3597.0,3620.0,3645.0,3685.0,3712.0,3745.0,3779.0,3795.0,3806.0,3820.0,3841.0,3856.0,3862.0,3873.0,3887.0,3899.0,3910.0,3920.0,3936.0,3947.0,3952.0,3957.0,3967.0,3972.0,3982.0,3989.0,3999.0,4021.0,4037.0,4056.0,4071.0,4086.0,4098.0,4108.0,4122.0,4131.0,4146.0,4160.0,4171.0,4192.0,4200.0,4208.0,4213.0,4226.0,,,,,,,,,4300.0,4302.0,4307.0,4311.0,4313.0,4316.0,4319.0,4320.0,4324.0,4333.0,4342.0,4345.0,4348.0,4355.0,4357.0,4361.0,4363.0,4366.0,4366.0,4367.0,4368.0,4375.0,4378.0,4380.0,4382.0,4384.0,4386.0,4388.0,4388.0,4390.0,4395.0,4399.0,4405.0,4409.0,4413.0,4416.0,4419.0,4422.0,4426.0,4430.0,4433.0,4444.0,4451.0,4464.0,4470.0,4480.0,4492.0,4503.0,4510
1NY-tAGiW5M,,,,,,,,,,,,,,,,,,,,,,,,,,,,,,,,,,,,,,,,,,,,,,,,,,,,,,,,,,,,,,,,,,,,,,,,,,,,,,,,,10781973.0,10786170.0,10790446.0,10794872.0,10799462.0,10803843.0,10808226.0,10812289.0,10816429.0,10821194.0,10825498.0,10829540.0,10833554.0,10837643.0,10841833.0,10845868.0,10850211.0,10854568.0,10859157.0,10863884.0,10869205.0,10875398.0,10881272.0,10886656.0,10891533.0,10896386.0,10900949.0,10905833.0,10910741.0,10915141.0,10919680.0,10923655.0,10927320.0,10930953.0,10934949.0,10939101.0,10943304.0,10947677.0,10951507.0,10955300.0,10959020.0,10962904.0,10966805.0,10970856.0,10974884.0,10978211.0,10981675.0,10985244.0,10988636.0,10992031.0,10995402.0,10998508.0,11001930.0,11005546.0,,,,,,,,,11035170.0,11039135.0,11042790.0,11046051.0,11049196.0,11051966.0,11054755.0,11057950.0,11061334.0,11064579.0,11067452.0,11070435.0,11073790.0,11076884.0,11079962.0,11083396.0,11086438.0,11090212.0,11094098.0,11097346.0,11100616.0,11104290.0,11107810.0,11111029.0,11114320.0,11117527.0,11120765.0,11124526.0,11128169.0,11131788.0,11135184.0,11138290.0,11141429.0,11144463.0,11147965.0,11152541.0,11157243.0,11160783.0,11164016.0,11167118.0,11170202.0,11173322.0,11176518.0,11179838.0,11182897.0,11185837.0,11188648.0,11191740.0,11194600
YYyZU9_VpqM,,,,,,,,,,,,,,,,,,,,,,,,,,,,,,,,,,,,,,,,,,,,,,,,,,,,,,,,,,,,,,,,,,,,,,,,,,,,,,,,,638.0,670.0,713.0,838.0,855.0,863.0,868.0,870.0,876.0,881.0,885.0,888.0,894.0,894.0,898.0,903.0,904.0,905.0,909.0,909.0,912.0,916.0,917.0,917.0,918.0,919.0,920.0,920.0,920.0,922.0,924.0,925.0,926.0,927.0,927.0,927.0,928.0,928.0,928.0,929.0,929.0,929.0,930.0,930.0,930.0,933.0,933.0,933.0,934.0,937.0,938.0,938.0,939.0,939.0,,,,,,,,,946.0,947.0,947.0,948.0,949.0,949.0,949.0,950.0,950.0,950.0,950.0,950.0,950.0,950.0,951.0,952.0,952.0,952.0,952.0,952.0,952.0,953.0,954.0,954.0,954.0,954.0,954.0,954.0,954.0,955.0,956.0,956.0,956.0,957.0,957.0,958.0,958.0,958.0,958.0,958.0,959.0,959.0,960.0,960.0,962.0,962.0,962.0,963.0,963
4_iNyz7r4wE,,,,,,,,,,,,,,,,,,,,,,,,,,,,,,,,,,,,,,,,,,,,,,,,,,,,,,,,,,,,,,,,,,,,,,,,,,,,,,,,,,687.0,740.0,790.0,835.0,877.0,907.0,935.0,967.0,984.0,1004.0,1022.0,1034.0,1052.0,1069.0,1084.0,1099.0,1107.0,1117.0,1132.0,1142.0,1152.0,1175.0,1192.0,1219.0,1247.0,1261.0,1277.0,1298.0,1316.0,1325.0,1341.0,1348.0,1361.0,1367.0,1375.0,1381.0,1388.0,1391.0,1397.0,1404.0,1406.0,1409.0,1421.0,1427.0,1432.0,1438.0,1440.0,1451.0,1457.0,1464.0,1471.0,1477.0,1485.0,,,,,,,,,1528.0,1534.0,1540.0,1551.0,1562.0,1571.0,1585.0,1590.0,1596.0,1599.0,1606.0,1610.0,1612.0,1616.0,1619.0,1626.0,1642.0,1650.0,1656.0,1658.0,1660.0,1664.0,1668.0,1671.0,1673.0,1679.0,1683.0,1687.0,1691.0,1695.0,1698.0,1707.0,1708.0,1712.0,1716.0,1717.0,1717.0,1723.0,1726.0,1727.0,1730.0,1734.0,1737.0,1739.0,1745.0,1750.0,1752.0,1753.0,1756
GE74OGemUjs,,,,,,,,,,,,,,,,,,,,,,,,,,,,,,,,,,,,,,,,,,,,,,,,,,,,,,,,,,,,,,,,,,,,,,,,,,,,,,,,,,260762.0,260886.0,261002.0,261134.0,261253.0,261318.0,261396.0,261480.0,261558.0,261638.0,261755.0,261845.0,261922.0,261979.0,262045.0,262112.0,262189.0,262248.0,262292.0,262379.0,262447.0,262516.0,262583.0,262650.0,262727.0,262792.0,262851.0,262922.0,262985.0,263052.0,263110.0,263159.0,263215.0,263260.0,263318.0,263354.0,263413.0,263451.0,263491.0,263534.0,263567.0,263595.0,263637.0,263668.0,263725.0,263749.0,263785.0,263825.0,263853.0,263892.0,263917.0,263951.0,263995.0,,,,,,,,,264411.0,264450.0,264497.0,264527.0,264565.0,264617.0,264659.0,264683.0,264727.0,264760.0,264797.0,264851.0,264897.0,264939.0,264985.0,265044.0,265093.0,265139.0,265191.0,265244.0,265301.0,265351.0,265396.0,265436.0,265488.0,265565.0,265621.0,265688.0,265735.0,265757.0,265795.0,265838.0,265875.0,265915.0,265957.0,265990.0,266024.0,266053.0,266092.0,266119.0,266144.0,266171.0,266195.0,266220.0,266244.0,266266.0,266304.0,266335.0,266372
G2-vdaspcQQ,,,,,,,,,,,,,,,,,,,,,,,,,,,,,,,,,,,,,,,,,,,,,,,,,,,,,,,,,,,,,,,,,,,,,,,,,,,,,,,,,,85127.0,85339.0,85526.0,85739.0,85985.0,86185.0,86343.0,86527.0,86702.0,86879.0,87070.0,87232.0,87377.0,87517.0,87746.0,87893.0,88115.0,88260.0,88473.0,88620.0,88746.0,88894.0,89050.0,89192.0,89354.0,89484.0,89615.0,89760.0,89921.0,90071.0,90245.0,90375.0,90497.0,90668.0,90803.0,90936.0,91077.0,91217.0,91355.0,91448.0,91562.0,91650.0,91729.0,91838.0,91981.0,92081.0,92240.0,92379.0,92459.0,92583.0,92726.0,92899.0,93084.0,,,,,,,,,94496.0,94661.0,94828.0,94992.0,95171.0,95324.0,95466.0,95586.0,95723.0,95902.0,96123.0,96343.0,96559.0,96747.0,96909.0,97059.0,97204.0,97334.0,97533.0,97686.0,97806.0,97917.0,97999.0,98108.0,98221.0,98323.0,98435.0,98541.0,98631.0,98715.0,98859.0,99007.0,99105.0,99240.0,99379.0,99508.0,99619.0,99777.0,99912.0,100067.0,100219.0,100366.0,100522.0,100720.0,100929.0,101142.0,101327.0,101515.0,101704
KD7Px69GCVY,,,,,,,,,,,,,,,,,,,,,,,,,,,,,,,,,,,,,,,,,,,,,,,,,,,,,,,,,,,,,,,,,,,,,,,,,,,,,,,,,,396382.0,409086.0,421474.0,433217.0,445031.0,456922.0,468309.0,478944.0,488444.0,498111.0,507688.0,517269.0,527816.0,539026.0,548660.0,557384.0,567006.0,576569.0,585788.0,596264.0,608632.0,617785.0,626167.0,634800.0,642670.0,650572.0,659217.0,667609.0,674723.0,681483.0,688615.0,695548.0,702601.0,710088.0,717767.0,724215.0,730453.0,736781.0,743019.0,749980.0,757269.0,764208.0,770139.0,775849.0,781347.0,787206.0,793350.0,799725.0,806052.0,811989.0,817832.0,823449.0,828787.0,,,,,,,,,878065.0,883884.0,889051.0,893447.0,898101.0,902397.0,906791.0,911205.0,915928.0,919991.0,923964.0,927847.0,932027.0,936496.0,941064.0,945619.0,949610.0,953776.0,958508.0,962862.0,967039.0,972096.0,976922.0,981205.0,985302.0,989135.0,992965.0,997026.0,1001325.0,1005603.0,1009526.0,1013333.0,1017296.0,1021153.0,1024711.0,1028466.0,1032119.0,1035466.0,1038863.0,1042268.0,1045810.0,1049656.0,1054233.0,1058720.0,1062690.0,1066625.0,1070650.0,1074796.0,1078866
KD7Px69GCVY,,,,,,,,,,,,,,,,,,,,,,,,,,,,,,,,,,,,,,,,,,,,,,,,,,,,,,,,,,,,,,,,,,,,,,,,,,,,,,,,,,396382.0,409086.0,421474.0,433217.0,445031.0,456922.0,468309.0,478944.0,488444.0,498111.0,507688.0,517269.0,527816.0,539026.0,548660.0,557384.0,567006.0,576569.0,585788.0,596264.0,608632.0,617785.0,626167.0,634800.0,642670.0,650572.0,659217.0,667609.0,674723.0,681483.0,688615.0,695548.0,702601.0,710088.0,717767.0,724215.0,730453.0,736781.0,743019.0,749980.0,757269.0,764208.0,770139.0,775849.0,781347.0,787206.0,793350.0,799725.0,806052.0,811989.0,817832.0,823449.0,828787.0,,,,,,,,,878065.0,883884.0,889051.0,893447.0,898101.0,902397.0,906791.0,911205.0,915928.0,919991.0,923964.0,927847.0,932027.0,936496.0,941064.0,945619.0,949610.0,953776.0,958508.0,962862.0,967039.0,972096.0,976922.0,981205.0,985302.0,989135.0,992965.0,997026.0,1001325.0,1005603.0,1009526.0,1013333.0,1017296.0,1021153.0,1024711.0,1028466.0,1032119.0,1035466.0,1038863.0,1042268.0,1045810.0,1049656.0,1054233.0,1058720.0,1062690.0,1066625.0,1070650.0,1074796.0,1078866
z_uqieM8VGM,,,,,,,,,,,,,,,,,,,,,,,,,,,,,,,,,,,,,,,,,,,,,,,,,,,,,,,,,,,,,,,,,,,,,,,,,,,,,,,,,,10039920.0,10061863.0,10083148.0,10106882.0,10130531.0,10152018.0,10170329.0,10188452.0,10205889.0,10224500.0,10243317.0,10266770.0,10291163.0,10314255.0,10331296.0,10347394.0,10364579.0,10381875.0,10402279.0,10423911.0,10444173.0,10462636.0,10479205.0,10495883.0,10512232.0,10528049.0,10545268.0,10563532.0,10583510.0,10603760.0,10626797.0,10649102.0,10669422.0,10689658.0,10709508.0,10727737.0,10745348.0,10762803.0,10779802.0,10798391.0,10817629.0,10836235.0,10853455.0,10870121.0,10887452.0,10905464.0,10922952.0,10941239.0,10958783.0,10975446.0,10991748.0,11008612.0,11025341.0,,,,,,,,,11205529.0,11231348.0,11253561.0,11275463.0,11297444.0,11318011.0,11338963.0,11364224.0,11391401.0,11417951.0,11442242.0,11465946.0,11491140.0,11514464.0,11540009.0,11565948.0,11591447.0,11615618.0,11640855.0,11661315.0,11678998.0,11697498.0,11717421.0,11735769.0,11756372.0,11776783.0,11796528.0,11818035.0,11839356.0,11860457.0,11879675.0,11900328.0,11922275.0,11941741.0,11959511.0,11979725.0,11998673.0,12016668.0,12034209.0,12052230.0,12070058.0,12087559.0,12106943.0,12125126.0,12142008.0,12158922.0,12176188.0,12193457.0,12211055
P7vBoGWoReg,,,,,,,,,,,,,,,,,,,,,,,,,,,,,,,,,,,,,,,,,,,,,,,,,,,,,,,,,,,,,,,,,,,,,,,,,,,,,,,,,,24566502.0,29988739.0,34353475.0,37722505.0,40988750.0,43559825.0,45716481.0,47229701.0,48332311.0,49283548.0,50149293.0,50895253.0,51702199.0,52479981.0,53142366.0,53771797.0,54395610.0,55008739.0,55612853.0,56256049.0,56923425.0,57491494.0,58040743.0,58577972.0,59106776.0,59644206.0,60240475.0,60844045.0,61346204.0,61801511.0,62273948.0,62750883.0,63225696.0,63765186.0,64298088.0,64759305.0,65189034.0,65625097.0,66041810.0,66479411.0,66961008.0,67451271.0,67864096.0,68248100.0,68628561.0,69026902.0,69446661.0,69908148.0,70375906.0,70765988.0,71136220.0,71500223.0,71871658.0,,,,,,,,,75177002.0,75578085.0,75922214.0,76244480.0,76562020.0,76871713.0,77185124.0,77517322.0,77859899.0,78150885.0,78437668.0,78718559.0,79017646.0,79305751.0,79614902.0,79926473.0,80195729.0,80448093.0,80705539.0,80970180.0,81235667.0,81544444.0,81852463.0,82117795.0,82380115.0,82635890.0,82895895.0,83229724.0,83606565.0,83956693.0,84246559.0,84505523.0,84756231.0,85013014.0,85273041.0,85554892.0,85827790.0,86061395.0,86306373.0,86551094.0,86795432.0,87036389.0,87298958.0,87563305.0,87798608.0,88026232.0,88262926.0,88501079.0,88735385
UAcq4H6NWs8,,,,,,,,,,,,,,,,,,,,,,,,,,,,,,,,,,,,,,,,,,,,,,,,,,,,,,,,,,,,,,,,,,,,,,,,,,,,,,,,,,515456.0,516618.0,517842.0,519106.0,520284.0,521343.0,522480.0,523767.0,525059.0,526538.0,528052.0,529294.0,530403.0,531516.0,532680.0,533899.0,535115.0,536327.0,537382.0,538467.0,539483.0,540772.0,541952.0,543118.0,544254.0,545368.0,546418.0,547426.0,548433.0,549513.0,550633.0,551695.0,552687.0,553611.0,554580.0,555601.0,556651.0,557773.0,558821.0,559778.0,560741.0,561663.0,562617.0,563559.0,564656.0,565643.0,566676.0,567576.0,568518.0,569543.0,570707.0,571938.0,573061.0,,,,,,,,,583686.0,585144.0,587166.0,589295.0,591718.0,593975.0,595891.0,597335.0,598839.0,600172.0,601622.0,603273.0,604800.0,606508.0,608071.0,609419.0,610837.0,612161.0,613408.0,614588.0,615848.0,616927.0,618009.0,619290.0,620546.0,621714.0,622977.0,624196.0,625304.0,626359.0,627654.0,628882.0,630184.0,631447.0,632789.0,633944.0,634843.0,636024.0,637295.0,638503.0,639685.0,640920.0,642048.0,643152.0,644459.0,645577.0,646793.0,648033.0,649279
-EHyQ99tkTw,,,,,,,,,,,,,,,,,,,,,,,,,,,,,,,,,,,,,,,,,,,,,,,,,,,,,,,,,,,,,,,,,,,,,,,,,,,,,,,,,,1165974.0,1168591.0,1171229.0,1173884.0,1176411.0,1178671.0,1180941.0,1183291.0,1185659.0,1188082.0,1190673.0,1193019.0,1195418.0,1197745.0,1200057.0,1202518.0,1204835.0,1207169.0,1209401.0,1211519.0,1213490.0,1215824.0,1218150.0,1220400.0,1222693.0,1224766.0,1226719.0,1228688.0,1231063.0,1233178.0,1235520.0,1237663.0,1239617.0,1241730.0,1243770.0,1246016.0,1248218.0,1250361.0,1252618.0,1254773.0,1257055.0,1259309.0,1261451.0,1263505.0,1265744.0,1268031.0,1270395.0,1272502.0,1274705.0,1277209.0,1279427.0,1281785.0,1284133.0,,,,,,,,,1304388.0,1307213.0,1310206.0,1312621.0,1314963.0,1317248.0,1319296.0,1321290.0,1323537.0,1325859.0,1328120.0,1330237.0,1332536.0,1334594.0,1336517.0,1338376.0,1340420.0,1342639.0,1344767.0,1346867.0,1348970.0,1351012.0,1353022.0,1355034.0,1356990.0,1359041.0,1361147.0,1363207.0,1365139.0,1366963.0,1368991.0,1371041.0,1373179.0,1375239.0,1377329.0,1379333.0,1381230.0,1383236.0,1385465.0,1387590.0,1389717.0,1391746.0,1393551.0,1395423.0,1397295.0,1399182.0,1400982.0,1402847.0,1404764
8Ax4IFHN3fE,,,,,,,,,,,,,,,,,,,,,,,,,,,,,,,,,,,,,,,,,,,,,,,,,,,,,,,,,,,,,,,,,,,,,,,,,,,,,,,,,,,206009.0,209287.0,212475.0,215588.0,218050.0,219980.0,222468.0,224977.0,227369.0,229611.0,232418.0,234165.0,235659.0,237663.0,239745.0,241617.0,243665.0,245662.0,247294.0,248650.0,250198.0,251813.0,253175.0,254827.0,256441.0,257736.0,258858.0,260365.0,261871.0,263173.0,264328.0,265850.0,267032.0,267900.0,269059.0,270167.0,271309.0,272358.0,273383.0,274246.0,275043.0,275857.0,276662.0,277768.0,278772.0,279893.0,280663.0,281355.0,282373.0,283365.0,284403.0,285374.0,,,,,,,,,296112.0,296961.0,298133.0,299564.0,300911.0,302630.0,303919.0,305007.0,306416.0,308296.0,310015.0,312024.0,314028.0,316277.0,317937.0,319402.0,321381.0,323071.0,324619.0,325836.0,326820.0,327627.0,328531.0,329766.0,331890.0,332876.0,333877.0,334941.0,335913.0,336735.0,337906.0,339243.0,340601.0,341920.0,343377.0,344593.0,345836.0,347336.0,349201.0,350467.0,351821.0,353043.0,353974.0,354897.0,356175.0,357455.0,358715.0,359896.0,361074
RwJR_72xs1A,,,,,,,,,,,,,,,,,,,,,,,,,,,,,,,,,,,,,,,,,,,,,,,,,,,,,,,,,,,,,,,,,,,,,,,,,,,,,,,,,,,58821.0,302548.0,584220.0,796730.0,986501.0,1363073.0,1923331.0,2014835.0,2052411.0,2070965.0,2088935.0,2105267.0,2119639.0,2131550.0,2142193.0,2151768.0,2160089.0,2168778.0,2176724.0,2184801.0,2192301.0,2198962.0,2205317.0,2211483.0,2217271.0,2222790.0,2228092.0,2233065.0,2237890.0,2242675.0,2247265.0,2251580.0,2255633.0,2259233.0,2262550.0,2265777.0,2268821.0,2271603.0,2274601.0,2277024.0,2279423.0,2281776.0,2284279.0,2286824.0,2289154.0,2291630.0,2293929.0,2296088.0,2298170.0,2300171.0,2302293.0,2304479.0,,,,,,,,,2322349.0,2324357.0,2326377.0,2328605.0,2330852.0,2333455.0,2338733.0,2343016.0,2346269.0,2348973.0,2351492.0,2354431.0,2359676.0,2363662.0,2367072.0,2370157.0,2372789.0,2375218.0,2377377.0,2379138.0,2380810.0,2382359.0,2383838.0,2385220.0,2386727.0,2388035.0,2389342.0,2390723.0,2392113.0,2393506.0,2394929.0,2396330.0,2397863.0,2399447.0,2401046.0,2402517.0,2403824.0,2405337.0,2406876.0,2408325.0,2409781.0,2411302.0,2412733.0,2414053.0,2415394.0,2416873.0,2418215.0,2419652.0,2421130
GlmB3TVI9AQ,,,,,,,,,,,,,,,,,,,,,,,,,,,,,,,,,,,,,,,,,,,,,,,,,,,,,,,,,,,,,,,,,,,,,,,,,,,,,,,,,,,88190.0,142302.0,186031.0,217228.0,242231.0,260534.0,277311.0,290599.0,304598.0,317607.0,331783.0,345241.0,357592.0,369357.0,379600.0,391826.0,403635.0,411898.0,418284.0,424568.0,431563.0,437755.0,442548.0,446609.0,450010.0,453018.0,455887.0,458816.0,461866.0,464937.0,467536.0,469931.0,471936.0,473860.0,475914.0,478060.0,480018.0,481968.0,483726.0,485504.0,487015.0,488604.0,490207.0,491772.0,493314.0,494904.0,496324.0,497649.0,499041.0,500455.0,501827.0,503173.0,,,,,,,,,514084.0,515113.0,516197.0,517196.0,518209.0,519250.0,520277.0,521279.0,522261.0,523255.0,524301.0,525216.0,526149.0,527062.0,527934.0,528766.0,529714.0,530709.0,531842.0,532733.0,533620.0,534388.0,535215.0,536028.0,536769.0,537492.0,538204.0,538864.0,539527.0,540206.0,540902.0,541574.0,542249.0,542889.0,543632.0,544235.0,544799.0,545459.0,546255.0,547000.0,547871.0,548646.0,549389.0,549969.0,550726.0,551510.0,552385.0,553227.0,554050
XBDll5HO9Rc,,,,,,,,,,,,,,,,,,,,,,,,,,,,,,,,,,,,,,,,,,,,,,,,,,,,,,,,,,,,,,,,,,,,,,,,,,,,,,,,,,,,160126.0,438875.0,1809278.0,2892526.0,3467891.0,5489254.0,6923950.0,7001051.0,7047344.0,7094011.0,7139437.0,7181169.0,7214909.0,7243026.0,7266959.0,7287941.0,7308759.0,7328895.0,7347917.0,7364868.0,7381232.0,7397187.0,7412455.0,7426067.0,7439175.0,7452934.0,7465546.0,7477965.0,7490511.0,7502336.0,7514243.0,7525852.0,7536001.0,7546194.0,7555754.0,7564629.0,7573127.0,7580756.0,7588489.0,7595646.0,7602262.0,7608306.0,7614265.0,7620210.0,7626435.0,7631984.0,7637360.0,7641751.0,7646501.0,7651101.0,7655534.0,,,,,,,,,7698208.0,7703893.0,7709742.0,7715929.0,7722870.0,7730257.0,7739178.0,7747396.0,7755160.0,7760785.0,7767189.0,7774719.0,7780712.0,7786366.0,7792294.0,7798798.0,7803445.0,7808432.0,7813517.0,7817396.0,7820702.0,7824280.0,7827535.0,7830490.0,7833422.0,7836841.0,7840033.0,7843451.0,7846921.0,7850305.0,7853353.0,7856368.0,7859467.0,7862383.0,7865371.0,7868408.0,7871418.0,7874497.0,7877606.0,7880717.0,7883581.0,7886485.0,7889591.0,7892751.0,7895284.0,7897785.0,7900474.0,7903090.0,7905677
XBDll5HO9Rc,,,,,,,,,,,,,,,,,,,,,,,,,,,,,,,,,,,,,,,,,,,,,,,,,,,,,,,,,,,,,,,,,,,,,,,,,,,,,,,,,,,,160126.0,438875.0,1809278.0,2892526.0,3467891.0,5489254.0,6923950.0,7001051.0,7047344.0,7094011.0,7139437.0,7181169.0,7214909.0,7243026.0,7266959.0,7287941.0,7308759.0,7328895.0,7347917.0,7364868.0,7381232.0,7397187.0,7412455.0,7426067.0,7439175.0,7452934.0,7465546.0,7477965.0,7490511.0,7502336.0,7514243.0,7525852.0,7536001.0,7546194.0,7555754.0,7564629.0,7573127.0,7580756.0,7588489.0,7595646.0,7602262.0,7608306.0,7614265.0,7620210.0,7626435.0,7631984.0,7637360.0,7641751.0,7646501.0,7651101.0,7655534.0,,,,,,,,,7698208.0,7703893.0,7709742.0,7715929.0,7722870.0,7730257.0,7739178.0,7747396.0,7755160.0,7760785.0,7767189.0,7774719.0,7780712.0,7786366.0,7792294.0,7798798.0,7803445.0,7808432.0,7813517.0,7817396.0,7820702.0,7824280.0,7827535.0,7830490.0,7833422.0,7836841.0,7840033.0,7843451.0,7846921.0,7850305.0,7853353.0,7856368.0,7859467.0,7862383.0,7865371.0,7868408.0,7871418.0,7874497.0,7877606.0,7880717.0,7883581.0,7886485.0,7889591.0,7892751.0,7895284.0,7897785.0,7900474.0,7903090.0,7905677
rz46-19BrHc,,,,,,,,,,,,,,,,,,,,,,,,,,,,,,,,,,,,,,,,,,,,,,,,,,,,,,,,,,,,,,,,,,,,,,,,,,,,,,,,,,,,1777.0,3072.0,4528.0,6268.0,7678.0,8668.0,9231.0,9737.0,10154.0,10657.0,11143.0,11614.0,12064.0,12502.0,12840.0,13153.0,13370.0,13599.0,13804.0,14026.0,14196.0,14404.0,14590.0,14800.0,15017.0,15158.0,15335.0,15483.0,15679.0,15834.0,16007.0,16150.0,16270.0,16425.0,16668.0,16898.0,17116.0,17269.0,17396.0,17509.0,17642.0,17733.0,17828.0,17926.0,18039.0,18133.0,18221.0,18310.0,18398.0,18466.0,18592.0,,,,,,,,,19760.0,19825.0,19939.0,20060.0,20155.0,20294.0,20406.0,20525.0,20662.0,20808.0,20909.0,21051.0,21217.0,21348.0,21461.0,21567.0,21700.0,21848.0,21949.0,22077.0,22178.0,22277.0,22354.0,22434.0,22526.0,22628.0,22740.0,22842.0,22937.0,23022.0,23117.0,23218.0,23352.0,23449.0,23564.0,23623.0,23683.0,23756.0,23824.0,23884.0,23954.0,24041.0,24130.0,24207.0,24268.0,24370.0,24454.0,24555.0,24652
y0bsn7cycEM,,,,,,,,,,,,,,,,,,,,,,,,,,,,,,,,,,,,,,,,,,,,,,,,,,,,,,,,,,,,,,,,,,,,,,,,,,,,,,,,,,,,2678.0,3755.0,4061.0,4147.0,4215.0,4252.0,4290.0,4314.0,4330.0,4349.0,4372.0,4385.0,4409.0,4422.0,4438.0,4449.0,4464.0,4474.0,4491.0,4501.0,4514.0,4523.0,4534.0,4540.0,4541.0,4547.0,4553.0,4557.0,4563.0,4570.0,4575.0,4579.0,4582.0,4584.0,4590.0,4593.0,4595.0,4598.0,4602.0,4605.0,4611.0,4615.0,4618.0,4629.0,4635.0,4635.0,4638.0,4639.0,4643.0,4648.0,4650.0,,,,,,,,,4672.0,4674.0,4674.0,4677.0,4679.0,4680.0,4683.0,4685.0,4688.0,4689.0,4692.0,4693.0,4695.0,4697.0,4703.0,4705.0,4705.0,4708.0,4708.0,4709.0,4712.0,4716.0,4716.0,4719.0,4721.0,4726.0,4727.0,4728.0,4729.0,4732.0,4733.0,4734.0,4736.0,4740.0,4740.0,4741.0,4744.0,4747.0,4748.0,4751.0,4754.0,4755.0,4757.0,4759.0,4759.0,4759.0,4759.0,4761.0,4761
y4JheXhujA4,,,,,,,,,,,,,,,,,,,,,,,,,,,,,,,,,,,,,,,,,,,,,,,,,,,,,,,,,,,,,,,,,,,,,,,,,,,,,,,,,,,,178.0,290.0,417.0,469.0,475.0,526.0,548.0,560.0,617.0,634.0,673.0,697.0,736.0,747.0,752.0,779.0,790.0,802.0,812.0,838.0,854.0,858.0,862.0,875.0,879.0,886.0,922.0,930.0,936.0,947.0,951.0,953.0,958.0,966.0,974.0,979.0,990.0,1014.0,1016.0,1019.0,1022.0,1026.0,1030.0,1033.0,1039.0,1046.0,1057.0,1067.0,1076.0,1090.0,1096.0,,,,,,,,,1661.0,1679.0,1731.0,1761.0,1797.0,1809.0,1821.0,1828.0,1835.0,1842.0,1853.0,1864.0,1882.0,1908.0,1944.0,1962.0,1968.0,2022.0,2031.0,2035.0,2044.0,2076.0,2088.0,2099.0,2105.0,2126.0,2141.0,2147.0,2150.0,2155.0,2160.0,2172.0,2184.0,2186.0,2188.0,2195.0,2199.0,2204.0,2212.0,2216.0,2230.0,2232.0,2235.0,2239.0,2244.0,2252.0,2257.0,2262.0,2265
MODThWkBwxQ,,,,,,,,,,,,,,,,,,,,,,,,,,,,,,,,,,,,,,,,,,,,,,,,,,,,,,,,,,,,,,,,,,,,,,,,,,,,,,,,,,,,8803.0,13614.0,17685.0,22934.0,27111.0,31215.0,34157.0,36393.0,38068.0,39753.0,41093.0,42144.0,43233.0,44196.0,45252.0,46367.0,47243.0,48066.0,48820.0,49605.0,50352.0,50975.0,51743.0,52419.0,53077.0,53690.0,54282.0,54798.0,55269.0,55789.0,56344.0,56774.0,57246.0,57616.0,58008.0,58326.0,58707.0,59069.0,59475.0,59751.0,60102.0,60521.0,60881.0,61235.0,61594.0,61901.0,62207.0,62494.0,62899.0,63211.0,63495.0,,,,,,,,,66336.0,66576.0,66918.0,67244.0,67503.0,67810.0,68080.0,68321.0,68615.0,68891.0,69104.0,69402.0,69735.0,70054.0,70430.0,70737.0,70999.0,71274.0,71539.0,71844.0,72109.0,72377.0,72596.0,72868.0,73226.0,73506.0,73836.0,74254.0,74562.0,74797.0,75111.0,75414.0,75730.0,76044.0,76294.0,76550.0,76814.0,77135.0,77428.0,77717.0,77994.0,78242.0,78488.0,78716.0,78981.0,79212.0,79521.0,79918.0,80245
PPCTzoserWE,,,,,,,,,,,,,,,,,,,,,,,,,,,,,,,,,,,,,,,,,,,,,,,,,,,,,,,,,,,,,,,,,,,,,,,,,,,,,,,,,,,,25791.0,26766.0,27681.0,28213.0,28613.0,29028.0,29419.0,29734.0,29851.0,30078.0,30169.0,30274.0,30321.0,30403.0,30497.0,30589.0,30660.0,30740.0,30834.0,30934.0,31021.0,31084.0,31127.0,31168.0,31200.0,31235.0,31281.0,31328.0,31365.0,31401.0,31423.0,31458.0,31474.0,31510.0,31531.0,31544.0,31566.0,31585.0,31608.0,31625.0,31644.0,31650.0,31670.0,31686.0,31699.0,31712.0,31743.0,31768.0,31784.0,31794.0,31812.0,,,,,,,,,31970.0,31987.0,32005.0,32016.0,32035.0,32056.0,32071.0,32086.0,32101.0,32120.0,32135.0,32153.0,32174.0,32193.0,32212.0,32223.0,32236.0,32252.0,32269.0,32291.0,32296.0,32313.0,32333.0,32348.0,32360.0,32384.0,32392.0,32403.0,32416.0,32422.0,32432.0,32443.0,32450.0,32456.0,32467.0,32482.0,32494.0,32507.0,32515.0,32526.0,32535.0,32549.0,32570.0,32581.0,32595.0,32603.0,32615.0,32615.0,32623
vnsLV4H_N7Q,,,,,,,,,,,,,,,,,,,,,,,,,,,,,,,,,,,,,,,,,,,,,,,,,,,,,,,,,,,,,,,,,,,,,,,,,,,,,,,,,,,,8717.0,35124.0,57811.0,86519.0,111309.0,140322.0,166007.0,193818.0,217179.0,238741.0,254945.0,269172.0,288597.0,305393.0,320429.0,331677.0,344742.0,356161.0,365726.0,377654.0,387047.0,395325.0,403940.0,411387.0,418415.0,424523.0,430936.0,437448.0,442767.0,447767.0,453100.0,458227.0,462328.0,466029.0,469606.0,473102.0,478789.0,483143.0,486966.0,490159.0,493483.0,496642.0,499916.0,502873.0,505710.0,508279.0,510398.0,512889.0,515402.0,517783.0,520063.0,,,,,,,,,537992.0,539715.0,541886.0,543991.0,546451.0,549028.0,551277.0,553304.0,555084.0,557170.0,560617.0,564175.0,567515.0,570830.0,573759.0,576624.0,580512.0,584186.0,588853.0,593569.0,598384.0,601613.0,604623.0,608375.0,612124.0,615522.0,619184.0,622722.0,625579.0,627980.0,631265.0,634412.0,637430.0,640129.0,642472.0,644966.0,646848.0,649196.0,651505.0,653500.0,655372.0,657322.0,659203.0,660801.0,662592.0,664490.0,666219.0,667987.0,669562
C91u5hhA7SU,,,,,,,,,,,,,,,,,,,,,,,,,,,,,,,,,,,,,,,,,,,,,,,,,,,,,,,,,,,,,,,,,,,,,,,,,,,,,,,,,,,,4982.0,5655.0,6028.0,6306.0,6259.0,6449.0,6671.0,6807.0,6950.0,7094.0,7265.0,7395.0,7530.0,7662.0,7755.0,7893.0,8032.0,8116.0,8186.0,8206.0,8319.0,8396.0,8458.0,8470.0,8534.0,8609.0,8688.0,8794.0,8873.0,8980.0,9090.0,9176.0,9223.0,9283.0,9327.0,9400.0,9462.0,9574.0,9575.0,9598.0,9658.0,9765.0,9810.0,9878.0,10001.0,10080.0,10163.0,10244.0,10367.0,10426.0,10585.0,,,,,,,,,11095.0,11127.0,11163.0,11202.0,11239.0,11280.0,11317.0,11350.0,11379.0,11415.0,11443.0,11467.0,11495.0,11521.0,11549.0,11565.0,11593.0,11608.0,11629.0,11652.0,11677.0,11697.0,11713.0,11727.0,11748.0,11763.0,11784.0,11801.0,11820.0,11835.0,11855.0,11882.0,11897.0,11922.0,11935.0,11946.0,11964.0,11982.0,11999.0,12029.0,12049.0,12069.0,12088.0,12110.0,12119.0,12136.0,12153.0,12163.0,12176
mcRYSTBhbxY,,,,,,,,,,,,,,,,,,,,,,,,,,,,,,,,,,,,,,,,,,,,,,,,,,,,,,,,,,,,,,,,,,,,,,,,,,,,,,,,,,,,,108618.0,242127.0,283012.0,301893.0,313247.0,320433.0,327996.0,331982.0,333559.0,335245.0,336514.0,337476.0,338191.0,338913.0,339608.0,340323.0,341176.0,342103.0,342756.0,343456.0,344073.0,344592.0,345194.0,345837.0,346544.0,347017.0,347552.0,348002.0,348447.0,348937.0,349466.0,350061.0,350478.0,350924.0,351323.0,351752.0,352173.0,352569.0,353005.0,353437.0,353769.0,354119.0,354422.0,354816.0,355217.0,355584.0,355979.0,356353.0,356796.0,357170.0,,,,,,,,,360211.0,360406.0,360580.0,360764.0,360939.0,361097.0,361454.0,361810.0,362157.0,362460.0,362980.0,363376.0,363748.0,364102.0,364432.0,364712.0,364987.0,365254.0,365561.0,365866.0,366526.0,367134.0,367563.0,367873.0,368087.0,368415.0,368735.0,369070.0,369346.0,369575.0,369800.0,370003.0,370204.0,370365.0,370566.0,370698.0,370890.0,371026.0,371166.0,371338.0,371503.0,371629.0,371809.0,372008.0,372151.0,372289.0,372413.0,372551.0,372690
15w8A9hET3k,,,,,,,,,,,,,,,,,,,,,,,,,,,,,,,,,,,,,,,,,,,,,,,,,,,,,,,,,,,,,,,,,,,,,,,,,,,,,,,,,,,,,6250.0,7738.0,9843.0,11371.0,12719.0,14132.0,15228.0,16533.0,17613.0,18339.0,18842.0,19599.0,20238.0,20998.0,21630.0,22247.0,22757.0,23170.0,23742.0,24151.0,24547.0,25165.0,25852.0,26439.0,26958.0,27461.0,27932.0,28319.0,28618.0,28925.0,29146.0,29407.0,29668.0,29908.0,30103.0,30320.0,30450.0,30593.0,30725.0,30867.0,30985.0,31139.0,31289.0,31437.0,31573.0,31658.0,31793.0,31907.0,32055.0,32178.0,,,,,,,,,33191.0,33245.0,33323.0,33443.0,33509.0,33593.0,33683.0,33755.0,33821.0,33924.0,34012.0,34117.0,34202.0,34300.0,34384.0,34459.0,34543.0,34593.0,34675.0,34735.0,34798.0,34839.0,34900.0,34953.0,35007.0,35086.0,35159.0,35240.0,35310.0,35356.0,35423.0,35496.0,35571.0,35627.0,35698.0,35753.0,35793.0,35843.0,35895.0,35975.0,36026.0,36112.0,36176.0,36239.0,36317.0,36395.0,36468.0,36524.0,36583
XCXupDc2fTM,,,,,,,,,,,,,,,,,,,,,,,,,,,,,,,,,,,,,,,,,,,,,,,,,,,,,,,,,,,,,,,,,,,,,,,,,,,,,,,,,,,,,1934.0,3476.0,3989.0,4309.0,4688.0,4977.0,5278.0,5545.0,5701.0,5830.0,5917.0,6026.0,6140.0,6230.0,6372.0,6465.0,6549.0,6630.0,6688.0,6784.0,6873.0,7021.0,7087.0,7152.0,7200.0,7248.0,7308.0,7341.0,7382.0,7419.0,7449.0,7484.0,7509.0,7546.0,7588.0,7610.0,7629.0,7648.0,7664.0,7685.0,7700.0,7725.0,7725.0,7742.0,7751.0,7762.0,7780.0,7797.0,7821.0,7844.0,,,,,,,,,8005.0,8024.0,8043.0,8062.0,8086.0,8099.0,8110.0,8127.0,8149.0,8163.0,8178.0,8194.0,8219.0,8235.0,8250.0,8260.0,8277.0,8290.0,8308.0,8323.0,8339.0,8354.0,8370.0,8396.0,8419.0,8423.0,8428.0,8439.0,8444.0,8449.0,8455.0,8462.0,8468.0,8475.0,8478.0,8481.0,8481.0,8482.0,8484.0,8484.0,8486.0,8486.0,8489.0,8492.0,8495.0,8495.0,8496.0,8496.0,8499
s_V3BET0R6g,,,,,,,,,,,,,,,,,,,,,,,,,,,,,,,,,,,,,,,,,,,,,,,,,,,,,,,,,,,,,,,,,,,,,,,,,,,,,,,,,,,,,5345.0,9715.0,11456.0,12247.0,12357.0,12443.0,12519.0,12585.0,12641.0,12692.0,12731.0,12775.0,12804.0,12828.0,12860.0,12877.0,12903.0,12924.0,12960.0,12975.0,12994.0,13016.0,13033.0,13050.0,13072.0,13083.0,13099.0,13110.0,13129.0,13149.0,13163.0,13170.0,13175.0,13182.0,13191.0,13199.0,13209.0,13221.0,13224.0,13225.0,13231.0,13236.0,13243.0,13249.0,13259.0,13263.0,13266.0,13271.0,13282.0,13297.0,,,,,,,,,13353.0,13354.0,13358.0,13360.0,13364.0,13368.0,13379.0,13383.0,13389.0,13390.0,13391.0,13391.0,13397.0,13399.0,13405.0,13408.0,13411.0,13413.0,13416.0,13417.0,13418.0,13421.0,13424.0,13428.0,13428.0,13428.0,13434.0,13437.0,13439.0,13440.0,13444.0,13446.0,13449.0,13453.0,13453.0,13458.0,13459.0,13460.0,13463.0,13472.0,13472.0,13477.0,13485.0,13487.0,13488.0,13491.0,13493.0,13494.0,13498
JF3IqLzNbk4,,,,,,,,,,,,,,,,,,,,,,,,,,,,,,,,,,,,,,,,,,,,,,,,,,,,,,,,,,,,,,,,,,,,,,,,,,,,,,,,,,,,,,167582.0,192408.0,210687.0,246209.0,266679.0,275176.0,280017.0,281571.0,283096.0,284532.0,285732.0,286653.0,287439.0,288364.0,289019.0,289620.0,290141.0,290551.0,291003.0,291446.0,291900.0,292345.0,292716.0,292998.0,293311.0,293609.0,293872.0,294179.0,294559.0,294851.0,295185.0,295434.0,295660.0,295844.0,296021.0,296209.0,296427.0,296618.0,296777.0,296978.0,297147.0,297297.0,297450.0,297604.0,297747.0,297905.0,298028.0,298151.0,298270.0,,,,,,,,,299373.0,299495.0,299568.0,299667.0,299777.0,299919.0,300050.0,300237.0,300384.0,300598.0,300722.0,300863.0,300978.0,301119.0,301273.0,301455.0,301592.0,301702.0,301830.0,301906.0,301986.0,302063.0,302142.0,302202.0,302282.0,302349.0,302426.0,302500.0,302596.0,302692.0,302778.0,302888.0,302978.0,303062.0,303128.0,303208.0,303291.0,303355.0,303420.0,303504.0,303571.0,303657.0,303739.0,303824.0,303917.0,303973.0,304048.0,304103.0,304193
aZt6AJfdRJY,,,,,,,,,,,,,,,,,,,,,,,,,,,,,,,,,,,,,,,,,,,,,,,,,,,,,,,,,,,,,,,,,,,,,,,,,,,,,,,,,,,,,,3084.0,4364.0,5441.0,6285.0,6930.0,7434.0,8008.0,8469.0,9032.0,9522.0,9953.0,10542.0,10897.0,11107.0,11281.0,11374.0,11486.0,11627.0,11765.0,11883.0,12023.0,12136.0,12250.0,12360.0,12438.0,12531.0,12607.0,12659.0,12739.0,12818.0,12897.0,12982.0,13047.0,13125.0,13181.0,13239.0,13289.0,13355.0,13412.0,13465.0,13533.0,13586.0,13653.0,13710.0,13737.0,13787.0,13821.0,13850.0,13879.0,,,,,,,,,14225.0,14263.0,14301.0,14347.0,14376.0,14419.0,14455.0,14488.0,14515.0,14545.0,14577.0,14593.0,14633.0,14658.0,14696.0,14720.0,14762.0,14811.0,14850.0,14896.0,14927.0,14975.0,15034.0,15080.0,15136.0,15173.0,15213.0,15237.0,15267.0,15302.0,15346.0,15386.0,15427.0,15463.0,15529.0,15580.0,15636.0,15703.0,15736.0,15767.0,15800.0,15829.0,15861.0,15898.0,15924.0,15963.0,15992.0,16041.0,16104
umVi_Ql8egY,,,,,,,,,,,,,,,,,,,,,,,,,,,,,,,,,,,,,,,,,,,,,,,,,,,,,,,,,,,,,,,,,,,,,,,,,,,,,,,,,,,,,,235876.0,310532.0,350854.0,383232.0,427038.0,446511.0,457767.0,466522.0,474642.0,485156.0,499925.0,508353.0,512741.0,515645.0,517694.0,519456.0,521066.0,522259.0,523242.0,524110.0,524747.0,525303.0,525897.0,526434.0,527083.0,527629.0,528109.0,528600.0,529055.0,529488.0,529901.0,530256.0,530571.0,530950.0,531305.0,531645.0,531948.0,532302.0,532654.0,532982.0,533258.0,533566.0,533822.0,534065.0,534345.0,534556.0,534785.0,534967.0,535179.0,,,,,,,,,536832.0,536982.0,537110.0,537257.0,537437.0,537673.0,537862.0,538321.0,538928.0,539690.0,540277.0,540829.0,541386.0,542045.0,542566.0,543081.0,543578.0,543862.0,544373.0,544623.0,544826.0,544958.0,545111.0,545247.0,545414.0,545568.0,545696.0,545790.0,545908.0,546035.0,546149.0,546260.0,546390.0,546529.0,546635.0,546739.0,546876.0,546998.0,547102.0,547188.0,547275.0,547378.0,547488.0,547592.0,547683.0,547788.0,547881.0,547978.0,548063
5toNHtirpVM,,,,,,,,,,,,,,,,,,,,,,,,,,,,,,,,,,,,,,,,,,,,,,,,,,,,,,,,,,,,,,,,,,,,,,,,,,,,,,,,,,,,,,6706.0,26759.0,44005.0,48562.0,124902.0,151971.0,462798.0,523940.0,533508.0,433424.0,221969.0,214021.0,221374.0,228246.0,313264.0,359296.0,370108.0,439023.0,456653.0,463876.0,470449.0,483012.0,490155.0,496653.0,503173.0,509935.0,516702.0,522873.0,528590.0,538657.0,545260.0,551191.0,557221.0,563312.0,572333.0,582925.0,592358.0,602489.0,607474.0,612994.0,618821.0,625042.0,630849.0,636986.0,643118.0,648562.0,654194.0,659577.0,665222.0,,,,,,,,,716871.0,721964.0,731418.0,736319.0,740847.0,745428.0,750187.0,755606.0,760837.0,765536.0,770414.0,775138.0,779960.0,784303.0,808024.0,812539.0,816783.0,821261.0,824592.0,828785.0,832875.0,837013.0,841331.0,845205.0,853225.0,857103.0,860363.0,863572.0,867015.0,870602.0,874211.0,876951.0,877369.0,877607.0,877987.0,878471.0,878958.0,879408.0,879849.0,880424.0,880967.0,881467.0,881980.0,882500.0,882917.0,883515.0,884007.0,884387.0,884854
z3421azlj3I,,,,,,,,,,,,,,,,,,,,,,,,,,,,,,,,,,,,,,,,,,,,,,,,,,,,,,,,,,,,,,,,,,,,,,,,,,,,,,,,,,,,,,36273.0,201369.0,328416.0,482206.0,615795.0,714600.0,801147.0,888139.0,973952.0,1051201.0,1135543.0,1213613.0,1285264.0,1353299.0,1423008.0,1479604.0,1538051.0,1598832.0,1660929.0,1713208.0,1766176.0,1812888.0,1855480.0,1900063.0,1949116.0,1993640.0,2036569.0,2084724.0,2129761.0,2172314.0,2210738.0,2249455.0,2287831.0,2325318.0,2363275.0,2400287.0,2431443.0,2456591.0,2482766.0,2513640.0,2540480.0,2572329.0,2609557.0,2642743.0,2675510.0,2707955.0,2742996.0,2778718.0,2815010.0,,,,,,,,,3092934.0,3126516.0,3158204.0,3192617.0,3223752.0,3259624.0,3293656.0,3326540.0,3361633.0,3396207.0,3429188.0,3462749.0,3498008.0,3529770.0,3555937.0,3584117.0,3615892.0,3648683.0,3680788.0,3713136.0,3744231.0,3774615.0,3804410.0,3835887.0,3866969.0,3898539.0,3928796.0,3956069.0,3979111.0,4003697.0,4032610.0,4062316.0,4091731.0,4120871.0,4147860.0,4174090.0,4196774.0,4223703.0,4254782.0,4285336.0,4313806.0,4340500.0,4366604.0,4391092.0,4418329.0,4445003.0,4471438.0,4497328.0,4522178
IuUVDeRAKaI,,,,,,,,,,,,,,,,,,,,,,,,,,,,,,,,,,,,,,,,,,,,,,,,,,,,,,,,,,,,,,,,,,,,,,,,,,,,,,,,,,,,,,7687.0,12753.0,19203.0,26835.0,31503.0,36154.0,40067.0,42570.0,44183.0,45306.0,46247.0,47179.0,48074.0,48938.0,49851.0,50605.0,51213.0,51899.0,52486.0,53049.0,53660.0,54304.0,54755.0,55356.0,55879.0,56486.0,56980.0,57492.0,58048.0,58406.0,58862.0,59364.0,59804.0,60304.0,60864.0,61290.0,61756.0,62096.0,62496.0,62874.0,63300.0,63729.0,64194.0,64530.0,64815.0,65200.0,65594.0,66054.0,66495.0,,,,,,,,,69668.0,69991.0,70289.0,70551.0,70790.0,71103.0,71431.0,71700.0,71920.0,72235.0,72445.0,72727.0,73031.0,73338.0,73599.0,73777.0,74011.0,74303.0,74546.0,74830.0,74987.0,75212.0,75407.0,75629.0,75845.0,76109.0,76379.0,76597.0,76871.0,77100.0,77312.0,77501.0,77712.0,77908.0,78148.0,78309.0,78469.0,78670.0,78891.0,79109.0,79349.0,79597.0,79829.0,80079.0,80299.0,80584.0,80827.0,81084.0,81301
xKT92YmzhJw,,,,,,,,,,,,,,,,,,,,,,,,,,,,,,,,,,,,,,,,,,,,,,,,,,,,,,,,,,,,,,,,,,,,,,,,,,,,,,,,,,,,,,302162.0,674863.0,1049239.0,1477701.0,1781766.0,2113678.0,2438811.0,2479066.0,2484867.0,2490692.0,2497867.0,2503348.0,2508137.0,2512708.0,2516696.0,2520403.0,2523697.0,2527093.0,2530197.0,2533272.0,2536223.0,2538933.0,2541444.0,2543669.0,2546044.0,2548522.0,2550782.0,2552923.0,2555016.0,2557029.0,2558822.0,2560736.0,2562616.0,2564488.0,2566229.0,2567875.0,2569524.0,2570932.0,2572265.0,2573763.0,2575220.0,2576656.0,2578211.0,2579712.0,2580980.0,2582267.0,2583552.0,2584878.0,2586156.0,,,,,,,,,2596606.0,2597885.0,2599008.0,2600099.0,2601126.0,2602126.0,2603077.0,2604056.0,2605069.0,2606180.0,2607380.0,2608712.0,2610006.0,2611151.0,2612260.0,2613277.0,2614246.0,2615299.0,2616115.0,2616970.0,2617745.0,2618456.0,2619190.0,2619930.0,2620742.0,2621510.0,2622340.0,2623089.0,2623811.0,2624490.0,2625160.0,2625908.0,2626629.0,2627331.0,2628053.0,2628782.0,2629369.0,2630130.0,2630802.0,2631548.0,2632168.0,2632796.0,2633440.0,2634092.0,2634831.0,2635535.0,2636199.0,2636829.0,2637577
zExqitQRRkM,,,,,,,,,,,,,,,,,,,,,,,,,,,,,,,,,,,,,,,,,,,,,,,,,,,,,,,,,,,,,,,,,,,,,,,,,,,,,,,,,,,,,,13420.0,16463.0,18448.0,19440.0,20181.0,38528.0,39473.0,64171.0,82197.0,126129.0,126565.0,126947.0,127239.0,127603.0,127976.0,128371.0,128740.0,129121.0,129361.0,129619.0,129850.0,130074.0,130307.0,130541.0,130717.0,130942.0,131127.0,131284.0,131434.0,131577.0,131748.0,131896.0,132012.0,132163.0,132291.0,132453.0,132625.0,132802.0,132960.0,133130.0,133316.0,133500.0,133916.0,134165.0,134382.0,134565.0,134786.0,134982.0,135151.0,,,,,,,,,136342.0,136508.0,136679.0,136859.0,136958.0,137076.0,137210.0,137355.0,137536.0,137670.0,137759.0,137859.0,137977.0,138100.0,138224.0,138316.0,138418.0,138502.0,138567.0,138639.0,138736.0,138813.0,138888.0,138954.0,139039.0,139127.0,139205.0,139284.0,139349.0,139431.0,139511.0,139569.0,139637.0,139721.0,139782.0,139845.0,139916.0,139973.0,140032.0,140086.0,140169.0,140240.0,140315.0,140372.0,140423.0,140468.0,140518.0,140576.0,140631
CcJa9dbgv1s,,,,,,,,,,,,,,,,,,,,,,,,,,,,,,,,,,,,,,,,,,,,,,,,,,,,,,,,,,,,,,,,,,,,,,,,,,,,,,,,,,,,,,2711.0,2720.0,2723.0,2728.0,2729.0,2736.0,2739.0,2743.0,2752.0,2757.0,2766.0,2774.0,2777.0,2783.0,2791.0,2794.0,2798.0,2801.0,2804.0,2807.0,2815.0,2819.0,2824.0,2828.0,2828.0,2831.0,2834.0,2838.0,2842.0,2842.0,2844.0,2844.0,2845.0,2847.0,2849.0,2851.0,2854.0,2857.0,2863.0,2866.0,2868.0,2868.0,2873.0,2875.0,2878.0,2880.0,2885.0,2891.0,2895.0,,,,,,,,,2929.0,2930.0,2943.0,2971.0,2987.0,3023.0,3045.0,3065.0,3080.0,3089.0,3093.0,3100.0,3110.0,3112.0,3116.0,3120.0,3125.0,3126.0,3128.0,3129.0,3130.0,3130.0,3130.0,3131.0,3132.0,3132.0,3134.0,3136.0,3137.0,3137.0,3137.0,3141.0,3141.0,3145.0,3147.0,3148.0,3149.0,3149.0,3150.0,3152.0,3152.0,3154.0,3157.0,3157.0,3159.0,3163.0,3164.0,3166.0,3169
0Ak8ps4-M3I,,,,,,,,,,,,,,,,,,,,,,,,,,,,,,,,,,,,,,,,,,,,,,,,,,,,,,,,,,,,,,,,,,,,,,,,,,,,,,,,,,,,,,1538.0,1609.0,1693.0,1780.0,1858.0,1912.0,1963.0,2013.0,2055.0,2104.0,2143.0,2189.0,2253.0,2318.0,2352.0,2376.0,2444.0,2497.0,2544.0,2575.0,2600.0,2624.0,2652.0,2674.0,2696.0,2709.0,2725.0,2741.0,2763.0,2777.0,2794.0,2810.0,2826.0,2840.0,2856.0,2865.0,2888.0,2910.0,2938.0,2957.0,2972.0,2982.0,2995.0,3017.0,3037.0,3057.0,3093.0,3114.0,3139.0,,,,,,,,,3349.0,3367.0,3384.0,3402.0,3420.0,3441.0,3461.0,3473.0,3494.0,3509.0,3515.0,3521.0,3533.0,3547.0,3557.0,3560.0,3572.0,3581.0,3588.0,3594.0,3598.0,3601.0,3613.0,3619.0,3626.0,3635.0,3637.0,3647.0,3651.0,3658.0,3670.0,3674.0,3677.0,3681.0,3689.0,3696.0,3703.0,3708.0,3713.0,3718.0,3727.0,3729.0,3738.0,3743.0,3747.0,3755.0,3760.0,3769.0,3776
zkR3SAMLGno,,,,,,,,,,,,,,,,,,,,,,,,,,,,,,,,,,,,,,,,,,,,,,,,,,,,,,,,,,,,,,,,,,,,,,,,,,,,,,,,,,,,,,1379730.0,1383856.0,1387345.0,1390600.0,1393470.0,1396375.0,1398922.0,1401123.0,1403079.0,1404774.0,1406256.0,1407563.0,1408955.0,1410226.0,1411484.0,1412802.0,1414293.0,1415495.0,1416662.0,1417849.0,1418989.0,1419998.0,1421135.0,1422182.0,1423169.0,1424251.0,1425354.0,1426463.0,1427593.0,1428813.0,1430141.0,1431322.0,1432333.0,1433331.0,1434224.0,1435124.0,1436372.0,1437528.0,1438624.0,1439814.0,1440954.0,1442025.0,1443394.0,1444556.0,1445634.0,1446634.0,1447780.0,1448966.0,1449992.0,,,,,,,,,1459470.0,1460566.0,1461550.0,1462804.0,1464075.0,1465171.0,1466214.0,1467317.0,1468608.0,1469703.0,1470635.0,1471630.0,1472508.0,1473462.0,1474515.0,1475567.0,1476528.0,1477495.0,1478457.0,1479076.0,1479844.0,1480530.0,1481313.0,1482122.0,1482712.0,1483442.0,1484100.0,1484749.0,1485378.0,1486059.0,1486694.0,1487271.0,1487798.0,1488422.0,1488976.0,1489589.0,1490269.0,1490877.0,1491524.0,1492191.0,1492803.0,1493528.0,1494097.0,1494815.0,1495409.0,1495978.0,1496543.0,1497104.0,1497698
w-qEBFDsPZk,,,,,,,,,,,,,,,,,,,,,,,,,,,,,,,,,,,,,,,,,,,,,,,,,,,,,,,,,,,,,,,,,,,,,,,,,,,,,,,,,,,,,,46235.0,47838.0,49288.0,50856.0,52211.0,53786.0,55200.0,56490.0,57602.0,58618.0,59542.0,60440.0,61341.0,62168.0,62963.0,63736.0,64549.0,65358.0,66133.0,66880.0,67545.0,68255.0,69019.0,69768.0,70514.0,71287.0,71971.0,72825.0,73658.0,74436.0,75204.0,76075.0,76976.0,77805.0,78489.0,79142.0,79839.0,80312.0,80875.0,81392.0,81806.0,82500.0,83037.0,83539.0,84116.0,84722.0,85292.0,85844.0,86380.0,,,,,,,,,90276.0,90643.0,90995.0,91431.0,91779.0,92102.0,92421.0,92788.0,93134.0,93560.0,93964.0,94304.0,94785.0,95278.0,95655.0,95979.0,96394.0,96868.0,97299.0,97734.0,98091.0,98476.0,98789.0,99142.0,99538.0,99913.0,100238.0,100630.0,100921.0,101287.0,101676.0,102053.0,102496.0,102873.0,103182.0,103611.0,103950.0,104292.0,104646.0,105154.0,105642.0,106077.0,106476.0,106835.0,107267.0,107648.0,108101.0,108499.0,108933
NRfcVhPnZww,,,,,,,,,,,,,,,,,,,,,,,,,,,,,,,,,,,,,,,,,,,,,,,,,,,,,,,,,,,,,,,,,,,,,,,,,,,,,,,,,,,,,,80631.0,139812.0,202481.0,288402.0,348631.0,402642.0,454361.0,509029.0,563928.0,609916.0,660600.0,710417.0,722340.0,724270.0,725756.0,727099.0,728179.0,729153.0,730215.0,731050.0,731917.0,732786.0,733728.0,734626.0,735477.0,736261.0,736946.0,737650.0,738389.0,739055.0,739717.0,740338.0,740861.0,741424.0,741992.0,742618.0,743095.0,743603.0,744024.0,744507.0,744965.0,745476.0,746078.0,746630.0,747005.0,747425.0,747871.0,748317.0,748718.0,,,,,,,,,753009.0,753497.0,753997.0,754442.0,755064.0,755829.0,756916.0,757770.0,758575.0,759641.0,760854.0,762522.0,763867.0,764905.0,765989.0,767095.0,768154.0,769162.0,770044.0,770580.0,771171.0,771637.0,772018.0,772458.0,773021.0,773552.0,773912.0,774431.0,774839.0,775263.0,775677.0,776056.0,776489.0,776882.0,777208.0,777517.0,777861.0,778203.0,778596.0,778948.0,779445.0,779808.0,780154.0,780458.0,780847.0,781194.0,781576.0,781917.0,782244
v5b-93fgPfM,,,,,,,,,,,,,,,,,,,,,,,,,,,,,,,,,,,,,,,,,,,,,,,,,,,,,,,,,,,,,,,,,,,,,,,,,,,,,,,,,,,,,,6483.0,9840.0,12465.0,13877.0,14580.0,15087.0,15482.0,15745.0,15893.0,16020.0,16146.0,16290.0,16419.0,16518.0,16598.0,16671.0,16735.0,16808.0,16889.0,16960.0,17028.0,17096.0,17143.0,17172.0,17217.0,17247.0,17279.0,17320.0,17347.0,17374.0,17389.0,17411.0,17434.0,17464.0,17495.0,17524.0,17540.0,17558.0,17585.0,17603.0,17615.0,17633.0,17649.0,17659.0,17672.0,17689.0,17702.0,17721.0,17739.0,,,,,,,,,17871.0,17883.0,17889.0,17895.0,17920.0,17937.0,17942.0,17950.0,17963.0,17972.0,17979.0,17992.0,18013.0,18028.0,18046.0,18061.0,18072.0,18087.0,18115.0,18128.0,18141.0,18156.0,18164.0,18183.0,18190.0,18202.0,18211.0,18220.0,18230.0,18233.0,18238.0,18246.0,18258.0,18263.0,18276.0,18278.0,18284.0,18289.0,18302.0,18314.0,18328.0,18342.0,18350.0,18359.0,18368.0,18372.0,18380.0,18388.0,18401
5toNHtirpVM,,,,,,,,,,,,,,,,,,,,,,,,,,,,,,,,,,,,,,,,,,,,,,,,,,,,,,,,,,,,,,,,,,,,,,,,,,,,,,,,,,,,,,6706.0,26759.0,44005.0,48562.0,124902.0,151971.0,462798.0,523940.0,533508.0,433424.0,221969.0,214021.0,221374.0,228246.0,313264.0,359296.0,370108.0,439023.0,456653.0,463876.0,470449.0,483012.0,490155.0,496653.0,503173.0,509935.0,516702.0,522873.0,528590.0,538657.0,545260.0,551191.0,557221.0,563312.0,572333.0,582925.0,592358.0,602489.0,607474.0,612994.0,618821.0,625042.0,630849.0,636986.0,643118.0,648562.0,654194.0,659577.0,665222.0,,,,,,,,,716871.0,721964.0,731418.0,736319.0,740847.0,745428.0,750187.0,755606.0,760837.0,765536.0,770414.0,775138.0,779960.0,784303.0,808024.0,812539.0,816783.0,821261.0,824592.0,828785.0,832875.0,837013.0,841331.0,845205.0,853225.0,857103.0,860363.0,863572.0,867015.0,870602.0,874211.0,876951.0,877369.0,877607.0,877987.0,878471.0,878958.0,879408.0,879849.0,880424.0,880967.0,881467.0,881980.0,882500.0,882917.0,883515.0,884007.0,884387.0,884854
TI2Tuq8DwMs,,,,,,,,,,,,,,,,,,,,,,,,,,,,,,,,,,,,,,,,,,,,,,,,,,,,,,,,,,,,,,,,,,,,,,,,,,,,,,,,,,,,,,176.0,192.0,205.0,210.0,216.0,238.0,357.0,840.0,1336.0,1830.0,2315.0,2774.0,3429.0,4182.0,4777.0,5093.0,5287.0,5527.0,5720.0,5969.0,6213.0,6423.0,6584.0,6706.0,6867.0,6999.0,7067.0,7126.0,7155.0,7191.0,7221.0,7256.0,7311.0,7358.0,7384.0,7409.0,7440.0,7468.0,7488.0,7505.0,7524.0,7545.0,7556.0,7575.0,7587.0,7591.0,7614.0,7636.0,7645.0,,,,,,,,,7827.0,7852.0,7871.0,7887.0,7902.0,7920.0,7953.0,7973.0,8039.0,8113.0,8166.0,8250.0,8303.0,8325.0,8370.0,8463.0,8587.0,8722.0,8864.0,8923.0,8941.0,8960.0,8975.0,8991.0,9011.0,9025.0,9038.0,9060.0,9069.0,9082.0,9094.0,9114.0,9135.0,9148.0,9159.0,9169.0,9179.0,9192.0,9211.0,9223.0,9228.0,9237.0,9242.0,9250.0,9265.0,9283.0,9302.0,9318.0,9328
r5D9msWXSSo,,,,,,,,,,,,,,,,,,,,,,,,,,,,,,,,,,,,,,,,,,,,,,,,,,,,,,,,,,,,,,,,,,,,,,,,,,,,,,,,,,,,,,50317.0,121097.0,162628.0,269829.0,499845.0,751383.0,995875.0,1212480.0,1390456.0,1401851.0,1413703.0,1426078.0,1438295.0,1449781.0,1460098.0,1469131.0,1476557.0,1483135.0,1489751.0,1496362.0,1502485.0,1508592.0,1514137.0,1519155.0,1524069.0,1529024.0,1533936.0,1538569.0,1543344.0,1547813.0,1551896.0,1556068.0,1560520.0,1564697.0,1568645.0,1572616.0,1576160.0,1579495.0,1582692.0,1586553.0,1590336.0,1594043.0,1597965.0,1601488.0,1604957.0,1608391.0,1611834.0,1615113.0,1618216.0,,,,,,,,,1645274.0,1648040.0,1650930.0,1653709.0,1656631.0,1659451.0,1662081.0,1664517.0,1666882.0,1669219.0,1671615.0,1673950.0,1676682.0,1679215.0,1681596.0,1683711.0,1685931.0,1688325.0,1690682.0,1693108.0,1695570.0,1697792.0,1699765.0,1701912.0,1704310.0,1706829.0,1709184.0,1711652.0,1713717.0,1715718.0,1717908.0,1720328.0,1722830.0,1725121.0,1727451.0,1729632.0,1731585.0,1733635.0,1735994.0,1738492.0,1741041.0,1743612.0,1745879.0,1747874.0,1749834.0,1752153.0,1754677.0,1757163.0,1759462
FBr4hA9L90s,,,,,,,,,,,,,,,,,,,,,,,,,,,,,,,,,,,,,,,,,,,,,,,,,,,,,,,,,,,,,,,,,,,,,,,,,,,,,,,,,,,,,,,728835.0,776920.0,843258.0,890687.0,915904.0,935877.0,953651.0,969970.0,983996.0,996160.0,1007484.0,1017955.0,1027233.0,1036282.0,1045398.0,1054546.0,1062880.0,1070049.0,1077050.0,1083532.0,1089634.0,1097561.0,1104948.0,1112001.0,1119538.0,1127112.0,1134131.0,1139813.0,1144987.0,1150102.0,1154770.0,1159080.0,1163352.0,1167497.0,1171771.0,1176181.0,1180518.0,1184675.0,1188872.0,1193031.0,1197240.0,1201279.0,1205236.0,1209418.0,1213311.0,1216798.0,1220401.0,1223812.0,,,,,,,,,1256451.0,1260646.0,1264332.0,1267636.0,1270977.0,1273976.0,1276922.0,1280166.0,1283924.0,1287441.0,1290662.0,1294292.0,1298508.0,1302457.0,1306394.0,1310774.0,1314513.0,1318421.0,1322307.0,1325750.0,1328937.0,1332299.0,1335762.0,1339236.0,1342761.0,1345841.0,1349164.0,1352649.0,1356101.0,1359770.0,1363666.0,1367385.0,1371116.0,1374475.0,1377579.0,1380740.0,1384381.0,1387950.0,1391597.0,1395237.0,1398904.0,1402350.0,1405977.0,1409811.0,1413336.0,1416869.0,1420406.0,1423872.0,1427012
mWpQiCkWHKI,,,,,,,,,,,,,,,,,,,,,,,,,,,,,,,,,,,,,,,,,,,,,,,,,,,,,,,,,,,,,,,,,,,,,,,,,,,,,,,,,,,,,,,1633.0,1648.0,1680.0,1703.0,1733.0,1754.0,1782.0,1811.0,1839.0,1861.0,1875.0,1884.0,1898.0,1909.0,1915.0,1929.0,1946.0,1961.0,1976.0,1983.0,1995.0,2005.0,2018.0,2028.0,2042.0,2053.0,2063.0,2070.0,2074.0,2084.0,2091.0,2108.0,2117.0,2130.0,2137.0,2143.0,2149.0,2164.0,2173.0,2181.0,2190.0,2207.0,2216.0,2222.0,2231.0,2238.0,2243.0,2256.0,,,,,,,,,2303.0,2305.0,2310.0,2315.0,2321.0,2325.0,2330.0,2332.0,2334.0,2337.0,2340.0,2343.0,2350.0,2355.0,2357.0,2360.0,2363.0,2365.0,2368.0,2371.0,2374.0,2377.0,2384.0,2386.0,2387.0,2389.0,2393.0,2400.0,2402.0,2405.0,2407.0,2411.0,2414.0,2415.0,2417.0,2419.0,2420.0,2423.0,2427.0,2429.0,2430.0,2434.0,2446.0,2449.0,2452.0,2459.0,2464.0,2478.0,2488
gT_oKttpBK0,,,,,,,,,,,,,,,,,,,,,,,,,,,,,,,,,,,,,,,,,,,,,,,,,,,,,,,,,,,,,,,,,,,,,,,,,,,,,,,,,,,,,,,,,19895.0,53496.0,63450.0,69524.0,74285.0,78624.0,82351.0,85806.0,88673.0,90781.0,92843.0,95150.0,97837.0,101868.0,114970.0,122482.0,130258.0,133453.0,135683.0,137640.0,139025.0,140057.0,140957.0,141952.0,143579.0,144409.0,145294.0,145853.0,146377.0,146993.0,147519.0,148017.0,148623.0,149256.0,149772.0,150294.0,150729.0,151192.0,151528.0,151944.0,152335.0,152718.0,153033.0,153349.0,153794.0,154175.0,,,,,,,,,157586.0,157839.0,158110.0,158364.0,158707.0,159114.0,159443.0,159856.0,160244.0,160706.0,161242.0,161598.0,162024.0,162406.0,162862.0,163299.0,163691.0,163984.0,164435.0,164681.0,165024.0,165409.0,165722.0,165934.0,166205.0,166415.0,166721.0,167010.0,167329.0,167738.0,168062.0,168350.0,168710.0,168976.0,169296.0,169639.0,169995.0,170202.0,170388.0,170603.0,170796.0,170978.0,171155.0,171360.0,171539.0,171696.0,171833.0,172050.0,172245
_WxD-8OIyFA,,,,,,,,,,,,,,,,,,,,,,,,,,,,,,,,,,,,,,,,,,,,,,,,,,,,,,,,,,,,,,,,,,,,,,,,,,,,,,,,,,,,,,,,,10899.0,18222.0,20204.0,21181.0,21929.0,22562.0,23213.0,23705.0,24057.0,24440.0,24882.0,25277.0,25672.0,26053.0,26388.0,26657.0,26900.0,27075.0,27221.0,27371.0,27538.0,27682.0,27855.0,27985.0,28093.0,28255.0,28449.0,28594.0,28687.0,28790.0,28881.0,28938.0,28983.0,29036.0,29084.0,29153.0,29215.0,29266.0,29313.0,29370.0,29427.0,29486.0,29530.0,29583.0,29621.0,29654.0,,,,,,,,,29922.0,29968.0,30008.0,30038.0,30065.0,30096.0,30130.0,30156.0,30195.0,30227.0,30246.0,30271.0,30294.0,30325.0,30355.0,30390.0,30421.0,30467.0,30522.0,30556.0,30579.0,30612.0,30646.0,30674.0,30704.0,30741.0,30777.0,30793.0,30811.0,30830.0,30847.0,30861.0,30885.0,30917.0,30930.0,30958.0,30995.0,31022.0,31036.0,31059.0,31076.0,31095.0,31111.0,31149.0,31168.0,31193.0,31214.0,31231.0,31256
rOpTvcSqzJ8,,,,,,,,,,,,,,,,,,,,,,,,,,,,,,,,,,,,,,,,,,,,,,,,,,,,,,,,,,,,,,,,,,,,,,,,,,,,,,,,,,,,,,,,,23162.0,28730.0,31890.0,34935.0,37770.0,40804.0,43331.0,45314.0,47209.0,48824.0,50480.0,51974.0,53354.0,54660.0,55971.0,57210.0,58298.0,59526.0,60714.0,61875.0,62838.0,63710.0,64720.0,65661.0,66758.0,67690.0,68602.0,69427.0,70240.0,71236.0,72155.0,73025.0,73957.0,74814.0,75515.0,76179.0,77099.0,77951.0,78752.0,79624.0,80317.0,80985.0,81576.0,82344.0,83053.0,83711.0,,,,,,,,,89754.0,90355.0,90906.0,91504.0,92116.0,92638.0,93228.0,93751.0,94236.0,94691.0,95219.0,95753.0,96260.0,96853.0,97405.0,97861.0,98237.0,98815.0,99423.0,99934.0,100469.0,100907.0,101405.0,101842.0,102319.0,102779.0,103254.0,103772.0,104457.0,105114.0,105792.0,106529.0,107185.0,107823.0,108375.0,108849.0,109294.0,109752.0,110340.0,110840.0,111341.0,111865.0,112256.0,112660.0,113021.0,113532.0,114006.0,114434.0,114876
L_JfzUSgAjQ,,,,,,,,,,,,,,,,,,,,,,,,,,,,,,,,,,,,,,,,,,,,,,,,,,,,,,,,,,,,,,,,,,,,,,,,,,,,,,,,,,,,,,,,,673.0,800.0,950.0,1019.0,1392.0,1643.0,1713.0,1759.0,1807.0,1844.0,1872.0,1894.0,1907.0,1920.0,1942.0,1973.0,1988.0,2011.0,2032.0,2047.0,2056.0,2080.0,2091.0,2113.0,2131.0,2143.0,2158.0,2168.0,2181.0,2196.0,2205.0,2219.0,2235.0,2246.0,2263.0,2285.0,2307.0,2322.0,2332.0,2347.0,2375.0,2399.0,2412.0,2428.0,2452.0,2469.0,,,,,,,,,2610.0,2616.0,2642.0,2657.0,2669.0,2684.0,2692.0,2719.0,2726.0,2738.0,2745.0,2779.0,2807.0,2844.0,2864.0,2871.0,2881.0,2889.0,2898.0,2918.0,2928.0,2932.0,2933.0,2940.0,2942.0,2947.0,2950.0,2964.0,2971.0,2979.0,2989.0,2997.0,3005.0,3008.0,3013.0,3015.0,3018.0,3031.0,3045.0,3049.0,3052.0,3053.0,3058.0,3059.0,3063.0,3070.0,3079.0,3089.0,3092
4DQljJXyhRc,,,,,,,,,,,,,,,,,,,,,,,,,,,,,,,,,,,,,,,,,,,,,,,,,,,,,,,,,,,,,,,,,,,,,,,,,,,,,,,,,,,,,,,,,,166338.0,166569.0,166786.0,166987.0,167222.0,167369.0,167633.0,167839.0,168102.0,168350.0,168611.0,168839.0,169021.0,169242.0,169433.0,169632.0,169837.0,170089.0,170318.0,170507.0,170747.0,171052.0,171269.0,171511.0,171754.0,171984.0,172151.0,172359.0,172612.0,172858.0,173106.0,173325.0,173529.0,173722.0,173890.0,174053.0,174262.0,174437.0,174649.0,174883.0,175141.0,175414.0,175636.0,175922.0,176179.0,,,,,,,,,179185.0,179409.0,179742.0,180072.0,180389.0,180677.0,180932.0,181140.0,181395.0,181716.0,181960.0,182550.0,182946.0,183258.0,183593.0,183879.0,184243.0,184670.0,184983.0,185359.0,185759.0,186092.0,186388.0,186759.0,187035.0,187296.0,187654.0,187987.0,188260.0,188483.0,188752.0,189036.0,189362.0,189591.0,189871.0,190069.0,190231.0,190427.0,190639.0,190874.0,191125.0,191417.0,191638.0,191799.0,192023.0,192255.0,192504.0,192736.0,192968
WsKoXIF3jXs,,,,,,,,,,,,,,,,,,,,,,,,,,,,,,,,,,,,,,,,,,,,,,,,,,,,,,,,,,,,,,,,,,,,,,,,,,,,,,,,,,,,,,,,,,2880827.0,2888114.0,2896172.0,2904085.0,2911253.0,2917793.0,2924965.0,2931869.0,2939025.0,2945506.0,2953067.0,2960812.0,2966400.0,2972983.0,2979673.0,2986236.0,2994883.0,3002938.0,3008988.0,3015085.0,3022724.0,3030259.0,3037966.0,3045227.0,3053042.0,3059044.0,3064152.0,3071181.0,3077899.0,3085119.0,3091755.0,3096838.0,3101381.0,3105729.0,3109804.0,3114528.0,3119546.0,3124385.0,3129818.0,3134787.0,3139700.0,3145783.0,3151447.0,3157207.0,3163568.0,,,,,,,,,3220054.0,3225849.0,3232453.0,3238152.0,3243679.0,3249296.0,3254316.0,3259732.0,3266656.0,3274582.0,3282609.0,3291446.0,3299381.0,3306584.0,3313238.0,3319468.0,3326929.0,3335060.0,3343614.0,3351257.0,3358561.0,3366376.0,3374913.0,3386458.0,3397755.0,3409748.0,3420866.0,3431098.0,3439096.0,3445563.0,3452982.0,3460317.0,3467151.0,3473168.0,3479144.0,3484571.0,3489604.0,3495500.0,3501739.0,3507846.0,3513804.0,3519834.0,3524941.0,3529353.0,3534260.0,3539523.0,3544742.0,3550132.0,3555460
Uf0fT51j82Y,,,,,,,,,,,,,,,,,,,,,,,,,,,,,,,,,,,,,,,,,,,,,,,,,,,,,,,,,,,,,,,,,,,,,,,,,,,,,,,,,,,,,,,,,,5923.0,7516.0,8261.0,8567.0,8929.0,9106.0,9358.0,9508.0,9560.0,9608.0,9636.0,9653.0,9673.0,9683.0,9687.0,9698.0,9713.0,9720.0,9729.0,9736.0,9742.0,9743.0,9745.0,9745.0,9746.0,9750.0,9757.0,9761.0,9763.0,9768.0,9771.0,9773.0,9777.0,9778.0,9780.0,9781.0,9783.0,9785.0,9786.0,9790.0,9793.0,9794.0,9794.0,9796.0,9797.0,,,,,,,,,9807.0,9810.0,9812.0,9814.0,9814.0,9814.0,9817.0,9817.0,9818.0,9820.0,9822.0,9823.0,9824.0,9824.0,9825.0,9827.0,9831.0,9833.0,9835.0,9838.0,9838.0,9838.0,9841.0,9841.0,9843.0,9843.0,9844.0,9844.0,9847.0,9849.0,9850.0,9850.0,9850.0,9852.0,9852.0,9852.0,9853.0,9853.0,9853.0,9853.0,9854.0,9855.0,9856.0,9856.0,9856.0,9857.0,9858.0,9858.0,9858
gtC5UgMaRO4,,,,,,,,,,,,,,,,,,,,,,,,,,,,,,,,,,,,,,,,,,,,,,,,,,,,,,,,,,,,,,,,,,,,,,,,,,,,,,,,,,,,,,,,,,39748.0,201292.0,394141.0,842866.0,1081047.0,1275801.0,1426961.0,1553331.0,1610165.0,1654436.0,1691758.0,1729214.0,1766119.0,1797790.0,1827648.0,1854875.0,1879187.0,1902901.0,1927021.0,1950118.0,1971079.0,1991930.0,2013907.0,2035235.0,2055308.0,2075491.0,2093369.0,2110391.0,2126812.0,2143082.0,2158743.0,2174600.0,2189674.0,2203236.0,2216261.0,2229144.0,2241892.0,2253873.0,2265655.0,2277125.0,2287135.0,2296220.0,2305331.0,2314281.0,2323623.0,,,,,,,,,2396469.0,2404397.0,2411845.0,2419080.0,2425650.0,2431614.0,2437866.0,2444163.0,2450159.0,2455646.0,2461697.0,2469000.0,2476202.0,2482912.0,2488995.0,2494940.0,2500829.0,2507161.0,2512897.0,2518630.0,2524515.0,2530556.0,2535950.0,2541323.0,2546917.0,2552658.0,2558400.0,2564358.0,2570088.0,2575711.0,2581096.0,2586831.0,2592628.0,2598037.0,2603397.0,2608953.0,2614519.0,2620085.0,2626333.0,2632695.0,2638526.0,2644663.0,2650500.0,2655757.0,2660887.0,2666086.0,2671248.0,2676541.0,2681744
5iQmk9aPvEM,,,,,,,,,,,,,,,,,,,,,,,,,,,,,,,,,,,,,,,,,,,,,,,,,,,,,,,,,,,,,,,,,,,,,,,,,,,,,,,,,,,,,,,,,,80.0,287.0,361.0,421.0,451.0,509.0,561.0,588.0,601.0,613.0,624.0,637.0,665.0,665.0,665.0,665.0,665.0,665.0,665.0,665.0,665.0,665.0,665.0,665.0,665.0,665.0,665.0,665.0,665.0,665.0,665.0,665.0,665.0,665.0,665.0,665.0,665.0,665.0,665.0,665.0,665.0,665.0,665.0,665.0,665.0,,,,,,,,,665.0,665.0,665.0,665.0,665.0,665.0,665.0,665.0,665.0,665.0,665.0,665.0,665.0,665.0,665.0,665.0,665.0,665.0,665.0,665.0,665.0,665.0,665.0,665.0,665.0,665.0,665.0,665.0,665.0,665.0,665.0,665.0,665.0,665.0,665.0,665.0,665.0,665.0,665.0,665.0,665.0,665.0,665.0,665.0,665.0,665.0,665.0,665.0,665
yD7ZtNsAeBY,,,,,,,,,,,,,,,,,,,,,,,,,,,,,,,,,,,,,,,,,,,,,,,,,,,,,,,,,,,,,,,,,,,,,,,,,,,,,,,,,,,,,,,,,,16791.0,24337.0,29647.0,40358.0,50182.0,57477.0,63811.0,69184.0,75141.0,80985.0,86456.0,91169.0,95024.0,99240.0,102977.0,106413.0,110012.0,113988.0,117368.0,119856.0,122545.0,125584.0,128959.0,131891.0,135121.0,137864.0,139774.0,142384.0,145444.0,148589.0,151394.0,153963.0,156426.0,158140.0,159697.0,161223.0,162910.0,164524.0,166294.0,167771.0,169098.0,170701.0,172349.0,173961.0,175797.0,,,,,,,,,191597.0,192788.0,194533.0,196190.0,197636.0,199096.0,201362.0,202986.0,204306.0,206225.0,208415.0,210327.0,212498.0,214433.0,216197.0,217476.0,219301.0,221258.0,223057.0,224602.0,226198.0,227387.0,228666.0,230135.0,232166.0,233851.0,235534.0,237316.0,238825.0,240230.0,241979.0,243369.0,244801.0,246221.0,247674.0,249129.0,250159.0,251391.0,252667.0,254030.0,255195.0,256885.0,257996.0,259216.0,260579.0,261918.0,263291.0,264792.0,266374
mg8o-D3NPS0,,,,,,,,,,,,,,,,,,,,,,,,,,,,,,,,,,,,,,,,,,,,,,,,,,,,,,,,,,,,,,,,,,,,,,,,,,,,,,,,,,,,,,,,,,7040.0,11133.0,13759.0,15982.0,18150.0,20227.0,22061.0,23206.0,23810.0,24315.0,24775.0,25252.0,25701.0,26130.0,26452.0,26816.0,27156.0,27674.0,28170.0,28536.0,28830.0,29096.0,29359.0,29642.0,29878.0,30157.0,30346.0,30579.0,30797.0,30996.0,31206.0,31384.0,31591.0,31734.0,31883.0,32020.0,32127.0,32259.0,32398.0,32528.0,32680.0,32805.0,32952.0,33105.0,33218.0,,,,,,,,,34296.0,34429.0,34566.0,34685.0,34803.0,34926.0,35036.0,35162.0,35295.0,35426.0,35572.0,35714.0,35852.0,36020.0,36181.0,36356.0,36549.0,36708.0,36848.0,36980.0,37086.0,37170.0,37272.0,37344.0,37442.0,37562.0,37681.0,37778.0,37874.0,37957.0,38060.0,38152.0,38268.0,38338.0,38387.0,38447.0,38489.0,38539.0,38580.0,38620.0,38664.0,38718.0,38762.0,38807.0,38845.0,38892.0,38937.0,38998.0,39055
UwpfFRuu2lI,,,,,,,,,,,,,,,,,,,,,,,,,,,,,,,,,,,,,,,,,,,,,,,,,,,,,,,,,,,,,,,,,,,,,,,,,,,,,,,,,,,,,,,,,,,10052795.0,10145541.0,10313299.0,10470429.0,10646547.0,10813897.0,10854465.0,10870794.0,10885628.0,10899292.0,10914347.0,10928520.0,10941615.0,10953043.0,10964338.0,10974910.0,10985416.0,10996697.0,11008613.0,11018877.0,11029447.0,11038434.0,11046840.0,11054966.0,11064072.0,11073377.0,11081148.0,11089144.0,11096997.0,11104380.0,11111698.0,11120335.0,11128460.0,11135213.0,11142047.0,11148599.0,11155204.0,11162181.0,11169745.0,11177011.0,11184496.0,11191373.0,11202167.0,11214034.0,,,,,,,,,11290345.0,11297477.0,11303137.0,11308226.0,11313698.0,11318842.0,11323774.0,11329331.0,11335010.0,11340058.0,11344556.0,11349195.0,11354100.0,11358936.0,11364361.0,11369394.0,11374063.0,11378587.0,11383449.0,11388429.0,11393647.0,11399376.0,11404637.0,11409125.0,11413330.0,11417490.0,11421876.0,11426350.0,11431214.0,11436157.0,11440605.0,11444512.0,11448604.0,11452431.0,11456123.0,11460617.0,11465260.0,11468998.0,11472936.0,11476649.0,11480233.0,11483997.0,11488087.0,11492025.0,11495435.0,11498833.0,11502178.0,11505548.0,11508971
cNOt9xk3eKQ,,,,,,,,,,,,,,,,,,,,,,,,,,,,,,,,,,,,,,,,,,,,,,,,,,,,,,,,,,,,,,,,,,,,,,,,,,,,,,,,,,,,,,,,,,,254693.0,532574.0,844082.0,999320.0,1097417.0,1126294.0,1135951.0,1161194.0,1169938.0,1229701.0,1328157.0,1428069.0,1546422.0,1664604.0,1781028.0,1897182.0,1913870.0,1927036.0,1940399.0,1952861.0,1965375.0,1977743.0,1990262.0,1995841.0,2001710.0,2006112.0,2012346.0,2018350.0,2024126.0,2030193.0,2031013.0,2031680.0,2032277.0,2032858.0,2033463.0,2034031.0,2034649.0,2035417.0,2035941.0,2036370.0,2036805.0,2037378.0,2037838.0,2038371.0,,,,,,,,,2041572.0,2041888.0,2042268.0,2042629.0,2042992.0,2043387.0,2043745.0,2044062.0,2044459.0,2044773.0,2045129.0,2045573.0,2045936.0,2046349.0,2046772.0,2047181.0,2047507.0,2047866.0,2048271.0,2048588.0,2048884.0,2049147.0,2049359.0,2049552.0,2049811.0,2050064.0,2050286.0,2050562.0,2050795.0,2051036.0,2051257.0,2051495.0,2051719.0,2051921.0,2052081.0,2052274.0,2052402.0,2052602.0,2052794.0,2052991.0,2053220.0,2053426.0,2053609.0,2053773.0,2053967.0,2054148.0,2054357.0,2054518.0,2054721
oqOZoDLStE0,,,,,,,,,,,,,,,,,,,,,,,,,,,,,,,,,,,,,,,,,,,,,,,,,,,,,,,,,,,,,,,,,,,,,,,,,,,,,,,,,,,,,,,,,,,9268.0,20614.0,34454.0,45314.0,53665.0,61021.0,67817.0,73475.0,78840.0,84681.0,89558.0,92343.0,95540.0,99003.0,102450.0,106400.0,110065.0,113424.0,115762.0,118839.0,121153.0,122893.0,124494.0,126245.0,127572.0,128544.0,129864.0,131202.0,132552.0,133799.0,134778.0,135651.0,136400.0,137026.0,137799.0,138547.0,139348.0,140277.0,140941.0,141613.0,142436.0,143359.0,144308.0,145246.0,,,,,,,,,152856.0,153386.0,154103.0,154895.0,155627.0,156494.0,157247.0,158013.0,158710.0,159568.0,160560.0,161511.0,162425.0,163515.0,164258.0,165034.0,165833.0,166539.0,167278.0,167909.0,168452.0,168887.0,169387.0,169960.0,170447.0,170992.0,171509.0,172021.0,172419.0,172787.0,173275.0,173723.0,174160.0,174574.0,175011.0,175336.0,175711.0,176103.0,176476.0,176888.0,177309.0,177739.0,178096.0,178388.0,178800.0,179143.0,179539.0,180027.0,180484
dVOLIfuWbN0,,,,,,,,,,,,,,,,,,,,,,,,,,,,,,,,,,,,,,,,,,,,,,,,,,,,,,,,,,,,,,,,,,,,,,,,,,,,,,,,,,,,,,,,,,,14661.0,68646.0,188067.0,272299.0,343489.0,442363.0,559767.0,701253.0,837777.0,976155.0,1108126.0,1199099.0,1324481.0,1451029.0,1562057.0,1669646.0,1777384.0,1864756.0,1936899.0,2006970.0,2075062.0,2145046.0,2209155.0,2283080.0,2349005.0,2399541.0,2459458.0,2520330.0,2581954.0,2637126.0,2690094.0,2739865.0,2787886.0,2831089.0,2870716.0,2910627.0,2944997.0,2993221.0,3047808.0,3097784.0,3156177.0,3198838.0,3240332.0,3277943.0,,,,,,,,,3644401.0,3686916.0,3731249.0,3768408.0,3806253.0,3843979.0,3895379.0,3940944.0,3972343.0,4003011.0,4033859.0,4068591.0,4103845.0,4139757.0,4174317.0,4201963.0,4231707.0,4263619.0,4300272.0,4338504.0,4374753.0,4413647.0,4444836.0,4476878.0,4507961.0,4537939.0,4567241.0,4600950.0,4633731.0,4661539.0,4691810.0,4722877.0,4752553.0,4779163.0,4806614.0,4834328.0,4857753.0,4883710.0,4910561.0,4935385.0,4959539.0,4988184.0,5014410.0,5037615.0,5066674.0,5095265.0,5123306.0,5149867.0,5178388
1tXU_gVS46w,,,,,,,,,,,,,,,,,,,,,,,,,,,,,,,,,,,,,,,,,,,,,,,,,,,,,,,,,,,,,,,,,,,,,,,,,,,,,,,,,,,,,,,,,,,808824.0,808906.0,808993.0,809069.0,809160.0,809237.0,809339.0,809411.0,809483.0,809548.0,809600.0,809667.0,809722.0,809779.0,809859.0,809925.0,810002.0,810068.0,810122.0,810195.0,810264.0,810318.0,810380.0,810440.0,810499.0,810553.0,810618.0,810668.0,810744.0,810798.0,810865.0,810918.0,810982.0,811025.0,811069.0,811133.0,811174.0,811230.0,811275.0,811324.0,811381.0,811427.0,811479.0,811524.0,,,,,,,,,811931.0,811978.0,812021.0,812079.0,812126.0,812196.0,812276.0,812343.0,812392.0,812449.0,812508.0,812569.0,812637.0,812710.0,812788.0,812862.0,812989.0,813126.0,813273.0,813377.0,813476.0,813592.0,813663.0,813818.0,813923.0,814012.0,814084.0,814159.0,814217.0,814298.0,814386.0,814446.0,814519.0,814594.0,814677.0,814749.0,814820.0,814898.0,814972.0,815052.0,815140.0,815187.0,815234.0,815279.0,815328.0,815385.0,815432.0,815469.0,815513
ySBbP3Bj6dE,,,,,,,,,,,,,,,,,,,,,,,,,,,,,,,,,,,,,,,,,,,,,,,,,,,,,,,,,,,,,,,,,,,,,,,,,,,,,,,,,,,,,,,,,,,6392.0,32151.0,64822.0,97461.0,119455.0,136762.0,154877.0,175070.0,190694.0,201621.0,208986.0,214683.0,220147.0,225692.0,230779.0,235839.0,241100.0,245718.0,249196.0,252177.0,254790.0,257469.0,260291.0,263367.0,266338.0,268745.0,271131.0,273529.0,275848.0,278331.0,280593.0,282575.0,284636.0,286684.0,288702.0,290665.0,292507.0,294044.0,295607.0,296951.0,298373.0,299823.0,301134.0,302484.0,,,,,,,,,317313.0,318849.0,320128.0,321530.0,322869.0,324287.0,325498.0,326653.0,327847.0,328999.0,330159.0,331678.0,332964.0,334424.0,335513.0,336651.0,337924.0,339189.0,340451.0,341524.0,342526.0,343581.0,344511.0,345652.0,346744.0,347801.0,348782.0,349864.0,350773.0,351635.0,352647.0,353810.0,354872.0,355957.0,356934.0,357798.0,358551.0,359458.0,360287.0,361363.0,362161.0,363003.0,363804.0,364462.0,365170.0,366055.0,366892.0,367758.0,368929
TohoGFuTtUI,,,,,,,,,,,,,,,,,,,,,,,,,,,,,,,,,,,,,,,,,,,,,,,,,,,,,,,,,,,,,,,,,,,,,,,,,,,,,,,,,,,,,,,,,,,2786.0,12760.0,21678.0,31603.0,39116.0,46774.0,55032.0,66032.0,77517.0,87923.0,92631.0,95928.0,99732.0,102673.0,105219.0,107437.0,110242.0,112300.0,113998.0,115928.0,117729.0,119684.0,121447.0,123296.0,125063.0,126569.0,128336.0,130456.0,132598.0,135113.0,136524.0,137559.0,138651.0,139682.0,140729.0,141869.0,142806.0,143799.0,144731.0,145627.0,146650.0,147781.0,148958.0,150151.0,,,,,,,,,159950.0,160912.0,162126.0,163285.0,164367.0,165631.0,167138.0,168226.0,169397.0,170546.0,171910.0,173263.0,174410.0,175734.0,176795.0,177581.0,178717.0,179853.0,180856.0,181812.0,182777.0,183657.0,184355.0,185143.0,186253.0,187209.0,188266.0,189320.0,190110.0,190952.0,191844.0,192459.0,193322.0,194134.0,194906.0,195566.0,196082.0,196763.0,197451.0,197999.0,198591.0,199313.0,199874.0,200398.0,200980.0,201659.0,202297.0,202873.0,203481
BugpSpUYDAo,,,,,,,,,,,,,,,,,,,,,,,,,,,,,,,,,,,,,,,,,,,,,,,,,,,,,,,,,,,,,,,,,,,,,,,,,,,,,,,,,,,,,,,,,,,2900.0,4522.0,6909.0,14074.0,21214.0,25891.0,29282.0,31764.0,33636.0,35022.0,36072.0,36959.0,37637.0,38235.0,38717.0,39177.0,39619.0,39947.0,40258.0,40634.0,40946.0,41261.0,41543.0,41905.0,42169.0,42423.0,42747.0,43129.0,43461.0,43738.0,43947.0,44140.0,44354.0,44597.0,44749.0,44888.0,45044.0,45205.0,45351.0,45547.0,45738.0,45935.0,46140.0,46298.0,,,,,,,,,47716.0,47843.0,48052.0,48222.0,48345.0,48519.0,48641.0,48738.0,48891.0,49060.0,49217.0,49354.0,49500.0,49650.0,49774.0,49910.0,50020.0,50171.0,50366.0,50484.0,50630.0,50740.0,50844.0,50959.0,51082.0,51226.0,51325.0,51448.0,51514.0,51586.0,51674.0,51738.0,51832.0,51921.0,52031.0,52121.0,52213.0,52331.0,52428.0,52528.0,52648.0,52718.0,52815.0,52885.0,53010.0,53126.0,53230.0,53353.0,53460
6KksgSzEZvQ,,,,,,,,,,,,,,,,,,,,,,,,,,,,,,,,,,,,,,,,,,,,,,,,,,,,,,,,,,,,,,,,,,,,,,,,,,,,,,,,,,,,,,,,,,,515699.0,771275.0,1038693.0,1282040.0,1564553.0,1721008.0,1850926.0,1930870.0,2044545.0,2189578.0,2335348.0,2475898.0,2623332.0,2767128.0,2873621.0,2917931.0,2928416.0,2939102.0,2950207.0,2964291.0,2977586.0,2989595.0,2999392.0,3008032.0,3017252.0,3025181.0,3032687.0,3039363.0,3045421.0,3051142.0,3056576.0,3062428.0,3068231.0,3073394.0,3078507.0,3083459.0,3088448.0,3093656.0,3098604.0,3103296.0,3107831.0,3112052.0,3116197.0,3119971.0,,,,,,,,,3153624.0,3158318.0,3162916.0,3167447.0,3171765.0,3175829.0,3180016.0,3183990.0,3189334.0,3193911.0,3198077.0,3202190.0,3206372.0,3210315.0,3214329.0,3218454.0,3222507.0,3226014.0,3229578.0,3233022.0,3236473.0,3240024.0,3244251.0,3248262.0,3252069.0,3255986.0,3259699.0,3263901.0,3267979.0,3271910.0,3275425.0,3278916.0,3282361.0,3285760.0,3289194.0,3292817.0,3296499.0,3299716.0,3303195.0,3306641.0,3309912.0,3312951.0,3316148.0,3319390.0,3322800.0,3325936.0,3329199.0,3332720.0,3336302
EyiYrTtUaKY,,,,,,,,,,,,,,,,,,,,,,,,,,,,,,,,,,,,,,,,,,,,,,,,,,,,,,,,,,,,,,,,,,,,,,,,,,,,,,,,,,,,,,,,,,,70116.0,85667.0,89558.0,91342.0,92686.0,93425.0,93897.0,94387.0,94703.0,94947.0,95224.0,95487.0,95686.0,95904.0,96162.0,96374.0,96545.0,96694.0,96867.0,96991.0,97139.0,97314.0,97440.0,97607.0,97737.0,97915.0,98055.0,98181.0,98267.0,98377.0,98511.0,98607.0,98732.0,98804.0,98874.0,98961.0,99055.0,99135.0,99232.0,99314.0,99379.0,99439.0,99513.0,99594.0,,,,,,,,,100229.0,100287.0,100344.0,100403.0,100444.0,100484.0,100532.0,100578.0,100637.0,100670.0,100711.0,100750.0,100800.0,100844.0,100907.0,100975.0,101027.0,101084.0,101146.0,101188.0,101223.0,101290.0,101337.0,101373.0,101416.0,101443.0,101490.0,101535.0,101574.0,101617.0,101653.0,101678.0,101721.0,101747.0,101786.0,101832.0,101870.0,101901.0,101940.0,101969.0,102013.0,102053.0,102097.0,102139.0,102164.0,102208.0,102241.0,102281.0,102332
nE1uZiiYVzk,,,,,,,,,,,,,,,,,,,,,,,,,,,,,,,,,,,,,,,,,,,,,,,,,,,,,,,,,,,,,,,,,,,,,,,,,,,,,,,,,,,,,,,,,,,,8260.0,11100.0,13813.0,16712.0,19602.0,21971.0,24140.0,26460.0,28746.0,31254.0,33374.0,35295.0,37152.0,38806.0,40377.0,41719.0,43208.0,44612.0,45883.0,47193.0,48421.0,49601.0,50657.0,51903.0,52872.0,53792.0,55035.0,56132.0,57204.0,58262.0,59223.0,60179.0,61119.0,62073.0,63051.0,64088.0,65146.0,66148.0,66955.0,67875.0,68873.0,69690.0,70573.0,,,,,,,,,78294.0,78991.0,79836.0,80587.0,81082.0,82025.0,82781.0,83559.0,84158.0,84710.0,85388.0,86028.0,86796.0,87486.0,88154.0,88754.0,89429.0,90128.0,90810.0,91477.0,92086.0,92604.0,93264.0,93900.0,94491.0,95059.0,95682.0,96200.0,96658.0,97228.0,97721.0,98245.0,98779.0,99298.0,99851.0,100341.0,100760.0,101313.0,101913.0,102464.0,103002.0,103460.0,103917.0,104397.0,104916.0,105418.0,105926.0,106491.0,106992
4PEzOzBwDj8,,,,,,,,,,,,,,,,,,,,,,,,,,,,,,,,,,,,,,,,,,,,,,,,,,,,,,,,,,,,,,,,,,,,,,,,,,,,,,,,,,,,,,,,,,,,24685.0,31293.0,38141.0,43109.0,46176.0,48862.0,50992.0,52695.0,53948.0,54902.0,55791.0,56622.0,57333.0,57908.0,58453.0,59043.0,59593.0,60092.0,60561.0,61059.0,61486.0,61877.0,62292.0,62740.0,63133.0,63486.0,63888.0,64308.0,64752.0,65175.0,65576.0,65953.0,66338.0,66772.0,67200.0,67608.0,68018.0,68408.0,68753.0,69099.0,69420.0,69729.0,70038.0,,,,,,,,,72382.0,72675.0,72894.0,73131.0,73332.0,73539.0,73729.0,73916.0,74132.0,74320.0,74529.0,74761.0,74949.0,75137.0,75307.0,75472.0,75623.0,75787.0,75966.0,76137.0,76371.0,76609.0,76770.0,76935.0,77110.0,77287.0,77485.0,77671.0,77825.0,77948.0,78095.0,78258.0,78396.0,78531.0,78690.0,78827.0,78966.0,79079.0,79192.0,79342.0,79478.0,79603.0,79716.0,79811.0,79927.0,80043.0,80152.0,80263.0,80380
Vb230K5-ltQ,,,,,,,,,,,,,,,,,,,,,,,,,,,,,,,,,,,,,,,,,,,,,,,,,,,,,,,,,,,,,,,,,,,,,,,,,,,,,,,,,,,,,,,,,,,,217.0,238.0,255.0,272.0,277.0,313.0,333.0,354.0,375.0,399.0,430.0,457.0,475.0,492.0,516.0,529.0,550.0,567.0,578.0,594.0,607.0,623.0,640.0,648.0,658.0,675.0,688.0,695.0,708.0,716.0,723.0,730.0,737.0,739.0,745.0,751.0,754.0,760.0,764.0,773.0,778.0,786.0,788.0,,,,,,,,,831.0,836.0,840.0,842.0,842.0,847.0,849.0,854.0,854.0,855.0,856.0,856.0,859.0,861.0,862.0,863.0,865.0,873.0,879.0,883.0,884.0,886.0,888.0,893.0,894.0,899.0,901.0,902.0,906.0,907.0,916.0,918.0,921.0,925.0,931.0,938.0,938.0,946.0,948.0,951.0,953.0,952.0,955.0,960.0,962.0,968.0,972.0,972.0,976
F6a_UH88Yq8,,,,,,,,,,,,,,,,,,,,,,,,,,,,,,,,,,,,,,,,,,,,,,,,,,,,,,,,,,,,,,,,,,,,,,,,,,,,,,,,,,,,,,,,,,,,517633.0,521255.0,524928.0,528111.0,531869.0,535383.0,538826.0,542329.0,545928.0,549155.0,552240.0,556042.0,559509.0,562569.0,565706.0,569034.0,571987.0,574752.0,578325.0,581794.0,585469.0,589541.0,593734.0,597630.0,600948.0,605023.0,609004.0,613202.0,618215.0,622109.0,625860.0,629330.0,632127.0,635142.0,638213.0,641396.0,644579.0,647304.0,649659.0,652697.0,656259.0,659917.0,663149.0,,,,,,,,,691168.0,693850.0,697174.0,701809.0,706567.0,711767.0,716687.0,720799.0,724440.0,728772.0,732521.0,736734.0,740298.0,743888.0,747013.0,749831.0,753440.0,757463.0,761797.0,765135.0,767996.0,770767.0,773246.0,776131.0,778952.0,782267.0,785410.0,788912.0,791835.0,794579.0,797880.0,801020.0,804344.0,807605.0,811105.0,814128.0,816933.0,819971.0,823323.0,826536.0,829683.0,832543.0,835036.0,837267.0,840058.0,842859.0,845763.0,848578.0,851783
cvvLHznnV2E,,,,,,,,,,,,,,,,,,,,,,,,,,,,,,,,,,,,,,,,,,,,,,,,,,,,,,,,,,,,,,,,,,,,,,,,,,,,,,,,,,,,,,,,,,,,73276.0,85017.0,91534.0,96662.0,100727.0,104245.0,106975.0,108920.0,110524.0,112274.0,114047.0,115547.0,116964.0,118364.0,119659.0,120907.0,122195.0,123499.0,124772.0,126024.0,127192.0,128289.0,129403.0,130659.0,132160.0,133526.0,134589.0,135699.0,138482.0,139844.0,140962.0,141888.0,142873.0,144043.0,145132.0,146225.0,148263.0,150192.0,151410.0,153214.0,154350.0,155361.0,156167.0,,,,,,,,,161226.0,161672.0,162981.0,164358.0,165045.0,165395.0,165738.0,166000.0,166169.0,166403.0,166605.0,166744.0,166899.0,166958.0,167047.0,167149.0,167224.0,167307.0,167391.0,167477.0,167543.0,167626.0,167696.0,167756.0,167802.0,167870.0,167926.0,167968.0,168013.0,168072.0,168136.0,168191.0,168254.0,168298.0,168368.0,168419.0,168496.0,168536.0,168596.0,168649.0,168685.0,168728.0,168788.0,168852.0,168929.0,168968.0,169028.0,169082.0,169135
6cqMw7w8Tf8,,,,,,,,,,,,,,,,,,,,,,,,,,,,,,,,,,,,,,,,,,,,,,,,,,,,,,,,,,,,,,,,,,,,,,,,,,,,,,,,,,,,,,,,,,,,,7552.0,9969.0,11935.0,13137.0,13867.0,14537.0,15372.0,15781.0,16061.0,16308.0,16751.0,17106.0,17296.0,17436.0,17531.0,17609.0,17663.0,17712.0,17757.0,17789.0,17812.0,17842.0,17875.0,17899.0,17927.0,17939.0,17961.0,17982.0,18001.0,18016.0,18022.0,18032.0,18042.0,18053.0,18068.0,18079.0,18097.0,18106.0,18115.0,18131.0,18148.0,18158.0,,,,,,,,,18239.0,18242.0,18252.0,18261.0,18266.0,18269.0,18276.0,18281.0,18285.0,18295.0,18297.0,18301.0,18302.0,18306.0,18310.0,18318.0,18326.0,18327.0,18329.0,18333.0,18336.0,18337.0,18340.0,18343.0,18356.0,18360.0,18366.0,18369.0,18374.0,18376.0,18379.0,18383.0,18385.0,18387.0,18391.0,18394.0,18398.0,18407.0,18417.0,18418.0,18418.0,18422.0,18426.0,18432.0,18433.0,18437.0,18438.0,18448.0,18455
r7lW80r8-T4,,,,,,,,,,,,,,,,,,,,,,,,,,,,,,,,,,,,,,,,,,,,,,,,,,,,,,,,,,,,,,,,,,,,,,,,,,,,,,,,,,,,,,,,,,,,,14938.0,19627.0,27656.0,34881.0,45983.0,59454.0,64891.0,69279.0,81884.0,95177.0,113659.0,123887.0,142935.0,151481.0,156248.0,157569.0,159601.0,161194.0,164781.0,166355.0,167382.0,168237.0,169190.0,171098.0,173238.0,174155.0,175027.0,175900.0,176720.0,177427.0,178103.0,178774.0,179458.0,180134.0,180787.0,181607.0,182371.0,183052.0,183782.0,184324.0,184925.0,185611.0,,,,,,,,,190834.0,191364.0,191903.0,192579.0,193856.0,194394.0,194884.0,195395.0,195959.0,196465.0,196978.0,197550.0,198168.0,198892.0,199456.0,199972.0,200497.0,201019.0,201486.0,201988.0,202579.0,203146.0,203677.0,204184.0,204700.0,205201.0,205714.0,206196.0,206602.0,207031.0,207537.0,207983.0,208416.0,208803.0,209268.0,209657.0,210035.0,210462.0,210915.0,211379.0,211876.0,212382.0,212881.0,213372.0,213854.0,214300.0,214849.0,215411.0,215927
at0_QHrwwis,,,,,,,,,,,,,,,,,,,,,,,,,,,,,,,,,,,,,,,,,,,,,,,,,,,,,,,,,,,,,,,,,,,,,,,,,,,,,,,,,,,,,,,,,,,,,34363.0,42973.0,48953.0,52755.0,58101.0,61059.0,62867.0,64170.0,65213.0,66279.0,67104.0,67712.0,68405.0,69074.0,69672.0,70180.0,70702.0,71078.0,71649.0,72237.0,72902.0,73288.0,73676.0,73999.0,74274.0,74567.0,74844.0,75108.0,75406.0,75788.0,76188.0,76513.0,76735.0,76947.0,77185.0,77387.0,77574.0,77780.0,77929.0,78084.0,78250.0,78378.0,,,,,,,,,79723.0,79851.0,79954.0,80083.0,80202.0,80285.0,80373.0,80477.0,80585.0,80655.0,80751.0,80839.0,80939.0,81047.0,81159.0,81308.0,81464.0,81580.0,81679.0,81794.0,81914.0,82026.0,82140.0,82271.0,82408.0,82512.0,82656.0,82743.0,82894.0,83012.0,83090.0,83206.0,83313.0,83418.0,83501.0,83569.0,83652.0,83753.0,83842.0,83951.0,84044.0,84125.0,84195.0,84262.0,84339.0,84398.0,84461.0,84569.0,84625
ubyrImrCYzc,,,,,,,,,,,,,,,,,,,,,,,,,,,,,,,,,,,,,,,,,,,,,,,,,,,,,,,,,,,,,,,,,,,,,,,,,,,,,,,,,,,,,,,,,,,,,92471.0,97318.0,101301.0,105649.0,111122.0,117837.0,124435.0,129876.0,132934.0,135434.0,138246.0,141159.0,143889.0,146319.0,148906.0,150897.0,152714.0,154503.0,156384.0,158101.0,159943.0,161630.0,163300.0,164493.0,165879.0,167250.0,168617.0,170011.0,171290.0,172351.0,173291.0,174215.0,175171.0,176057.0,177025.0,178045.0,179004.0,179986.0,180960.0,181922.0,182845.0,183697.0,,,,,,,,,191147.0,192043.0,192925.0,193693.0,194515.0,195246.0,196054.0,196617.0,197321.0,197973.0,198650.0,199339.0,200113.0,200876.0,201501.0,202192.0,202917.0,203802.0,204560.0,205342.0,206174.0,206773.0,207508.0,208129.0,208832.0,209480.0,210106.0,210661.0,211238.0,211756.0,212339.0,213006.0,213606.0,214119.0,214738.0,215343.0,215928.0,216558.0,217177.0,217758.0,218308.0,219017.0,219557.0,219971.0,220568.0,221055.0,221558.0,222139.0,222742
KRjA-35kymI,,,,,,,,,,,,,,,,,,,,,,,,,,,,,,,,,,,,,,,,,,,,,,,,,,,,,,,,,,,,,,,,,,,,,,,,,,,,,,,,,,,,,,,,,,,,,169.0,379.0,505.0,662.0,771.0,860.0,979.0,1114.0,1166.0,1217.0,1256.0,1320.0,1451.0,1490.0,1527.0,1556.0,1577.0,1603.0,1631.0,1658.0,1693.0,1719.0,1755.0,1778.0,1788.0,1804.0,1826.0,1847.0,1865.0,1884.0,1909.0,1943.0,1957.0,2001.0,2015.0,2050.0,2099.0,2137.0,2177.0,2219.0,2255.0,2269.0,,,,,,,,,2577.0,2598.0,2610.0,2621.0,2640.0,2680.0,2725.0,2736.0,2773.0,2789.0,2830.0,2871.0,2888.0,2915.0,2923.0,2937.0,2951.0,2960.0,2996.0,3035.0,3073.0,3085.0,3101.0,3139.0,3153.0,3180.0,3224.0,3234.0,3246.0,3255.0,3271.0,3286.0,3302.0,3323.0,3330.0,3345.0,3354.0,3385.0,3402.0,3412.0,3423.0,3431.0,3445.0,3480.0,3492.0,3534.0,3545.0,3560.0,3577
CVU6I7x4Yzw,,,,,,,,,,,,,,,,,,,,,,,,,,,,,,,,,,,,,,,,,,,,,,,,,,,,,,,,,,,,,,,,,,,,,,,,,,,,,,,,,,,,,,,,,,,,,38789.0,90176.0,133646.0,163495.0,173555.0,182595.0,190155.0,198339.0,204734.0,209772.0,213322.0,216041.0,218617.0,221239.0,223496.0,225931.0,228487.0,231553.0,234221.0,236952.0,239503.0,241847.0,244520.0,247521.0,249895.0,251826.0,253736.0,255586.0,257490.0,259697.0,262082.0,263995.0,265569.0,266991.0,268464.0,270057.0,271942.0,273933.0,275516.0,276940.0,278249.0,279526.0,,,,,,,,,292283.0,294262.0,296349.0,298590.0,300962.0,303076.0,304936.0,306845.0,309061.0,310783.0,312217.0,313597.0,314907.0,316306.0,318083.0,319879.0,321297.0,322566.0,323810.0,324845.0,325981.0,327331.0,328766.0,329935.0,330878.0,331797.0,332772.0,333688.0,334879.0,336164.0,337085.0,338024.0,338977.0,339919.0,340878.0,342086.0,343102.0,343959.0,344710.0,345473.0,346229.0,347025.0,347962.0,348994.0,349831.0,350552.0,351248.0,352014.0,352809
hEXm9ElcqKY,,,,,,,,,,,,,,,,,,,,,,,,,,,,,,,,,,,,,,,,,,,,,,,,,,,,,,,,,,,,,,,,,,,,,,,,,,,,,,,,,,,,,,,,,,,,,4045.0,8999.0,13225.0,17523.0,21416.0,25342.0,29227.0,33516.0,35883.0,37024.0,38211.0,39521.0,40786.0,41931.0,42999.0,43751.0,44371.0,44949.0,45699.0,46295.0,46898.0,47422.0,47904.0,48390.0,48868.0,49498.0,49952.0,50433.0,50881.0,51235.0,51530.0,51893.0,52219.0,52513.0,52802.0,53139.0,53405.0,53670.0,53920.0,54191.0,54475.0,54735.0,,,,,,,,,57170.0,57409.0,57681.0,57969.0,58246.0,58508.0,58797.0,59016.0,59277.0,59554.0,59828.0,60110.0,60467.0,60765.0,60995.0,61212.0,61437.0,61751.0,61987.0,62219.0,62529.0,62760.0,63014.0,63208.0,63467.0,63708.0,63948.0,64242.0,64442.0,64614.0,64850.0,65133.0,65377.0,65587.0,65822.0,66004.0,66175.0,66369.0,66581.0,66792.0,67050.0,67253.0,67453.0,67656.0,67883.0,68135.0,68451.0,68780.0,69039
0FmUrK7mh84,,,,,,,,,,,,,,,,,,,,,,,,,,,,,,,,,,,,,,,,,,,,,,,,,,,,,,,,,,,,,,,,,,,,,,,,,,,,,,,,,,,,,,,,,,,,,,25923.0,78502.0,142191.0,176663.0,186291.0,191811.0,194752.0,196900.0,198589.0,199720.0,200303.0,200808.0,201276.0,201681.0,202020.0,202322.0,202596.0,202869.0,203096.0,203280.0,203461.0,203622.0,203776.0,203917.0,204071.0,204211.0,204368.0,204560.0,204684.0,204821.0,204910.0,205032.0,205127.0,205230.0,205338.0,205429.0,205543.0,205618.0,205699.0,205787.0,205861.0,,,,,,,,,206467.0,206527.0,206593.0,206637.0,206681.0,206722.0,206783.0,206825.0,206863.0,206904.0,206936.0,206959.0,206985.0,207014.0,207052.0,207090.0,207124.0,207161.0,207181.0,207206.0,207227.0,207256.0,207282.0,207311.0,207345.0,207365.0,207388.0,207422.0,207450.0,207479.0,207506.0,207531.0,207554.0,207578.0,207610.0,207634.0,207649.0,207669.0,207691.0,207703.0,207726.0,207757.0,207781.0,207815.0,207837.0,207849.0,207860.0,207876.0,207891
NXDbZwXV3ik,,,,,,,,,,,,,,,,,,,,,,,,,,,,,,,,,,,,,,,,,,,,,,,,,,,,,,,,,,,,,,,,,,,,,,,,,,,,,,,,,,,,,,,,,,,,,,349581.0,349925.0,350398.0,350854.0,351287.0,351733.0,352241.0,352617.0,352995.0,353522.0,353922.0,354333.0,354767.0,355217.0,355668.0,356078.0,356481.0,357024.0,357459.0,357873.0,358286.0,358687.0,359008.0,359365.0,359803.0,360167.0,360545.0,360951.0,361291.0,361615.0,361915.0,362258.0,362630.0,362941.0,363369.0,363756.0,364066.0,364444.0,364859.0,365317.0,365792.0,,,,,,,,,369348.0,369753.0,370178.0,370510.0,370918.0,371241.0,371578.0,371875.0,372159.0,372560.0,372942.0,373380.0,373819.0,374188.0,374582.0,374936.0,375309.0,375678.0,376100.0,376513.0,376901.0,377267.0,377522.0,377912.0,378263.0,378595.0,378956.0,379435.0,379785.0,380129.0,380490.0,380776.0,381122.0,381552.0,382137.0,382647.0,383073.0,383404.0,383849.0,384235.0,384781.0,385242.0,385700.0,386084.0,386465.0,386997.0,387425.0,387806.0,388158
fJsR4YZjQhI,,,,,,,,,,,,,,,,,,,,,,,,,,,,,,,,,,,,,,,,,,,,,,,,,,,,,,,,,,,,,,,,,,,,,,,,,,,,,,,,,,,,,,,,,,,,,,453.0,700.0,1008.0,1198.0,1370.0,1576.0,1707.0,1878.0,2080.0,2161.0,2256.0,2342.0,2447.0,2500.0,2575.0,2627.0,2665.0,2706.0,2747.0,2795.0,2836.0,2881.0,2929.0,2983.0,3042.0,3106.0,3147.0,3180.0,3215.0,3241.0,3267.0,3310.0,3345.0,3400.0,3450.0,3489.0,3518.0,3554.0,3574.0,3616.0,3640.0,,,,,,,,,4041.0,4100.0,4196.0,4312.0,4445.0,4550.0,4686.0,4782.0,4854.0,4915.0,4987.0,5064.0,5134.0,5229.0,5295.0,5369.0,5412.0,5450.0,5521.0,5586.0,5633.0,5681.0,5737.0,5786.0,5836.0,5901.0,5950.0,6019.0,6071.0,6121.0,6183.0,6228.0,6250.0,6298.0,6335.0,6378.0,6406.0,6451.0,6501.0,6539.0,6585.0,6642.0,6693.0,6734.0,6785.0,6830.0,6884.0,6938.0,6976
J8s5-vsT_Dc,,,,,,,,,,,,,,,,,,,,,,,,,,,,,,,,,,,,,,,,,,,,,,,,,,,,,,,,,,,,,,,,,,,,,,,,,,,,,,,,,,,,,,,,,,,,,,,142275.0,146032.0,150015.0,156940.0,162447.0,167414.0,173383.0,179378.0,185113.0,190675.0,195916.0,200580.0,205111.0,210196.0,215605.0,220058.0,224019.0,228333.0,232276.0,235993.0,239990.0,244096.0,247922.0,251282.0,254568.0,257840.0,261337.0,264960.0,268321.0,272175.0,275806.0,279221.0,282494.0,285775.0,289161.0,292602.0,295785.0,299724.0,303076.0,306068.0,,,,,,,,,331501.0,334760.0,337631.0,340281.0,343195.0,345775.0,348447.0,351148.0,354545.0,357880.0,361095.0,364141.0,367039.0,369930.0,373397.0,376715.0,379606.0,382179.0,384698.0,387169.0,389824.0,392659.0,395245.0,397744.0,400232.0,402581.0,405072.0,407689.0,410361.0,413860.0,416906.0,420001.0,423446.0,426537.0,429232.0,432502.0,436584.0,440490.0,444297.0,448109.0,451679.0,455356.0,459150.0,463324.0,467315.0,471320.0,475361.0,479297.0,483077
U806aC4q-3M,,,,,,,,,,,,,,,,,,,,,,,,,,,,,,,,,,,,,,,,,,,,,,,,,,,,,,,,,,,,,,,,,,,,,,,,,,,,,,,,,,,,,,,,,,,,,,,,136.0,541.0,791.0,920.0,1032.0,1543.0,2622.0,4527.0,5507.0,5841.0,6152.0,6817.0,7599.0,8430.0,9267.0,10070.0,10727.0,11158.0,11666.0,12091.0,12450.0,12864.0,13369.0,13990.0,14475.0,15049.0,15544.0,15994.0,16451.0,16950.0,17461.0,17913.0,18259.0,18587.0,18893.0,19196.0,19520.0,19921.0,20230.0,,,,,,,,,23375.0,23613.0,23917.0,24258.0,24613.0,25014.0,25362.0,25629.0,26074.0,26467.0,26849.0,27238.0,27691.0,28152.0,28539.0,28860.0,29260.0,29780.0,30262.0,30577.0,30764.0,30936.0,31149.0,31326.0,31491.0,31672.0,31889.0,32100.0,32254.0,32404.0,32533.0,32715.0,32889.0,33076.0,33230.0,33425.0,33563.0,33720.0,33916.0,34147.0,34439.0,34698.0,34927.0,35144.0,35356.0,35608.0,35949.0,36300.0,36564
CyAxxgaXQTU,,,,,,,,,,,,,,,,,,,,,,,,,,,,,,,,,,,,,,,,,,,,,,,,,,,,,,,,,,,,,,,,,,,,,,,,,,,,,,,,,,,,,,,,,,,,,,,,11367.0,24592.0,28880.0,31696.0,33278.0,34741.0,35709.0,36730.0,37584.0,38562.0,38825.0,39037.0,39197.0,39369.0,39520.0,39660.0,39793.0,39884.0,39960.0,40046.0,40151.0,40232.0,40302.0,40377.0,40452.0,40519.0,40581.0,40637.0,40697.0,40743.0,40789.0,40840.0,40878.0,40920.0,40942.0,40976.0,41003.0,41032.0,41047.0,,,,,,,,,41211.0,41227.0,41239.0,41254.0,41272.0,41286.0,41300.0,41310.0,41326.0,41343.0,41356.0,41366.0,41384.0,41401.0,41419.0,41442.0,41463.0,41484.0,41512.0,41538.0,41553.0,41571.0,41594.0,41619.0,41651.0,41665.0,41688.0,41707.0,41725.0,41742.0,41759.0,41772.0,41784.0,41802.0,41821.0,41833.0,41874.0,41879.0,41892.0,41903.0,41911.0,41920.0,41939.0,41957.0,41971.0,41981.0,41996.0,42004.0,42014
WrE8XCMyPGA,,,,,,,,,,,,,,,,,,,,,,,,,,,,,,,,,,,,,,,,,,,,,,,,,,,,,,,,,,,,,,,,,,,,,,,,,,,,,,,,,,,,,,,,,,,,,,,,223204.0,264169.0,275547.0,278562.0,284701.0,290088.0,294098.0,296194.0,297717.0,298734.0,299570.0,300273.0,301119.0,301902.0,302335.0,302769.0,303119.0,303330.0,303552.0,303795.0,304030.0,304240.0,304376.0,304460.0,304525.0,304631.0,304746.0,304852.0,304942.0,304980.0,305040.0,305108.0,305175.0,305235.0,305287.0,305337.0,305375.0,305426.0,305472.0,,,,,,,,,305888.0,305922.0,305986.0,306022.0,306056.0,306088.0,306120.0,306166.0,306198.0,306232.0,306256.0,306294.0,306314.0,306334.0,306370.0,306385.0,306407.0,306423.0,306439.0,306456.0,306472.0,306498.0,306517.0,306535.0,306552.0,306573.0,306585.0,306597.0,306618.0,306652.0,306664.0,306678.0,306693.0,306709.0,306718.0,306738.0,306749.0,306765.0,306769.0,306789.0,306803.0,306808.0,306819.0,306841.0,306849.0,306861.0,306877.0,306884.0,306893
8fii-4x4dog,,,,,,,,,,,,,,,,,,,,,,,,,,,,,,,,,,,,,,,,,,,,,,,,,,,,,,,,,,,,,,,,,,,,,,,,,,,,,,,,,,,,,,,,,,,,,,,,1246.0,1834.0,2531.0,3048.0,3523.0,3966.0,4321.0,4649.0,5169.0,5543.0,5942.0,6366.0,6681.0,7034.0,7382.0,7750.0,8170.0,8564.0,8921.0,9207.0,9548.0,10006.0,10390.0,10742.0,11073.0,11338.0,11581.0,11867.0,12184.0,12498.0,12893.0,13264.0,13525.0,13852.0,14165.0,14557.0,14896.0,15297.0,15641.0,,,,,,,,,18361.0,18571.0,18834.0,19050.0,19274.0,19528.0,19768.0,19999.0,20191.0,20406.0,20624.0,20828.0,21033.0,21272.0,21430.0,21579.0,21816.0,21954.0,22196.0,22390.0,22554.0,22717.0,22866.0,23073.0,23267.0,23422.0,23615.0,23766.0,23951.0,24087.0,24226.0,24356.0,24500.0,24675.0,24845.0,25022.0,25126.0,25255.0,25398.0,25511.0,25630.0,25747.0,25893.0,26016.0,26154.0,26285.0,26440.0,26570.0,26720
1OtNn_3Pejo,,,,,,,,,,,,,,,,,,,,,,,,,,,,,,,,,,,,,,,,,,,,,,,,,,,,,,,,,,,,,,,,,,,,,,,,,,,,,,,,,,,,,,,,,,,,,,,,1461.0,2794.0,3330.0,3756.0,4239.0,5009.0,5574.0,6047.0,6310.0,6417.0,6569.0,6737.0,6841.0,6937.0,7032.0,7116.0,7192.0,7248.0,7304.0,7360.0,7434.0,7492.0,7560.0,7626.0,7672.0,7716.0,7766.0,7804.0,7838.0,7877.0,7918.0,7967.0,8013.0,8048.0,8087.0,8116.0,8150.0,8189.0,8232.0,,,,,,,,,8544.0,8578.0,8609.0,8636.0,8662.0,8691.0,8717.0,8753.0,8792.0,8819.0,8842.0,8865.0,8889.0,8934.0,8957.0,8984.0,9001.0,9029.0,9060.0,9086.0,9110.0,9144.0,9166.0,9182.0,9204.0,9223.0,9257.0,9287.0,9306.0,9329.0,9343.0,9369.0,9386.0,9406.0,9427.0,9453.0,9477.0,9494.0,9520.0,9541.0,9557.0,9573.0,9591.0,9613.0,9631.0,9644.0,9671.0,9691.0,9714
3xkIgMeb3-g,,,,,,,,,,,,,,,,,,,,,,,,,,,,,,,,,,,,,,,,,,,,,,,,,,,,,,,,,,,,,,,,,,,,,,,,,,,,,,,,,,,,,,,,,,,,,,,,4312.0,6784.0,8901.0,11309.0,15073.0,17883.0,20420.0,23238.0,25361.0,27896.0,30910.0,33102.0,35260.0,37640.0,39881.0,42328.0,44968.0,46713.0,48376.0,49919.0,51358.0,52848.0,54281.0,55884.0,57430.0,58470.0,59367.0,60276.0,61113.0,61865.0,62875.0,63551.0,64507.0,65147.0,65725.0,66657.0,67739.0,68682.0,69506.0,,,,,,,,,77665.0,78351.0,79228.0,80771.0,83129.0,84189.0,85138.0,85910.0,86601.0,87453.0,88353.0,89265.0,89916.0,90585.0,91265.0,91825.0,92497.0,93117.0,93633.0,94119.0,94653.0,95154.0,95602.0,96032.0,96469.0,96881.0,97358.0,97853.0,98222.0,98546.0,98930.0,99379.0,99881.0,100316.0,100763.0,101071.0,101363.0,101747.0,102105.0,102445.0,102737.0,103087.0,103365.0,103572.0,103895.0,104221.0,104502.0,104774.0,105141
NLA4KBCENXs,,,,,,,,,,,,,,,,,,,,,,,,,,,,,,,,,,,,,,,,,,,,,,,,,,,,,,,,,,,,,,,,,,,,,,,,,,,,,,,,,,,,,,,,,,,,,,,,16333.0,19533.0,21092.0,22061.0,22791.0,23342.0,23850.0,24179.0,24565.0,24949.0,25292.0,25584.0,25931.0,26414.0,26764.0,27043.0,27455.0,27841.0,28185.0,28413.0,28647.0,29069.0,29304.0,29505.0,29622.0,29691.0,29764.0,29803.0,29858.0,29898.0,29936.0,29965.0,30000.0,30031.0,30049.0,30073.0,30093.0,30118.0,30128.0,,,,,,,,,30278.0,30291.0,30302.0,30317.0,30333.0,30355.0,30367.0,30384.0,30395.0,30410.0,30423.0,30433.0,30439.0,30444.0,30456.0,30462.0,30471.0,30481.0,30489.0,30497.0,30501.0,30507.0,30514.0,30524.0,30529.0,30536.0,30541.0,30552.0,30560.0,30567.0,30569.0,30574.0,30583.0,30592.0,30599.0,30604.0,30607.0,30615.0,30625.0,30633.0,30641.0,30643.0,30657.0,30667.0,30672.0,30678.0,30691.0,30702.0,30708
tCOdbwbFr2U,,,,,,,,,,,,,,,,,,,,,,,,,,,,,,,,,,,,,,,,,,,,,,,,,,,,,,,,,,,,,,,,,,,,,,,,,,,,,,,,,,,,,,,,,,,,,,,,3276.0,3996.0,4479.0,4903.0,5188.0,5431.0,5636.0,5809.0,5999.0,6151.0,6466.0,6797.0,7120.0,7261.0,7379.0,7443.0,7543.0,7624.0,7727.0,7865.0,7979.0,8078.0,8186.0,8311.0,8420.0,8513.0,8617.0,8692.0,8766.0,8850.0,8944.0,9023.0,9112.0,9186.0,9256.0,9322.0,9385.0,9476.0,9532.0,,,,,,,,,9977.0,10000.0,10037.0,10072.0,10100.0,10125.0,10156.0,10187.0,10219.0,10265.0,10309.0,10350.0,10398.0,10443.0,10467.0,10492.0,10520.0,10545.0,10575.0,10598.0,10644.0,10692.0,10749.0,10780.0,10808.0,10837.0,10860.0,10878.0,10902.0,10934.0,10948.0,10964.0,10992.0,11008.0,11027.0,11046.0,11061.0,11091.0,11110.0,11129.0,11141.0,11160.0,11184.0,11212.0,11228.0,11243.0,11260.0,11291.0,11310
FCbQR0O0eEo,,,,,,,,,,,,,,,,,,,,,,,,,,,,,,,,,,,,,,,,,,,,,,,,,,,,,,,,,,,,,,,,,,,,,,,,,,,,,,,,,,,,,,,,,,,,,,,,1507.0,5312.0,7680.0,9350.0,10724.0,14723.0,20527.0,27995.0,32733.0,34515.0,36241.0,38239.0,40322.0,41949.0,43588.0,44833.0,45786.0,46781.0,47737.0,48445.0,49167.0,49976.0,50851.0,51729.0,52374.0,52934.0,53437.0,53768.0,54164.0,54520.0,54895.0,55307.0,55664.0,55894.0,56143.0,56439.0,56779.0,57142.0,57543.0,,,,,,,,,60206.0,60459.0,60718.0,60986.0,61267.0,61535.0,61869.0,62142.0,62471.0,62834.0,63193.0,63563.0,63906.0,64298.0,64573.0,64901.0,65155.0,65498.0,65854.0,66211.0,66449.0,66740.0,67013.0,67289.0,67600.0,67936.0,68296.0,68626.0,68892.0,69196.0,69493.0,69801.0,70092.0,70481.0,70818.0,71092.0,71369.0,71686.0,72050.0,72351.0,72599.0,72935.0,73173.0,73374.0,73675.0,74105.0,74384.0,74638.0,74977
8Zi4GWc2wMI,,,,,,,,,,,,,,,,,,,,,,,,,,,,,,,,,,,,,,,,,,,,,,,,,,,,,,,,,,,,,,,,,,,,,,,,,,,,,,,,,,,,,,,,,,,,,,,,86604.0,98256.0,102785.0,105894.0,108395.0,113770.0,116781.0,118916.0,121246.0,123429.0,124559.0,125282.0,126042.0,126725.0,127171.0,127556.0,127977.0,128192.0,128518.0,128960.0,129301.0,129728.0,130335.0,130705.0,131038.0,131849.0,132956.0,133837.0,134351.0,134744.0,135083.0,135497.0,136144.0,136777.0,137147.0,137374.0,137663.0,137907.0,138444.0,,,,,,,,,142759.0,143186.0,143695.0,143896.0,144109.0,144314.0,144438.0,144628.0,144833.0,145026.0,145290.0,145447.0,145596.0,145739.0,145928.0,146213.0,146342.0,146517.0,146736.0,146932.0,147080.0,147276.0,147554.0,147704.0,147853.0,147938.0,148032.0,148180.0,148276.0,148389.0,148487.0,148581.0,148698.0,148880.0,149026.0,149248.0,149338.0,149466.0,149653.0,149826.0,149946.0,150037.0,150146.0,150239.0,150313.0,150412.0,150493.0,150551.0,150621
SgDcevljSYY,,,,,,,,,,,,,,,,,,,,,,,,,,,,,,,,,,,,,,,,,,,,,,,,,,,,,,,,,,,,,,,,,,,,,,,,,,,,,,,,,,,,,,,,,,,,,,,,,443986.0,453377.0,462308.0,472529.0,482824.0,492583.0,502009.0,511260.0,520240.0,528889.0,537305.0,546257.0,553489.0,560674.0,568253.0,576220.0,583388.0,590379.0,596764.0,601766.0,605855.0,609677.0,613287.0,616793.0,620520.0,624063.0,627477.0,630750.0,633825.0,636748.0,639608.0,642514.0,645344.0,648079.0,650611.0,653117.0,655725.0,658282.0,,,,,,,,,680060.0,682469.0,684635.0,686625.0,688591.0,690521.0,892583.0,894465.0,896551.0,898352.0,900166.0,901886.0,903626.0,705155.0,707209.0,709039.0,710791.0,712425.0,713986.0,715669.0,717438.0,719321.0,721130.0,722805.0,724482.0,726015.0,727648.0,729280.0,730889.0,732566.0,734009.0,735535.0,737056.0,738574.0,740041.0,741410.0,742911.0,744316.0,745849.0,747724.0,749560.0,751437.0,753439.0,755253.0,757157.0,759256.0,761368.0,763896.0,766326
2P7VZogodoE,,,,,,,,,,,,,,,,,,,,,,,,,,,,,,,,,,,,,,,,,,,,,,,,,,,,,,,,,,,,,,,,,,,,,,,,,,,,,,,,,,,,,,,,,,,,,,,,,17478.0,17604.0,17763.0,17896.0,18042.0,18188.0,18329.0,18495.0,18679.0,18864.0,19086.0,19144.0,19277.0,19472.0,19585.0,19763.0,19919.0,20082.0,20226.0,20341.0,20458.0,20550.0,20679.0,20800.0,20906.0,20987.0,21055.0,21113.0,21167.0,21232.0,21288.0,21354.0,21432.0,21515.0,21566.0,21614.0,21687.0,21778.0,,,,,,,,,22487.0,22597.0,22674.0,22767.0,22859.0,22949.0,23090.0,23199.0,23289.0,23367.0,23425.0,23515.0,23583.0,23657.0,23734.0,23788.0,23839.0,23895.0,23939.0,23990.0,24038.0,24080.0,24111.0,24154.0,24206.0,24291.0,24333.0,24363.0,24425.0,24461.0,24497.0,24531.0,24576.0,24618.0,24658.0,24697.0,24730.0,24768.0,24806.0,24833.0,24860.0,24902.0,24948.0,24988.0,25015.0,25034.0,25071.0,25104.0,25154
22QTKAFmG3I,,,,,,,,,,,,,,,,,,,,,,,,,,,,,,,,,,,,,,,,,,,,,,,,,,,,,,,,,,,,,,,,,,,,,,,,,,,,,,,,,,,,,,,,,,,,,,,,,49642.0,49654.0,49662.0,49669.0,49674.0,49679.0,49681.0,49691.0,49695.0,49698.0,49709.0,49711.0,49716.0,49718.0,49720.0,49722.0,49724.0,49725.0,49731.0,49731.0,49732.0,49733.0,49734.0,49738.0,49741.0,49743.0,49745.0,49746.0,49750.0,49750.0,49753.0,49756.0,49756.0,49756.0,49757.0,49758.0,49760.0,49760.0,,,,,,,,,49794.0,49795.0,49802.0,49806.0,49806.0,49809.0,49810.0,49813.0,49818.0,49820.0,49824.0,49827.0,49829.0,49829.0,49830.0,49830.0,49831.0,49836.0,49836.0,49841.0,49843.0,49844.0,49846.0,49847.0,49847.0,49848.0,49853.0,49854.0,49856.0,49860.0,49861.0,49866.0,49871.0,49873.0,49874.0,49881.0,49883.0,49885.0,49886.0,49891.0,49902.0,49920.0,49922.0,49925.0,49926.0,49932.0,49934.0,49936.0,49938
mB8XIXg06WY,,,,,,,,,,,,,,,,,,,,,,,,,,,,,,,,,,,,,,,,,,,,,,,,,,,,,,,,,,,,,,,,,,,,,,,,,,,,,,,,,,,,,,,,,,,,,,,,,53227.0,53232.0,53238.0,53242.0,53248.0,53258.0,53263.0,53272.0,53280.0,53287.0,53291.0,53295.0,53297.0,53298.0,53300.0,53304.0,53308.0,53313.0,53314.0,53316.0,53318.0,53339.0,53342.0,53345.0,53348.0,53352.0,53354.0,53356.0,53359.0,53362.0,53364.0,53365.0,53367.0,53372.0,53373.0,53374.0,53377.0,53378.0,,,,,,,,,53398.0,53399.0,53402.0,53403.0,53404.0,53407.0,53408.0,53408.0,53412.0,53417.0,53417.0,53418.0,53419.0,53420.0,53420.0,53420.0,53420.0,53420.0,53422.0,53432.0,53433.0,53433.0,53436.0,53438.0,53438.0,53438.0,53439.0,53440.0,53441.0,53441.0,53441.0,53443.0,53443.0,53445.0,53445.0,53448.0,53449.0,53450.0,53450.0,53453.0,53456.0,53456.0,53457.0,53458.0,53458.0,53460.0,53462.0,53462.0,53463
FN_4m2QqSH0,,,,,,,,,,,,,,,,,,,,,,,,,,,,,,,,,,,,,,,,,,,,,,,,,,,,,,,,,,,,,,,,,,,,,,,,,,,,,,,,,,,,,,,,,,,,,,,,,218914.0,218917.0,218929.0,218937.0,218942.0,218951.0,218964.0,218977.0,218980.0,218989.0,218995.0,219000.0,219007.0,219013.0,219021.0,219025.0,219032.0,219038.0,219040.0,219044.0,219045.0,219049.0,219053.0,219055.0,219060.0,219062.0,219063.0,219063.0,219064.0,219066.0,219069.0,219072.0,219074.0,219080.0,219083.0,219085.0,219087.0,219091.0,,,,,,,,,219113.0,219113.0,219113.0,219116.0,219118.0,219118.0,219121.0,219124.0,219126.0,219129.0,219130.0,219130.0,219131.0,219131.0,219131.0,219133.0,219134.0,219134.0,219136.0,219141.0,219143.0,219145.0,219147.0,219149.0,219150.0,219150.0,219151.0,219152.0,219154.0,219155.0,219156.0,219160.0,219162.0,219163.0,219165.0,219169.0,219172.0,219176.0,219178.0,219179.0,219185.0,219189.0,219193.0,219194.0,219195.0,219197.0,219198.0,219201.0,219202
nSRX3qPnKOc,,,,,,,,,,,,,,,,,,,,,,,,,,,,,,,,,,,,,,,,,,,,,,,,,,,,,,,,,,,,,,,,,,,,,,,,,,,,,,,,,,,,,,,,,,,,,,,,,143.0,143.0,144.0,145.0,147.0,147.0,147.0,147.0,147.0,149.0,149.0,149.0,149.0,149.0,149.0,149.0,149.0,149.0,149.0,150.0,150.0,150.0,150.0,150.0,150.0,150.0,150.0,150.0,150.0,150.0,150.0,150.0,150.0,150.0,150.0,150.0,150.0,150.0,,,,,,,,,151.0,151.0,151.0,151.0,151.0,151.0,151.0,151.0,151.0,151.0,151.0,151.0,152.0,152.0,153.0,153.0,153.0,153.0,154.0,154.0,154.0,154.0,154.0,154.0,154.0,154.0,154.0,154.0,154.0,154.0,154.0,155.0,155.0,155.0,155.0,155.0,155.0,155.0,155.0,155.0,155.0,155.0,155.0,155.0,155.0,155.0,155.0,155.0,155
t8wWx2-SJWQ,,,,,,,,,,,,,,,,,,,,,,,,,,,,,,,,,,,,,,,,,,,,,,,,,,,,,,,,,,,,,,,,,,,,,,,,,,,,,,,,,,,,,,,,,,,,,,,,,6793.0,6865.0,6911.0,6944.0,6974.0,7137.0,7506.0,7639.0,7692.0,7726.0,7756.0,7767.0,7792.0,7806.0,7821.0,7845.0,7856.0,7869.0,7877.0,7891.0,7898.0,7906.0,7907.0,7913.0,7915.0,7915.0,7920.0,7925.0,7928.0,7932.0,7936.0,7939.0,7941.0,7942.0,7946.0,7951.0,7961.0,7967.0,,,,,,,,,8008.0,8011.0,8017.0,8021.0,8024.0,8028.0,8033.0,8037.0,8041.0,8042.0,8044.0,8045.0,8046.0,8050.0,8053.0,8055.0,8058.0,8060.0,8061.0,8062.0,8063.0,8063.0,8063.0,8065.0,8065.0,8068.0,8070.0,8072.0,8075.0,8077.0,8078.0,8081.0,8085.0,8085.0,8086.0,8087.0,8089.0,8093.0,8094.0,8096.0,8096.0,8098.0,8100.0,8104.0,8106.0,8112.0,8117.0,8122.0,8125
fSkdZ0dfKMs,,,,,,,,,,,,,,,,,,,,,,,,,,,,,,,,,,,,,,,,,,,,,,,,,,,,,,,,,,,,,,,,,,,,,,,,,,,,,,,,,,,,,,,,,,,,,,,,,767.0,4919.0,6632.0,7038.0,7413.0,7774.0,8025.0,8165.0,8327.0,8495.0,8638.0,8763.0,8942.0,9242.0,9609.0,10028.0,10326.0,10720.0,11280.0,11982.0,12653.0,13247.0,13845.0,14428.0,14855.0,15086.0,15247.0,15421.0,15633.0,15752.0,15839.0,15952.0,16056.0,16179.0,16280.0,16350.0,16442.0,16514.0,,,,,,,,,17120.0,17175.0,17237.0,17273.0,17318.0,17366.0,17427.0,17464.0,17499.0,17519.0,17538.0,17583.0,17637.0,17671.0,17695.0,17724.0,17733.0,17749.0,17775.0,17786.0,17793.0,17810.0,17830.0,17843.0,17854.0,17868.0,17881.0,17902.0,17919.0,17955.0,17991.0,18018.0,18049.0,18059.0,18066.0,18073.0,18084.0,18085.0,18090.0,18107.0,18118.0,18126.0,18145.0,18165.0,18189.0,18202.0,18210.0,18222.0,18245
ugxi0U3MwNs,,,,,,,,,,,,,,,,,,,,,,,,,,,,,,,,,,,,,,,,,,,,,,,,,,,,,,,,,,,,,,,,,,,,,,,,,,,,,,,,,,,,,,,,,,,,,,,,,90942.0,100000.0,106789.0,114524.0,123387.0,133331.0,142551.0,150990.0,160511.0,170780.0,181112.0,191215.0,202031.0,213770.0,225938.0,238172.0,249950.0,261596.0,273088.0,283728.0,294820.0,305950.0,317440.0,328316.0,339406.0,350518.0,361254.0,371866.0,382534.0,393013.0,403265.0,413667.0,423259.0,432780.0,442101.0,451318.0,460344.0,469261.0,,,,,,,,,540562.0,548706.0,556399.0,563757.0,571272.0,578656.0,585570.0,592831.0,600903.0,608093.0,614899.0,621502.0,628738.0,635533.0,642249.0,648932.0,655473.0,662554.0,670167.0,677740.0,685345.0,693575.0,701407.0,709069.0,717182.0,724947.0,732493.0,740687.0,748608.0,757066.0,765227.0,773656.0,782355.0,790487.0,798502.0,806681.0,815092.0,823327.0,831149.0,839101.0,846685.0,853747.0,860973.0,867912.0,875534.0,883584.0,891594.0,899806.0,908364
IvqbikKfp6g,,,,,,,,,,,,,,,,,,,,,,,,,,,,,,,,,,,,,,,,,,,,,,,,,,,,,,,,,,,,,,,,,,,,,,,,,,,,,,,,,,,,,,,,,,,,,,,,,854.0,2367.0,3063.0,3592.0,3976.0,4326.0,4657.0,5030.0,5306.0,5550.0,5777.0,6008.0,6205.0,6360.0,6504.0,6608.0,6698.0,6789.0,6890.0,6969.0,7074.0,7145.0,7227.0,7306.0,7380.0,7448.0,7527.0,7595.0,7662.0,7721.0,7793.0,7852.0,7902.0,7973.0,8028.0,8078.0,8132.0,8183.0,,,,,,,,,8736.0,8826.0,8859.0,8899.0,8949.0,8992.0,9026.0,9057.0,9112.0,9145.0,9191.0,9246.0,9289.0,9328.0,9373.0,9406.0,9450.0,9490.0,9532.0,9567.0,9596.0,9626.0,9664.0,9697.0,9719.0,9760.0,9789.0,9829.0,9865.0,9909.0,9934.0,9964.0,9992.0,10024.0,10064.0,10101.0,10124.0,10149.0,10190.0,10220.0,10248.0,10273.0,10316.0,10360.0,10401.0,10435.0,10468.0,10500.0,10543
JLMndab5UDw,,,,,,,,,,,,,,,,,,,,,,,,,,,,,,,,,,,,,,,,,,,,,,,,,,,,,,,,,,,,,,,,,,,,,,,,,,,,,,,,,,,,,,,,,,,,,,,,,108498.0,109464.0,110344.0,110714.0,111024.0,111306.0,111504.0,111736.0,111916.0,112068.0,112218.0,112343.0,112536.0,112679.0,112809.0,112957.0,113108.0,113223.0,113340.0,113444.0,113532.0,113629.0,113703.0,113765.0,113828.0,113902.0,113970.0,114035.0,114079.0,114118.0,114171.0,114221.0,114272.0,114324.0,114369.0,114412.0,114440.0,114475.0,,,,,,,,,114707.0,114740.0,114772.0,114809.0,114840.0,114865.0,114891.0,114912.0,114938.0,114963.0,114987.0,115010.0,115042.0,115067.0,115086.0,115113.0,115145.0,115163.0,115185.0,115208.0,115233.0,115249.0,115269.0,115289.0,115310.0,115329.0,115351.0,115369.0,115388.0,115421.0,115455.0,115491.0,115513.0,115531.0,115548.0,115567.0,115595.0,115613.0,115638.0,115653.0,115664.0,115678.0,115688.0,115710.0,115726.0,115745.0,115767.0,115795.0,115808
ks7nppmV-9k,,,,,,,,,,,,,,,,,,,,,,,,,,,,,,,,,,,,,,,,,,,,,,,,,,,,,,,,,,,,,,,,,,,,,,,,,,,,,,,,,,,,,,,,,,,,,,,,,446858.0,448498.0,450473.0,452202.0,453868.0,455566.0,457032.0,458499.0,459910.0,461258.0,462421.0,463598.0,464793.0,465867.0,466846.0,467853.0,468819.0,469787.0,470734.0,471657.0,472523.0,473340.0,474115.0,474898.0,475740.0,476580.0,477431.0,478168.0,478980.0,479784.0,480495.0,481222.0,482055.0,482806.0,483556.0,484262.0,484873.0,485499.0,,,,,,,,,491335.0,491954.0,492516.0,492992.0,493676.0,494252.0,494856.0,495486.0,496226.0,496872.0,497487.0,498098.0,498816.0,499456.0,500094.0,500864.0,501528.0,502170.0,502852.0,503487.0,504158.0,504918.0,505640.0,506322.0,506959.0,507641.0,508283.0,508880.0,509532.0,510223.0,510831.0,511474.0,512078.0,512640.0,513142.0,513790.0,514509.0,515071.0,515710.0,516357.0,516995.0,517635.0,518258.0,518873.0,519476.0,520078.0,520582.0,521240.0,521899
NkbjgNh06bQ,,,,,,,,,,,,,,,,,,,,,,,,,,,,,,,,,,,,,,,,,,,,,,,,,,,,,,,,,,,,,,,,,,,,,,,,,,,,,,,,,,,,,,,,,,,,,,,,,560198.0,569705.0,577259.0,583299.0,589984.0,595462.0,600034.0,605346.0,614192.0,619123.0,624404.0,631249.0,637428.0,642729.0,646269.0,648807.0,651201.0,654292.0,657616.0,660069.0,668989.0,675190.0,678203.0,680387.0,682390.0,683864.0,685070.0,685942.0,686784.0,687499.0,688156.0,688852.0,689516.0,690149.0,690595.0,690944.0,691377.0,691717.0,,,,,,,,,694278.0,694438.0,694578.0,694679.0,694798.0,694930.0,695084.0,695347.0,695730.0,696150.0,696491.0,696804.0,697157.0,697488.0,697848.0,698192.0,698407.0,698586.0,698828.0,699007.0,699110.0,699219.0,699331.0,699437.0,699529.0,699650.0,699734.0,699820.0,699927.0,700036.0,700126.0,700233.0,700333.0,700418.0,700517.0,700590.0,700686.0,700751.0,700818.0,700904.0,701013.0,701091.0,701185.0,701260.0,701332.0,701397.0,701482.0,701551.0,701629
h24ZAAzL-ZA,,,,,,,,,,,,,,,,,,,,,,,,,,,,,,,,,,,,,,,,,,,,,,,,,,,,,,,,,,,,,,,,,,,,,,,,,,,,,,,,,,,,,,,,,,,,,,,,,,2010.0,2116.0,2192.0,2223.0,2266.0,2304.0,2330.0,2366.0,2399.0,2433.0,2461.0,2482.0,2536.0,2555.0,2587.0,2615.0,2652.0,2693.0,2724.0,2757.0,2777.0,2800.0,2827.0,2882.0,2970.0,3095.0,3183.0,3252.0,3337.0,3408.0,3488.0,3541.0,3585.0,3628.0,3677.0,3733.0,3779.0,,,,,,,,,4208.0,4252.0,4292.0,4329.0,4377.0,4405.0,4470.0,4513.0,4548.0,4570.0,4601.0,4613.0,4626.0,4651.0,4682.0,4700.0,4719.0,4732.0,4750.0,4764.0,4775.0,4791.0,4797.0,4815.0,4824.0,4832.0,4839.0,4855.0,4867.0,4880.0,4890.0,4904.0,4922.0,4939.0,4952.0,4955.0,4964.0,4977.0,4984.0,4996.0,5005.0,5015.0,5023.0,5032.0,5043.0,5046.0,5055.0,5063.0,5073
F1jIHZDEpPQ,,,,,,,,,,,,,,,,,,,,,,,,,,,,,,,,,,,,,,,,,,,,,,,,,,,,,,,,,,,,,,,,,,,,,,,,,,,,,,,,,,,,,,,,,,,,,,,,,,8562.0,8610.0,8648.0,8667.0,8691.0,8713.0,8756.0,8780.0,8803.0,8838.0,8869.0,8886.0,8907.0,8933.0,8955.0,8967.0,8979.0,9004.0,9020.0,9037.0,9058.0,9077.0,9100.0,9116.0,9151.0,9178.0,9191.0,9207.0,9235.0,9263.0,9283.0,9302.0,9320.0,9334.0,9359.0,9380.0,9393.0,,,,,,,,,9560.0,9578.0,9600.0,9613.0,9629.0,9656.0,9670.0,9692.0,9704.0,9718.0,9738.0,9748.0,9763.0,9786.0,9826.0,9856.0,9868.0,9890.0,9896.0,9915.0,9938.0,9956.0,9968.0,9987.0,10009.0,10022.0,10040.0,10060.0,10078.0,10103.0,10126.0,10144.0,10163.0,10176.0,10191.0,10203.0,10219.0,10231.0,10244.0,10264.0,10276.0,10288.0,10303.0,10320.0,10337.0,10353.0,10367.0,10382.0,10396
Sw6OSp7yllw,,,,,,,,,,,,,,,,,,,,,,,,,,,,,,,,,,,,,,,,,,,,,,,,,,,,,,,,,,,,,,,,,,,,,,,,,,,,,,,,,,,,,,,,,,,,,,,,,,338622.0,404827.0,449907.0,490418.0,531100.0,540245.0,548374.0,561805.0,565380.0,569139.0,573812.0,577611.0,580380.0,583331.0,585937.0,594761.0,602735.0,608699.0,617478.0,623882.0,632751.0,635429.0,637189.0,638578.0,639622.0,640789.0,641872.0,642939.0,643942.0,644870.0,645732.0,646581.0,647334.0,648013.0,648575.0,649071.0,649645.0,,,,,,,,,653697.0,654068.0,654414.0,654692.0,655043.0,655402.0,655724.0,656028.0,656323.0,656643.0,656958.0,657252.0,657649.0,657956.0,658271.0,658540.0,658832.0,659155.0,659467.0,659933.0,660404.0,660760.0,661251.0,661613.0,661940.0,662299.0,662658.0,663003.0,663225.0,663446.0,663664.0,663854.0,664078.0,664271.0,664484.0,664721.0,664875.0,665149.0,665334.0,665536.0,665728.0,665949.0,666110.0,666309.0,666474.0,666646.0,666818.0,666993.0,667145
krVAUiEGBlg,,,,,,,,,,,,,,,,,,,,,,,,,,,,,,,,,,,,,,,,,,,,,,,,,,,,,,,,,,,,,,,,,,,,,,,,,,,,,,,,,,,,,,,,,,,,,,,,,,,17582.0,29654.0,40914.0,52571.0,64068.0,76582.0,86427.0,92934.0,96227.0,99292.0,101690.0,104187.0,106786.0,109542.0,111818.0,113913.0,116194.0,117989.0,120103.0,122024.0,124053.0,126347.0,128789.0,130866.0,132671.0,134565.0,136530.0,138490.0,140402.0,142351.0,144139.0,145783.0,147657.0,149692.0,151744.0,153687.0,,,,,,,,,166717.0,167951.0,169219.0,170458.0,171580.0,172688.0,173911.0,175386.0,176536.0,177709.0,178870.0,180103.0,181486.0,183039.0,184379.0,185567.0,186710.0,188072.0,189293.0,190671.0,192196.0,193729.0,195149.0,196543.0,198176.0,199833.0,201571.0,203410.0,204906.0,206206.0,207773.0,209366.0,210852.0,212459.0,213973.0,215372.0,216551.0,217937.0,219407.0,220953.0,222402.0,223936.0,225405.0,226452.0,227788.0,229121.0,230512.0,231900.0,233282
wfyFh5BJ43M,,,,,,,,,,,,,,,,,,,,,,,,,,,,,,,,,,,,,,,,,,,,,,,,,,,,,,,,,,,,,,,,,,,,,,,,,,,,,,,,,,,,,,,,,,,,,,,,,,,27015.0,52019.0,58142.0,60973.0,62812.0,64106.0,64941.0,65460.0,65893.0,66332.0,66753.0,67068.0,67351.0,67536.0,67797.0,67974.0,68148.0,68308.0,68452.0,68589.0,68750.0,68868.0,68969.0,69082.0,69218.0,69349.0,69440.0,69563.0,69686.0,69792.0,69889.0,70001.0,70104.0,70212.0,70305.0,70393.0,,,,,,,,,71078.0,71159.0,71236.0,71300.0,71392.0,71465.0,71568.0,71640.0,71708.0,71767.0,71847.0,71912.0,71954.0,71992.0,72053.0,72120.0,72162.0,72204.0,72235.0,72274.0,72312.0,72330.0,72376.0,72432.0,72467.0,72500.0,72542.0,72582.0,72625.0,72656.0,72698.0,72733.0,72776.0,72813.0,72843.0,72875.0,72908.0,72931.0,72955.0,72996.0,73029.0,73062.0,73089.0,73122.0,73149.0,73186.0,73205.0,73240.0,73264
LUPWh_2PHKg,,,,,,,,,,,,,,,,,,,,,,,,,,,,,,,,,,,,,,,,,,,,,,,,,,,,,,,,,,,,,,,,,,,,,,,,,,,,,,,,,,,,,,,,,,,,,,,,,,,44283.0,77248.0,212161.0,462951.0,805746.0,813674.0,818798.0,818000.0,820753.0,822038.0,823037.0,824848.0,826877.0,828463.0,829589.0,830424.0,831385.0,832585.0,833632.0,834504.0,835316.0,836068.0,836850.0,837377.0,837936.0,838559.0,839459.0,839974.0,840323.0,840698.0,841004.0,841580.0,842353.0,843292.0,844402.0,845841.0,,,,,,,,,860054.0,860836.0,861483.0,862181.0,862871.0,863468.0,864219.0,865184.0,866062.0,866902.0,867556.0,868316.0,868963.0,869764.0,870265.0,870795.0,871417.0,872340.0,873437.0,874117.0,874987.0,875938.0,876837.0,877874.0,878788.0,880142.0,881544.0,882580.0,883582.0,884616.0,885368.0,885922.0,886556.0,887211.0,887858.0,888211.0,888677.0,889168.0,889714.0,890226.0,890682.0,891206.0,891714.0,892137.0,892477.0,892786.0,892998.0,893139.0,893254
Hsuy_xzPyWQ,,,,,,,,,,,,,,,,,,,,,,,,,,,,,,,,,,,,,,,,,,,,,,,,,,,,,,,,,,,,,,,,,,,,,,,,,,,,,,,,,,,,,,,,,,,,,,,,,,,714559.0,927400.0,1121984.0,1310751.0,1490590.0,1642124.0,1759216.0,1840576.0,1907289.0,1968237.0,2022248.0,2072101.0,2120908.0,2167056.0,2206939.0,2246837.0,2284827.0,2318688.0,2354163.0,2386258.0,2416578.0,2445630.0,2473670.0,2499837.0,2522986.0,2544417.0,2566352.0,2587509.0,2608030.0,2629226.0,2648991.0,2667419.0,2687774.0,2706100.0,2723966.0,2740988.0,,,,,,,,,2873503.0,2887654.0,2902204.0,2915568.0,2928886.0,2941536.0,2953734.0,2965425.0,2977278.0,2988613.0,2999785.0,3010964.0,3023019.0,3034855.0,3045625.0,3055448.0,3066020.0,3076092.0,3086088.0,3096952.0,3107613.0,3118218.0,3128764.0,3139217.0,3149999.0,3160684.0,3171818.0,3183319.0,3194891.0,3205862.0,3217597.0,3230093.0,3242227.0,3253569.0,3265127.0,3274926.0,3284212.0,3293496.0,3304735.0,3315208.0,3325332.0,3335175.0,3344812.0,3353340.0,3362723.0,3372426.0,3382646.0,3392963.0,3403275
lEIqHfmnxpY,,,,,,,,,,,,,,,,,,,,,,,,,,,,,,,,,,,,,,,,,,,,,,,,,,,,,,,,,,,,,,,,,,,,,,,,,,,,,,,,,,,,,,,,,,,,,,,,,,,3746.0,3774.0,3809.0,3832.0,3854.0,3871.0,3895.0,3909.0,3921.0,3933.0,3940.0,3954.0,3978.0,3997.0,4007.0,4024.0,4055.0,4076.0,4094.0,4118.0,4137.0,4146.0,4193.0,4206.0,4261.0,4284.0,4321.0,4358.0,4383.0,4445.0,4474.0,4499.0,4531.0,4559.0,4585.0,4615.0,,,,,,,,,4925.0,4958.0,4977.0,4999.0,5094.0,5114.0,5135.0,5162.0,5188.0,5236.0,5258.0,5287.0,5320.0,5343.0,5370.0,5388.0,5408.0,5438.0,5470.0,5496.0,5513.0,5528.0,5537.0,5551.0,5570.0,5593.0,5614.0,5631.0,5638.0,5652.0,5660.0,5677.0,5692.0,5718.0,5725.0,5735.0,5756.0,5767.0,5778.0,5799.0,5826.0,5855.0,5893.0,5918.0,5960.0,5971.0,5999.0,6000.0,6033
NlHD4ndO-z0,,,,,,,,,,,,,,,,,,,,,,,,,,,,,,,,,,,,,,,,,,,,,,,,,,,,,,,,,,,,,,,,,,,,,,,,,,,,,,,,,,,,,,,,,,,,,,,,,,,,1972455.0,2047012.0,2108252.0,2151788.0,2188707.0,2223187.0,2251487.0,2279423.0,2319497.0,2364137.0,2403854.0,2428532.0,2445152.0,2461996.0,2478239.0,2496699.0,2514451.0,2529389.0,2541696.0,2553068.0,2563102.0,2573424.0,2583866.0,2594248.0,2603325.0,2611546.0,2619322.0,2626997.0,2636783.0,2646421.0,2655271.0,2662950.0,2669897.0,2676328.0,2682337.0,,,,,,,,,2734153.0,2739920.0,2745246.0,2749861.0,2754909.0,2759718.0,2764490.0,2769475.0,2775137.0,2779611.0,2784094.0,2788997.0,2793518.0,2798333.0,2803280.0,2808809.0,2813966.0,2818449.0,2822486.0,2826451.0,2830157.0,2834542.0,2839044.0,2842813.0,2846662.0,2850227.0,2853918.0,2858507.0,2863044.0,2867775.0,2871812.0,2875660.0,2879274.0,2882877.0,2886548.0,2890209.0,2894115.0,2897696.0,2901196.0,2904704.0,2908558.0,2912147.0,2915830.0,2919628.0,2923026.0,2926253.0,2929500.0,2932872.0,2936350
4U3cIzNWw_8,,,,,,,,,,,,,,,,,,,,,,,,,,,,,,,,,,,,,,,,,,,,,,,,,,,,,,,,,,,,,,,,,,,,,,,,,,,,,,,,,,,,,,,,,,,,,,,,,,,,4294.0,4536.0,4746.0,4880.0,4996.0,5119.0,5221.0,5338.0,5446.0,5551.0,5639.0,5738.0,5843.0,5931.0,6008.0,6096.0,6179.0,6262.0,6340.0,6419.0,6487.0,6552.0,6652.0,6730.0,6803.0,6866.0,6930.0,6997.0,7060.0,7122.0,7185.0,7237.0,7296.0,7367.0,7429.0,,,,,,,,,7913.0,7977.0,8023.0,8075.0,8112.0,8155.0,8219.0,8270.0,8332.0,8377.0,8440.0,8506.0,8588.0,8673.0,8758.0,8836.0,8886.0,8943.0,9003.0,9066.0,9119.0,9179.0,9244.0,9313.0,9367.0,9432.0,9507.0,9587.0,9636.0,9680.0,9775.0,9832.0,9892.0,9945.0,10025.0,10098.0,10157.0,10211.0,10274.0,10325.0,10389.0,10431.0,10486.0,10532.0,10601.0,10645.0,10682.0,10729.0,10769
H0cCZJI3t24,,,,,,,,,,,,,,,,,,,,,,,,,,,,,,,,,,,,,,,,,,,,,,,,,,,,,,,,,,,,,,,,,,,,,,,,,,,,,,,,,,,,,,,,,,,,,,,,,,,,221882.0,221944.0,221996.0,222045.0,222097.0,222145.0,222191.0,222235.0,222281.0,222312.0,222364.0,222394.0,222423.0,222483.0,222537.0,222595.0,222645.0,222702.0,222756.0,222803.0,222843.0,222889.0,222937.0,222986.0,223046.0,223088.0,223129.0,223168.0,223223.0,223272.0,223325.0,223363.0,223425.0,223474.0,223527.0,,,,,,,,,223971.0,224025.0,224070.0,224129.0,224170.0,224225.0,224277.0,224326.0,224366.0,224409.0,224440.0,224477.0,224508.0,224557.0,224601.0,224644.0,224689.0,224733.0,224764.0,224794.0,224818.0,224858.0,224887.0,224928.0,224980.0,225014.0,225059.0,225096.0,225138.0,225173.0,225210.0,225251.0,225283.0,225320.0,225366.0,225404.0,225450.0,225481.0,225532.0,225558.0,225600.0,225645.0,225686.0,225721.0,225756.0,225784.0,225827.0,225868.0,225910
rZJJudRK5Oc,,,,,,,,,,,,,,,,,,,,,,,,,,,,,,,,,,,,,,,,,,,,,,,,,,,,,,,,,,,,,,,,,,,,,,,,,,,,,,,,,,,,,,,,,,,,,,,,,,,,1485.0,3079.0,6148.0,10721.0,11891.0,12426.0,12983.0,13660.0,14185.0,14663.0,15038.0,15325.0,15530.0,15672.0,15877.0,16074.0,16208.0,16388.0,16559.0,16732.0,16904.0,17029.0,17167.0,17260.0,17368.0,17468.0,17523.0,17607.0,17724.0,17857.0,17938.0,18055.0,18181.0,18333.0,18455.0,,,,,,,,,19875.0,20010.0,20167.0,20317.0,20508.0,20797.0,20994.0,21158.0,21305.0,21547.0,21832.0,22077.0,22405.0,22633.0,22859.0,23022.0,23133.0,23277.0,23400.0,23549.0,23709.0,23833.0,23940.0,24090.0,24312.0,24477.0,24652.0,24816.0,24987.0,25143.0,25378.0,25638.0,25935.0,26293.0,26623.0,26901.0,27168.0,27501.0,27895.0,28267.0,28692.0,29074.0,29349.0,29578.0,29910.0,30242.0,30597.0,30964.0,31356
MVZRCjDc89Q,,,,,,,,,,,,,,,,,,,,,,,,,,,,,,,,,,,,,,,,,,,,,,,,,,,,,,,,,,,,,,,,,,,,,,,,,,,,,,,,,,,,,,,,,,,,,,,,,,,,533.0,742.0,748.0,757.0,771.0,801.0,804.0,807.0,807.0,809.0,812.0,813.0,813.0,813.0,814.0,814.0,816.0,819.0,819.0,822.0,822.0,823.0,823.0,823.0,823.0,823.0,824.0,824.0,824.0,824.0,825.0,826.0,826.0,827.0,828.0,,,,,,,,,830.0,830.0,830.0,832.0,832.0,832.0,832.0,832.0,832.0,832.0,832.0,832.0,832.0,832.0,832.0,833.0,833.0,833.0,833.0,834.0,834.0,834.0,834.0,834.0,834.0,835.0,835.0,835.0,836.0,836.0,836.0,836.0,836.0,836.0,836.0,836.0,836.0,836.0,836.0,836.0,837.0,837.0,837.0,837.0,837.0,837.0,837.0,837.0,837
afaBdMRxN-g,,,,,,,,,,,,,,,,,,,,,,,,,,,,,,,,,,,,,,,,,,,,,,,,,,,,,,,,,,,,,,,,,,,,,,,,,,,,,,,,,,,,,,,,,,,,,,,,,,,,134006.0,384387.0,614622.0,835656.0,1003339.0,1043368.0,1074545.0,1095391.0,1115071.0,1160195.0,1189243.0,1214155.0,1239953.0,1264911.0,1288175.0,1326781.0,1355702.0,1385292.0,1414705.0,1444114.0,1504987.0,1551879.0,1590786.0,1628154.0,1656046.0,1675608.0,1696331.0,1720296.0,1751132.0,1784658.0,1811715.0,1831357.0,1861051.0,1890188.0,1909052.0,,,,,,,,,2006405.0,2014472.0,2023975.0,2033235.0,2041266.0,2048813.0,2054462.0,2062741.0,2075394.0,2087386.0,2099783.0,2111919.0,2119848.0,2128235.0,2136555.0,2143852.0,2154403.0,2162850.0,2170399.0,2180765.0,2192263.0,2203879.0,2215914.0,2228650.0,2238313.0,2248088.0,2260014.0,2273495.0,2285585.0,2295002.0,2305797.0,2316784.0,2327076.0,2335523.0,2345084.0,2354090.0,2362880.0,2372339.0,2381986.0,2390279.0,2397378.0,2405054.0,2412315.0,2420752.0,2431674.0,2438980.0,2447719.0,2457185.0,2467513
qq5O33MMSGA,,,,,,,,,,,,,,,,,,,,,,,,,,,,,,,,,,,,,,,,,,,,,,,,,,,,,,,,,,,,,,,,,,,,,,,,,,,,,,,,,,,,,,,,,,,,,,,,,,,,757.0,1551.0,2066.0,2500.0,4162.0,5688.0,8505.0,11015.0,12881.0,14134.0,15559.0,16823.0,17956.0,19063.0,20063.0,20880.0,21307.0,21708.0,22169.0,22536.0,22837.0,23071.0,23364.0,23563.0,23817.0,24061.0,24288.0,24501.0,24760.0,24931.0,25094.0,25284.0,25477.0,25658.0,25873.0,,,,,,,,,27578.0,27760.0,27971.0,28196.0,28455.0,28710.0,28946.0,29131.0,29385.0,29632.0,29966.0,30348.0,30673.0,30983.0,31271.0,31482.0,31868.0,32230.0,32589.0,32803.0,32988.0,33127.0,33265.0,33461.0,33650.0,33844.0,33989.0,34157.0,34310.0,34441.0,34595.0,34743.0,34895.0,35026.0,35176.0,35268.0,35374.0,35518.0,35635.0,35757.0,35859.0,35998.0,36114.0,36210.0,36346.0,36495.0,36632.0,36776.0,36899
bq3g98kB590,,,,,,,,,,,,,,,,,,,,,,,,,,,,,,,,,,,,,,,,,,,,,,,,,,,,,,,,,,,,,,,,,,,,,,,,,,,,,,,,,,,,,,,,,,,,,,,,,,,,2353.0,3768.0,5371.0,7743.0,9108.0,10692.0,12714.0,13602.0,14067.0,14551.0,15166.0,15589.0,16021.0,16251.0,16540.0,16726.0,16899.0,17065.0,17231.0,17416.0,17537.0,17651.0,17800.0,17877.0,17994.0,18070.0,18131.0,18218.0,18296.0,18363.0,18433.0,18518.0,18623.0,18719.0,18818.0,,,,,,,,,19603.0,19682.0,19759.0,19850.0,19904.0,19993.0,20094.0,20197.0,20286.0,20378.0,20532.0,20651.0,20796.0,20877.0,21020.0,21136.0,21223.0,21320.0,21432.0,21504.0,21577.0,21635.0,21673.0,21721.0,21782.0,21853.0,21916.0,21961.0,21988.0,22032.0,22086.0,22132.0,22198.0,22246.0,22289.0,22333.0,22386.0,22432.0,22492.0,22541.0,22586.0,22628.0,22656.0,22691.0,22734.0,22788.0,22832.0,22867.0,22910
kp4cHYlRF-A,,,,,,,,,,,,,,,,,,,,,,,,,,,,,,,,,,,,,,,,,,,,,,,,,,,,,,,,,,,,,,,,,,,,,,,,,,,,,,,,,,,,,,,,,,,,,,,,,,,,10414.0,15874.0,21454.0,27073.0,32426.0,36651.0,41009.0,44297.0,46839.0,48844.0,50847.0,52874.0,55027.0,57719.0,60234.0,62337.0,63983.0,65627.0,67166.0,68540.0,69825.0,71029.0,72262.0,73398.0,74434.0,75446.0,76324.0,77284.0,78374.0,79479.0,80508.0,81535.0,82790.0,84139.0,85204.0,,,,,,,,,93835.0,94669.0,95462.0,96305.0,97078.0,97892.0,98707.0,99443.0,100317.0,101096.0,101843.0,102637.0,103379.0,104085.0,104666.0,105193.0,106281.0,107383.0,108326.0,109064.0,109804.0,110532.0,111095.0,111749.0,112361.0,112921.0,113485.0,114051.0,114560.0,115079.0,115689.0,116231.0,116800.0,117291.0,117766.0,118268.0,118718.0,119205.0,119679.0,120231.0,120720.0,121202.0,121647.0,122153.0,122650.0,123164.0,123661.0,124090.0,124580
Jv0vAA6rs6o,,,,,,,,,,,,,,,,,,,,,,,,,,,,,,,,,,,,,,,,,,,,,,,,,,,,,,,,,,,,,,,,,,,,,,,,,,,,,,,,,,,,,,,,,,,,,,,,,,,,3115.0,6273.0,7820.0,8945.0,10255.0,12294.0,14160.0,15909.0,17151.0,18418.0,19840.0,21110.0,22521.0,23954.0,25064.0,25948.0,26738.0,27613.0,28557.0,29481.0,30377.0,31079.0,31753.0,32403.0,33004.0,33594.0,34155.0,34763.0,35444.0,36057.0,36598.0,37286.0,37823.0,38418.0,38931.0,,,,,,,,,43038.0,43357.0,43770.0,44203.0,44728.0,45123.0,45552.0,45935.0,46308.0,46656.0,46994.0,47451.0,47901.0,48278.0,48631.0,49003.0,49480.0,49876.0,50297.0,50739.0,51082.0,51475.0,51862.0,52320.0,52636.0,53058.0,53453.0,53735.0,54062.0,54337.0,54693.0,55002.0,55330.0,55739.0,56097.0,56386.0,56656.0,57042.0,57423.0,57819.0,58202.0,58614.0,58995.0,59369.0,59795.0,60142.0,60521.0,60875.0,61190
nt6wyPTEsNk,,,,,,,,,,,,,,,,,,,,,,,,,,,,,,,,,,,,,,,,,,,,,,,,,,,,,,,,,,,,,,,,,,,,,,,,,,,,,,,,,,,,,,,,,,,,,,,,,,,,,44043.0,90006.0,136475.0,169136.0,190634.0,210064.0,228847.0,244123.0,254587.0,265751.0,276535.0,287800.0,297056.0,305593.0,313720.0,320493.0,328153.0,335907.0,343164.0,349939.0,355952.0,360896.0,364868.0,369077.0,373600.0,377940.0,381948.0,386155.0,390117.0,393648.0,397806.0,402058.0,406100.0,410227.0,,,,,,,,,443229.0,446425.0,450303.0,453817.0,457556.0,461242.0,464667.0,467735.0,470827.0,474054.0,477750.0,481796.0,485752.0,489662.0,492580.0,495789.0,499047.0,502334.0,505877.0,509017.0,511790.0,514220.0,516490.0,518947.0,521653.0,524374.0,526975.0,529508.0,531889.0,534160.0,536936.0,539815.0,542819.0,545692.0,548431.0,551135.0,553498.0,556270.0,559244.0,562316.0,565424.0,568502.0,571165.0,573360.0,575881.0,578610.0,581152.0,583638.0,586107
fTenzhSsYZU,,,,,,,,,,,,,,,,,,,,,,,,,,,,,,,,,,,,,,,,,,,,,,,,,,,,,,,,,,,,,,,,,,,,,,,,,,,,,,,,,,,,,,,,,,,,,,,,,,,,,69259.0,175578.0,322125.0,486557.0,610812.0,758063.0,911668.0,1033169.0,1124300.0,1226284.0,1330480.0,1432072.0,1525129.0,1615320.0,1710510.0,1786790.0,1874793.0,1960930.0,2045885.0,2141532.0,2223510.0,2294440.0,2358227.0,2413816.0,2469300.0,2530060.0,2586165.0,2648483.0,2703330.0,2754303.0,2812342.0,2868423.0,2925197.0,2980348.0,,,,,,,,,3439199.0,3487703.0,3542819.0,3591758.0,3642554.0,3692867.0,3772469.0,3834074.0,3889617.0,3952802.0,4013898.0,4074010.0,4125260.0,4178588.0,4227696.0,4272001.0,4322490.0,4372437.0,4417932.0,4457181.0,4495030.0,4530857.0,4564145.0,4599277.0,4647126.0,4686248.0,4720878.0,4757494.0,4790375.0,4819419.0,4852837.0,4885420.0,4917679.0,4947397.0,4979620.0,5009765.0,5037563.0,5069908.0,5102321.0,5132397.0,5163912.0,5196522.0,5225296.0,5250630.0,5279290.0,5308747.0,5337466.0,5366054.0,5397330
gl75wh6xLSA,,,,,,,,,,,,,,,,,,,,,,,,,,,,,,,,,,,,,,,,,,,,,,,,,,,,,,,,,,,,,,,,,,,,,,,,,,,,,,,,,,,,,,,,,,,,,,,,,,,,,8810827.0,21675170.0,24359005.0,26280414.0,28243742.0,30318013.0,30833578.0,31168116.0,31390394.0,31576943.0,31744978.0,31903619.0,32055569.0,32198535.0,32326934.0,32433076.0,32533753.0,32633641.0,32729607.0,32828443.0,32924204.0,33016548.0,33096540.0,33176201.0,33253987.0,33325699.0,33398980.0,33479397.0,33630304.0,33749389.0,33865817.0,33961240.0,34047725.0,34118958.0,,,,,,,,,34668145.0,34712011.0,34753080.0,34792548.0,34829349.0,34867050.0,34901453.0,34935259.0,34970926.0,35005585.0,35040698.0,35074650.0,35109988.0,35146105.0,35180260.0,35211193.0,35242106.0,35271625.0,35301225.0,35330976.0,35360103.0,35389160.0,35415997.0,35443574.0,35471677.0,35498272.0,35525098.0,35552309.0,35578370.0,35601603.0,35625770.0,35650836.0,35675926.0,35700123.0,35723950.0,35747420.0,35768840.0,35789736.0,35810719.0,35831859.0,35852898.0,35872216.0,35891726.0,35909885.0,35929361.0,35947897.0,35966568.0,35986637.0,36007922
hrtYrPSI8Pw,,,,,,,,,,,,,,,,,,,,,,,,,,,,,,,,,,,,,,,,,,,,,,,,,,,,,,,,,,,,,,,,,,,,,,,,,,,,,,,,,,,,,,,,,,,,,,,,,,,,,204445.0,1351128.0,1613682.0,1973864.0,2369216.0,2417686.0,2463254.0,2501020.0,2528917.0,2565049.0,2729607.0,4916804.0,7056969.0,8961420.0,10569588.0,10607081.0,10535710.0,10533184.0,10545377.0,10556216.0,10567163.0,10577221.0,10585976.0,10594531.0,10602808.0,10610688.0,10618170.0,10625454.0,10633515.0,10640051.0,10646216.0,10652391.0,10658278.0,10663734.0,,,,,,,,,10705634.0,10710278.0,10715009.0,10719323.0,10723550.0,10727587.0,10731684.0,10735485.0,10739087.0,10742665.0,10746479.0,10750207.0,10754316.0,10758215.0,10761855.0,10765227.0,10768644.0,10772285.0,10775791.0,10779220.0,10782580.0,10785726.0,10788762.0,10791770.0,10795030.0,10798321.0,10801434.0,10804551.0,10807293.0,10810073.0,10813141.0,10816253.0,10819270.0,10821921.0,10824598.0,10827216.0,10829808.0,10832557.0,10835376.0,10838173.0,10840901.0,10843395.0,10845991.0,10848411.0,10850966.0,10853564.0,10856201.0,10859264.0,10862217
QXa7bBG5oas,,,,,,,,,,,,,,,,,,,,,,,,,,,,,,,,,,,,,,,,,,,,,,,,,,,,,,,,,,,,,,,,,,,,,,,,,,,,,,,,,,,,,,,,,,,,,,,,,,,,,31069.0,31092.0,31108.0,31116.0,31129.0,31136.0,31146.0,31165.0,31176.0,31183.0,31187.0,31195.0,31197.0,31214.0,31217.0,31224.0,31229.0,31238.0,31244.0,31251.0,31257.0,31279.0,31287.0,31295.0,31305.0,31312.0,31315.0,31328.0,31335.0,31347.0,31353.0,31360.0,31364.0,31370.0,,,,,,,,,31421.0,31425.0,31430.0,31438.0,31443.0,31450.0,31462.0,31484.0,31491.0,31506.0,31515.0,31521.0,31531.0,31536.0,31544.0,31549.0,31554.0,31557.0,31560.0,31565.0,31572.0,31579.0,31588.0,31590.0,31595.0,31598.0,31602.0,31607.0,31612.0,31614.0,31622.0,31629.0,31631.0,31636.0,31641.0,31648.0,31648.0,31655.0,31661.0,31666.0,31673.0,31681.0,31685.0,31690.0,31695.0,31702.0,31704.0,31713.0,31724
jE9Y905_lco,,,,,,,,,,,,,,,,,,,,,,,,,,,,,,,,,,,,,,,,,,,,,,,,,,,,,,,,,,,,,,,,,,,,,,,,,,,,,,,,,,,,,,,,,,,,,,,,,,,,,1861.0,3486.0,5779.0,8501.0,11275.0,22746.0,38132.0,47532.0,53147.0,59785.0,67735.0,76666.0,84314.0,91805.0,97432.0,101805.0,107966.0,113456.0,118375.0,122707.0,126395.0,129667.0,132552.0,135501.0,138721.0,141894.0,144919.0,148567.0,151475.0,154323.0,157565.0,160415.0,163304.0,165997.0,,,,,,,,,186934.0,188870.0,191149.0,193632.0,196260.0,198665.0,201319.0,203607.0,205592.0,207716.0,209809.0,211831.0,213817.0,215710.0,217400.0,218939.0,220851.0,222632.0,224440.0,226068.0,227632.0,229070.0,230351.0,231932.0,233438.0,234872.0,236558.0,238901.0,240783.0,242248.0,243686.0,245065.0,246396.0,247472.0,248672.0,249922.0,250838.0,251906.0,253083.0,254279.0,255517.0,256620.0,257674.0,258474.0,259665.0,260666.0,261585.0,262502.0,263504
QVcHv6a9ScA,,,,,,,,,,,,,,,,,,,,,,,,,,,,,,,,,,,,,,,,,,,,,,,,,,,,,,,,,,,,,,,,,,,,,,,,,,,,,,,,,,,,,,,,,,,,,,,,,,,,,,55817.0,65403.0,74089.0,82212.0,87081.0,90998.0,94633.0,97745.0,100062.0,101878.0,103327.0,104608.0,106164.0,107893.0,109739.0,111008.0,112072.0,113142.0,113962.0,115002.0,115925.0,116821.0,117514.0,118217.0,118805.0,119414.0,119972.0,120452.0,120951.0,121410.0,121881.0,122290.0,122609.0,,,,,,,,,126383.0,126753.0,127142.0,127522.0,128065.0,128519.0,129114.0,129796.0,130389.0,131132.0,131773.0,132343.0,132960.0,133627.0,134391.0,135142.0,135817.0,136739.0,137422.0,137824.0,138212.0,138578.0,138913.0,139214.0,139479.0,139831.0,140145.0,140477.0,140783.0,141136.0,141414.0,141705.0,141963.0,142185.0,142423.0,142646.0,142961.0,143200.0,143404.0,143593.0,143822.0,144094.0,144350.0,144597.0,144846.0,145047.0,145267.0,145459.0,145639
fufwBSTrIV4,,,,,,,,,,,,,,,,,,,,,,,,,,,,,,,,,,,,,,,,,,,,,,,,,,,,,,,,,,,,,,,,,,,,,,,,,,,,,,,,,,,,,,,,,,,,,,,,,,,,,,603.0,630.0,635.0,639.0,642.0,645.0,653.0,657.0,663.0,668.0,674.0,676.0,681.0,688.0,692.0,693.0,693.0,698.0,699.0,699.0,704.0,707.0,707.0,706.0,710.0,716.0,716.0,721.0,722.0,724.0,726.0,728.0,737.0,,,,,,,,,760.0,759.0,761.0,763.0,767.0,768.0,768.0,768.0,771.0,774.0,776.0,781.0,783.0,787.0,793.0,794.0,796.0,798.0,801.0,803.0,806.0,807.0,813.0,813.0,813.0,814.0,815.0,817.0,819.0,822.0,823.0,825.0,826.0,829.0,831.0,832.0,835.0,837.0,838.0,838.0,838.0,838.0,840.0,840.0,841.0,843.0,846.0,847.0,852
Wrm0bu3KKsg,,,,,,,,,,,,,,,,,,,,,,,,,,,,,,,,,,,,,,,,,,,,,,,,,,,,,,,,,,,,,,,,,,,,,,,,,,,,,,,,,,,,,,,,,,,,,,,,,,,,,,,614.0,1325.0,1496.0,1595.0,1658.0,1702.0,1714.0,1716.0,1723.0,1727.0,1728.0,1729.0,1734.0,1744.0,1747.0,1748.0,1751.0,1754.0,1756.0,1762.0,1764.0,1766.0,1770.0,1775.0,1775.0,1776.0,1777.0,1777.0,1779.0,1780.0,1780.0,1780.0,,,,,,,,,1794.0,1798.0,1800.0,1802.0,1802.0,1805.0,1825.0,1828.0,1842.0,1862.0,1881.0,1901.0,1923.0,1929.0,1931.0,1934.0,1936.0,1936.0,1936.0,1940.0,1941.0,1941.0,1941.0,1943.0,1944.0,1945.0,1945.0,1947.0,1948.0,1949.0,1952.0,1952.0,1952.0,1953.0,1954.0,1956.0,1956.0,1961.0,1962.0,1963.0,1964.0,1963.0,1964.0,1964.0,1965.0,1965.0,1965.0,1965.0,1965
6E7z2Yzt6xU,,,,,,,,,,,,,,,,,,,,,,,,,,,,,,,,,,,,,,,,,,,,,,,,,,,,,,,,,,,,,,,,,,,,,,,,,,,,,,,,,,,,,,,,,,,,,,,,,,,,,,,362589.0,363892.0,396053.0,397883.0,397954.0,398007.0,398068.0,398135.0,398196.0,398226.0,398260.0,398300.0,398330.0,398350.0,398368.0,398384.0,398405.0,398418.0,398430.0,398445.0,398459.0,398474.0,398481.0,398484.0,398489.0,398507.0,398515.0,398521.0,398531.0,398536.0,398543.0,398545.0,,,,,,,,,398601.0,398611.0,398621.0,398622.0,398629.0,398635.0,398643.0,398649.0,398650.0,398657.0,398663.0,398675.0,398680.0,398682.0,398685.0,398692.0,398696.0,398701.0,398706.0,398710.0,398715.0,398719.0,398727.0,398735.0,398740.0,398756.0,398766.0,398773.0,398785.0,398798.0,398810.0,398817.0,398824.0,398827.0,398828.0,398837.0,398842.0,398847.0,398850.0,398853.0,398855.0,398859.0,398859.0,398861.0,398863.0,398867.0,398870.0,398877.0,398880
oSAKMvWmAmc,,,,,,,,,,,,,,,,,,,,,,,,,,,,,,,,,,,,,,,,,,,,,,,,,,,,,,,,,,,,,,,,,,,,,,,,,,,,,,,,,,,,,,,,,,,,,,,,,,,,,,,14775.0,21006.0,34659.0,40299.0,44446.0,45527.0,47514.0,49178.0,49547.0,49893.0,51200.0,51628.0,52099.0,52557.0,52884.0,53286.0,53629.0,53878.0,54090.0,54345.0,54604.0,54789.0,55060.0,55336.0,55591.0,55926.0,56193.0,56457.0,56722.0,56939.0,57205.0,57408.0,,,,,,,,,59327.0,59476.0,59633.0,59766.0,59909.0,60094.0,60218.0,60365.0,60474.0,60626.0,60721.0,60831.0,60940.0,61141.0,61233.0,61320.0,61473.0,61591.0,61695.0,61896.0,62038.0,62155.0,62256.0,62417.0,62566.0,62720.0,62840.0,62940.0,63043.0,63144.0,63323.0,63443.0,63527.0,63668.0,63802.0,63909.0,64029.0,64132.0,64271.0,64391.0,64526.0,64643.0,64720.0,64778.0,64895.0,65010.0,65081.0,65164.0,65252
wOPdayS5ZnI,,,,,,,,,,,,,,,,,,,,,,,,,,,,,,,,,,,,,,,,,,,,,,,,,,,,,,,,,,,,,,,,,,,,,,,,,,,,,,,,,,,,,,,,,,,,,,,,,,,,,,,174.0,240.0,287.0,346.0,379.0,411.0,440.0,476.0,491.0,519.0,534.0,554.0,564.0,596.0,636.0,676.0,697.0,719.0,735.0,753.0,763.0,777.0,781.0,789.0,809.0,824.0,842.0,853.0,864.0,874.0,891.0,900.0,,,,,,,,,1003.0,1020.0,1029.0,1038.0,1050.0,1067.0,1090.0,1101.0,1121.0,1137.0,1146.0,1175.0,1199.0,1220.0,1238.0,1247.0,1251.0,1252.0,1262.0,1270.0,1282.0,1292.0,1301.0,1303.0,1314.0,1321.0,1334.0,1349.0,1366.0,1381.0,1398.0,1408.0,1425.0,1434.0,1448.0,1469.0,1491.0,1509.0,1531.0,1552.0,1568.0,1572.0,1580.0,1590.0,1612.0,1632.0,1645.0,1663.0,1698
MSMEo0IpucU,,,,,,,,,,,,,,,,,,,,,,,,,,,,,,,,,,,,,,,,,,,,,,,,,,,,,,,,,,,,,,,,,,,,,,,,,,,,,,,,,,,,,,,,,,,,,,,,,,,,,,,80561.0,81588.0,82604.0,83470.0,84299.0,85190.0,86049.0,87514.0,88881.0,90016.0,91113.0,92148.0,93130.0,94169.0,95093.0,96078.0,97070.0,98003.0,98824.0,99545.0,100216.0,100856.0,101545.0,102185.0,102811.0,103569.0,104189.0,104765.0,105402.0,106010.0,106562.0,107118.0,,,,,,,,,112593.0,113102.0,113852.0,114920.0,115777.0,116579.0,117171.0,117830.0,118458.0,118998.0,119492.0,119959.0,120418.0,120810.0,121203.0,121574.0,121965.0,122348.0,122791.0,123173.0,123551.0,123903.0,124212.0,124535.0,124822.0,125145.0,125499.0,125902.0,126204.0,126585.0,126974.0,127251.0,127622.0,127995.0,128287.0,128566.0,128836.0,129194.0,129541.0,129892.0,130208.0,130585.0,130910.0,131220.0,131538.0,131836.0,132144.0,132432.0,132742
Cprap8t3y-k,,,,,,,,,,,,,,,,,,,,,,,,,,,,,,,,,,,,,,,,,,,,,,,,,,,,,,,,,,,,,,,,,,,,,,,,,,,,,,,,,,,,,,,,,,,,,,,,,,,,,,,7020.0,7024.0,7026.0,7031.0,7032.0,7033.0,7037.0,7041.0,7044.0,7047.0,7051.0,7059.0,7063.0,7066.0,7072.0,7073.0,7074.0,7074.0,7074.0,7075.0,7080.0,7082.0,7084.0,7087.0,7087.0,7089.0,7092.0,7093.0,7095.0,7096.0,7098.0,7100.0,,,,,,,,,7117.0,7119.0,7120.0,7122.0,7126.0,7126.0,7127.0,7128.0,7130.0,7133.0,7133.0,7134.0,7136.0,7138.0,7141.0,7146.0,7146.0,7147.0,7148.0,7152.0,7152.0,7155.0,7156.0,7159.0,7162.0,7163.0,7165.0,7168.0,7168.0,7169.0,7170.0,7173.0,7174.0,7178.0,7178.0,7180.0,7181.0,7181.0,7182.0,7184.0,7184.0,7182.0,7185.0,7186.0,7186.0,7187.0,7187.0,7187.0,7189
RvZEOq5MGzY,,,,,,,,,,,,,,,,,,,,,,,,,,,,,,,,,,,,,,,,,,,,,,,,,,,,,,,,,,,,,,,,,,,,,,,,,,,,,,,,,,,,,,,,,,,,,,,,,,,,,,,14117.0,20428.0,22852.0,24469.0,25735.0,26794.0,27758.0,28711.0,29567.0,30353.0,31167.0,31819.0,32415.0,32949.0,33463.0,33838.0,34256.0,34561.0,34892.0,35267.0,35534.0,35792.0,36031.0,36292.0,36510.0,36744.0,36998.0,37191.0,37446.0,37657.0,37940.0,38147.0,,,,,,,,,40184.0,40348.0,40507.0,40707.0,40968.0,41149.0,41321.0,41512.0,41673.0,41832.0,41991.0,42141.0,42330.0,42449.0,42574.0,42680.0,42787.0,42934.0,43088.0,43243.0,43361.0,43525.0,43682.0,43875.0,44010.0,44148.0,44278.0,44410.0,44560.0,44770.0,44897.0,45061.0,45191.0,45356.0,45534.0,45664.0,45773.0,45913.0,46083.0,46224.0,46339.0,46472.0,46573.0,46722.0,46833.0,46927.0,47045.0,47168.0,47274
3AwhWIypKxg,,,,,,,,,,,,,,,,,,,,,,,,,,,,,,,,,,,,,,,,,,,,,,,,,,,,,,,,,,,,,,,,,,,,,,,,,,,,,,,,,,,,,,,,,,,,,,,,,,,,,,,,98888.0,215705.0,271253.0,309713.0,329726.0,353298.0,370856.0,386059.0,397392.0,407267.0,415688.0,423301.0,430389.0,437009.0,444103.0,450164.0,455614.0,460795.0,465024.0,468748.0,472615.0,476794.0,480703.0,484716.0,488841.0,492899.0,496730.0,500695.0,504372.0,507939.0,511248.0,,,,,,,,,536733.0,539552.0,542041.0,544493.0,546935.0,549380.0,551623.0,554036.0,556416.0,558898.0,561393.0,563632.0,565982.0,569093.0,572419.0,575465.0,578803.0,581805.0,584347.0,586455.0,588296.0,589896.0,591402.0,593340.0,595277.0,597184.0,598814.0,600937.0,603872.0,606816.0,609818.0,612534.0,615025.0,617330.0,619573.0,621694.0,623646.0,625775.0,628056.0,630268.0,632383.0,634369.0,636290.0,638049.0,639987.0,641937.0,643951.0,645868.0,647838
UkPicHjyaG8,,,,,,,,,,,,,,,,,,,,,,,,,,,,,,,,,,,,,,,,,,,,,,,,,,,,,,,,,,,,,,,,,,,,,,,,,,,,,,,,,,,,,,,,,,,,,,,,,,,,,,,,130176.0,130950.0,131610.0,132233.0,132910.0,133593.0,134226.0,134786.0,135479.0,136262.0,136931.0,137484.0,138095.0,138705.0,139389.0,140088.0,140752.0,141372.0,141969.0,142497.0,143056.0,143637.0,144149.0,144667.0,145060.0,145554.0,145959.0,146349.0,146785.0,147225.0,147650.0,,,,,,,,,151092.0,151445.0,151895.0,152280.0,152669.0,153038.0,153404.0,153761.0,154091.0,154458.0,154853.0,155235.0,155685.0,156114.0,156562.0,156937.0,157355.0,157764.0,158224.0,158585.0,159003.0,159314.0,159710.0,160140.0,160515.0,160876.0,161157.0,161530.0,161917.0,162211.0,162503.0,162857.0,163125.0,163423.0,163723.0,163988.0,164308.0,164657.0,165013.0,165347.0,165693.0,166040.0,166300.0,166557.0,166879.0,167190.0,167514.0,167803.0,168160
hScWlrcfyqs,,,,,,,,,,,,,,,,,,,,,,,,,,,,,,,,,,,,,,,,,,,,,,,,,,,,,,,,,,,,,,,,,,,,,,,,,,,,,,,,,,,,,,,,,,,,,,,,,,,,,,,,44228.0,85279.0,112424.0,124927.0,135710.0,146401.0,155818.0,168357.0,181191.0,189680.0,195176.0,198764.0,202061.0,206288.0,211430.0,215823.0,220666.0,225138.0,229127.0,232310.0,235767.0,238902.0,242238.0,246854.0,252733.0,264774.0,271236.0,275942.0,280764.0,284881.0,289042.0,,,,,,,,,314475.0,315799.0,317389.0,318999.0,320658.0,322144.0,324584.0,326411.0,327670.0,328972.0,330287.0,331871.0,333263.0,335111.0,336478.0,337812.0,339356.0,341173.0,343005.0,344659.0,346199.0,347318.0,348582.0,349968.0,352209.0,353932.0,355310.0,356772.0,357926.0,359019.0,360325.0,361560.0,362867.0,364199.0,365381.0,366621.0,367753.0,369047.0,370393.0,371639.0,373110.0,374524.0,375749.0,376848.0,378057.0,379498.0,380943.0,382292.0,383612
FmA3DHG2Amo,,,,,,,,,,,,,,,,,,,,,,,,,,,,,,,,,,,,,,,,,,,,,,,,,,,,,,,,,,,,,,,,,,,,,,,,,,,,,,,,,,,,,,,,,,,,,,,,,,,,,,,,378.0,478.0,496.0,517.0,548.0,562.0,579.0,587.0,596.0,612.0,628.0,637.0,645.0,658.0,668.0,679.0,688.0,690.0,692.0,694.0,699.0,702.0,706.0,706.0,716.0,727.0,729.0,730.0,735.0,739.0,743.0,,,,,,,,,774.0,779.0,786.0,792.0,797.0,800.0,800.0,803.0,806.0,807.0,808.0,808.0,808.0,811.0,812.0,814.0,815.0,817.0,820.0,822.0,822.0,824.0,825.0,827.0,827.0,829.0,830.0,831.0,832.0,832.0,833.0,833.0,835.0,835.0,835.0,837.0,839.0,841.0,842.0,843.0,845.0,843.0,846.0,850.0,852.0,853.0,853.0,855.0,857
pIX6IY0vaPs,,,,,,,,,,,,,,,,,,,,,,,,,,,,,,,,,,,,,,,,,,,,,,,,,,,,,,,,,,,,,,,,,,,,,,,,,,,,,,,,,,,,,,,,,,,,,,,,,,,,,,,,1688.0,1699.0,1700.0,1706.0,1713.0,1717.0,1720.0,1722.0,1728.0,1731.0,1732.0,1733.0,1736.0,1737.0,1739.0,1741.0,1744.0,1746.0,1749.0,1751.0,1752.0,1755.0,1756.0,1758.0,1761.0,1763.0,1764.0,1767.0,1768.0,1771.0,1772.0,,,,,,,,,1793.0,1795.0,1797.0,1801.0,1802.0,1803.0,1806.0,1808.0,1810.0,1811.0,1812.0,1814.0,1816.0,1817.0,1822.0,1824.0,1828.0,1830.0,1831.0,1832.0,1833.0,1834.0,1835.0,1836.0,1839.0,1841.0,1842.0,1845.0,1846.0,1847.0,1848.0,1850.0,1852.0,1855.0,1862.0,1863.0,1869.0,1872.0,1874.0,1875.0,1876.0,1879.0,1883.0,1885.0,1887.0,1888.0,1889.0,1890.0,1891
T21i2n90SKM,,,,,,,,,,,,,,,,,,,,,,,,,,,,,,,,,,,,,,,,,,,,,,,,,,,,,,,,,,,,,,,,,,,,,,,,,,,,,,,,,,,,,,,,,,,,,,,,,,,,,,,,444.0,490.0,510.0,518.0,526.0,533.0,540.0,550.0,557.0,564.0,569.0,571.0,574.0,584.0,588.0,596.0,600.0,603.0,605.0,611.0,614.0,617.0,620.0,623.0,626.0,631.0,637.0,641.0,643.0,644.0,649.0,,,,,,,,,676.0,679.0,681.0,688.0,689.0,691.0,694.0,696.0,701.0,703.0,705.0,709.0,718.0,720.0,723.0,725.0,727.0,730.0,732.0,733.0,735.0,737.0,740.0,743.0,744.0,748.0,752.0,756.0,759.0,763.0,764.0,768.0,771.0,774.0,779.0,784.0,790.0,793.0,797.0,802.0,806.0,813.0,815.0,819.0,821.0,823.0,826.0,827.0,828
y1oAjQYF7uc,,,,,,,,,,,,,,,,,,,,,,,,,,,,,,,,,,,,,,,,,,,,,,,,,,,,,,,,,,,,,,,,,,,,,,,,,,,,,,,,,,,,,,,,,,,,,,,,,,,,,,,,,1809.0,2207.0,2603.0,3330.0,4159.0,5038.0,5619.0,5983.0,6362.0,6631.0,6928.0,7246.0,7520.0,7823.0,8073.0,8285.0,8453.0,8606.0,8785.0,8903.0,8995.0,9077.0,9180.0,9323.0,9443.0,9525.0,9603.0,9687.0,9759.0,9829.0,,,,,,,,,10608.0,10753.0,10878.0,11035.0,11194.0,11357.0,11528.0,11688.0,11878.0,11966.0,12074.0,12173.0,12299.0,12381.0,12465.0,12591.0,12684.0,12791.0,12910.0,13002.0,13078.0,13129.0,13190.0,13247.0,13285.0,13334.0,13412.0,13468.0,13502.0,13538.0,13571.0,13629.0,13679.0,13705.0,13736.0,13779.0,13806.0,13840.0,13874.0,13919.0,13959.0,14001.0,14043.0,14070.0,14100.0,14128.0,14162.0,14194.0,14227
1XLx79W8FzA,,,,,,,,,,,,,,,,,,,,,,,,,,,,,,,,,,,,,,,,,,,,,,,,,,,,,,,,,,,,,,,,,,,,,,,,,,,,,,,,,,,,,,,,,,,,,,,,,,,,,,,,,39760.0,115545.0,193388.0,272368.0,355178.0,433315.0,529572.0,570898.0,577213.0,582653.0,587754.0,591139.0,593595.0,596002.0,598351.0,600298.0,602143.0,603803.0,605180.0,606539.0,607933.0,609307.0,610702.0,612138.0,613698.0,615017.0,616228.0,617472.0,618739.0,619940.0,,,,,,,,,630378.0,631505.0,632623.0,633784.0,635060.0,636252.0,637575.0,638917.0,640189.0,641168.0,642208.0,643311.0,644411.0,645602.0,646709.0,647750.0,648638.0,649454.0,650345.0,651134.0,652027.0,652849.0,653587.0,654293.0,655041.0,655802.0,656502.0,657357.0,658072.0,658797.0,659352.0,660037.0,660795.0,661384.0,662034.0,662641.0,663142.0,663684.0,664295.0,664808.0,665510.0,666104.0,666717.0,667301.0,667907.0,668524.0,669155.0,669756.0,670410
1FZaHbaW4QY,,,,,,,,,,,,,,,,,,,,,,,,,,,,,,,,,,,,,,,,,,,,,,,,,,,,,,,,,,,,,,,,,,,,,,,,,,,,,,,,,,,,,,,,,,,,,,,,,,,,,,,,,50221.0,50257.0,50310.0,50356.0,50389.0,50424.0,50466.0,50510.0,50545.0,50601.0,50648.0,50680.0,50721.0,50756.0,50794.0,50819.0,50856.0,50888.0,50913.0,50937.0,50962.0,50998.0,51032.0,51068.0,51111.0,51157.0,51198.0,51231.0,51268.0,51306.0,,,,,,,,,51705.0,51742.0,51786.0,51822.0,51859.0,51898.0,52046.0,52072.0,52113.0,52162.0,52204.0,52240.0,52266.0,52333.0,52398.0,52472.0,52516.0,52573.0,52612.0,52646.0,52686.0,52725.0,52763.0,52798.0,52836.0,52872.0,52923.0,52960.0,52998.0,53036.0,53080.0,53119.0,53153.0,53197.0,53245.0,53282.0,53315.0,53347.0,53394.0,53458.0,53492.0,53553.0,53590.0,53628.0,53674.0,53722.0,53782.0,53826.0,53870
GlW6LUMtSa8,,,,,,,,,,,,,,,,,,,,,,,,,,,,,,,,,,,,,,,,,,,,,,,,,,,,,,,,,,,,,,,,,,,,,,,,,,,,,,,,,,,,,,,,,,,,,,,,,,,,,,,,,9366.0,9414.0,9489.0,9549.0,9595.0,9709.0,9783.0,9843.0,9902.0,9963.0,10014.0,10059.0,10117.0,10169.0,10233.0,10303.0,10404.0,10481.0,10542.0,10589.0,10640.0,10683.0,10730.0,10813.0,10879.0,10931.0,11008.0,11096.0,11167.0,11240.0,,,,,,,,,11819.0,11877.0,11936.0,12004.0,12062.0,12099.0,12151.0,12181.0,12224.0,12258.0,12320.0,12363.0,12410.0,12457.0,12504.0,12540.0,12574.0,12610.0,12655.0,12692.0,12731.0,12801.0,12861.0,12960.0,13013.0,13072.0,13111.0,13177.0,13225.0,13274.0,13308.0,13353.0,13392.0,13441.0,13507.0,13597.0,13637.0,13674.0,13707.0,13737.0,13797.0,13875.0,13920.0,13953.0,13982.0,14014.0,14076.0,14148.0,14221
loXQ8SQ7TvE,,,,,,,,,,,,,,,,,,,,,,,,,,,,,,,,,,,,,,,,,,,,,,,,,,,,,,,,,,,,,,,,,,,,,,,,,,,,,,,,,,,,,,,,,,,,,,,,,,,,,,,,,42511.0,42635.0,42775.0,42881.0,42967.0,43094.0,43155.0,43251.0,43360.0,43428.0,43528.0,43600.0,43692.0,43781.0,43861.0,43945.0,44040.0,44114.0,44180.0,44251.0,44314.0,44370.0,44436.0,44534.0,44605.0,44662.0,44732.0,44790.0,44867.0,44937.0,,,,,,,,,45576.0,45623.0,45688.0,45755.0,45843.0,45919.0,45999.0,46064.0,46115.0,46187.0,46286.0,46359.0,46422.0,46501.0,46556.0,46629.0,46704.0,46768.0,46854.0,46934.0,46982.0,47039.0,47081.0,47147.0,47191.0,47242.0,47311.0,47376.0,47412.0,47468.0,47525.0,47581.0,47666.0,47723.0,47784.0,47825.0,47882.0,47931.0,47993.0,48062.0,48155.0,48221.0,48283.0,48334.0,48398.0,48467.0,48535.0,48607.0,48676
pUOA5L4R-es,,,,,,,,,,,,,,,,,,,,,,,,,,,,,,,,,,,,,,,,,,,,,,,,,,,,,,,,,,,,,,,,,,,,,,,,,,,,,,,,,,,,,,,,,,,,,,,,,,,,,,,,,185351.0,185738.0,186176.0,186523.0,186835.0,187191.0,187591.0,187979.0,188369.0,188748.0,189089.0,189413.0,189821.0,190249.0,190686.0,191104.0,191468.0,191880.0,192224.0,192629.0,192978.0,193354.0,193744.0,194129.0,194507.0,194766.0,195078.0,195398.0,195726.0,196062.0,,,,,,,,,199074.0,199351.0,199650.0,200026.0,200326.0,200634.0,200904.0,201120.0,201411.0,201626.0,201889.0,202144.0,202422.0,202703.0,202977.0,203236.0,203461.0,203745.0,203987.0,204227.0,204524.0,204806.0,205120.0,205446.0,205782.0,206078.0,206474.0,206796.0,207121.0,207429.0,207769.0,208180.0,208507.0,208855.0,209230.0,209613.0,209954.0,210346.0,210764.0,211084.0,211470.0,211873.0,212221.0,212483.0,212852.0,213169.0,213535.0,213858.0,214275
hn4poPzqdeo,,,,,,,,,,,,,,,,,,,,,,,,,,,,,,,,,,,,,,,,,,,,,,,,,,,,,,,,,,,,,,,,,,,,,,,,,,,,,,,,,,,,,,,,,,,,,,,,,,,,,,,,,382201.0,385558.0,388292.0,391143.0,393876.0,396201.0,398514.0,400815.0,402818.0,405003.0,407245.0,409330.0,411154.0,413025.0,414867.0,416739.0,418753.0,420779.0,422819.0,424744.0,426534.0,428179.0,429908.0,431897.0,434237.0,436265.0,438290.0,439965.0,441547.0,443991.0,,,,,,,,,457993.0,458554.0,459068.0,459594.0,460093.0,460553.0,460988.0,461425.0,461851.0,462275.0,462597.0,462912.0,463303.0,463569.0,463881.0,464309.0,464601.0,464931.0,465284.0,465522.0,465830.0,466079.0,466371.0,466604.0,466950.0,467403.0,467823.0,468163.0,468506.0,468888.0,469305.0,469650.0,469937.0,470142.0,470372.0,470766.0,471040.0,471276.0,471459.0,471611.0,471820.0,471955.0,472136.0,472318.0,472453.0,472588.0,472715.0,472860.0,472988
0t7xYnFPl8w,,,,,,,,,,,,,,,,,,,,,,,,,,,,,,,,,,,,,,,,,,,,,,,,,,,,,,,,,,,,,,,,,,,,,,,,,,,,,,,,,,,,,,,,,,,,,,,,,,,,,,,,,5117.0,5468.0,5797.0,6006.0,6248.0,6456.0,6743.0,6963.0,7217.0,7463.0,7722.0,7843.0,8023.0,8205.0,8358.0,8550.0,8734.0,8890.0,9032.0,9147.0,9284.0,9388.0,9528.0,9667.0,9816.0,9968.0,10077.0,10160.0,10296.0,10400.0,,,,,,,,,11426.0,11528.0,11665.0,11822.0,11936.0,12024.0,12136.0,12211.0,12381.0,12499.0,12625.0,12716.0,12821.0,12915.0,13027.0,13127.0,13199.0,13271.0,13336.0,13413.0,13525.0,13596.0,13683.0,13755.0,13816.0,13891.0,13958.0,14033.0,14094.0,14156.0,14214.0,14283.0,14348.0,14415.0,14475.0,14542.0,14609.0,14689.0,14736.0,14771.0,14822.0,14866.0,14922.0,14971.0,15024.0,15081.0,15153.0,15226.0,15283
m25wQkLg1jc,,,,,,,,,,,,,,,,,,,,,,,,,,,,,,,,,,,,,,,,,,,,,,,,,,,,,,,,,,,,,,,,,,,,,,,,,,,,,,,,,,,,,,,,,,,,,,,,,,,,,,,,,,199910.0,366069.0,594228.0,815214.0,1053009.0,1286178.0,1517974.0,1561576.0,1584573.0,1610729.0,1634806.0,1656426.0,1678276.0,1699135.0,1716205.0,1730715.0,1743227.0,1754039.0,1763728.0,1773422.0,1784411.0,1797395.0,1806683.0,1826831.0,1842547.0,1862176.0,1885206.0,1903817.0,1923065.0,,,,,,,,,2078265.0,2097527.0,2117759.0,2135273.0,2154829.0,2172130.0,2177861.0,2182551.0,2187590.0,2191726.0,2195558.0,2199558.0,2203007.0,2206208.0,2209329.0,2212534.0,2215285.0,2218263.0,2221108.0,2223531.0,2225882.0,2228326.0,2230567.0,2232802.0,2235143.0,2237491.0,2239737.0,2242133.0,2244427.0,2246785.0,2249195.0,2252107.0,2254834.0,2257318.0,2259657.0,2262129.0,2264343.0,2266627.0,2268921.0,2271106.0,2273325.0,2275459.0,2277707.0,2279791.0,2281863.0,2283898.0,2286101.0,2288181.0,2290194
BtpQhU16nBM,,,,,,,,,,,,,,,,,,,,,,,,,,,,,,,,,,,,,,,,,,,,,,,,,,,,,,,,,,,,,,,,,,,,,,,,,,,,,,,,,,,,,,,,,,,,,,,,,,,,,,,,,,72525.0,167505.0,184246.0,193025.0,199254.0,205068.0,209668.0,214880.0,217646.0,220141.0,222252.0,224275.0,226105.0,227626.0,229015.0,230630.0,232568.0,234026.0,235132.0,236076.0,237034.0,237960.0,238821.0,239783.0,240632.0,241382.0,242034.0,242573.0,243165.0,,,,,,,,,247882.0,248437.0,248811.0,249196.0,249597.0,250012.0,250392.0,250776.0,251183.0,251474.0,251818.0,252092.0,252406.0,252797.0,253266.0,253703.0,254052.0,254386.0,254805.0,255172.0,255545.0,255882.0,256111.0,256374.0,256668.0,257044.0,257367.0,257657.0,258007.0,258283.0,258527.0,258752.0,258996.0,259200.0,259388.0,259658.0,259847.0,260020.0,260197.0,260416.0,260585.0,260791.0,261228.0,261627.0,261970.0,262253.0,262561.0,262799.0,263035
5t_JPo891kI,,,,,,,,,,,,,,,,,,,,,,,,,,,,,,,,,,,,,,,,,,,,,,,,,,,,,,,,,,,,,,,,,,,,,,,,,,,,,,,,,,,,,,,,,,,,,,,,,,,,,,,,,,8688.0,24020.0,30262.0,33079.0,36149.0,40318.0,48427.0,59419.0,64863.0,67823.0,69484.0,71062.0,72884.0,74820.0,76779.0,78711.0,80498.0,81465.0,82518.0,83378.0,84168.0,84786.0,85610.0,86336.0,87005.0,87646.0,88323.0,89002.0,89641.0,,,,,,,,,95770.0,96263.0,96797.0,97346.0,97961.0,98536.0,99311.0,99943.0,100555.0,101049.0,101523.0,102029.0,102601.0,103065.0,103439.0,103818.0,104221.0,104585.0,104901.0,105426.0,106162.0,106756.0,107264.0,107711.0,108147.0,108568.0,108989.0,109398.0,109741.0,110077.0,110398.0,110757.0,111084.0,111473.0,111819.0,112163.0,112545.0,112914.0,113179.0,113594.0,113927.0,114210.0,114508.0,114786.0,115097.0,115452.0,115845.0,116148.0,116434
3VHfSrY3fH0,,,,,,,,,,,,,,,,,,,,,,,,,,,,,,,,,,,,,,,,,,,,,,,,,,,,,,,,,,,,,,,,,,,,,,,,,,,,,,,,,,,,,,,,,,,,,,,,,,,,,,,,,,4424.0,4499.0,4561.0,4605.0,4642.0,4690.0,4733.0,4765.0,4800.0,4848.0,4890.0,4955.0,5004.0,5049.0,5079.0,5099.0,5122.0,5152.0,5168.0,5190.0,5214.0,5237.0,5259.0,5275.0,5301.0,5319.0,5335.0,5350.0,5364.0,,,,,,,,,5467.0,5481.0,5499.0,5521.0,5528.0,5535.0,5541.0,5544.0,5554.0,5566.0,5573.0,5581.0,5587.0,5602.0,5605.0,5614.0,5618.0,5630.0,5638.0,5645.0,5654.0,5663.0,5669.0,5682.0,5688.0,5695.0,5701.0,5713.0,5723.0,5729.0,5738.0,5745.0,5751.0,5763.0,5773.0,5783.0,5791.0,5798.0,5809.0,5816.0,5821.0,5829.0,5833.0,5841.0,5848.0,5854.0,5858.0,5861.0,5867
kybv1OURTbg,,,,,,,,,,,,,,,,,,,,,,,,,,,,,,,,,,,,,,,,,,,,,,,,,,,,,,,,,,,,,,,,,,,,,,,,,,,,,,,,,,,,,,,,,,,,,,,,,,,,,,,,,,,443.0,822.0,990.0,1194.0,1396.0,1530.0,1655.0,1762.0,1841.0,1895.0,1946.0,1980.0,2010.0,2029.0,2068.0,2094.0,2121.0,2155.0,2180.0,2215.0,2244.0,2279.0,2306.0,2331.0,2348.0,2396.0,2418.0,2429.0,,,,,,,,,2680.0,2712.0,2734.0,2749.0,2765.0,2785.0,2802.0,2817.0,2831.0,2842.0,2852.0,2860.0,2869.0,2884.0,2895.0,2915.0,2921.0,2928.0,2932.0,2937.0,2947.0,2954.0,2967.0,2976.0,2986.0,2993.0,2995.0,3006.0,3013.0,3027.0,3045.0,3049.0,3052.0,3057.0,3068.0,3073.0,3086.0,3091.0,3101.0,3105.0,3109.0,3116.0,3124.0,3132.0,3135.0,3142.0,3145.0,3159.0,3171
E_9LKqSknTY,,,,,,,,,,,,,,,,,,,,,,,,,,,,,,,,,,,,,,,,,,,,,,,,,,,,,,,,,,,,,,,,,,,,,,,,,,,,,,,,,,,,,,,,,,,,,,,,,,,,,,,,,,,11618.0,26157.0,40013.0,51050.0,58975.0,67343.0,76011.0,81214.0,86064.0,89461.0,92425.0,95202.0,97871.0,100191.0,102107.0,103611.0,105022.0,106102.0,107310.0,108317.0,109372.0,110366.0,111366.0,112273.0,113117.0,113924.0,114796.0,115596.0,,,,,,,,,121194.0,121802.0,122315.0,122907.0,123493.0,124041.0,124545.0,125084.0,125744.0,126343.0,126922.0,127625.0,128362.0,129055.0,129752.0,130323.0,131008.0,131794.0,132439.0,133037.0,133489.0,134010.0,134477.0,134875.0,135363.0,135780.0,136203.0,136582.0,137012.0,137385.0,137743.0,138124.0,138549.0,139031.0,139422.0,139852.0,140355.0,140873.0,141349.0,141770.0,142149.0,142638.0,143016.0,143373.0,143670.0,144020.0,144442.0,144835.0,145206
2eTzXx7Hmlg,,,,,,,,,,,,,,,,,,,,,,,,,,,,,,,,,,,,,,,,,,,,,,,,,,,,,,,,,,,,,,,,,,,,,,,,,,,,,,,,,,,,,,,,,,,,,,,,,,,,,,,,,,,702.0,868.0,1311.0,1347.0,1370.0,1405.0,1441.0,1487.0,1531.0,1559.0,1577.0,1589.0,1594.0,1598.0,1610.0,1620.0,1632.0,1639.0,1644.0,1650.0,1653.0,1666.0,1673.0,1676.0,1679.0,1681.0,1683.0,1683.0,,,,,,,,,1704.0,1706.0,1706.0,1710.0,1712.0,1712.0,1714.0,1715.0,1717.0,1717.0,1718.0,1718.0,1718.0,1719.0,1720.0,1720.0,1720.0,1723.0,1723.0,1724.0,1724.0,1725.0,1726.0,1729.0,1729.0,1729.0,1730.0,1730.0,1730.0,1730.0,1731.0,1732.0,1732.0,1734.0,1735.0,1736.0,1737.0,1738.0,1738.0,1739.0,1742.0,1745.0,1745.0,1745.0,1746.0,1747.0,1748.0,1749.0,1749
rs8Si5ki5Xg,,,,,,,,,,,,,,,,,,,,,,,,,,,,,,,,,,,,,,,,,,,,,,,,,,,,,,,,,,,,,,,,,,,,,,,,,,,,,,,,,,,,,,,,,,,,,,,,,,,,,,,,,,,138.0,189.0,209.0,220.0,226.0,232.0,236.0,245.0,246.0,254.0,257.0,264.0,267.0,272.0,275.0,276.0,280.0,280.0,280.0,282.0,285.0,286.0,288.0,292.0,296.0,299.0,301.0,306.0,,,,,,,,,353.0,360.0,367.0,372.0,376.0,380.0,382.0,393.0,395.0,400.0,404.0,414.0,418.0,422.0,424.0,430.0,433.0,434.0,440.0,443.0,447.0,452.0,454.0,454.0,455.0,458.0,460.0,463.0,466.0,469.0,473.0,474.0,477.0,479.0,480.0,482.0,487.0,492.0,496.0,499.0,507.0,510.0,512.0,516.0,524.0,533.0,535.0,536.0,538
hWs2GXsAEZs,,,,,,,,,,,,,,,,,,,,,,,,,,,,,,,,,,,,,,,,,,,,,,,,,,,,,,,,,,,,,,,,,,,,,,,,,,,,,,,,,,,,,,,,,,,,,,,,,,,,,,,,,,,29971.0,29976.0,29978.0,29989.0,29995.0,30002.0,30009.0,30025.0,30032.0,30033.0,30032.0,30040.0,30042.0,30052.0,30063.0,30072.0,30081.0,30082.0,30085.0,30091.0,30103.0,30112.0,30120.0,30126.0,30146.0,30157.0,30165.0,30174.0,,,,,,,,,30247.0,30251.0,30257.0,30265.0,30273.0,30278.0,30281.0,30287.0,30294.0,30296.0,30303.0,30309.0,30318.0,30329.0,30333.0,30339.0,30342.0,30351.0,30356.0,30366.0,30369.0,30376.0,30382.0,30404.0,30418.0,30421.0,30429.0,30440.0,30442.0,30449.0,30461.0,30463.0,30470.0,30473.0,30477.0,30487.0,30491.0,30500.0,30505.0,30516.0,30520.0,30533.0,30534.0,30540.0,30545.0,30547.0,30550.0,30554.0,30559
s3qcFELA3Iw,,,,,,,,,,,,,,,,,,,,,,,,,,,,,,,,,,,,,,,,,,,,,,,,,,,,,,,,,,,,,,,,,,,,,,,,,,,,,,,,,,,,,,,,,,,,,,,,,,,,,,,,,,,11651.0,11652.0,11654.0,11655.0,11660.0,11663.0,11667.0,11669.0,11669.0,11670.0,11669.0,11669.0,11669.0,11669.0,11671.0,11672.0,11676.0,11676.0,11677.0,11678.0,11678.0,11678.0,11679.0,11680.0,11682.0,11684.0,11684.0,11686.0,,,,,,,,,11696.0,11696.0,11697.0,11697.0,11698.0,11698.0,11698.0,11698.0,11699.0,11704.0,11705.0,11706.0,11708.0,11710.0,11712.0,11712.0,11712.0,11712.0,11713.0,11713.0,11714.0,11714.0,11715.0,11716.0,11718.0,11719.0,11723.0,11725.0,11726.0,11727.0,11727.0,11728.0,11731.0,11731.0,11732.0,11732.0,11733.0,11734.0,11735.0,11737.0,11737.0,11738.0,11738.0,11738.0,11739.0,11739.0,11740.0,11741.0,11741
VKgJPF4IqIo,,,,,,,,,,,,,,,,,,,,,,,,,,,,,,,,,,,,,,,,,,,,,,,,,,,,,,,,,,,,,,,,,,,,,,,,,,,,,,,,,,,,,,,,,,,,,,,,,,,,,,,,,,,21786.0,21791.0,21793.0,21797.0,21800.0,21802.0,21807.0,21815.0,21821.0,21823.0,21828.0,21838.0,21840.0,21843.0,21847.0,21852.0,21856.0,21859.0,21861.0,21869.0,21872.0,21881.0,21884.0,21885.0,21889.0,21903.0,21909.0,21917.0,,,,,,,,,21982.0,21988.0,21996.0,22003.0,22011.0,22017.0,22023.0,22025.0,22032.0,22042.0,22051.0,22059.0,22070.0,22074.0,22078.0,22080.0,22083.0,22090.0,22096.0,22098.0,22100.0,22103.0,22106.0,22115.0,22116.0,22122.0,22129.0,22135.0,22142.0,22147.0,22151.0,22152.0,22157.0,22162.0,22164.0,22168.0,22169.0,22174.0,22177.0,22182.0,22185.0,22191.0,22194.0,22196.0,22199.0,22204.0,22206.0,22213.0,22221
QW3hTT1PKT0,,,,,,,,,,,,,,,,,,,,,,,,,,,,,,,,,,,,,,,,,,,,,,,,,,,,,,,,,,,,,,,,,,,,,,,,,,,,,,,,,,,,,,,,,,,,,,,,,,,,,,,,,,,15848.0,15849.0,15851.0,15851.0,15853.0,15853.0,15854.0,15854.0,15856.0,15856.0,15856.0,15857.0,15863.0,15864.0,15866.0,15868.0,15870.0,15871.0,15871.0,15872.0,15874.0,15875.0,15876.0,15877.0,15879.0,15879.0,15880.0,15882.0,,,,,,,,,15895.0,15897.0,15898.0,15899.0,15903.0,15905.0,15905.0,15905.0,15910.0,15916.0,15917.0,15918.0,15922.0,15923.0,15927.0,15931.0,15934.0,15937.0,15938.0,15942.0,15945.0,15947.0,15949.0,15951.0,15952.0,15954.0,15955.0,15959.0,15959.0,15961.0,15964.0,15965.0,15967.0,15970.0,15970.0,15970.0,15971.0,15971.0,15973.0,15974.0,15975.0,15974.0,15975.0,15976.0,15976.0,15979.0,15982.0,15984.0,15984
FEEWIvLFLyE,,,,,,,,,,,,,,,,,,,,,,,,,,,,,,,,,,,,,,,,,,,,,,,,,,,,,,,,,,,,,,,,,,,,,,,,,,,,,,,,,,,,,,,,,,,,,,,,,,,,,,,,,,,11605.0,11606.0,11606.0,11606.0,11608.0,11608.0,11609.0,11610.0,11610.0,11610.0,11609.0,11611.0,11611.0,11612.0,11613.0,11614.0,11614.0,11615.0,11615.0,11615.0,11620.0,11620.0,11621.0,11622.0,11625.0,11627.0,11628.0,11628.0,,,,,,,,,11635.0,11636.0,11638.0,11638.0,11639.0,11640.0,11641.0,11641.0,11645.0,11645.0,11646.0,11646.0,11647.0,11647.0,11647.0,11649.0,11649.0,11649.0,11649.0,11651.0,11653.0,11654.0,11655.0,11655.0,11656.0,11656.0,11656.0,11656.0,11656.0,11657.0,11658.0,11659.0,11662.0,11662.0,11663.0,11663.0,11665.0,11664.0,11665.0,11670.0,11670.0,11671.0,11671.0,11672.0,11672.0,11672.0,11673.0,11674.0,11674
IDwEHlRVy74,,,,,,,,,,,,,,,,,,,,,,,,,,,,,,,,,,,,,,,,,,,,,,,,,,,,,,,,,,,,,,,,,,,,,,,,,,,,,,,,,,,,,,,,,,,,,,,,,,,,,,,,,,,27170.0,30764.0,32013.0,33025.0,33629.0,34595.0,35167.0,35468.0,35704.0,35895.0,36075.0,36217.0,36337.0,36492.0,36723.0,36915.0,37047.0,37107.0,37169.0,37242.0,37302.0,37357.0,37442.0,37503.0,37551.0,37593.0,37634.0,37669.0,,,,,,,,,38021.0,38053.0,38082.0,38106.0,38118.0,38140.0,38166.0,38185.0,38206.0,38231.0,38253.0,38285.0,38311.0,38327.0,38343.0,38370.0,38384.0,38399.0,38418.0,38432.0,38456.0,38484.0,38509.0,38528.0,38562.0,38583.0,38598.0,38617.0,38644.0,38654.0,38670.0,38684.0,38697.0,38712.0,38726.0,38739.0,38758.0,38798.0,38818.0,38847.0,38869.0,38887.0,38906.0,38932.0,38946.0,38955.0,38962.0,38975.0,38987
nYowmBWnX8E,,,,,,,,,,,,,,,,,,,,,,,,,,,,,,,,,,,,,,,,,,,,,,,,,,,,,,,,,,,,,,,,,,,,,,,,,,,,,,,,,,,,,,,,,,,,,,,,,,,,,,,,,,,3904.0,4544.0,4841.0,5072.0,5277.0,5469.0,5636.0,5709.0,5800.0,5891.0,5981.0,6207.0,6353.0,6427.0,6493.0,6545.0,6593.0,6612.0,6655.0,6684.0,6698.0,6707.0,6712.0,6728.0,6734.0,6743.0,6749.0,6757.0,,,,,,,,,6786.0,6789.0,6790.0,6796.0,6798.0,6801.0,6803.0,6805.0,6805.0,6805.0,6807.0,6808.0,6808.0,6809.0,6809.0,6811.0,6813.0,6815.0,6816.0,6817.0,6817.0,6818.0,6818.0,6818.0,6818.0,6819.0,6819.0,6819.0,6820.0,6821.0,6825.0,6827.0,6829.0,6829.0,6830.0,6832.0,6833.0,6835.0,6836.0,6836.0,6836.0,6838.0,6838.0,6838.0,6840.0,6842.0,6843.0,6844.0,6844
UP13yuSqyiQ,,,,,,,,,,,,,,,,,,,,,,,,,,,,,,,,,,,,,,,,,,,,,,,,,,,,,,,,,,,,,,,,,,,,,,,,,,,,,,,,,,,,,,,,,,,,,,,,,,,,,,,,,,,5456.0,5479.0,5494.0,5510.0,5521.0,5545.0,5578.0,5601.0,5626.0,5614.0,5630.0,5643.0,5648.0,5659.0,5664.0,5668.0,5675.0,5687.0,5697.0,5705.0,5712.0,5722.0,5737.0,5759.0,5764.0,5772.0,5778.0,5807.0,,,,,,,,,5877.0,5882.0,5886.0,5890.0,5906.0,5914.0,5918.0,5925.0,5928.0,5933.0,5942.0,5945.0,5955.0,5973.0,5980.0,5988.0,5999.0,6004.0,6011.0,6014.0,6015.0,6023.0,6028.0,6033.0,6037.0,6041.0,6045.0,6048.0,6050.0,6056.0,6057.0,6060.0,6064.0,6066.0,6067.0,6071.0,6079.0,6081.0,6083.0,6086.0,6088.0,6091.0,6095.0,6097.0,6099.0,6103.0,6106.0,6106.0,6108
Pofp0eiJ0Zg,,,,,,,,,,,,,,,,,,,,,,,,,,,,,,,,,,,,,,,,,,,,,,,,,,,,,,,,,,,,,,,,,,,,,,,,,,,,,,,,,,,,,,,,,,,,,,,,,,,,,,,,,,,,29705.0,61656.0,73561.0,81596.0,86617.0,93228.0,97618.0,101033.0,103900.0,105790.0,107620.0,108201.0,108556.0,108863.0,109087.0,109324.0,109458.0,109604.0,109738.0,109892.0,110028.0,110154.0,110284.0,110366.0,110453.0,110512.0,110581.0,,,,,,,,,111163.0,111232.0,111275.0,111322.0,111362.0,111403.0,111443.0,111470.0,111509.0,111557.0,111579.0,111612.0,111643.0,111679.0,111724.0,111766.0,111792.0,111820.0,111854.0,111885.0,111906.0,111943.0,111973.0,111995.0,112020.0,112054.0,112078.0,112101.0,112133.0,112165.0,112199.0,112221.0,112252.0,112282.0,112300.0,112326.0,112364.0,112394.0,112418.0,112437.0,112462.0,112482.0,112502.0,112531.0,112554.0,112569.0,112591.0,112616.0,112635
REBAdQTg46s,,,,,,,,,,,,,,,,,,,,,,,,,,,,,,,,,,,,,,,,,,,,,,,,,,,,,,,,,,,,,,,,,,,,,,,,,,,,,,,,,,,,,,,,,,,,,,,,,,,,,,,,,,,,12496.0,12505.0,12510.0,12516.0,12525.0,12532.0,12539.0,12550.0,12558.0,12560.0,12564.0,12568.0,12587.0,12601.0,12609.0,12614.0,12621.0,12628.0,12633.0,12640.0,12649.0,12651.0,12655.0,12657.0,12662.0,12667.0,12669.0,,,,,,,,,12726.0,12734.0,12742.0,12752.0,12761.0,12769.0,12778.0,12785.0,12794.0,12806.0,12812.0,12817.0,12821.0,12826.0,12829.0,12839.0,12845.0,12849.0,12854.0,12859.0,12863.0,12870.0,12874.0,12876.0,12881.0,12886.0,12891.0,12901.0,12911.0,12921.0,12927.0,12933.0,12941.0,12949.0,12964.0,12973.0,12980.0,12994.0,13003.0,13015.0,13027.0,13035.0,13045.0,13050.0,13063.0,13073.0,13091.0,13102.0,13118
hpdHp6Io5YY,,,,,,,,,,,,,,,,,,,,,,,,,,,,,,,,,,,,,,,,,,,,,,,,,,,,,,,,,,,,,,,,,,,,,,,,,,,,,,,,,,,,,,,,,,,,,,,,,,,,,,,,,,,,217458.0,275832.0,301746.0,315679.0,326224.0,334227.0,342190.0,348392.0,353255.0,358051.0,361713.0,364730.0,367868.0,370634.0,373017.0,375204.0,377311.0,378915.0,381307.0,383195.0,388754.0,394868.0,398659.0,401260.0,403002.0,404387.0,405436.0,,,,,,,,,412262.0,412799.0,413188.0,413548.0,413882.0,414193.0,414501.0,414768.0,415138.0,415429.0,415705.0,415922.0,416195.0,416506.0,416774.0,417116.0,417364.0,417621.0,417824.0,418027.0,418242.0,418500.0,418737.0,418970.0,419181.0,419390.0,419589.0,419805.0,420053.0,420308.0,420551.0,420787.0,420977.0,421173.0,421375.0,421571.0,421787.0,421971.0,422146.0,422285.0,422430.0,422597.0,422745.0,422908.0,423045.0,423200.0,423354.0,423514.0,423687
_kKSWd_osCk,,,,,,,,,,,,,,,,,,,,,,,,,,,,,,,,,,,,,,,,,,,,,,,,,,,,,,,,,,,,,,,,,,,,,,,,,,,,,,,,,,,,,,,,,,,,,,,,,,,,,,,,,,,,,36126.0,45830.0,47983.0,48916.0,49490.0,49957.0,50399.0,50767.0,51034.0,51287.0,51468.0,51603.0,51759.0,51876.0,51947.0,52046.0,52132.0,52217.0,52265.0,52353.0,52428.0,52529.0,52605.0,52682.0,52782.0,52852.0,,,,,,,,,53462.0,53533.0,53590.0,53644.0,53697.0,53750.0,53769.0,53812.0,53861.0,53906.0,53943.0,53979.0,54027.0,54053.0,54095.0,54129.0,54164.0,54195.0,54216.0,54250.0,54274.0,54299.0,54335.0,54364.0,54400.0,54425.0,54462.0,54488.0,54518.0,54552.0,54583.0,54609.0,54643.0,54676.0,54717.0,54741.0,54763.0,54782.0,54795.0,54800.0,54810.0,54817.0,54828.0,54841.0,54858.0,54868.0,54882.0,54888.0,54911
9KgYvhCGqRo,,,,,,,,,,,,,,,,,,,,,,,,,,,,,,,,,,,,,,,,,,,,,,,,,,,,,,,,,,,,,,,,,,,,,,,,,,,,,,,,,,,,,,,,,,,,,,,,,,,,,,,,,,,,,1043805.0,1044207.0,1044578.0,1044918.0,1045213.0,1045557.0,1045967.0,1046324.0,1046629.0,1047050.0,1047473.0,1047846.0,1048261.0,1048662.0,1048956.0,1049218.0,1049483.0,1049776.0,1050022.0,1050283.0,1050551.0,1050781.0,1051012.0,1051266.0,1051503.0,1051735.0,,,,,,,,,1053580.0,1053795.0,1054059.0,1054264.0,1054511.0,1054754.0,1055001.0,1055293.0,1055634.0,1055933.0,1056222.0,1056554.0,1056843.0,1057153.0,1057476.0,1057829.0,1058102.0,1058403.0,1058721.0,1059025.0,1059225.0,1059491.0,1059711.0,1059954.0,1060164.0,1060398.0,1060687.0,1061116.0,1061805.0,1063024.0,1063647.0,1064101.0,1064536.0,1064874.0,1065172.0,1065477.0,1065798.0,1066075.0,1066270.0,1066488.0,1066736.0,1066917.0,1067156.0,1067330.0,1067486.0,1067701.0,1067853.0,1068049.0,1068222
p7a7y6JqdAA,,,,,,,,,,,,,,,,,,,,,,,,,,,,,,,,,,,,,,,,,,,,,,,,,,,,,,,,,,,,,,,,,,,,,,,,,,,,,,,,,,,,,,,,,,,,,,,,,,,,,,,,,,,,,581.0,2063.0,3133.0,4722.0,6336.0,7646.0,8977.0,10573.0,12508.0,14310.0,15710.0,16439.0,16973.0,17402.0,17749.0,18096.0,18418.0,18799.0,19084.0,19314.0,19514.0,19659.0,19832.0,20040.0,20257.0,20491.0,,,,,,,,,22076.0,22206.0,22362.0,22517.0,22644.0,22757.0,22867.0,22950.0,23010.0,23100.0,23177.0,23264.0,23390.0,23471.0,23534.0,23605.0,23710.0,23832.0,23908.0,24006.0,24104.0,24163.0,24260.0,24364.0,24444.0,24519.0,24580.0,24663.0,24719.0,24786.0,24865.0,24938.0,25009.0,25102.0,25179.0,25231.0,25294.0,25384.0,25454.0,25525.0,25587.0,25659.0,25712.0,25771.0,25825.0,25877.0,25926.0,25977.0,26037
lyl28D6vfOE,,,,,,,,,,,,,,,,,,,,,,,,,,,,,,,,,,,,,,,,,,,,,,,,,,,,,,,,,,,,,,,,,,,,,,,,,,,,,,,,,,,,,,,,,,,,,,,,,,,,,,,,,,,,,298.0,546.0,665.0,735.0,775.0,881.0,980.0,1300.0,1659.0,1748.0,1846.0,2015.0,2212.0,2413.0,2641.0,2878.0,3077.0,3210.0,3384.0,3779.0,4085.0,4373.0,4596.0,4855.0,5072.0,5339.0,,,,,,,,,7090.0,7261.0,7404.0,7532.0,7644.0,7794.0,7907.0,8029.0,8159.0,8287.0,8407.0,8537.0,8702.0,8844.0,8996.0,9148.0,9269.0,9390.0,9473.0,9570.0,9683.0,9784.0,9888.0,9979.0,10111.0,10208.0,10316.0,10433.0,10533.0,10613.0,10718.0,10830.0,10950.0,11069.0,11166.0,11256.0,11343.0,11450.0,11534.0,11651.0,11771.0,11883.0,11990.0,12067.0,12172.0,12266.0,12378.0,12455.0,12514
-Jdxpcp0DgI,,,,,,,,,,,,,,,,,,,,,,,,,,,,,,,,,,,,,,,,,,,,,,,,,,,,,,,,,,,,,,,,,,,,,,,,,,,,,,,,,,,,,,,,,,,,,,,,,,,,,,,,,,,,,10816506.0,10818751.0,10820881.0,10823041.0,10825332.0,10827441.0,10829695.0,10831935.0,10834176.0,10836312.0,10838439.0,10840412.0,10842500.0,10844780.0,10846863.0,10848717.0,10850677.0,10852678.0,10854565.0,10856779.0,10858642.0,10860287.0,10862057.0,10863802.0,10865389.0,10866981.0,,,,,,,,,10880200.0,10881651.0,10883115.0,10884671.0,10886328.0,10888232.0,10890346.0,10892081.0,10894093.0,10896396.0,10898772.0,10901252.0,10903719.0,10906438.0,10909140.0,10911768.0,10914492.0,10917330.0,10919906.0,10921817.0,10923634.0,10925291.0,10926918.0,10928398.0,10930210.0,10931868.0,10933464.0,10934928.0,10936389.0,10937699.0,10939163.0,10940710.0,10942116.0,10943366.0,10944694.0,10946049.0,10947225.0,10948551.0,10950063.0,10951481.0,10952831.0,10954126.0,10955412.0,10956667.0,10957920.0,10959395.0,10960824.0,10962139.0,10963443
JJtDdzdQEqE,,,,,,,,,,,,,,,,,,,,,,,,,,,,,,,,,,,,,,,,,,,,,,,,,,,,,,,,,,,,,,,,,,,,,,,,,,,,,,,,,,,,,,,,,,,,,,,,,,,,,,,,,,,,,9098258.0,9390713.0,9682946.0,9967382.0,10268997.0,10523176.0,10791188.0,11048533.0,11277872.0,11484692.0,11485361.0,11486270.0,11487760.0,11485324.0,11486073.0,11487312.0,11488551.0,11489773.0,11490885.0,11492134.0,11493160.0,11494134.0,11494990.0,11495889.0,11496778.0,11497604.0,,,,,,,,,11503861.0,11504502.0,11505291.0,11505961.0,11506759.0,11507541.0,11508334.0,11509056.0,11509879.0,11510701.0,11511226.0,11512385.0,11513258.0,11514067.0,11514878.0,11515683.0,11516503.0,11517333.0,11518138.0,11518712.0,11519396.0,11519912.0,11520443.0,11520911.0,11521500.0,11522074.0,11522647.0,11523162.0,11523609.0,11524124.0,11524549.0,11524993.0,11525492.0,11525914.0,11526473.0,11527138.0,11527658.0,11528209.0,11528778.0,11529272.0,11529809.0,11530283.0,11530813.0,11531237.0,11531694.0,11532146.0,11532577.0,11533008.0,11533415
2iSRGPDmt_w,,,,,,,,,,,,,,,,,,,,,,,,,,,,,,,,,,,,,,,,,,,,,,,,,,,,,,,,,,,,,,,,,,,,,,,,,,,,,,,,,,,,,,,,,,,,,,,,,,,,,,,,,,,,,,1462.0,12123.0,21972.0,29683.0,35610.0,40938.0,45576.0,56139.0,69175.0,76694.0,80865.0,84709.0,88659.0,92014.0,94853.0,97972.0,100827.0,102980.0,106092.0,108302.0,110192.0,112064.0,113561.0,115176.0,116501.0,,,,,,,,,127387.0,128268.0,129610.0,130852.0,132275.0,133788.0,134751.0,135672.0,136984.0,138270.0,139623.0,141108.0,142766.0,144401.0,145780.0,146851.0,148089.0,149695.0,151086.0,152226.0,153173.0,154065.0,154813.0,155640.0,156671.0,157664.0,158515.0,159306.0,160048.0,160671.0,161398.0,162139.0,162897.0,163624.0,164327.0,165092.0,165621.0,166239.0,166951.0,167633.0,168188.0,168871.0,169434.0,170011.0,170530.0,171110.0,171722.0,172370.0,172991
Gx2A8kJZw7c,,,,,,,,,,,,,,,,,,,,,,,,,,,,,,,,,,,,,,,,,,,,,,,,,,,,,,,,,,,,,,,,,,,,,,,,,,,,,,,,,,,,,,,,,,,,,,,,,,,,,,,,,,,,,,19439.0,19486.0,19619.0,19664.0,19684.0,19639.0,19634.0,19639.0,19661.0,19685.0,31298.0,31352.0,31416.0,22079.0,22116.0,22118.0,22131.0,22138.0,22147.0,22155.0,22168.0,22172.0,22176.0,22184.0,22187.0,,,,,,,,,22224.0,22231.0,22234.0,22235.0,22236.0,22238.0,22240.0,22240.0,22243.0,22246.0,22247.0,22247.0,22250.0,22251.0,22251.0,22252.0,22255.0,22255.0,22256.0,22259.0,22261.0,22265.0,22267.0,22269.0,22271.0,22272.0,22273.0,22273.0,22275.0,22276.0,22276.0,22276.0,22277.0,22277.0,22277.0,22278.0,22279.0,22278.0,22278.0,22278.0,22279.0,22280.0,22281.0,22282.0,22283.0,22282.0,22284.0,22285.0,22288
pkGHz7HwNX4,,,,,,,,,,,,,,,,,,,,,,,,,,,,,,,,,,,,,,,,,,,,,,,,,,,,,,,,,,,,,,,,,,,,,,,,,,,,,,,,,,,,,,,,,,,,,,,,,,,,,,,,,,,,,,5453.0,7230.0,7643.0,7781.0,7865.0,7908.0,7940.0,7976.0,8004.0,8027.0,8048.0,8074.0,8095.0,8118.0,8133.0,8142.0,8153.0,8160.0,8171.0,8181.0,8184.0,8194.0,8208.0,8215.0,8220.0,,,,,,,,,8257.0,8262.0,8266.0,8271.0,8275.0,8277.0,8281.0,8284.0,8290.0,8299.0,8303.0,8306.0,8308.0,8310.0,8314.0,8317.0,8325.0,8326.0,8328.0,8331.0,8335.0,8339.0,8341.0,8342.0,8349.0,8349.0,8350.0,8352.0,8354.0,8357.0,8360.0,8360.0,8360.0,8361.0,8361.0,8365.0,8366.0,8371.0,8372.0,8373.0,8374.0,8376.0,8377.0,8379.0,8380.0,8380.0,8381.0,8381.0,8382
hUXrNIlUOR4,,,,,,,,,,,,,,,,,,,,,,,,,,,,,,,,,,,,,,,,,,,,,,,,,,,,,,,,,,,,,,,,,,,,,,,,,,,,,,,,,,,,,,,,,,,,,,,,,,,,,,,,,,,,,,333.0,1628.0,3100.0,4220.0,5466.0,6348.0,6896.0,7720.0,8405.0,8829.0,9131.0,9544.0,9977.0,10328.0,10709.0,11001.0,11374.0,11754.0,12156.0,12472.0,12732.0,13277.0,13747.0,14185.0,14579.0,,,,,,,,,17820.0,18053.0,18334.0,18542.0,18710.0,18856.0,18941.0,19069.0,19232.0,19454.0,19627.0,19848.0,20212.0,20592.0,21005.0,21474.0,21830.0,22327.0,22837.0,23175.0,23427.0,23691.0,23882.0,24141.0,24309.0,24499.0,24729.0,24930.0,25088.0,25260.0,25431.0,25588.0,25724.0,25887.0,26044.0,26252.0,26413.0,26591.0,26770.0,26972.0,27203.0,27435.0,27635.0,27778.0,27917.0,28081.0,28242.0,28414.0,28574
WAhrhj5MSU0,,,,,,,,,,,,,,,,,,,,,,,,,,,,,,,,,,,,,,,,,,,,,,,,,,,,,,,,,,,,,,,,,,,,,,,,,,,,,,,,,,,,,,,,,,,,,,,,,,,,,,,,,,,,,,5915.0,6808.0,7919.0,8576.0,9229.0,9868.0,10215.0,10533.0,10778.0,10915.0,11056.0,11196.0,11319.0,11445.0,11529.0,11605.0,11674.0,11737.0,11801.0,11881.0,11934.0,11975.0,12023.0,12062.0,12103.0,,,,,,,,,12448.0,12478.0,12498.0,12525.0,12556.0,12595.0,12624.0,12652.0,12680.0,12719.0,12746.0,12772.0,12794.0,12826.0,12850.0,12874.0,12908.0,12933.0,12952.0,12969.0,12979.0,12991.0,13016.0,13036.0,13057.0,13068.0,13083.0,13098.0,13115.0,13132.0,13145.0,13164.0,13181.0,13195.0,13208.0,13222.0,13236.0,13246.0,13264.0,13278.0,13304.0,13317.0,13330.0,13336.0,13348.0,13370.0,13386.0,13400.0,13414
tgM9SUw2F4E,,,,,,,,,,,,,,,,,,,,,,,,,,,,,,,,,,,,,,,,,,,,,,,,,,,,,,,,,,,,,,,,,,,,,,,,,,,,,,,,,,,,,,,,,,,,,,,,,,,,,,,,,,,,,,2215.0,2448.0,2667.0,2958.0,3180.0,3375.0,3517.0,3641.0,3752.0,3848.0,3930.0,4018.0,4076.0,4141.0,4199.0,4250.0,4281.0,4321.0,4364.0,4394.0,4451.0,4493.0,4539.0,4568.0,4605.0,,,,,,,,,4933.0,4985.0,5040.0,5088.0,5130.0,5185.0,5237.0,5275.0,5318.0,5340.0,5365.0,5400.0,5421.0,5445.0,5474.0,5506.0,5521.0,5537.0,5546.0,5557.0,5565.0,5584.0,5596.0,5606.0,5618.0,5626.0,5630.0,5636.0,5642.0,5652.0,5659.0,5673.0,5685.0,5693.0,5707.0,5712.0,5717.0,5730.0,5737.0,5752.0,5754.0,5758.0,5762.0,5768.0,5774.0,5786.0,5794.0,5804.0,5814
1O4K1HQ_NWk,,,,,,,,,,,,,,,,,,,,,,,,,,,,,,,,,,,,,,,,,,,,,,,,,,,,,,,,,,,,,,,,,,,,,,,,,,,,,,,,,,,,,,,,,,,,,,,,,,,,,,,,,,,,,,146.0,285.0,297.0,304.0,309.0,315.0,320.0,323.0,326.0,327.0,328.0,330.0,330.0,330.0,330.0,331.0,332.0,332.0,332.0,332.0,333.0,334.0,334.0,333.0,333.0,,,,,,,,,335.0,335.0,335.0,336.0,337.0,337.0,337.0,338.0,338.0,338.0,338.0,338.0,338.0,338.0,338.0,338.0,338.0,338.0,338.0,338.0,338.0,338.0,338.0,338.0,338.0,339.0,339.0,339.0,339.0,339.0,339.0,339.0,340.0,340.0,340.0,340.0,340.0,340.0,340.0,340.0,340.0,340.0,340.0,340.0,340.0,340.0,340.0,340.0,340
SNFRNVXYWoo,,,,,,,,,,,,,,,,,,,,,,,,,,,,,,,,,,,,,,,,,,,,,,,,,,,,,,,,,,,,,,,,,,,,,,,,,,,,,,,,,,,,,,,,,,,,,,,,,,,,,,,,,,,,,,10103.0,10127.0,10151.0,10190.0,10230.0,10263.0,10288.0,10314.0,10343.0,10383.0,10417.0,10445.0,10465.0,10491.0,10511.0,10550.0,10565.0,10600.0,10631.0,10656.0,10683.0,10716.0,10744.0,10813.0,10958.0,,,,,,,,,11263.0,11291.0,11325.0,11377.0,11414.0,11465.0,11546.0,11591.0,11683.0,11756.0,11847.0,11934.0,12013.0,12090.0,12135.0,12180.0,12233.0,12275.0,12313.0,12340.0,12368.0,12389.0,12410.0,12434.0,12464.0,12497.0,12532.0,12561.0,12589.0,12615.0,12641.0,12665.0,12688.0,12711.0,12743.0,12769.0,12791.0,12820.0,12845.0,12871.0,12892.0,12917.0,12939.0,12960.0,12978.0,13002.0,13028.0,13053.0,13078
oCwuUBCjUVM,,,,,,,,,,,,,,,,,,,,,,,,,,,,,,,,,,,,,,,,,,,,,,,,,,,,,,,,,,,,,,,,,,,,,,,,,,,,,,,,,,,,,,,,,,,,,,,,,,,,,,,,,,,,,,52780.0,77111.0,99632.0,123056.0,145749.0,169137.0,192096.0,214028.0,237610.0,262334.0,296318.0,347689.0,397522.0,401210.0,401329.0,401597.0,401887.0,402178.0,402510.0,402769.0,402978.0,403178.0,403405.0,403688.0,403852.0,,,,,,,,,405261.0,405384.0,405510.0,405664.0,405777.0,405949.0,406045.0,406151.0,406255.0,406356.0,406464.0,406569.0,406683.0,406803.0,406905.0,406999.0,407092.0,407200.0,407282.0,407377.0,407479.0,407564.0,407645.0,407724.0,407797.0,407872.0,407959.0,408034.0,408098.0,408157.0,408217.0,408269.0,408329.0,408382.0,408444.0,408520.0,408576.0,408624.0,408681.0,408736.0,408803.0,408862.0,408926.0,408974.0,409022.0,409081.0,409135.0,409197.0,409251
57Ea6WnT-W4,,,,,,,,,,,,,,,,,,,,,,,,,,,,,,,,,,,,,,,,,,,,,,,,,,,,,,,,,,,,,,,,,,,,,,,,,,,,,,,,,,,,,,,,,,,,,,,,,,,,,,,,,,,,,,330.0,469.0,587.0,680.0,756.0,850.0,1871.0,2237.0,2521.0,2631.0,2756.0,2879.0,2954.0,3014.0,3075.0,3120.0,3158.0,3206.0,3239.0,3274.0,3291.0,3321.0,3357.0,3389.0,3424.0,,,,,,,,,3789.0,3818.0,3844.0,3879.0,3909.0,3966.0,4006.0,4049.0,4096.0,4146.0,4213.0,4290.0,4384.0,4425.0,4479.0,4532.0,4595.0,4646.0,4696.0,4754.0,4785.0,4807.0,4837.0,4867.0,4890.0,4934.0,4973.0,5003.0,5025.0,5050.0,5107.0,5202.0,5265.0,6010.0,6954.0,7967.0,8753.0,9866.0,11281.0,12879.0,13413.0,13788.0,14029.0,14138.0,14347.0,14515.0,14654.0,14738.0,14843
tF-2IEtLlJ8,,,,,,,,,,,,,,,,,,,,,,,,,,,,,,,,,,,,,,,,,,,,,,,,,,,,,,,,,,,,,,,,,,,,,,,,,,,,,,,,,,,,,,,,,,,,,,,,,,,,,,,,,,,,,,9032.0,9037.0,9042.0,9048.0,9053.0,9054.0,9060.0,9064.0,9072.0,9081.0,9089.0,9100.0,9122.0,9142.0,9166.0,9172.0,9174.0,9180.0,9182.0,9187.0,9194.0,9195.0,9198.0,9202.0,9203.0,,,,,,,,,9242.0,9255.0,9259.0,9260.0,9266.0,9272.0,9273.0,9275.0,9276.0,9278.0,9282.0,9286.0,9289.0,9292.0,9294.0,9295.0,9296.0,9299.0,9300.0,9305.0,9306.0,9309.0,9308.0,9310.0,9312.0,9317.0,9321.0,9323.0,9324.0,9325.0,9331.0,9332.0,9333.0,9334.0,9336.0,9336.0,9339.0,9339.0,9343.0,9343.0,9345.0,9345.0,9345.0,9345.0,9347.0,9347.0,9350.0,9353.0,9354
WAhrhj5MSU0,,,,,,,,,,,,,,,,,,,,,,,,,,,,,,,,,,,,,,,,,,,,,,,,,,,,,,,,,,,,,,,,,,,,,,,,,,,,,,,,,,,,,,,,,,,,,,,,,,,,,,,,,,,,,,5915.0,6808.0,7919.0,8576.0,9229.0,9868.0,10215.0,10533.0,10778.0,10915.0,11056.0,11196.0,11319.0,11445.0,11529.0,11605.0,11674.0,11737.0,11801.0,11881.0,11934.0,11975.0,12023.0,12062.0,12103.0,,,,,,,,,12448.0,12478.0,12498.0,12525.0,12553.0,12595.0,12624.0,12652.0,12680.0,12719.0,12746.0,12772.0,12794.0,12826.0,12851.0,12876.0,12908.0,12935.0,12952.0,12969.0,12979.0,12991.0,13016.0,13037.0,13057.0,13068.0,13083.0,13098.0,13115.0,13132.0,13145.0,13161.0,13181.0,13195.0,13208.0,13222.0,13236.0,13246.0,13264.0,13278.0,13304.0,13317.0,13330.0,13336.0,13348.0,13370.0,13386.0,13399.0,13414
iuJc-lHPhjs,,,,,,,,,,,,,,,,,,,,,,,,,,,,,,,,,,,,,,,,,,,,,,,,,,,,,,,,,,,,,,,,,,,,,,,,,,,,,,,,,,,,,,,,,,,,,,,,,,,,,,,,,,,,,,5372.0,7013.0,8109.0,9027.0,9699.0,10366.0,11898.0,14383.0,16907.0,18836.0,19784.0,20713.0,21369.0,21992.0,22570.0,23093.0,23625.0,24201.0,24707.0,25123.0,25542.0,25975.0,26513.0,27048.0,27604.0,,,,,,,,,31972.0,32299.0,32761.0,33264.0,33702.0,34162.0,34603.0,34928.0,35206.0,35514.0,35846.0,36145.0,36555.0,36837.0,37098.0,37319.0,37596.0,37862.0,38099.0,38356.0,38609.0,38828.0,39045.0,39269.0,39533.0,39827.0,40104.0,40363.0,40572.0,40773.0,41052.0,41308.0,41567.0,42241.0,42874.0,43384.0,43873.0,44439.0,45179.0,45864.0,46609.0,47402.0,48162.0,48706.0,49540.0,50395.0,51169.0,52112.0,52848
F2Xq3Kt3WHA,,,,,,,,,,,,,,,,,,,,,,,,,,,,,,,,,,,,,,,,,,,,,,,,,,,,,,,,,,,,,,,,,,,,,,,,,,,,,,,,,,,,,,,,,,,,,,,,,,,,,,,,,,,,,,62097.0,62147.0,62204.0,62247.0,62299.0,62356.0,62413.0,62468.0,62514.0,62558.0,62611.0,62663.0,62710.0,62748.0,62799.0,62849.0,62903.0,62957.0,63018.0,63074.0,63127.0,63187.0,63233.0,63286.0,63326.0,,,,,,,,,63741.0,63800.0,63837.0,63885.0,63916.0,63962.0,64011.0,64054.0,64098.0,64141.0,64194.0,64256.0,64298.0,64348.0,64381.0,64421.0,64475.0,64525.0,64560.0,64600.0,64651.0,64695.0,64746.0,64808.0,64854.0,64907.0,64953.0,65006.0,65062.0,65116.0,65174.0,65234.0,65287.0,65333.0,65387.0,65430.0,65464.0,65517.0,65554.0,65595.0,65632.0,65679.0,65718.0,65747.0,65795.0,65836.0,65915.0,65965.0,66032
4eAF2boGKaA,,,,,,,,,,,,,,,,,,,,,,,,,,,,,,,,,,,,,,,,,,,,,,,,,,,,,,,,,,,,,,,,,,,,,,,,,,,,,,,,,,,,,,,,,,,,,,,,,,,,,,,,,,,,,,960143.0,1890668.0,3039834.0,4236181.0,4422310.0,4491595.0,4550294.0,4596581.0,4638329.0,4672006.0,4699372.0,4725147.0,4749964.0,4773523.0,4794417.0,4813903.0,4831927.0,4851281.0,4870976.0,4890074.0,4908202.0,4931121.0,4955920.0,4975937.0,4992507.0,,,,,,,,,5107832.0,5119686.0,5129631.0,5138816.0,5147930.0,5156862.0,5165800.0,5175034.0,5184643.0,5192855.0,5201110.0,5209168.0,5217569.0,5225388.0,5233265.0,5241672.0,5249362.0,5256656.0,5263974.0,5270881.0,5277764.0,5285024.0,5292305.0,5298591.0,5304790.0,5310933.0,5317162.0,5323499.0,5329811.0,5336332.0,5342731.0,5348791.0,5354788.0,5360347.0,5365813.0,5371688.0,5377564.0,5382861.0,5388273.0,5393867.0,5399453.0,5405016.0,5411087.0,5417566.0,5423927.0,5430037.0,5436321.0,5442919.0,5449539
MYU5mJSanFQ,,,,,,,,,,,,,,,,,,,,,,,,,,,,,,,,,,,,,,,,,,,,,,,,,,,,,,,,,,,,,,,,,,,,,,,,,,,,,,,,,,,,,,,,,,,,,,,,,,,,,,,,,,,,,,,4478.0,10160.0,11092.0,11540.0,11919.0,12181.0,12387.0,12804.0,13029.0,13154.0,13264.0,13328.0,13375.0,13419.0,13466.0,13504.0,13541.0,13569.0,13611.0,13729.0,13827.0,13914.0,13960.0,14022.0,,,,,,,,,14493.0,14546.0,14571.0,14587.0,14624.0,14681.0,14718.0,14747.0,14779.0,14793.0,14814.0,14843.0,14875.0,14905.0,14925.0,14948.0,14975.0,15017.0,15037.0,15047.0,15068.0,15078.0,15110.0,15120.0,15123.0,15143.0,15154.0,15178.0,15208.0,15238.0,15257.0,15267.0,15283.0,15296.0,15303.0,15316.0,15323.0,15333.0,15337.0,15344.0,15357.0,15363.0,15370.0,15373.0,15382.0,15390.0,15394.0,15408.0,15416
wvivbddmT2w,,,,,,,,,,,,,,,,,,,,,,,,,,,,,,,,,,,,,,,,,,,,,,,,,,,,,,,,,,,,,,,,,,,,,,,,,,,,,,,,,,,,,,,,,,,,,,,,,,,,,,,,,,,,,,,,489913.0,492919.0,496687.0,499772.0,502290.0,505051.0,507583.0,510732.0,513611.0,516366.0,519132.0,521377.0,523102.0,525137.0,527385.0,529446.0,531977.0,533705.0,535331.0,537640.0,539740.0,541528.0,543045.0,,,,,,,,,560775.0,562782.0,564932.0,567667.0,570574.0,573650.0,576570.0,579283.0,582247.0,585569.0,588954.0,592252.0,595368.0,598403.0,601166.0,603616.0,606896.0,610081.0,612769.0,615066.0,616988.0,618988.0,620846.0,623071.0,626569.0,630230.0,633357.0,637113.0,640482.0,642725.0,645614.0,648258.0,651119.0,653528.0,656661.0,659226.0,661636.0,664568.0,667576.0,670325.0,673224.0,676242.0,678933.0,681284.0,684151.0,687601.0,690561.0,693124.0,695501
qxca8gyhWyg,,,,,,,,,,,,,,,,,,,,,,,,,,,,,,,,,,,,,,,,,,,,,,,,,,,,,,,,,,,,,,,,,,,,,,,,,,,,,,,,,,,,,,,,,,,,,,,,,,,,,,,,,,,,,,,,2413.0,2632.0,2665.0,2751.0,2846.0,2883.0,2900.0,2918.0,2908.0,2911.0,2954.0,2937.0,2919.0,2963.0,3016.0,2994.0,3053.0,3005.0,2986.0,2987.0,2987.0,2989.0,2991.0,,,,,,,,,3015.0,3019.0,3024.0,3029.0,3058.0,3080.0,3102.0,3121.0,3137.0,3170.0,3199.0,3215.0,3239.0,3257.0,3272.0,3305.0,3326.0,3353.0,3372.0,3397.0,3408.0,3434.0,3460.0,3482.0,3502.0,3511.0,3536.0,3554.0,3564.0,3570.0,3571.0,3572.0,3575.0,3578.0,3583.0,3585.0,3595.0,3609.0,3609.0,3609.0,3611.0,3612.0,3614.0,3615.0,3618.0,3619.0,3621.0,3626.0,3627
vGI5iO6ZNUU,,,,,,,,,,,,,,,,,,,,,,,,,,,,,,,,,,,,,,,,,,,,,,,,,,,,,,,,,,,,,,,,,,,,,,,,,,,,,,,,,,,,,,,,,,,,,,,,,,,,,,,,,,,,,,,,12855.0,12988.0,13071.0,13158.0,13210.0,13229.0,13259.0,13285.0,13296.0,13328.0,13350.0,13367.0,13381.0,13396.0,13411.0,13432.0,13445.0,13450.0,13469.0,13473.0,13477.0,13480.0,13485.0,,,,,,,,,13543.0,13545.0,13554.0,13559.0,13563.0,13565.0,13570.0,13574.0,13578.0,13581.0,13586.0,13586.0,13589.0,13591.0,13596.0,13603.0,13604.0,13608.0,13613.0,13613.0,13613.0,13617.0,13617.0,13617.0,13621.0,13621.0,13624.0,13626.0,13628.0,13629.0,13637.0,13639.0,13639.0,13640.0,13643.0,13647.0,13647.0,13651.0,13652.0,13654.0,13659.0,13666.0,13668.0,13671.0,13674.0,13679.0,13682.0,13685.0,13686
bEP3ssN-4Co,,,,,,,,,,,,,,,,,,,,,,,,,,,,,,,,,,,,,,,,,,,,,,,,,,,,,,,,,,,,,,,,,,,,,,,,,,,,,,,,,,,,,,,,,,,,,,,,,,,,,,,,,,,,,,,,148685.0,149324.0,149857.0,150360.0,150738.0,151198.0,151637.0,152008.0,152567.0,153051.0,153388.0,153595.0,153928.0,154314.0,154620.0,154928.0,155358.0,156001.0,156525.0,156995.0,157349.0,157697.0,159110.0,,,,,,,,,161858.0,162017.0,162166.0,162335.0,162478.0,162616.0,162740.0,162886.0,163059.0,163180.0,163304.0,163429.0,163568.0,163685.0,163731.0,163844.0,163921.0,164044.0,164147.0,164257.0,164340.0,164433.0,164509.0,164583.0,164688.0,164759.0,164835.0,164897.0,164970.0,165003.0,165075.0,165137.0,165221.0,165288.0,165350.0,165396.0,165441.0,165481.0,165525.0,165575.0,165618.0,165661.0,165705.0,165743.0,165785.0,165828.0,165868.0,165916.0,165969
jzqoqZQL2l0,,,,,,,,,,,,,,,,,,,,,,,,,,,,,,,,,,,,,,,,,,,,,,,,,,,,,,,,,,,,,,,,,,,,,,,,,,,,,,,,,,,,,,,,,,,,,,,,,,,,,,,,,,,,,,,,30304.0,30636.0,30936.0,31263.0,31532.0,31811.0,32043.0,32264.0,32458.0,32757.0,33010.0,33243.0,33442.0,33623.0,33890.0,34159.0,34396.0,34606.0,34873.0,35115.0,35302.0,35498.0,35710.0,,,,,,,,,37880.0,38161.0,38831.0,54646.0,68865.0,80774.0,92240.0,95982.0,100007.0,105289.0,109859.0,109991.0,110111.0,110244.0,110384.0,110518.0,110751.0,111057.0,111354.0,111513.0,111639.0,111785.0,111907.0,112066.0,112176.0,112299.0,112415.0,112505.0,112578.0,112651.0,112729.0,112839.0,112934.0,113003.0,113082.0,113159.0,113221.0,113294.0,113353.0,113416.0,113505.0,113568.0,113631.0,113688.0,113740.0,113809.0,113853.0,113911.0,113973
SeAHIoHD1Y4,,,,,,,,,,,,,,,,,,,,,,,,,,,,,,,,,,,,,,,,,,,,,,,,,,,,,,,,,,,,,,,,,,,,,,,,,,,,,,,,,,,,,,,,,,,,,,,,,,,,,,,,,,,,,,,,351.0,1272.0,1745.0,1996.0,4823.0,8809.0,17307.0,25081.0,31016.0,34253.0,35340.0,36186.0,37563.0,39100.0,40452.0,41644.0,42947.0,43799.0,44668.0,45599.0,46569.0,47508.0,48418.0,,,,,,,,,56380.0,57062.0,57781.0,58564.0,59493.0,60554.0,61507.0,62195.0,63213.0,64565.0,65914.0,67425.0,68674.0,70079.0,71124.0,72099.0,73114.0,74587.0,75789.0,76607.0,77202.0,77772.0,78281.0,78828.0,79772.0,80792.0,81866.0,83275.0,84589.0,85695.0,86343.0,87081.0,87527.0,88257.0,88886.0,89363.0,89773.0,90165.0,90674.0,91016.0,91452.0,92008.0,92437.0,92843.0,93212.0,93662.0,94144.0,94567.0,95020
LkRCmrsTvGI,,,,,,,,,,,,,,,,,,,,,,,,,,,,,,,,,,,,,,,,,,,,,,,,,,,,,,,,,,,,,,,,,,,,,,,,,,,,,,,,,,,,,,,,,,,,,,,,,,,,,,,,,,,,,,,,,797.0,974.0,1036.0,1064.0,1092.0,1160.0,1187.0,1208.0,1220.0,1227.0,1237.0,1239.0,1247.0,1254.0,1256.0,1260.0,1267.0,1270.0,1274.0,1277.0,1285.0,1288.0,,,,,,,,,1321.0,1321.0,1322.0,1323.0,1325.0,1330.0,1331.0,1331.0,1334.0,1334.0,1337.0,1338.0,1343.0,1348.0,1350.0,1353.0,1358.0,1361.0,1361.0,1364.0,1366.0,1367.0,1368.0,1370.0,1373.0,1373.0,1373.0,1373.0,1374.0,1374.0,1375.0,1376.0,1376.0,1377.0,1377.0,1377.0,1377.0,1377.0,1378.0,1381.0,1381.0,1381.0,1383.0,1385.0,1385.0,1387.0,1390.0,1394.0,1395
ufwB9Uja_wM,,,,,,,,,,,,,,,,,,,,,,,,,,,,,,,,,,,,,,,,,,,,,,,,,,,,,,,,,,,,,,,,,,,,,,,,,,,,,,,,,,,,,,,,,,,,,,,,,,,,,,,,,,,,,,,,,3172734.0,4750416.0,5423705.0,5652625.0,5835041.0,6003151.0,6178151.0,6329511.0,6456664.0,6570070.0,6676058.0,6771090.0,6865999.0,6958835.0,7050900.0,7161113.0,7261018.0,7353737.0,7442499.0,7529610.0,7617906.0,7701421.0,,,,,,,,,8527918.0,8606662.0,8676007.0,8742699.0,8808404.0,8870001.0,8932146.0,8993199.0,9059103.0,9116344.0,9175654.0,9243891.0,9306987.0,9368726.0,9429128.0,9494509.0,9547635.0,9603773.0,9653071.0,9698053.0,9739379.0,9783545.0,9825445.0,9865576.0,9905065.0,9946167.0,9987948.0,10031113.0,10073140.0,10113372.0,10152426.0,10191315.0,10229527.0,10265577.0,10300412.0,10337602.0,10374286.0,10410910.0,10448712.0,10486455.0,10523818.0,10561049.0,10598763.0,10634905.0,10670288.0,10704974.0,10740131.0,10775005.0,10809712
ufwB9Uja_wM,,,,,,,,,,,,,,,,,,,,,,,,,,,,,,,,,,,,,,,,,,,,,,,,,,,,,,,,,,,,,,,,,,,,,,,,,,,,,,,,,,,,,,,,,,,,,,,,,,,,,,,,,,,,,,,,,3172734.0,4750416.0,5423705.0,5652625.0,5835041.0,6003151.0,6178151.0,6329511.0,6456664.0,6570070.0,6676058.0,6771090.0,6865999.0,6958835.0,7050900.0,7161113.0,7261018.0,7353737.0,7442499.0,7529610.0,7617906.0,7701421.0,,,,,,,,,8527918.0,8606662.0,8676007.0,8742699.0,8808404.0,8870001.0,8932146.0,8993199.0,9059103.0,9116344.0,9175654.0,9243891.0,9306987.0,9368726.0,9429128.0,9494509.0,9547635.0,9603773.0,9653071.0,9698053.0,9739379.0,9783545.0,9825445.0,9865576.0,9905065.0,9946167.0,9987948.0,10031113.0,10073140.0,10113372.0,10152426.0,10191315.0,10229527.0,10265577.0,10300412.0,10337602.0,10374286.0,10410910.0,10448712.0,10486455.0,10523818.0,10561049.0,10598763.0,10634905.0,10670288.0,10704974.0,10740131.0,10775005.0,10809712
WlP_NvZMuWY,,,,,,,,,,,,,,,,,,,,,,,,,,,,,,,,,,,,,,,,,,,,,,,,,,,,,,,,,,,,,,,,,,,,,,,,,,,,,,,,,,,,,,,,,,,,,,,,,,,,,,,,,,,,,,,,,137.0,424.0,626.0,767.0,887.0,989.0,1052.0,1176.0,1231.0,1290.0,1345.0,1388.0,1435.0,1507.0,1544.0,1599.0,1629.0,1650.0,1690.0,1720.0,1737.0,1747.0,,,,,,,,,1874.0,1885.0,1898.0,1910.0,1920.0,1933.0,1948.0,1958.0,1963.0,1971.0,1975.0,1987.0,1996.0,2002.0,2008.0,2015.0,2023.0,2028.0,2037.0,2049.0,2059.0,2062.0,2066.0,2071.0,2079.0,2086.0,2087.0,2093.0,2094.0,2097.0,2106.0,2116.0,2122.0,2125.0,2132.0,2134.0,2139.0,2141.0,2149.0,2151.0,2161.0,2163.0,2168.0,2172.0,2177.0,2182.0,2190.0,2191.0,2199
1euoHUZdaOk,,,,,,,,,,,,,,,,,,,,,,,,,,,,,,,,,,,,,,,,,,,,,,,,,,,,,,,,,,,,,,,,,,,,,,,,,,,,,,,,,,,,,,,,,,,,,,,,,,,,,,,,,,,,,,,,,6254.0,22278.0,47200.0,69413.0,107574.0,181328.0,278580.0,335460.0,385593.0,413707.0,438687.0,439809.0,440941.0,441833.0,442632.0,443470.0,444249.0,444846.0,445419.0,445969.0,446489.0,447054.0,,,,,,,,,451084.0,451715.0,452346.0,453562.0,455066.0,456123.0,456934.0,457678.0,458418.0,459060.0,459683.0,460372.0,461061.0,461816.0,462436.0,463116.0,463705.0,464297.0,464782.0,465322.0,465754.0,466162.0,466576.0,466927.0,467279.0,467652.0,468011.0,468394.0,468721.0,468943.0,469257.0,469566.0,469830.0,470043.0,470288.0,470493.0,470714.0,470922.0,471138.0,471336.0,471538.0,471760.0,471926.0,472052.0,472234.0,472428.0,472658.0,472888.0,473106
q30wKYz6GZE,,,,,,,,,,,,,,,,,,,,,,,,,,,,,,,,,,,,,,,,,,,,,,,,,,,,,,,,,,,,,,,,,,,,,,,,,,,,,,,,,,,,,,,,,,,,,,,,,,,,,,,,,,,,,,,,,423.0,1046.0,1690.0,2616.0,7833.0,14882.0,18192.0,20430.0,21818.0,22823.0,23367.0,23865.0,24343.0,24777.0,25114.0,25470.0,25684.0,25868.0,26091.0,26308.0,26504.0,26698.0,,,,,,,,,28960.0,29133.0,29386.0,29617.0,29853.0,30086.0,30698.0,31071.0,31304.0,31575.0,31912.0,32177.0,32512.0,32849.0,33127.0,33368.0,33590.0,33833.0,34081.0,34332.0,34539.0,34688.0,34842.0,35011.0,35260.0,35586.0,35762.0,35933.0,36090.0,36221.0,36365.0,36530.0,36713.0,36864.0,37019.0,37143.0,37249.0,37413.0,37549.0,37677.0,37815.0,37936.0,38057.0,38148.0,38278.0,38468.0,38694.0,38924.0,39141
OGl3eh2NB4k,,,,,,,,,,,,,,,,,,,,,,,,,,,,,,,,,,,,,,,,,,,,,,,,,,,,,,,,,,,,,,,,,,,,,,,,,,,,,,,,,,,,,,,,,,,,,,,,,,,,,,,,,,,,,,,,,,62535.0,86204.0,100838.0,113641.0,125708.0,135241.0,143358.0,150023.0,155452.0,160103.0,164383.0,168412.0,172242.0,176020.0,179453.0,182490.0,185324.0,188196.0,191032.0,193734.0,196223.0,,,,,,,,,214578.0,216511.0,218384.0,220051.0,221708.0,223156.0,224507.0,225867.0,227206.0,228486.0,229686.0,230856.0,232125.0,233371.0,234666.0,235809.0,236883.0,237967.0,239040.0,240125.0,241025.0,241977.0,242842.0,243762.0,244691.0,245610.0,246529.0,247417.0,248205.0,249082.0,249957.0,250786.0,251704.0,252682.0,253615.0,254505.0,255377.0,256277.0,257311.0,258256.0,259145.0,260112.0,261040.0,261916.0,263081.0,264251.0,265375.0,266506.0,267501
QcuV8h_I1y0,,,,,,,,,,,,,,,,,,,,,,,,,,,,,,,,,,,,,,,,,,,,,,,,,,,,,,,,,,,,,,,,,,,,,,,,,,,,,,,,,,,,,,,,,,,,,,,,,,,,,,,,,,,,,,,,,,365105.0,1005568.0,1697625.0,2250912.0,2679585.0,3061912.0,3434972.0,3770424.0,4034399.0,4253795.0,4437412.0,4607096.0,4766188.0,4922888.0,5116115.0,5367296.0,5721836.0,6056101.0,6378386.0,6693981.0,7026561.0,,,,,,,,,10859788.0,10955874.0,11043079.0,11128443.0,11211953.0,11292097.0,11370634.0,11448682.0,11523080.0,11588439.0,11650790.0,11709294.0,11768390.0,11825489.0,11884532.0,11942342.0,11993605.0,12041262.0,12088017.0,12130442.0,12171461.0,12215691.0,12258511.0,12297395.0,12336767.0,12375278.0,12414200.0,12454356.0,12494312.0,12534334.0,12571620.0,12608555.0,12645972.0,12681403.0,12715932.0,12750769.0,12784201.0,12814713.0,12850011.0,12883021.0,12914516.0,12945987.0,12977892.0,13008077.0,13037115.0,13066238.0,13095717.0,13124985.0,13155029
P45vBti7eJo,,,,,,,,,,,,,,,,,,,,,,,,,,,,,,,,,,,,,,,,,,,,,,,,,,,,,,,,,,,,,,,,,,,,,,,,,,,,,,,,,,,,,,,,,,,,,,,,,,,,,,,,,,,,,,,,,,1594.0,2981.0,3458.0,3765.0,4006.0,4188.0,4349.0,4466.0,4531.0,4636.0,4729.0,4818.0,4882.0,4948.0,5080.0,5153.0,5204.0,5269.0,5318.0,5374.0,5441.0,,,,,,,,,5889.0,5950.0,5999.0,6104.0,6160.0,7374.0,11292.0,15038.0,20334.0,24827.0,24837.0,24863.0,24900.0,24923.0,24948.0,24989.0,25019.0,25058.0,25098.0,25139.0,25162.0,25191.0,25224.0,25251.0,25284.0,25342.0,25381.0,25418.0,25434.0,25459.0,25491.0,25517.0,25536.0,25560.0,25583.0,25611.0,25633.0,25671.0,25693.0,25714.0,25743.0,25770.0,25800.0,25821.0,25850.0,25874.0,25906.0,25931.0,25963
Xfvr7d1zgxM,,,,,,,,,,,,,,,,,,,,,,,,,,,,,,,,,,,,,,,,,,,,,,,,,,,,,,,,,,,,,,,,,,,,,,,,,,,,,,,,,,,,,,,,,,,,,,,,,,,,,,,,,,,,,,,,,,85890.0,400317.0,526951.0,530964.0,535586.0,540051.0,544538.0,548466.0,552388.0,553818.0,555055.0,556115.0,557208.0,558279.0,559244.0,560201.0,561037.0,561828.0,562614.0,563303.0,563969.0,,,,,,,,,569430.0,569948.0,570340.0,570851.0,571278.0,571738.0,572164.0,572635.0,573114.0,573534.0,574024.0,574533.0,575030.0,575470.0,575909.0,576358.0,576927.0,577452.0,577916.0,578471.0,579071.0,579609.0,580108.0,580475.0,580867.0,581256.0,581645.0,581986.0,582354.0,582670.0,582995.0,583325.0,583648.0,583943.0,584182.0,584476.0,584696.0,584942.0,585183.0,585392.0,585632.0,585873.0,586066.0,586313.0,586533.0,586725.0,586996.0,587288.0,587559
yaDUqd9bGb4,,,,,,,,,,,,,,,,,,,,,,,,,,,,,,,,,,,,,,,,,,,,,,,,,,,,,,,,,,,,,,,,,,,,,,,,,,,,,,,,,,,,,,,,,,,,,,,,,,,,,,,,,,,,,,,,,,275.0,544.0,714.0,811.0,992.0,1310.0,2082.0,2663.0,3149.0,3230.0,3298.0,3379.0,3494.0,3583.0,3648.0,3694.0,3734.0,3769.0,3800.0,3823.0,3859.0,,,,,,,,,4129.0,4158.0,4206.0,4244.0,4274.0,4303.0,4341.0,4363.0,4389.0,4432.0,4462.0,4513.0,4549.0,4597.0,4624.0,4659.0,4704.0,4749.0,4809.0,4838.0,4861.0,4893.0,4914.0,4944.0,4975.0,5000.0,5025.0,5054.0,5094.0,5131.0,5168.0,5198.0,5229.0,5259.0,5284.0,5297.0,5314.0,5322.0,5331.0,5341.0,5354.0,5367.0,5387.0,5404.0,5416.0,5430.0,5447.0,5469.0,5475
r5xUiClKBCw,,,,,,,,,,,,,,,,,,,,,,,,,,,,,,,,,,,,,,,,,,,,,,,,,,,,,,,,,,,,,,,,,,,,,,,,,,,,,,,,,,,,,,,,,,,,,,,,,,,,,,,,,,,,,,,,,,34571.0,45028.0,51347.0,56105.0,59776.0,63989.0,67428.0,70569.0,73105.0,75295.0,77250.0,78955.0,80625.0,82202.0,83706.0,85019.0,86202.0,87303.0,88243.0,89339.0,90300.0,,,,,,,,,100788.0,102180.0,103143.0,103999.0,104852.0,105578.0,106268.0,107216.0,108134.0,108849.0,109347.0,110019.0,110456.0,111232.0,111854.0,112678.0,113229.0,113735.0,114307.0,114803.0,115310.0,115872.0,116371.0,116857.0,117275.0,117714.0,118151.0,118578.0,119115.0,119624.0,120066.0,120396.0,120722.0,121133.0,121465.0,122005.0,122448.0,122804.0,123119.0,123438.0,123761.0,124139.0,124545.0,124983.0,125234.0,125586.0,125886.0,126257.0,126634
25Ju6DqTJ-g,,,,,,,,,,,,,,,,,,,,,,,,,,,,,,,,,,,,,,,,,,,,,,,,,,,,,,,,,,,,,,,,,,,,,,,,,,,,,,,,,,,,,,,,,,,,,,,,,,,,,,,,,,,,,,,,,,3228778.0,3231023.0,3232687.0,3234041.0,3235212.0,3236339.0,3237374.0,3238384.0,3239648.0,3240676.0,3241589.0,3242472.0,3243272.0,3244110.0,3244926.0,3245716.0,3246405.0,3247173.0,3247935.0,3248632.0,3249393.0,,,,,,,,,3255868.0,3256522.0,3257191.0,3257819.0,3258493.0,3259143.0,3259670.0,3260245.0,3260755.0,3261567.0,3262270.0,3262955.0,3263674.0,3264273.0,3264827.0,3265331.0,3265838.0,3266393.0,3267010.0,3267493.0,3268082.0,3268562.0,3269106.0,3269642.0,3270304.0,3271009.0,3271590.0,3272214.0,3272885.0,3273502.0,3274100.0,3274750.0,3275381.0,3275920.0,3276547.0,3277091.0,3277645.0,3278337.0,3279003.0,3279645.0,3280283.0,3280948.0,3281485.0,3282007.0,3282609.0,3283173.0,3283723.0,3284410.0,3284927
UfdToDf0WiA,,,,,,,,,,,,,,,,,,,,,,,,,,,,,,,,,,,,,,,,,,,,,,,,,,,,,,,,,,,,,,,,,,,,,,,,,,,,,,,,,,,,,,,,,,,,,,,,,,,,,,,,,,,,,,,,,,720.0,858.0,998.0,1084.0,1158.0,1246.0,1318.0,1360.0,1401.0,1442.0,1480.0,1515.0,1575.0,1613.0,1650.0,1699.0,1737.0,1762.0,1801.0,1841.0,1860.0,,,,,,,,,2098.0,2129.0,2160.0,2177.0,2215.0,2270.0,2301.0,2338.0,2374.0,2399.0,2430.0,2452.0,2491.0,2525.0,2551.0,2577.0,2598.0,2630.0,2657.0,2684.0,2700.0,2719.0,2743.0,2789.0,2815.0,2876.0,2892.0,2930.0,2967.0,3003.0,3041.0,3080.0,3109.0,3143.0,3173.0,3204.0,3235.0,3272.0,3302.0,3329.0,3356.0,3427.0,3450.0,3479.0,3498.0,3521.0,3538.0,3564.0,3584
tVhMhErlV2g,,,,,,,,,,,,,,,,,,,,,,,,,,,,,,,,,,,,,,,,,,,,,,,,,,,,,,,,,,,,,,,,,,,,,,,,,,,,,,,,,,,,,,,,,,,,,,,,,,,,,,,,,,,,,,,,,,,3074.0,3736.0,4127.0,4304.0,4400.0,4508.0,4603.0,4667.0,4713.0,4743.0,4765.0,4783.0,4803.0,4816.0,4827.0,4846.0,4864.0,4879.0,4889.0,4899.0,,,,,,,,,4973.0,4974.0,4980.0,4984.0,4987.0,4989.0,4993.0,4998.0,5003.0,5005.0,5011.0,5011.0,5014.0,5019.0,5024.0,5026.0,5030.0,5030.0,5032.0,5032.0,5033.0,5034.0,5036.0,5037.0,5042.0,5043.0,5045.0,5046.0,5048.0,5050.0,5052.0,5052.0,5055.0,5056.0,5056.0,5058.0,5062.0,5063.0,5063.0,5064.0,5064.0,5065.0,5066.0,5069.0,5069.0,5069.0,5070.0,5071.0,5071
c560tjMoa_s,,,,,,,,,,,,,,,,,,,,,,,,,,,,,,,,,,,,,,,,,,,,,,,,,,,,,,,,,,,,,,,,,,,,,,,,,,,,,,,,,,,,,,,,,,,,,,,,,,,,,,,,,,,,,,,,,,,3030.0,8682.0,12226.0,14479.0,16122.0,17624.0,18990.0,19537.0,19873.0,20119.0,20215.0,20281.0,20351.0,20436.0,20499.0,20556.0,20629.0,20686.0,20730.0,20759.0,,,,,,,,,21099.0,21117.0,21130.0,21147.0,21162.0,21176.0,21195.0,21205.0,21212.0,21223.0,21237.0,21248.0,21261.0,21276.0,21297.0,21320.0,21332.0,21340.0,21344.0,21349.0,21357.0,21366.0,21376.0,21379.0,21385.0,21395.0,21397.0,21400.0,21408.0,21417.0,21420.0,21422.0,21426.0,21431.0,21435.0,21438.0,21443.0,21445.0,21445.0,21445.0,21446.0,21449.0,21450.0,21452.0,21456.0,21459.0,21461.0,21462.0,21465
P2wy7ZTH_Kk,,,,,,,,,,,,,,,,,,,,,,,,,,,,,,,,,,,,,,,,,,,,,,,,,,,,,,,,,,,,,,,,,,,,,,,,,,,,,,,,,,,,,,,,,,,,,,,,,,,,,,,,,,,,,,,,,,,2650.0,3676.0,4338.0,4767.0,5153.0,5392.0,5568.0,5700.0,5796.0,5895.0,6004.0,6093.0,6187.0,6269.0,6341.0,6409.0,6500.0,6612.0,6711.0,6799.0,,,,,,,,,7594.0,7655.0,7720.0,7803.0,7886.0,8025.0,8159.0,8277.0,8454.0,8654.0,8866.0,9047.0,9297.0,9493.0,9654.0,9777.0,9963.0,10148.0,10266.0,10367.0,10521.0,10680.0,10761.0,10839.0,10939.0,11031.0,11122.0,11229.0,11344.0,11512.0,11604.0,11768.0,11815.0,11903.0,11983.0,12033.0,12083.0,12146.0,12184.0,12255.0,12318.0,12390.0,12449.0,12491.0,12554.0,12598.0,12660.0,12711.0,12762
WaShlIYnli4,,,,,,,,,,,,,,,,,,,,,,,,,,,,,,,,,,,,,,,,,,,,,,,,,,,,,,,,,,,,,,,,,,,,,,,,,,,,,,,,,,,,,,,,,,,,,,,,,,,,,,,,,,,,,,,,,,,,10419.0,113545.0,330345.0,677290.0,1176574.0,1216158.0,1308466.0,1389869.0,1478113.0,1568727.0,1571130.0,1570771.0,1570742.0,1570809.0,1570899.0,1570960.0,1571032.0,1571091.0,1571147.0,,,,,,,,,3174629.0,3448752.0,3448751.0,3448562.0,3448332.0,3448361.0,3448405.0,3448422.0,3448456.0,3448489.0,3448618.0,3448727.0,3448826.0,3448884.0,3448990.0,3449071.0,3449121.0,3449151.0,3449199.0,3449227.0,3449257.0,3449288.0,3449313.0,3449335.0,3449370.0,3449390.0,3449402.0,3449425.0,3449444.0,3449478.0,3449497.0,3449529.0,3449560.0,3449582.0,3449596.0,3449616.0,3449641.0,3449662.0,3449683.0,3449704.0,3449735.0,3449759.0,3449788.0,3449804.0,3449815.0,3449845.0,3449883.0,3449928.0,3449948
my41W995CAk,,,,,,,,,,,,,,,,,,,,,,,,,,,,,,,,,,,,,,,,,,,,,,,,,,,,,,,,,,,,,,,,,,,,,,,,,,,,,,,,,,,,,,,,,,,,,,,,,,,,,,,,,,,,,,,,,,,,,274444.0,274883.0,275395.0,275955.0,276624.0,277069.0,277529.0,277941.0,278471.0,279047.0,279577.0,280084.0,280597.0,280966.0,281408.0,281939.0,282495.0,282986.0,,,,,,,,,287090.0,287545.0,287931.0,288319.0,288758.0,289204.0,289609.0,289919.0,290309.0,290641.0,291038.0,291480.0,291936.0,292460.0,292885.0,293205.0,293556.0,293945.0,294308.0,294673.0,295008.0,295260.0,295541.0,295775.0,295925.0,296098.0,296265.0,296422.0,296588.0,296702.0,296830.0,297029.0,297185.0,297339.0,297525.0,297700.0,297865.0,298006.0,298144.0,298335.0,298505.0,298707.0,298932.0,299059.0,299188.0,299345.0,299457.0,299645.0,299786
UpGEn4SkSY0,,,,,,,,,,,,,,,,,,,,,,,,,,,,,,,,,,,,,,,,,,,,,,,,,,,,,,,,,,,,,,,,,,,,,,,,,,,,,,,,,,,,,,,,,,,,,,,,,,,,,,,,,,,,,,,,,,,,,20976.0,69660.0,238606.0,471047.0,819763.0,1180654.0,1541843.0,1889873.0,2236990.0,2562327.0,2889862.0,3218576.0,3548387.0,3869394.0,4176211.0,4477916.0,4646971.0,4651732.0,,,,,,,,,4685358.0,4688199.0,4691033.0,4693906.0,4696639.0,4698966.0,4701316.0,4703199.0,4705422.0,4707819.0,4710205.0,4712479.0,4714353.0,4716323.0,4718024.0,4719600.0,4721248.0,4722939.0,4724617.0,4726173.0,4727627.0,4729000.0,4730264.0,4731503.0,4732735.0,4733943.0,4735133.0,4736273.0,4737245.0,4738317.0,4739428.0,4740496.0,4741605.0,4742641.0,4743701.0,4744554.0,4745547.0,4746593.0,4747700.0,4748821.0,4750023.0,4751010.0,4752116.0,4753106.0,4754125.0,4755170.0,4756093.0,4756913.0,4757802
pIYotnwz7wM,,,,,,,,,,,,,,,,,,,,,,,,,,,,,,,,,,,,,,,,,,,,,,,,,,,,,,,,,,,,,,,,,,,,,,,,,,,,,,,,,,,,,,,,,,,,,,,,,,,,,,,,,,,,,,,,,,,,,373.0,1346.0,3842.0,5347.0,6979.0,8879.0,11032.0,14693.0,16168.0,16764.0,17160.0,17592.0,17960.0,18256.0,18517.0,18844.0,19132.0,19423.0,,,,,,,,,21089.0,21212.0,21358.0,21533.0,21764.0,21928.0,22106.0,22249.0,22405.0,22614.0,22909.0,23154.0,23410.0,23597.0,23777.0,23880.0,24038.0,24158.0,24314.0,24441.0,24554.0,24651.0,24749.0,24827.0,24904.0,24980.0,25069.0,25160.0,25232.0,25300.0,25404.0,25494.0,25596.0,25676.0,25731.0,25794.0,25837.0,25905.0,25971.0,26030.0,26115.0,26205.0,26266.0,26333.0,26414.0,26516.0,26578.0,26695.0,26768
gVxoTSUnB0E,,,,,,,,,,,,,,,,,,,,,,,,,,,,,,,,,,,,,,,,,,,,,,,,,,,,,,,,,,,,,,,,,,,,,,,,,,,,,,,,,,,,,,,,,,,,,,,,,,,,,,,,,,,,,,,,,,,,,2091.0,4724.0,5983.0,6771.0,7660.0,8562.0,9332.0,10348.0,11031.0,11622.0,12115.0,12555.0,12923.0,13285.0,13621.0,13983.0,14298.0,14610.0,,,,,,,,,16689.0,16838.0,16992.0,17179.0,17327.0,17460.0,17588.0,17740.0,17879.0,18020.0,18131.0,18245.0,18357.0,18482.0,18587.0,18674.0,18792.0,18926.0,19035.0,19149.0,19254.0,19354.0,19427.0,19534.0,19624.0,19703.0,19809.0,19899.0,19973.0,20038.0,20119.0,20192.0,20282.0,20353.0,20431.0,20494.0,20542.0,20598.0,20654.0,20731.0,20808.0,20860.0,20917.0,20979.0,21039.0,21101.0,21175.0,21238.0,21298
wniN-2kFKRc,,,,,,,,,,,,,,,,,,,,,,,,,,,,,,,,,,,,,,,,,,,,,,,,,,,,,,,,,,,,,,,,,,,,,,,,,,,,,,,,,,,,,,,,,,,,,,,,,,,,,,,,,,,,,,,,,,,,,249063.0,1014434.0,1421168.0,1956961.0,2562300.0,5875739.0,6771322.0,7674814.0,8470698.0,8826771.0,9060458.0,9378434.0,9677660.0,10028616.0,10335654.0,10667171.0,10747740.0,10817851.0,,,,,,,,,13472496.0,14147193.0,14193248.0,14229337.0,14263174.0,14297783.0,14332411.0,14362555.0,14390518.0,14415775.0,14436064.0,14455552.0,14476982.0,14497173.0,14516898.0,14535477.0,14552990.0,14571032.0,14589496.0,14606320.0,14625184.0,14645114.0,14663159.0,14680195.0,14696383.0,14712234.0,14727560.0,14742599.0,14756515.0,14771192.0,14785501.0,14800272.0,14814863.0,14828455.0,14841573.0,14855695.0,14871395.0,14885003.0,14898766.0,14910982.0,14922523.0,14933689.0,14946063.0,14958506.0,14970445.0,14981526.0,14992372.0,15002708.0,15011362
-krdLtUVFkM,,,,,,,,,,,,,,,,,,,,,,,,,,,,,,,,,,,,,,,,,,,,,,,,,,,,,,,,,,,,,,,,,,,,,,,,,,,,,,,,,,,,,,,,,,,,,,,,,,,,,,,,,,,,,,,,,,,,,38525.0,50688.0,55172.0,57736.0,59645.0,60997.0,61979.0,62463.0,62879.0,63262.0,63572.0,63837.0,64180.0,64504.0,64765.0,64968.0,65173.0,65317.0,,,,,,,,,66645.0,66782.0,66964.0,67065.0,67195.0,67330.0,67401.0,67468.0,67558.0,67637.0,67738.0,68030.0,68209.0,68346.0,68459.0,68561.0,68639.0,68724.0,68791.0,68834.0,68880.0,68937.0,68994.0,69069.0,69125.0,69173.0,69194.0,69222.0,69261.0,69291.0,69318.0,69355.0,69388.0,69401.0,69426.0,69451.0,69490.0,69523.0,69552.0,69587.0,69613.0,69665.0,69700.0,69741.0,69751.0,69785.0,69811.0,69837.0,69867
HevHGwWpu4I,,,,,,,,,,,,,,,,,,,,,,,,,,,,,,,,,,,,,,,,,,,,,,,,,,,,,,,,,,,,,,,,,,,,,,,,,,,,,,,,,,,,,,,,,,,,,,,,,,,,,,,,,,,,,,,,,,,,,317835.0,319081.0,320285.0,321343.0,322547.0,323603.0,324647.0,325768.0,326867.0,327949.0,329084.0,330405.0,331714.0,332903.0,334092.0,335189.0,336366.0,337437.0,,,,,,,,,348030.0,349454.0,350796.0,351992.0,353039.0,354018.0,355032.0,356160.0,357375.0,358369.0,359256.0,360290.0,361382.0,362346.0,363291.0,364246.0,365222.0,366091.0,366982.0,367976.0,368788.0,369810.0,370851.0,371733.0,372599.0,373391.0,374242.0,375073.0,375719.0,376708.0,377562.0,378340.0,379186.0,380058.0,380884.0,381716.0,382605.0,383519.0,384421.0,385273.0,386214.0,387071.0,387928.0,388919.0,389849.0,390754.0,391704.0,392469.0,393428
duENEX5lVi8,,,,,,,,,,,,,,,,,,,,,,,,,,,,,,,,,,,,,,,,,,,,,,,,,,,,,,,,,,,,,,,,,,,,,,,,,,,,,,,,,,,,,,,,,,,,,,,,,,,,,,,,,,,,,,,,,,,,,964320.0,965609.0,966886.0,968157.0,969387.0,970581.0,971718.0,972837.0,974113.0,975324.0,976508.0,977833.0,979206.0,980508.0,981947.0,983083.0,984399.0,985636.0,,,,,,,,,997536.0,999101.0,1000839.0,1002210.0,1003383.0,1004568.0,1005610.0,1006797.0,1007948.0,1008939.0,1010021.0,1011060.0,1012140.0,1013303.0,1014359.0,1015512.0,1016618.0,1017616.0,1018702.0,1019721.0,1020746.0,1021856.0,1023050.0,1024089.0,1025090.0,1026088.0,1027126.0,1028121.0,1029139.0,1030221.0,1031239.0,1032174.0,1033183.0,1034144.0,1035214.0,1036285.0,1037318.0,1038339.0,1039398.0,1040509.0,1041616.0,1042718.0,1043766.0,1044887.0,1046062.0,1047215.0,1048251.0,1049461.0,1050561
nT9nuwX1AM8,,,,,,,,,,,,,,,,,,,,,,,,,,,,,,,,,,,,,,,,,,,,,,,,,,,,,,,,,,,,,,,,,,,,,,,,,,,,,,,,,,,,,,,,,,,,,,,,,,,,,,,,,,,,,,,,,,,,,,399.0,1306.0,1365.0,1394.0,1420.0,1409.0,1421.0,1433.0,1439.0,1444.0,1446.0,1447.0,1450.0,1454.0,1455.0,1458.0,1459.0,,,,,,,,,1502.0,1502.0,1506.0,1509.0,1513.0,1517.0,1518.0,1522.0,1526.0,1526.0,1528.0,1531.0,1532.0,1538.0,1543.0,1544.0,1545.0,1547.0,1547.0,1548.0,1549.0,1551.0,1551.0,1551.0,1551.0,1551.0,1551.0,1551.0,1551.0,1551.0,1551.0,1551.0,1552.0,1552.0,1552.0,1552.0,1553.0,1554.0,1554.0,1555.0,1555.0,1555.0,1555.0,1555.0,1555.0,1555.0,1556.0,1556.0,1556
Pb7iNjAj5EE,,,,,,,,,,,,,,,,,,,,,,,,,,,,,,,,,,,,,,,,,,,,,,,,,,,,,,,,,,,,,,,,,,,,,,,,,,,,,,,,,,,,,,,,,,,,,,,,,,,,,,,,,,,,,,,,,,,,,,175455.0,176277.0,176815.0,177553.0,178165.0,178982.0,179672.0,180321.0,180946.0,181547.0,182270.0,182966.0,183596.0,184149.0,184716.0,185217.0,185743.0,,,,,,,,,191899.0,193003.0,194003.0,195000.0,196265.0,197401.0,198876.0,200218.0,201162.0,201771.0,202410.0,203396.0,204383.0,205288.0,206207.0,207139.0,207852.0,208397.0,209061.0,209630.0,210064.0,210544.0,211027.0,211398.0,211841.0,212285.0,212719.0,213130.0,213611.0,214023.0,214430.0,214792.0,215226.0,215638.0,216035.0,216503.0,216970.0,217352.0,217780.0,218196.0,218662.0,219073.0,219617.0,220095.0,220509.0,220907.0,221428.0,221844.0,222255
yCXbUIlWzHo,,,,,,,,,,,,,,,,,,,,,,,,,,,,,,,,,,,,,,,,,,,,,,,,,,,,,,,,,,,,,,,,,,,,,,,,,,,,,,,,,,,,,,,,,,,,,,,,,,,,,,,,,,,,,,,,,,,,,,1478.0,1862.0,2061.0,2183.0,2255.0,2283.0,2302.0,2340.0,2362.0,2389.0,2408.0,2420.0,2431.0,2455.0,2480.0,2488.0,2509.0,,,,,,,,,2641.0,2665.0,2702.0,2727.0,2757.0,2800.0,2817.0,2835.0,2852.0,2864.0,2879.0,2887.0,2894.0,2896.0,2903.0,2908.0,2908.0,2916.0,2919.0,2921.0,2921.0,2929.0,2956.0,2962.0,2970.0,2978.0,2983.0,2983.0,2983.0,2984.0,2988.0,2995.0,2998.0,2999.0,3000.0,3005.0,3009.0,3009.0,3010.0,3010.0,3012.0,3010.0,3013.0,3015.0,3015.0,3017.0,3018.0,3019.0,3019
jdGttkyk224,,,,,,,,,,,,,,,,,,,,,,,,,,,,,,,,,,,,,,,,,,,,,,,,,,,,,,,,,,,,,,,,,,,,,,,,,,,,,,,,,,,,,,,,,,,,,,,,,,,,,,,,,,,,,,,,,,,,,,,1122.0,1365.0,1497.0,1571.0,1618.0,1673.0,1703.0,1744.0,1775.0,1806.0,1827.0,1849.0,1874.0,1896.0,1919.0,1938.0,,,,,,,,,2144.0,2203.0,2234.0,2252.0,2274.0,2295.0,2328.0,2347.0,2367.0,2387.0,2414.0,2425.0,2444.0,2468.0,2488.0,2502.0,2516.0,2538.0,2553.0,2575.0,2588.0,2611.0,2621.0,2633.0,2652.0,2675.0,2691.0,2717.0,2724.0,2742.0,2755.0,2776.0,2791.0,2804.0,2812.0,2828.0,2834.0,2855.0,2870.0,2878.0,2893.0,2901.0,2920.0,2935.0,2960.0,2974.0,2986.0,2998.0,3012
N_RekO19AiE,,,,,,,,,,,,,,,,,,,,,,,,,,,,,,,,,,,,,,,,,,,,,,,,,,,,,,,,,,,,,,,,,,,,,,,,,,,,,,,,,,,,,,,,,,,,,,,,,,,,,,,,,,,,,,,,,,,,,,,36794.0,104014.0,147189.0,182263.0,210020.0,233741.0,257892.0,278383.0,294507.0,309924.0,323566.0,335287.0,347694.0,358528.0,368836.0,378565.0,,,,,,,,,445618.0,451698.0,457078.0,462020.0,467029.0,472551.0,477711.0,483039.0,487792.0,492079.0,496478.0,500856.0,505505.0,509802.0,513926.0,518502.0,522695.0,527010.0,531557.0,535511.0,539162.0,542840.0,546608.0,550152.0,553456.0,557035.0,560878.0,564750.0,568605.0,572543.0,576273.0,579875.0,583847.0,586290.0,588913.0,591423.0,594358.0,597176.0,600249.0,602751.0,605257.0,607374.0,610034.0,612555.0,614909.0,617694.0,619903.0,622126.0,624562
BtqE3EubSpo,,,,,,,,,,,,,,,,,,,,,,,,,,,,,,,,,,,,,,,,,,,,,,,,,,,,,,,,,,,,,,,,,,,,,,,,,,,,,,,,,,,,,,,,,,,,,,,,,,,,,,,,,,,,,,,,,,,,,,,853.0,3950.0,6501.0,10568.0,13690.0,16295.0,18533.0,20876.0,22409.0,24271.0,25654.0,26711.0,27781.0,29049.0,30213.0,31218.0,,,,,,,,,44075.0,45288.0,46466.0,47816.0,49208.0,50930.0,52479.0,53885.0,55146.0,56300.0,57895.0,59657.0,60913.0,62768.0,64897.0,66367.0,68440.0,70480.0,71895.0,72823.0,73669.0,74424.0,75272.0,76349.0,78228.0,81864.0,83742.0,86216.0,88533.0,91243.0,93991.0,96364.0,98699.0,100031.0,101136.0,101721.0,102271.0,102858.0,103454.0,103904.0,104363.0,104791.0,105150.0,105437.0,105786.0,106050.0,106252.0,106395.0,106518
cvTUR7hW8t4,,,,,,,,,,,,,,,,,,,,,,,,,,,,,,,,,,,,,,,,,,,,,,,,,,,,,,,,,,,,,,,,,,,,,,,,,,,,,,,,,,,,,,,,,,,,,,,,,,,,,,,,,,,,,,,,,,,,,,,416.0,761.0,962.0,1056.0,1162.0,1267.0,1425.0,1499.0,1587.0,1700.0,1800.0,1860.0,1953.0,2034.0,2122.0,2218.0,,,,,,,,,3018.0,3125.0,3216.0,3340.0,3493.0,3748.0,3951.0,4218.0,4543.0,4732.0,4969.0,5221.0,5510.0,5766.0,6005.0,6166.0,6318.0,6462.0,6628.0,6708.0,6746.0,6777.0,6830.0,6875.0,6932.0,7000.0,7048.0,7086.0,7134.0,7163.0,7213.0,7251.0,7300.0,7314.0,7332.0,7339.0,7342.0,7351.0,7359.0,7363.0,7368.0,7375.0,7387.0,7396.0,7395.0,7405.0,7408.0,7422.0,7436
-8l5VneVfXc,,,,,,,,,,,,,,,,,,,,,,,,,,,,,,,,,,,,,,,,,,,,,,,,,,,,,,,,,,,,,,,,,,,,,,,,,,,,,,,,,,,,,,,,,,,,,,,,,,,,,,,,,,,,,,,,,,,,,,,298.0,725.0,1100.0,1921.0,2611.0,3499.0,4472.0,5370.0,6377.0,7383.0,8331.0,9316.0,10395.0,11450.0,12643.0,13580.0,,,,,,,,,26583.0,27779.0,29323.0,30843.0,32457.0,34807.0,36563.0,38291.0,39946.0,42139.0,44252.0,45866.0,47571.0,49217.0,50311.0,51528.0,53044.0,54429.0,55997.0,56915.0,57603.0,58310.0,58879.0,59464.0,60300.0,61116.0,61911.0,62769.0,63412.0,63968.0,64673.0,65312.0,66042.0,66331.0,66464.0,66575.0,66661.0,66736.0,66838.0,66956.0,67046.0,67128.0,67203.0,67250.0,67309.0,67370.0,67424.0,67471.0,67527
xLsufOSKMq0,,,,,,,,,,,,,,,,,,,,,,,,,,,,,,,,,,,,,,,,,,,,,,,,,,,,,,,,,,,,,,,,,,,,,,,,,,,,,,,,,,,,,,,,,,,,,,,,,,,,,,,,,,,,,,,,,,,,,,,186565.0,353886.0,550052.0,679796.0,759999.0,810416.0,924119.0,1011994.0,1120858.0,1244702.0,1321301.0,1361889.0,1380169.0,1400325.0,1428239.0,1451885.0,,,,,,,,,1599536.0,1607560.0,1617063.0,1627170.0,1636575.0,1644632.0,1651806.0,1658093.0,1664567.0,1671772.0,1679449.0,1687099.0,1694522.0,1700954.0,1706574.0,1711959.0,1718624.0,1725328.0,1731943.0,1738322.0,1744631.0,1750324.0,1755367.0,1761006.0,1766893.0,1772219.0,1777469.0,1782676.0,1786639.0,1790831.0,1795800.0,1800913.0,1806636.0,1811470.0,1816014.0,1819820.0,1823586.0,1827965.0,1832551.0,1837220.0,1841594.0,1845630.0,1849192.0,1853254.0,1857464.0,1861628.0,1865672.0,1870104.0,1874635
o5sF84zcRMw,,,,,,,,,,,,,,,,,,,,,,,,,,,,,,,,,,,,,,,,,,,,,,,,,,,,,,,,,,,,,,,,,,,,,,,,,,,,,,,,,,,,,,,,,,,,,,,,,,,,,,,,,,,,,,,,,,,,,,,1317838.0,1318230.0,1318498.0,1318805.0,1319192.0,1319517.0,1319891.0,1320163.0,1320467.0,1320706.0,1320946.0,1321187.0,1321441.0,1321634.0,1321855.0,1322184.0,,,,,,,,,1324236.0,1324382.0,1324536.0,1324710.0,1324860.0,1324982.0,1325146.0,1325268.0,1325423.0,1325607.0,1325724.0,1325891.0,1326027.0,1326154.0,1326284.0,1326409.0,1326554.0,1326688.0,1326823.0,1326954.0,1327103.0,1327327.0,1327492.0,1327629.0,1327786.0,1327926.0,1328067.0,1328260.0,1328402.0,1328545.0,1328678.0,1328832.0,1328988.0,1329188.0,1329378.0,1329568.0,1329722.0,1329873.0,1330031.0,1330172.0,1330332.0,1330472.0,1330631.0,1330772.0,1330963.0,1331095.0,1331250.0,1331389.0,1331535
4eXIkjFZs_g,,,,,,,,,,,,,,,,,,,,,,,,,,,,,,,,,,,,,,,,,,,,,,,,,,,,,,,,,,,,,,,,,,,,,,,,,,,,,,,,,,,,,,,,,,,,,,,,,,,,,,,,,,,,,,,,,,,,,,,3698645.0,3708557.0,3718260.0,3726177.0,3733385.0,3741431.0,3750968.0,3761175.0,3770417.0,3780343.0,3787843.0,3794681.0,3801735.0,3810024.0,3820189.0,3827282.0,,,,,,,,,3887399.0,3893093.0,3899513.0,3905357.0,3911071.0,3917174.0,3923104.0,3928222.0,3933471.0,3939336.0,3945438.0,3951359.0,3958041.0,3963656.0,3968826.0,3974383.0,3981182.0,3988152.0,3994744.0,4001184.0,4007824.0,4014755.0,4020940.0,4027767.0,4034559.0,4040688.0,4046646.0,4052343.0,4057078.0,4063856.0,4074323.0,4085334.0,4095322.0,4104028.0,4112858.0,4119501.0,4125979.0,4132482.0,4139239.0,4145242.0,4150944.0,4155988.0,4161042.0,4165392.0,4170341.0,4175325.0,4180160.0,4185540.0,4190459
w3zttRvDBms,,,,,,,,,,,,,,,,,,,,,,,,,,,,,,,,,,,,,,,,,,,,,,,,,,,,,,,,,,,,,,,,,,,,,,,,,,,,,,,,,,,,,,,,,,,,,,,,,,,,,,,,,,,,,,,,,,,,,,,57814.0,64275.0,69975.0,73920.0,76521.0,79370.0,81688.0,84205.0,86942.0,90223.0,93098.0,95378.0,98012.0,100298.0,102248.0,104191.0,,,,,,,,,117644.0,119065.0,120575.0,122060.0,123527.0,124909.0,126341.0,127870.0,129448.0,130921.0,132261.0,133521.0,134918.0,136101.0,137218.0,138304.0,139520.0,140611.0,141765.0,142821.0,143690.0,144335.0,145348.0,146187.0,147239.0,148191.0,149104.0,149970.0,150741.0,151437.0,152425.0,153308.0,154206.0,155080.0,155824.0,156580.0,157187.0,157852.0,158570.0,159251.0,159934.0,160592.0,161236.0,161833.0,162495.0,163113.0,163743.0,164346.0,164920
aCYibt8Qsgg,,,,,,,,,,,,,,,,,,,,,,,,,,,,,,,,,,,,,,,,,,,,,,,,,,,,,,,,,,,,,,,,,,,,,,,,,,,,,,,,,,,,,,,,,,,,,,,,,,,,,,,,,,,,,,,,,,,,,,,70.0,70.0,70.0,71.0,71.0,71.0,74.0,74.0,74.0,74.0,74.0,76.0,76.0,76.0,76.0,76.0,,,,,,,,,80.0,80.0,80.0,80.0,80.0,80.0,80.0,83.0,83.0,85.0,85.0,85.0,85.0,85.0,85.0,85.0,85.0,85.0,85.0,85.0,85.0,85.0,86.0,86.0,86.0,86.0,87.0,87.0,88.0,88.0,89.0,89.0,91.0,91.0,91.0,91.0,91.0,91.0,91.0,93.0,95.0,96.0,96.0,97.0,99.0,100.0,100.0,100.0,100
zO7-cAQd9Ec,,,,,,,,,,,,,,,,,,,,,,,,,,,,,,,,,,,,,,,,,,,,,,,,,,,,,,,,,,,,,,,,,,,,,,,,,,,,,,,,,,,,,,,,,,,,,,,,,,,,,,,,,,,,,,,,,,,,,,,31021.0,31035.0,31045.0,31055.0,31070.0,31075.0,31091.0,31105.0,31119.0,31129.0,31137.0,31148.0,31159.0,31173.0,31179.0,31189.0,,,,,,,,,31288.0,31298.0,31311.0,31326.0,31340.0,31347.0,31361.0,31374.0,31384.0,31400.0,31419.0,31428.0,31430.0,31439.0,31443.0,31456.0,31462.0,31469.0,31481.0,31525.0,31542.0,31559.0,31577.0,31595.0,31615.0,31625.0,31643.0,31668.0,31698.0,31716.0,31729.0,31737.0,31755.0,31779.0,31788.0,31805.0,31829.0,31864.0,31893.0,31922.0,31975.0,32027.0,32084.0,32150.0,32209.0,32245.0,32293.0,32334.0,32496
2kjpmqEvGqE,,,,,,,,,,,,,,,,,,,,,,,,,,,,,,,,,,,,,,,,,,,,,,,,,,,,,,,,,,,,,,,,,,,,,,,,,,,,,,,,,,,,,,,,,,,,,,,,,,,,,,,,,,,,,,,,,,,,,,,,11220.0,17363.0,22702.0,27163.0,30923.0,33746.0,36167.0,38647.0,41129.0,43203.0,44816.0,46537.0,48249.0,49841.0,51461.0,,,,,,,,,62629.0,63694.0,65157.0,66376.0,67889.0,69448.0,70753.0,71779.0,73040.0,74112.0,75293.0,76526.0,77884.0,79117.0,80252.0,81401.0,82745.0,83920.0,85021.0,85878.0,86613.0,87439.0,88113.0,88941.0,89695.0,90581.0,91346.0,92238.0,93064.0,93780.0,94559.0,95382.0,96201.0,96745.0,97111.0,97456.0,97741.0,98072.0,98407.0,98726.0,99068.0,99426.0,99707.0,99978.0,100326.0,100637.0,100931.0,101293.0,101625
1fMCgHfX1Hw,,,,,,,,,,,,,,,,,,,,,,,,,,,,,,,,,,,,,,,,,,,,,,,,,,,,,,,,,,,,,,,,,,,,,,,,,,,,,,,,,,,,,,,,,,,,,,,,,,,,,,,,,,,,,,,,,,,,,,,,4980.0,5394.0,6045.0,6561.0,6881.0,7126.0,7336.0,7447.0,7593.0,7678.0,7767.0,7836.0,7946.0,8017.0,8140.0,,,,,,,,,8752.0,8803.0,8828.0,8872.0,8893.0,8926.0,8947.0,8972.0,9000.0,9017.0,9045.0,9060.0,9076.0,9088.0,9103.0,9121.0,9135.0,9147.0,9158.0,9176.0,9197.0,9206.0,9220.0,9238.0,9250.0,9268.0,9283.0,9295.0,9307.0,9317.0,9331.0,9340.0,9345.0,9357.0,9372.0,9391.0,9405.0,9425.0,9445.0,9458.0,9470.0,9482.0,9492.0,9506.0,9522.0,9532.0,9543.0,9564.0,9574
aY7hdsPoRso,,,,,,,,,,,,,,,,,,,,,,,,,,,,,,,,,,,,,,,,,,,,,,,,,,,,,,,,,,,,,,,,,,,,,,,,,,,,,,,,,,,,,,,,,,,,,,,,,,,,,,,,,,,,,,,,,,,,,,,,4619306.0,4626758.0,4634966.0,4642412.0,4649131.0,4656154.0,4663049.0,4670491.0,4678258.0,4686532.0,4694273.0,4701361.0,4708359.0,4715267.0,4721414.0,,,,,,,,,4775534.0,4781553.0,4787435.0,4792571.0,4797704.0,4801922.0,4809600.0,4816951.0,4823841.0,4830614.0,4837534.0,4843709.0,4850407.0,4856699.0,4862997.0,4868948.0,4874359.0,4879513.0,4884996.0,4891227.0,4897708.0,4904698.0,4911226.0,4917026.0,4923398.0,4929215.0,4935021.0,4941005.0,4947384.0,4953177.0,4958890.0,4965059.0,4970927.0,4976640.0,4982288.0,4987668.0,4992870.0,4997807.0,5003008.0,5008162.0,5013389.0,5018972.0,5024388.0,5029684.0,5034633.0,5039677.0,5044851.0,5050049.0,5055360
uK1LB1DFbC4,,,,,,,,,,,,,,,,,,,,,,,,,,,,,,,,,,,,,,,,,,,,,,,,,,,,,,,,,,,,,,,,,,,,,,,,,,,,,,,,,,,,,,,,,,,,,,,,,,,,,,,,,,,,,,,,,,,,,,,,2704.0,2711.0,2719.0,2723.0,2728.0,2733.0,2744.0,2758.0,2765.0,2773.0,2779.0,2784.0,2796.0,2813.0,2822.0,,,,,,,,,2937.0,2942.0,2949.0,2959.0,2969.0,2980.0,3002.0,3019.0,3033.0,3046.0,3050.0,3057.0,3065.0,3070.0,3078.0,3092.0,3107.0,3110.0,3112.0,3115.0,3116.0,3123.0,3128.0,3133.0,3137.0,3139.0,3140.0,3143.0,3146.0,3150.0,3158.0,3163.0,3167.0,3169.0,3173.0,3179.0,3184.0,3188.0,3189.0,3192.0,3195.0,3199.0,3205.0,3214.0,3217.0,3223.0,3226.0,3233.0,3236
qXkwONQ-3vw,,,,,,,,,,,,,,,,,,,,,,,,,,,,,,,,,,,,,,,,,,,,,,,,,,,,,,,,,,,,,,,,,,,,,,,,,,,,,,,,,,,,,,,,,,,,,,,,,,,,,,,,,,,,,,,,,,,,,,,,65.0,114.0,137.0,139.0,139.0,141.0,145.0,145.0,145.0,146.0,148.0,148.0,148.0,148.0,150.0,,,,,,,,,154.0,154.0,154.0,154.0,154.0,154.0,154.0,154.0,154.0,154.0,154.0,154.0,154.0,154.0,154.0,154.0,154.0,154.0,154.0,154.0,154.0,155.0,155.0,155.0,155.0,155.0,155.0,155.0,155.0,155.0,155.0,155.0,155.0,156.0,156.0,156.0,157.0,157.0,157.0,157.0,158.0,157.0,158.0,159.0,159.0,159.0,159.0,159.0,159
tBbKsf_BoPs,,,,,,,,,,,,,,,,,,,,,,,,,,,,,,,,,,,,,,,,,,,,,,,,,,,,,,,,,,,,,,,,,,,,,,,,,,,,,,,,,,,,,,,,,,,,,,,,,,,,,,,,,,,,,,,,,,,,,,,,5671.0,15272.0,22144.0,26563.0,30062.0,33439.0,36470.0,39264.0,42037.0,44280.0,46230.0,47940.0,49656.0,51567.0,53294.0,,,,,,,,,67194.0,68448.0,69811.0,71221.0,72532.0,74019.0,75299.0,76490.0,77696.0,78881.0,80011.0,81112.0,82501.0,83758.0,84925.0,85895.0,86905.0,88036.0,89118.0,89976.0,90701.0,91428.0,92075.0,92846.0,93564.0,94299.0,95071.0,95831.0,96579.0,97284.0,97997.0,98655.0,99457.0,99825.0,100042.0,100230.0,100439.0,100593.0,100777.0,100989.0,101218.0,101403.0,101544.0,101725.0,101912.0,102106.0,102272.0,102441.0,102599
R7NvdRieZrQ,,,,,,,,,,,,,,,,,,,,,,,,,,,,,,,,,,,,,,,,,,,,,,,,,,,,,,,,,,,,,,,,,,,,,,,,,,,,,,,,,,,,,,,,,,,,,,,,,,,,,,,,,,,,,,,,,,,,,,,,67050.0,72326.0,77650.0,80170.0,81934.0,83316.0,85100.0,86442.0,87542.0,88692.0,89423.0,90105.0,90792.0,91407.0,92024.0,,,,,,,,,98040.0,98867.0,100201.0,101191.0,101786.0,102330.0,102863.0,103267.0,103746.0,104053.0,104340.0,104635.0,104905.0,105151.0,105405.0,105704.0,105915.0,106143.0,106362.0,106550.0,106681.0,106926.0,107172.0,107372.0,107571.0,107781.0,107989.0,108159.0,108311.0,108467.0,108675.0,108893.0,109179.0,109412.0,109558.0,109731.0,109877.0,109951.0,110049.0,110106.0,110146.0,110198.0,110245.0,110268.0,110297.0,110331.0,110355.0,110386.0,110416
JU-VFHIcpig,,,,,,,,,,,,,,,,,,,,,,,,,,,,,,,,,,,,,,,,,,,,,,,,,,,,,,,,,,,,,,,,,,,,,,,,,,,,,,,,,,,,,,,,,,,,,,,,,,,,,,,,,,,,,,,,,,,,,,,,186184.0,186883.0,187595.0,188517.0,189345.0,190181.0,190799.0,191306.0,191730.0,192177.0,192646.0,193153.0,193599.0,193986.0,194340.0,,,,,,,,,201695.0,202027.0,202290.0,202498.0,202681.0,202849.0,202982.0,203129.0,203297.0,203431.0,203559.0,203670.0,203793.0,203883.0,204002.0,204142.0,204227.0,204295.0,204372.0,204427.0,204486.0,204572.0,204683.0,204758.0,204828.0,204888.0,204941.0,205006.0,205078.0,205160.0,205229.0,205305.0,205393.0,205460.0,205518.0,205573.0,205651.0,205703.0,205757.0,205812.0,205867.0,205903.0,205970.0,206032.0,206076.0,206123.0,206166.0,206230.0,206267
b9FMKPWLj7Y,,,,,,,,,,,,,,,,,,,,,,,,,,,,,,,,,,,,,,,,,,,,,,,,,,,,,,,,,,,,,,,,,,,,,,,,,,,,,,,,,,,,,,,,,,,,,,,,,,,,,,,,,,,,,,,,,,,,,,,,,651124.0,651944.0,652709.0,653536.0,654327.0,655269.0,656249.0,657346.0,658458.0,659492.0,660706.0,661892.0,663076.0,664197.0,,,,,,,,,674982.0,676202.0,677759.0,679222.0,680938.0,682993.0,684987.0,686912.0,689137.0,691459.0,694051.0,696862.0,699498.0,702271.0,704424.0,706928.0,709815.0,713300.0,715640.0,716868.0,718207.0,719278.0,720163.0,721305.0,722409.0,723620.0,724734.0,725987.0,726969.0,727791.0,728775.0,729707.0,730719.0,731610.0,732732.0,733711.0,734446.0,735342.0,736168.0,737098.0,738148.0,739077.0,740123.0,740879.0,741921.0,742865.0,743493.0,744113.0,744713
DcxiggTs_q4,,,,,,,,,,,,,,,,,,,,,,,,,,,,,,,,,,,,,,,,,,,,,,,,,,,,,,,,,,,,,,,,,,,,,,,,,,,,,,,,,,,,,,,,,,,,,,,,,,,,,,,,,,,,,,,,,,,,,,,,,167154.0,15758552.0,22460805.0,22698784.0,22845831.0,22988095.0,23103035.0,23214746.0,23310713.0,23384076.0,23439250.0,23521518.0,23604954.0,23678792.0,,,,,,,,,24267322.0,24301739.0,24331352.0,24354353.0,24377850.0,24401542.0,24429232.0,24456029.0,24629887.0,24650385.0,24789420.0,25004493.0,25132498.0,25235026.0,25032232.0,25048711.0,25096838.0,25117891.0,25089463.0,25165267.0,25175228.0,25179741.0,25192813.0,25106104.0,25118057.0,25134395.0,25148921.0,25164248.0,25177230.0,25195084.0,25210495.0,25223200.0,25233988.0,25240233.0,25247663.0,25255239.0,25262699.0,25268878.0,25275300.0,25281709.0,25287802.0,25293853.0,25300624.0,25307323.0,25313127.0,25318968.0,25325064.0,25331037.0,25336823
PnN_xS6n9uI,,,,,,,,,,,,,,,,,,,,,,,,,,,,,,,,,,,,,,,,,,,,,,,,,,,,,,,,,,,,,,,,,,,,,,,,,,,,,,,,,,,,,,,,,,,,,,,,,,,,,,,,,,,,,,,,,,,,,,,,,229330.0,256711.0,272420.0,282632.0,292843.0,303816.0,318482.0,347973.0,365943.0,369939.0,372031.0,373978.0,375313.0,376237.0,,,,,,,,,381716.0,382250.0,382550.0,382850.0,383142.0,383363.0,383627.0,383905.0,384253.0,384481.0,384634.0,384859.0,385138.0,385383.0,385668.0,385956.0,386149.0,386307.0,386479.0,386624.0,386787.0,387030.0,387258.0,387443.0,387586.0,387906.0,388121.0,388325.0,388568.0,388780.0,388955.0,389107.0,389261.0,389386.0,389513.0,389686.0,389883.0,390010.0,390145.0,390307.0,390434.0,390586.0,390798.0,390985.0,391115.0,391253.0,391404.0,391536.0,391705
MDheFiyrrIE,,,,,,,,,,,,,,,,,,,,,,,,,,,,,,,,,,,,,,,,,,,,,,,,,,,,,,,,,,,,,,,,,,,,,,,,,,,,,,,,,,,,,,,,,,,,,,,,,,,,,,,,,,,,,,,,,,,,,,,,,86461.0,87282.0,88223.0,88909.0,89571.0,90220.0,90986.0,91751.0,92310.0,92750.0,93208.0,93752.0,94380.0,95003.0,,,,,,,,,100203.0,100635.0,101105.0,101739.0,102274.0,102778.0,103286.0,103689.0,104249.0,104670.0,105159.0,105683.0,106351.0,107009.0,107644.0,108145.0,108649.0,109099.0,109536.0,109969.0,110426.0,110810.0,111269.0,111736.0,112270.0,112758.0,113291.0,113723.0,114186.0,114554.0,114929.0,115442.0,115922.0,116401.0,116860.0,117272.0,117679.0,118178.0,118739.0,119245.0,119832.0,120359.0,120835.0,121268.0,121818.0,122526.0,123151.0,123711.0,124346
RblIsNFR1j4,,,,,,,,,,,,,,,,,,,,,,,,,,,,,,,,,,,,,,,,,,,,,,,,,,,,,,,,,,,,,,,,,,,,,,,,,,,,,,,,,,,,,,,,,,,,,,,,,,,,,,,,,,,,,,,,,,,,,,,,,583120.0,944727.0,1219452.0,1426400.0,1853103.0,2362171.0,2987177.0,3542334.0,4065707.0,4623354.0,4987065.0,5116191.0,5221303.0,5306356.0,,,,,,,,,5867893.0,5916798.0,5963044.0,6006766.0,6053894.0,6098235.0,6147804.0,6194250.0,6240520.0,6280339.0,6321203.0,6362554.0,6400409.0,6439623.0,6478241.0,6517383.0,6553912.0,6592155.0,6627427.0,6654807.0,6679859.0,6705257.0,6728392.0,6757202.0,6782069.0,6806394.0,6830587.0,6856293.0,6882232.0,6906869.0,6929603.0,6952666.0,6975712.0,6995156.0,7014206.0,7032903.0,7050220.0,7066550.0,7084448.0,7102781.0,7120891.0,7138775.0,7157375.0,7174547.0,7191274.0,7207709.0,7225361.0,7244173.0,7262589
jNTcslJmUI0,,,,,,,,,,,,,,,,,,,,,,,,,,,,,,,,,,,,,,,,,,,,,,,,,,,,,,,,,,,,,,,,,,,,,,,,,,,,,,,,,,,,,,,,,,,,,,,,,,,,,,,,,,,,,,,,,,,,,,,,,1311.0,1444.0,1545.0,1609.0,1708.0,1761.0,1851.0,1914.0,2021.0,2168.0,2265.0,2370.0,2453.0,2506.0,,,,,,,,,3013.0,3021.0,3035.0,3050.0,3072.0,3084.0,3098.0,3114.0,3124.0,3128.0,3141.0,3144.0,3157.0,3159.0,3162.0,3168.0,3175.0,3182.0,3186.0,3188.0,3190.0,3193.0,3201.0,3204.0,3207.0,3212.0,3218.0,3222.0,3227.0,3229.0,3231.0,3233.0,3235.0,3237.0,3237.0,3237.0,3241.0,3243.0,3245.0,3246.0,3248.0,3253.0,3254.0,3258.0,3263.0,3268.0,3270.0,3277.0,3279
7pnr-MCMG7g,,,,,,,,,,,,,,,,,,,,,,,,,,,,,,,,,,,,,,,,,,,,,,,,,,,,,,,,,,,,,,,,,,,,,,,,,,,,,,,,,,,,,,,,,,,,,,,,,,,,,,,,,,,,,,,,,,,,,,,,,3763.0,4144.0,4380.0,4560.0,4703.0,4796.0,4853.0,4892.0,4928.0,4964.0,4978.0,4995.0,5006.0,5019.0,,,,,,,,,5074.0,5079.0,5082.0,5088.0,5092.0,5095.0,5101.0,5103.0,5105.0,5113.0,5119.0,5121.0,5124.0,5134.0,5138.0,5142.0,5144.0,5148.0,5150.0,5152.0,5158.0,5162.0,5166.0,5168.0,5170.0,5170.0,5171.0,5171.0,5174.0,5175.0,5175.0,5177.0,5179.0,5182.0,5184.0,5187.0,5187.0,5188.0,5190.0,5192.0,5192.0,5193.0,5195.0,5197.0,5196.0,5196.0,5196.0,5199.0,5201
kkux4QeH01Y,,,,,,,,,,,,,,,,,,,,,,,,,,,,,,,,,,,,,,,,,,,,,,,,,,,,,,,,,,,,,,,,,,,,,,,,,,,,,,,,,,,,,,,,,,,,,,,,,,,,,,,,,,,,,,,,,,,,,,,,,4761.0,6605.0,7895.0,9032.0,10060.0,10983.0,11893.0,12650.0,13470.0,14060.0,14719.0,15323.0,15866.0,16330.0,,,,,,,,,20158.0,20749.0,21347.0,21776.0,22282.0,22764.0,23160.0,23559.0,23895.0,24301.0,24695.0,25029.0,25377.0,25766.0,26033.0,26369.0,26759.0,27135.0,27450.0,27752.0,28020.0,28347.0,28637.0,28863.0,29152.0,29412.0,29633.0,30002.0,30255.0,30541.0,30842.0,31145.0,31393.0,31586.0,31734.0,31895.0,32033.0,32153.0,32312.0,32453.0,32572.0,32669.0,32798.0,32917.0,33041.0,33147.0,33260.0,33358.0,33470
ujdjAVt8Gac,,,,,,,,,,,,,,,,,,,,,,,,,,,,,,,,,,,,,,,,,,,,,,,,,,,,,,,,,,,,,,,,,,,,,,,,,,,,,,,,,,,,,,,,,,,,,,,,,,,,,,,,,,,,,,,,,,,,,,,,,125630.0,184688.0,225306.0,273503.0,311991.0,358001.0,403655.0,450946.0,494634.0,536530.0,581845.0,623535.0,664695.0,709709.0,,,,,,,,,1116631.0,1160748.0,1208275.0,1246848.0,1293641.0,1340514.0,1376056.0,1424562.0,1477523.0,1523047.0,1575658.0,1606247.0,1629097.0,1650768.0,1657548.0,1664645.0,1670907.0,1677703.0,1683445.0,1688679.0,1694501.0,1700121.0,1704799.0,1709295.0,1713562.0,1717758.0,1722352.0,1727443.0,1732140.0,1736450.0,1741086.0,1745606.0,1750289.0,1754427.0,1758848.0,1763404.0,1767094.0,1771040.0,1775664.0,1779667.0,1783910.0,1787983.0,1791944.0,1795195.0,1798805.0,1802195.0,1805577.0,1808940.0,1812404
qEB-yJJANHk,,,,,,,,,,,,,,,,,,,,,,,,,,,,,,,,,,,,,,,,,,,,,,,,,,,,,,,,,,,,,,,,,,,,,,,,,,,,,,,,,,,,,,,,,,,,,,,,,,,,,,,,,,,,,,,,,,,,,,,,,57.0,106.0,145.0,172.0,179.0,189.0,196.0,213.0,221.0,231.0,242.0,250.0,254.0,258.0,,,,,,,,,279.0,281.0,284.0,289.0,290.0,296.0,297.0,298.0,300.0,305.0,313.0,324.0,352.0,371.0,376.0,380.0,403.0,404.0,418.0,426.0,430.0,431.0,435.0,442.0,444.0,446.0,447.0,453.0,456.0,456.0,458.0,460.0,462.0,462.0,462.0,464.0,584.0,611.0,618.0,618.0,622.0,626.0,626.0,629.0,641.0,641.0,641.0,653.0,657
PVFWc26ws18,,,,,,,,,,,,,,,,,,,,,,,,,,,,,,,,,,,,,,,,,,,,,,,,,,,,,,,,,,,,,,,,,,,,,,,,,,,,,,,,,,,,,,,,,,,,,,,,,,,,,,,,,,,,,,,,,,,,,,,,,,75133.0,99100.0,108332.0,113840.0,118918.0,129221.0,141802.0,150621.0,157894.0,163247.0,168129.0,172710.0,175824.0,,,,,,,,,187734.0,188245.0,188676.0,189137.0,189643.0,190002.0,190264.0,190416.0,190606.0,190742.0,190957.0,191093.0,191279.0,191439.0,191566.0,191694.0,191826.0,191904.0,191987.0,192028.0,192143.0,192250.0,192380.0,192442.0,192486.0,192563.0,192651.0,192730.0,192802.0,192873.0,192928.0,193014.0,193073.0,193135.0,193185.0,193256.0,193297.0,193327.0,193371.0,193440.0,193493.0,193539.0,193588.0,193628.0,193700.0,193762.0,193797.0,193840.0,193872
C-amk5wW--4,,,,,,,,,,,,,,,,,,,,,,,,,,,,,,,,,,,,,,,,,,,,,,,,,,,,,,,,,,,,,,,,,,,,,,,,,,,,,,,,,,,,,,,,,,,,,,,,,,,,,,,,,,,,,,,,,,,,,,,,,,,,1040864.0,1040956.0,1041163.0,1041473.0,1041735.0,1041973.0,1042191.0,1042439.0,1042781.0,1043027.0,1043272.0,,,,,,,,,1044788.0,1044907.0,1045044.0,1045181.0,1045313.0,1045459.0,1045616.0,1045755.0,1045911.0,1046118.0,1046288.0,1046413.0,1046597.0,1046757.0,1046926.0,1047084.0,1047287.0,1047493.0,1047716.0,1047862.0,1047970.0,1048096.0,1048184.0,1048266.0,1048322.0,1048399.0,1048479.0,1048558.0,1048641.0,1048715.0,1048772.0,1048840.0,1048909.0,1048964.0,1049015.0,1049072.0,1049113.0,1049166.0,1049221.0,1049272.0,1049330.0,1049380.0,1049441.0,1049487.0,1049543.0,1049582.0,1049622.0,1049675.0,1049718
cPQniD4MB0w,,,,,,,,,,,,,,,,,,,,,,,,,,,,,,,,,,,,,,,,,,,,,,,,,,,,,,,,,,,,,,,,,,,,,,,,,,,,,,,,,,,,,,,,,,,,,,,,,,,,,,,,,,,,,,,,,,,,,,,,,,,,,2674.0,331082.0,516462.0,664037.0,1051322.0,1369405.0,1879318.0,2441834.0,2949325.0,3457033.0,,,,,,,,,8340381.0,8972698.0,9042175.0,9112473.0,9182179.0,9249607.0,9317949.0,9344782.0,9365674.0,9384478.0,9462762.0,9559228.0,9663776.0,9789657.0,9832287.0,9850930.0,9871005.0,9893407.0,9914584.0,9932886.0,9950800.0,9968695.0,9984624.0,9999717.0,10012705.0,10023854.0,10034586.0,10044747.0,10054572.0,10063838.0,10072797.0,10081496.0,10090230.0,10099468.0,10108855.0,10117951.0,10126269.0,10134747.0,10143305.0,10151866.0,10160417.0,10168322.0,10176089.0,10183558.0,10190912.0,10197884.0,10205328.0,10212630.0,10219882
xoybqzsv7C8,,,,,,,,,,,,,,,,,,,,,,,,,,,,,,,,,,,,,,,,,,,,,,,,,,,,,,,,,,,,,,,,,,,,,,,,,,,,,,,,,,,,,,,,,,,,,,,,,,,,,,,,,,,,,,,,,,,,,,,,,,,,,9883.0,9990.0,10074.0,10204.0,10304.0,10393.0,10799.0,10989.0,11171.0,11353.0,,,,,,,,,12446.0,12480.0,12503.0,12533.0,12557.0,12570.0,12578.0,12592.0,12600.0,12608.0,12618.0,12629.0,12646.0,12656.0,12667.0,12679.0,12689.0,12695.0,12701.0,12709.0,12714.0,12719.0,12721.0,12727.0,12731.0,12736.0,12742.0,12745.0,12752.0,12758.0,12763.0,12764.0,12765.0,12772.0,12776.0,12777.0,12781.0,12785.0,12789.0,12791.0,12796.0,12796.0,12800.0,12802.0,12804.0,12808.0,12810.0,12813.0,12815
h_S_Un3YoFo,,,,,,,,,,,,,,,,,,,,,,,,,,,,,,,,,,,,,,,,,,,,,,,,,,,,,,,,,,,,,,,,,,,,,,,,,,,,,,,,,,,,,,,,,,,,,,,,,,,,,,,,,,,,,,,,,,,,,,,,,,,,,3631593.0,5897650.0,6181400.0,6311142.0,6445366.0,6556228.0,6638303.0,6691384.0,6739008.0,6777522.0,,,,,,,,,7002529.0,7019176.0,7033820.0,7047219.0,7060119.0,7072051.0,7084093.0,7096431.0,7108834.0,7119604.0,7129776.0,7139770.0,7150865.0,7161776.0,7172662.0,7181342.0,7190028.0,7198358.0,7206081.0,7213343.0,7220403.0,7227438.0,7233947.0,7239445.0,7245002.0,7250188.0,7255553.0,7261427.0,7267292.0,7272811.0,7278182.0,7283682.0,7288905.0,7293990.0,7299681.0,7305509.0,7311252.0,7317106.0,7322851.0,7328105.0,7333400.0,7338653.0,7343810.0,7348519.0,7353382.0,7358347.0,7363271.0,7368282.0,7373527
y6QqoTAHXUs,,,,,,,,,,,,,,,,,,,,,,,,,,,,,,,,,,,,,,,,,,,,,,,,,,,,,,,,,,,,,,,,,,,,,,,,,,,,,,,,,,,,,,,,,,,,,,,,,,,,,,,,,,,,,,,,,,,,,,,,,,,,,1180445.0,1181545.0,1182743.0,1184065.0,1185173.0,1186268.0,1187679.0,1188946.0,1190554.0,1191838.0,,,,,,,,,1201879.0,1202835.0,1203887.0,1204978.0,1205994.0,1207211.0,1208158.0,1209179.0,1210190.0,1211334.0,1212497.0,1213530.0,1214898.0,1216228.0,1217299.0,1218222.0,1219325.0,1220534.0,1221864.0,1223206.0,1224470.0,1225598.0,1226653.0,1227823.0,1229131.0,1230257.0,1231443.0,1232795.0,1233861.0,1234896.0,1236088.0,1237338.0,1238451.0,1239573.0,1240718.0,1241657.0,1242806.0,1243968.0,1245314.0,1246662.0,1248279.0,1249643.0,1250882.0,1252059.0,1253260.0,1254576.0,1255823.0,1257049.0,1258179
n1eYWS7nK6Q,,,,,,,,,,,,,,,,,,,,,,,,,,,,,,,,,,,,,,,,,,,,,,,,,,,,,,,,,,,,,,,,,,,,,,,,,,,,,,,,,,,,,,,,,,,,,,,,,,,,,,,,,,,,,,,,,,,,,,,,,,,,,30555.0,38155.0,45081.0,53210.0,62442.0,70274.0,78742.0,87148.0,95305.0,102522.0,,,,,,,,,150063.0,154494.0,159276.0,163446.0,168233.0,172537.0,176401.0,179622.0,182911.0,187955.0,193052.0,197353.0,201870.0,205303.0,208575.0,211655.0,215708.0,219746.0,223732.0,226884.0,229483.0,231744.0,233782.0,236095.0,238318.0,240375.0,242473.0,244533.0,246633.0,248475.0,250677.0,252770.0,254619.0,255662.0,256654.0,257540.0,258289.0,259282.0,260156.0,260866.0,261832.0,262733.0,263378.0,264135.0,264837.0,265578.0,266556.0,267256.0,268123
ynBbxZqkcnU,,,,,,,,,,,,,,,,,,,,,,,,,,,,,,,,,,,,,,,,,,,,,,,,,,,,,,,,,,,,,,,,,,,,,,,,,,,,,,,,,,,,,,,,,,,,,,,,,,,,,,,,,,,,,,,,,,,,,,,,,,,,,240278.0,240525.0,240874.0,241180.0,241421.0,241687.0,241996.0,242243.0,242571.0,242897.0,,,,,,,,,245682.0,245973.0,246324.0,246676.0,246990.0,247370.0,247653.0,247932.0,248238.0,248579.0,248964.0,249314.0,249672.0,250069.0,250367.0,250670.0,250991.0,251369.0,251731.0,252094.0,252483.0,252850.0,253159.0,253464.0,253828.0,254189.0,254521.0,254891.0,255154.0,255453.0,255760.0,256130.0,256419.0,256695.0,256961.0,257191.0,257446.0,257714.0,258060.0,258410.0,258796.0,259126.0,259423.0,259676.0,259998.0,260310.0,260655.0,260981.0,261280
aZSTvZ_7RQ8,,,,,,,,,,,,,,,,,,,,,,,,,,,,,,,,,,,,,,,,,,,,,,,,,,,,,,,,,,,,,,,,,,,,,,,,,,,,,,,,,,,,,,,,,,,,,,,,,,,,,,,,,,,,,,,,,,,,,,,,,,,,,1250883.0,1271811.0,1295065.0,1320757.0,1354260.0,1387890.0,1415074.0,1440038.0,1460946.0,1482436.0,,,,,,,,,1678359.0,1703377.0,1723157.0,1740999.0,1757613.0,1774120.0,1791102.0,1825035.0,1850140.0,1869370.0,1885553.0,1904300.0,1922741.0,1939156.0,1959627.0,1979056.0,1994865.0,2008621.0,2022776.0,2035280.0,2047974.0,2064377.0,2080578.0,2093783.0,2105477.0,2116582.0,2127221.0,2138361.0,2151269.0,2165156.0,2176051.0,2186502.0,2197040.0,2207895.0,2218829.0,2231268.0,2242991.0,2252829.0,2261498.0,2270064.0,2278925.0,2287806.0,2297786.0,2308540.0,2317678.0,2325938.0,2334554.0,2343505.0,2352097
Gig7MHxXddI,,,,,,,,,,,,,,,,,,,,,,,,,,,,,,,,,,,,,,,,,,,,,,,,,,,,,,,,,,,,,,,,,,,,,,,,,,,,,,,,,,,,,,,,,,,,,,,,,,,,,,,,,,,,,,,,,,,,,,,,,,,,,1383717.0,1386787.0,1389730.0,1393102.0,1395698.0,1398109.0,1400940.0,1404091.0,1407509.0,1410778.0,,,,,,,,,1441090.0,1443855.0,1447192.0,1450855.0,1454519.0,1458068.0,1461037.0,1463652.0,1466440.0,1469631.0,1472891.0,1476072.0,1479214.0,1482291.0,1484960.0,1487407.0,1490275.0,1493238.0,1496255.0,1499239.0,1501882.0,1504367.0,1506752.0,1509311.0,1512497.0,1514907.0,1517299.0,1519623.0,1521666.0,1523676.0,1525866.0,1528046.0,1530170.0,1532512.0,1534973.0,1536999.0,1539678.0,1542545.0,1545676.0,1548532.0,1551293.0,1553760.0,1555937.0,1557886.0,1560212.0,1562569.0,1564926.0,1567272.0,1569618
fhTW9RGjSg0,,,,,,,,,,,,,,,,,,,,,,,,,,,,,,,,,,,,,,,,,,,,,,,,,,,,,,,,,,,,,,,,,,,,,,,,,,,,,,,,,,,,,,,,,,,,,,,,,,,,,,,,,,,,,,,,,,,,,,,,,,,,,172595.0,225689.0,280259.0,341084.0,393266.0,437566.0,502638.0,564584.0,624993.0,683072.0,,,,,,,,,1083228.0,1116801.0,1159740.0,1203957.0,1243386.0,1282546.0,1325906.0,1360747.0,1390522.0,1427237.0,1465677.0,1504144.0,1546681.0,1585428.0,1618550.0,1647329.0,1686979.0,1729807.0,1767986.0,1799670.0,1826092.0,1850750.0,1872350.0,1898322.0,1926079.0,1950583.0,1973365.0,1997076.0,2016299.0,2033770.0,2055904.0,2077504.0,2098624.0,2114506.0,2128883.0,2142214.0,2153380.0,2168035.0,2182742.0,2196761.0,2210236.0,2223034.0,2234109.0,2243344.0,2255538.0,2268413.0,2280984.0,2292959.0,2304999
NavhzAhJQsU,,,,,,,,,,,,,,,,,,,,,,,,,,,,,,,,,,,,,,,,,,,,,,,,,,,,,,,,,,,,,,,,,,,,,,,,,,,,,,,,,,,,,,,,,,,,,,,,,,,,,,,,,,,,,,,,,,,,,,,,,,,,,114761.0,114884.0,115043.0,115179.0,115309.0,115457.0,115591.0,115723.0,115861.0,116014.0,,,,,,,,,117250.0,117391.0,117532.0,117681.0,117838.0,117991.0,118084.0,118204.0,118318.0,118455.0,118633.0,118792.0,118933.0,119067.0,119221.0,119314.0,119441.0,119602.0,119724.0,119863.0,120009.0,120154.0,120279.0,120402.0,120558.0,120708.0,120859.0,121067.0,121200.0,121322.0,121450.0,121587.0,121714.0,121863.0,121990.0,122107.0,122240.0,122447.0,122591.0,122697.0,122872.0,123018.0,123178.0,123282.0,123420.0,123569.0,123714.0,123863.0,124039
vFr8eTRcbJo,,,,,,,,,,,,,,,,,,,,,,,,,,,,,,,,,,,,,,,,,,,,,,,,,,,,,,,,,,,,,,,,,,,,,,,,,,,,,,,,,,,,,,,,,,,,,,,,,,,,,,,,,,,,,,,,,,,,,,,,,,,,,85149.0,124869.0,176511.0,247460.0,327132.0,390894.0,469059.0,550268.0,628253.0,693702.0,,,,,,,,,1076769.0,1106203.0,1140671.0,1170471.0,1198769.0,1224090.0,1250999.0,1273223.0,1291939.0,1314278.0,1337174.0,1359649.0,1382057.0,1403785.0,1422361.0,1438531.0,1457807.0,1476276.0,1491843.0,1505430.0,1518831.0,1530644.0,1541270.0,1553193.0,1565183.0,1575774.0,1586144.0,1596024.0,1604627.0,1612589.0,1621908.0,1631186.0,1639991.0,1649092.0,1657977.0,1665813.0,1672707.0,1681233.0,1689883.0,1698305.0,1706576.0,1714946.0,1722203.0,1728333.0,1735609.0,1742656.0,1749445.0,1756195.0,1762965
vFr8eTRcbJo,,,,,,,,,,,,,,,,,,,,,,,,,,,,,,,,,,,,,,,,,,,,,,,,,,,,,,,,,,,,,,,,,,,,,,,,,,,,,,,,,,,,,,,,,,,,,,,,,,,,,,,,,,,,,,,,,,,,,,,,,,,,,85149.0,124869.0,176511.0,247460.0,327132.0,390894.0,469059.0,550268.0,628253.0,693702.0,,,,,,,,,1076769.0,1106203.0,1140671.0,1170471.0,1198769.0,1224090.0,1250999.0,1273223.0,1291939.0,1314278.0,1337174.0,1359649.0,1382057.0,1403785.0,1422361.0,1438531.0,1457807.0,1476276.0,1491843.0,1505430.0,1518831.0,1530644.0,1541270.0,1553193.0,1565183.0,1575774.0,1586144.0,1596024.0,1604627.0,1612589.0,1621908.0,1631186.0,1639991.0,1649092.0,1657977.0,1665813.0,1672707.0,1681233.0,1689883.0,1698305.0,1706576.0,1714946.0,1722203.0,1728333.0,1735609.0,1742656.0,1749445.0,1756195.0,1762965
0p-DvJghins,,,,,,,,,,,,,,,,,,,,,,,,,,,,,,,,,,,,,,,,,,,,,,,,,,,,,,,,,,,,,,,,,,,,,,,,,,,,,,,,,,,,,,,,,,,,,,,,,,,,,,,,,,,,,,,,,,,,,,,,,,,,,3715.0,5638.0,6971.0,8243.0,9147.0,9895.0,10915.0,11692.0,12396.0,13057.0,,,,,,,,,16376.0,16558.0,16776.0,16994.0,17204.0,17357.0,17564.0,17695.0,17837.0,17989.0,18165.0,18349.0,18558.0,18761.0,18901.0,19060.0,19291.0,19498.0,19690.0,19860.0,19996.0,20105.0,20190.0,20306.0,20418.0,20531.0,20696.0,20843.0,20955.0,21035.0,21164.0,21264.0,21374.0,21485.0,21590.0,21687.0,21811.0,21917.0,22074.0,22221.0,22308.0,22428.0,22529.0,22611.0,22696.0,22791.0,22883.0,22973.0,23052
BtXk4dg7juw,,,,,,,,,,,,,,,,,,,,,,,,,,,,,,,,,,,,,,,,,,,,,,,,,,,,,,,,,,,,,,,,,,,,,,,,,,,,,,,,,,,,,,,,,,,,,,,,,,,,,,,,,,,,,,,,,,,,,,,,,,,,,57356.0,65511.0,73253.0,81243.0,88064.0,93330.0,98233.0,103681.0,108814.0,113722.0,,,,,,,,,153686.0,157235.0,160760.0,164346.0,167940.0,171727.0,175173.0,178383.0,181533.0,184390.0,187469.0,190452.0,193554.0,196685.0,199372.0,202197.0,205062.0,207596.0,209958.0,212061.0,213996.0,215987.0,217810.0,219710.0,221660.0,223672.0,225694.0,227663.0,229435.0,231182.0,232892.0,234572.0,236341.0,237473.0,238508.0,239318.0,240246.0,241199.0,242094.0,242931.0,243805.0,244591.0,245298.0,246107.0,246840.0,247636.0,248393.0,249198.0,249938
pcsLPm0ootg,,,,,,,,,,,,,,,,,,,,,,,,,,,,,,,,,,,,,,,,,,,,,,,,,,,,,,,,,,,,,,,,,,,,,,,,,,,,,,,,,,,,,,,,,,,,,,,,,,,,,,,,,,,,,,,,,,,,,,,,,,,,,21466.0,30299.0,39233.0,50103.0,62003.0,69604.0,78532.0,86922.0,95365.0,101926.0,,,,,,,,,166974.0,172815.0,179190.0,185960.0,194341.0,205276.0,211967.0,219869.0,227979.0,240069.0,251826.0,262280.0,272625.0,282212.0,290341.0,297607.0,307181.0,314447.0,321201.0,325484.0,328739.0,331581.0,334074.0,337042.0,341616.0,345899.0,348884.0,352243.0,355027.0,357528.0,360285.0,363008.0,365967.0,367618.0,369268.0,370682.0,371878.0,373186.0,374595.0,375748.0,377098.0,378400.0,379591.0,380637.0,381735.0,383031.0,384398.0,385694.0,386922
1n_yPjbSzTc,,,,,,,,,,,,,,,,,,,,,,,,,,,,,,,,,,,,,,,,,,,,,,,,,,,,,,,,,,,,,,,,,,,,,,,,,,,,,,,,,,,,,,,,,,,,,,,,,,,,,,,,,,,,,,,,,,,,,,,,,,,,,246596.0,277684.0,310527.0,348615.0,381864.0,407732.0,433482.0,457780.0,478688.0,494958.0,,,,,,,,,611698.0,623139.0,634863.0,645045.0,654561.0,663796.0,673253.0,682446.0,691273.0,700241.0,709466.0,718620.0,728409.0,738184.0,747372.0,755642.0,763774.0,771964.0,779754.0,787054.0,794338.0,802050.0,808736.0,815230.0,823075.0,830414.0,837957.0,847860.0,859895.0,870953.0,878008.0,885370.0,892233.0,898074.0,903382.0,908411.0,912964.0,917583.0,922492.0,927312.0,931874.0,936060.0,940059.0,944053.0,948155.0,952508.0,956619.0,960838.0,965005
ZB875QfMtfQ,,,,,,,,,,,,,,,,,,,,,,,,,,,,,,,,,,,,,,,,,,,,,,,,,,,,,,,,,,,,,,,,,,,,,,,,,,,,,,,,,,,,,,,,,,,,,,,,,,,,,,,,,,,,,,,,,,,,,,,,,,,,,5286.0,5452.0,5610.0,5708.0,5787.0,5868.0,5895.0,5922.0,5949.0,5967.0,,,,,,,,,6128.0,6136.0,6152.0,6172.0,6186.0,6205.0,6209.0,6213.0,6220.0,6221.0,6229.0,6234.0,6234.0,6236.0,6238.0,6238.0,6239.0,6241.0,6242.0,6244.0,6245.0,6245.0,6247.0,6250.0,6250.0,6252.0,6252.0,6252.0,6253.0,6255.0,6257.0,6258.0,6258.0,6259.0,6260.0,6260.0,6262.0,6263.0,6264.0,6264.0,6266.0,6266.0,6266.0,6266.0,6266.0,6267.0,6269.0,6269.0,6269
q_5WXsfIMbQ,,,,,,,,,,,,,,,,,,,,,,,,,,,,,,,,,,,,,,,,,,,,,,,,,,,,,,,,,,,,,,,,,,,,,,,,,,,,,,,,,,,,,,,,,,,,,,,,,,,,,,,,,,,,,,,,,,,,,,,,,,,,,615.0,735.0,836.0,899.0,997.0,1095.0,1158.0,1229.0,1302.0,1364.0,,,,,,,,,1876.0,1937.0,1982.0,2032.0,2064.0,2102.0,2135.0,2172.0,2215.0,2268.0,2325.0,2368.0,2417.0,2443.0,2478.0,2517.0,2546.0,2567.0,2624.0,2721.0,2778.0,2838.0,2899.0,2936.0,2966.0,3001.0,3033.0,3078.0,3122.0,3153.0,3179.0,3197.0,3221.0,3240.0,3256.0,3285.0,3314.0,3340.0,3367.0,3410.0,3572.0,3937.0,4384.0,4751.0,5037.0,5313.0,5510.0,5678.0,5994
rzm19Eyooso,,,,,,,,,,,,,,,,,,,,,,,,,,,,,,,,,,,,,,,,,,,,,,,,,,,,,,,,,,,,,,,,,,,,,,,,,,,,,,,,,,,,,,,,,,,,,,,,,,,,,,,,,,,,,,,,,,,,,,,,,,,,,,,197.0,197.0,197.0,197.0,197.0,197.0,197.0,197.0,,,,,,,,,198.0,198.0,198.0,198.0,198.0,198.0,198.0,198.0,198.0,199.0,200.0,200.0,201.0,201.0,201.0,201.0,201.0,201.0,201.0,201.0,201.0,202.0,202.0,203.0,203.0,203.0,203.0,203.0,203.0,203.0,203.0,203.0,204.0,204.0,205.0,205.0,205.0,205.0,205.0,205.0,205.0,205.0,205.0,209.0,209.0,209.0,209.0,209.0,209
EN1tMeXQii0,,,,,,,,,,,,,,,,,,,,,,,,,,,,,,,,,,,,,,,,,,,,,,,,,,,,,,,,,,,,,,,,,,,,,,,,,,,,,,,,,,,,,,,,,,,,,,,,,,,,,,,,,,,,,,,,,,,,,,,,,,,,,,,2.0,5320431.0,12768969.0,17742189.0,21101592.0,24720893.0,28202415.0,31410859.0,,,,,,,,,50664649.0,52281712.0,53753076.0,55169081.0,56628030.0,58040625.0,59387929.0,60278518.0,60871039.0,61392233.0,61934218.0,62671837.0,63486009.0,64131246.0,64697626.0,65274819.0,65821018.0,66346502.0,66814058.0,67280291.0,68071570.0,68717269.0,69325156.0,69933021.0,70526706.0,71133526.0,71729310.0,72327122.0,72875480.0,73408811.0,73946519.0,74505936.0,75061893.0,75583000.0,76091779.0,76574943.0,77000002.0,77315010.0,77609312.0,77898387.0,78176615.0,78448445.0,78724887.0,78973436.0,79216866.0,79463257.0,79706806.0,79959274.0,80214178
e3VV0NCTNRw,,,,,,,,,,,,,,,,,,,,,,,,,,,,,,,,,,,,,,,,,,,,,,,,,,,,,,,,,,,,,,,,,,,,,,,,,,,,,,,,,,,,,,,,,,,,,,,,,,,,,,,,,,,,,,,,,,,,,,,,,,,,,,,810.0,818.0,832.0,836.0,838.0,840.0,848.0,854.0,,,,,,,,,951.0,962.0,972.0,979.0,985.0,990.0,996.0,1002.0,1003.0,1005.0,1010.0,1013.0,1015.0,1018.0,1019.0,1024.0,1027.0,1030.0,1033.0,1034.0,1037.0,1039.0,1041.0,1043.0,1045.0,1047.0,1049.0,1052.0,1056.0,1059.0,1063.0,1066.0,1070.0,1074.0,1079.0,1082.0,1086.0,1094.0,1100.0,1104.0,1107.0,1108.0,1109.0,1114.0,1115.0,1120.0,1125.0,1127.0,1128
jrW8L2cOlKA,,,,,,,,,,,,,,,,,,,,,,,,,,,,,,,,,,,,,,,,,,,,,,,,,,,,,,,,,,,,,,,,,,,,,,,,,,,,,,,,,,,,,,,,,,,,,,,,,,,,,,,,,,,,,,,,,,,,,,,,,,,,,,,767.0,804.0,835.0,853.0,871.0,881.0,913.0,941.0,,,,,,,,,1159.0,1191.0,1223.0,1245.0,1268.0,1292.0,1326.0,1356.0,1382.0,1403.0,1431.0,1447.0,1461.0,1484.0,1518.0,1542.0,1558.0,1580.0,1602.0,1623.0,1666.0,1696.0,1719.0,1732.0,1755.0,1793.0,1823.0,1850.0,1874.0,1892.0,1930.0,1973.0,1991.0,2009.0,2041.0,2072.0,2095.0,2134.0,2145.0,2157.0,2200.0,2223.0,2246.0,2264.0,2295.0,2332.0,2355.0,2384.0,2423
aCjLGPCg_bA,,,,,,,,,,,,,,,,,,,,,,,,,,,,,,,,,,,,,,,,,,,,,,,,,,,,,,,,,,,,,,,,,,,,,,,,,,,,,,,,,,,,,,,,,,,,,,,,,,,,,,,,,,,,,,,,,,,,,,,,,,,,,,,1236.0,21871.0,28477.0,34418.0,39045.0,42621.0,45055.0,46882.0,,,,,,,,,54318.0,54968.0,55421.0,55751.0,56158.0,56543.0,56876.0,57142.0,57439.0,57666.0,57930.0,58331.0,58677.0,58931.0,59166.0,59419.0,59582.0,59717.0,59870.0,59949.0,60068.0,60149.0,60230.0,60319.0,60409.0,60496.0,60590.0,60682.0,60782.0,60881.0,60992.0,61091.0,61195.0,61292.0,61383.0,61449.0,61520.0,61584.0,61624.0,61698.0,61750.0,61814.0,61858.0,61899.0,61956.0,62026.0,62055.0,62116.0,62166
gxj8ZQKDNo4,,,,,,,,,,,,,,,,,,,,,,,,,,,,,,,,,,,,,,,,,,,,,,,,,,,,,,,,,,,,,,,,,,,,,,,,,,,,,,,,,,,,,,,,,,,,,,,,,,,,,,,,,,,,,,,,,,,,,,,,,,,,,,,806241.0,806964.0,807774.0,808548.0,809318.0,810008.0,810858.0,811629.0,,,,,,,,,818699.0,819306.0,820254.0,821087.0,821802.0,822534.0,823189.0,823812.0,824560.0,825211.0,825876.0,826535.0,827273.0,827891.0,828512.0,829137.0,829778.0,830487.0,831166.0,831781.0,832428.0,833171.0,834021.0,834803.0,835537.0,836276.0,837132.0,837889.0,838701.0,839585.0,840495.0,841378.0,842206.0,843126.0,843808.0,844695.0,845475.0,846161.0,846899.0,847533.0,848478.0,849222.0,850033.0,850940.0,851785.0,852444.0,853295.0,854008.0,854727
1-yyioA6CdE,,,,,,,,,,,,,,,,,,,,,,,,,,,,,,,,,,,,,,,,,,,,,,,,,,,,,,,,,,,,,,,,,,,,,,,,,,,,,,,,,,,,,,,,,,,,,,,,,,,,,,,,,,,,,,,,,,,,,,,,,,,,,,,3375.0,3578.0,3733.0,3877.0,3977.0,4098.0,4234.0,4341.0,,,,,,,,,5272.0,5356.0,5421.0,5475.0,5555.0,5640.0,5703.0,5786.0,5874.0,5977.0,6066.0,6153.0,6305.0,6409.0,6485.0,6579.0,6661.0,6737.0,6794.0,6851.0,6892.0,6952.0,7002.0,7040.0,7070.0,7118.0,7164.0,7217.0,7258.0,7305.0,7353.0,7395.0,7441.0,7469.0,7500.0,7534.0,7564.0,7596.0,7630.0,7655.0,7700.0,7719.0,7758.0,7802.0,7852.0,7883.0,7924.0,7968.0,7995
h1DxGBcq6M8,,,,,,,,,,,,,,,,,,,,,,,,,,,,,,,,,,,,,,,,,,,,,,,,,,,,,,,,,,,,,,,,,,,,,,,,,,,,,,,,,,,,,,,,,,,,,,,,,,,,,,,,,,,,,,,,,,,,,,,,,,,,,,,573.0,574.0,576.0,578.0,580.0,582.0,586.0,589.0,,,,,,,,,607.0,609.0,611.0,611.0,612.0,614.0,616.0,617.0,617.0,618.0,619.0,621.0,624.0,624.0,626.0,629.0,629.0,632.0,633.0,633.0,636.0,637.0,640.0,642.0,643.0,644.0,645.0,645.0,647.0,649.0,649.0,653.0,653.0,655.0,655.0,655.0,655.0,655.0,656.0,657.0,657.0,657.0,661.0,663.0,663.0,663.0,663.0,664.0,664
bKERxsZgFe0,,,,,,,,,,,,,,,,,,,,,,,,,,,,,,,,,,,,,,,,,,,,,,,,,,,,,,,,,,,,,,,,,,,,,,,,,,,,,,,,,,,,,,,,,,,,,,,,,,,,,,,,,,,,,,,,,,,,,,,,,,,,,,,,5451536.0,5452604.0,5453758.0,5455034.0,5456304.0,5457552.0,5458674.0,,,,,,,,,5469064.0,5470089.0,5471112.0,5471920.0,5472997.0,5473942.0,5474975.0,5476077.0,5477180.0,5478145.0,5479027.0,5479887.0,5480875.0,5481807.0,5483056.0,5484121.0,5485108.0,5486202.0,5487423.0,5488429.0,5489433.0,5490401.0,5491455.0,5492406.0,5493381.0,5494176.0,5495309.0,5496379.0,5497516.0,5498686.0,5499910.0,5501476.0,5502780.0,5503983.0,5505166.0,5506344.0,5507542.0,5508479.0,5509533.0,5510454.0,5511522.0,5512504.0,5513607.0,5514780.0,5515874.0,5516982.0,5517946.0,5518977.0,5519999
2HrGz-ohOBk,,,,,,,,,,,,,,,,,,,,,,,,,,,,,,,,,,,,,,,,,,,,,,,,,,,,,,,,,,,,,,,,,,,,,,,,,,,,,,,,,,,,,,,,,,,,,,,,,,,,,,,,,,,,,,,,,,,,,,,,,,,,,,,,135.0,954.0,1155.0,1272.0,1333.0,1392.0,1448.0,,,,,,,,,1725.0,1745.0,1752.0,1757.0,1762.0,1767.0,1771.0,1773.0,1776.0,1778.0,1779.0,1782.0,1785.0,1791.0,1791.0,1797.0,1797.0,1798.0,1798.0,1799.0,1799.0,1799.0,1799.0,1801.0,1802.0,1803.0,1803.0,1804.0,1804.0,1804.0,1805.0,1806.0,1808.0,1811.0,1812.0,1814.0,1814.0,1815.0,1816.0,1820.0,1820.0,1824.0,1825.0,1827.0,1828.0,1830.0,1832.0,1834.0,1835
HdywnhV20Ys,,,,,,,,,,,,,,,,,,,,,,,,,,,,,,,,,,,,,,,,,,,,,,,,,,,,,,,,,,,,,,,,,,,,,,,,,,,,,,,,,,,,,,,,,,,,,,,,,,,,,,,,,,,,,,,,,,,,,,,,,,,,,,,,10960.0,40386.0,62010.0,73078.0,82558.0,98842.0,104181.0,,,,,,,,,111547.0,111827.0,112036.0,112214.0,112397.0,112538.0,112730.0,112891.0,113089.0,113280.0,113444.0,113555.0,113664.0,113756.0,113879.0,113999.0,114100.0,114200.0,114296.0,114364.0,114462.0,114555.0,114652.0,114708.0,114770.0,114837.0,115129.0,115760.0,116778.0,118209.0,119787.0,121863.0,123602.0,125296.0,127234.0,129046.0,130719.0,132151.0,133453.0,134619.0,135748.0,136637.0,137473.0,138291.0,139011.0,139650.0,140221.0,140741.0,141254
OS-AGC-dC08,,,,,,,,,,,,,,,,,,,,,,,,,,,,,,,,,,,,,,,,,,,,,,,,,,,,,,,,,,,,,,,,,,,,,,,,,,,,,,,,,,,,,,,,,,,,,,,,,,,,,,,,,,,,,,,,,,,,,,,,,,,,,,,,4917.0,8510.0,9514.0,10046.0,10339.0,10478.0,10671.0,,,,,,,,,12439.0,12476.0,12497.0,12529.0,12545.0,12576.0,12594.0,12616.0,12647.0,12665.0,12687.0,12739.0,12771.0,12807.0,12838.0,12863.0,12876.0,12951.0,13010.0,13033.0,13061.0,13093.0,13120.0,13157.0,13180.0,13196.0,13221.0,13238.0,13263.0,13286.0,13305.0,13318.0,13331.0,13337.0,13354.0,13372.0,13384.0,13393.0,13409.0,13416.0,13434.0,13449.0,13460.0,13507.0,13515.0,13527.0,13548.0,13572.0,13587
Jx8vS8M0fzg,,,,,,,,,,,,,,,,,,,,,,,,,,,,,,,,,,,,,,,,,,,,,,,,,,,,,,,,,,,,,,,,,,,,,,,,,,,,,,,,,,,,,,,,,,,,,,,,,,,,,,,,,,,,,,,,,,,,,,,,,,,,,,,,2331.0,5113.0,9345.0,15824.0,26478.0,36283.0,43018.0,,,,,,,,,59144.0,59883.0,60784.0,61886.0,62911.0,64100.0,64886.0,65812.0,66498.0,67223.0,67987.0,68701.0,69539.0,70061.0,70537.0,70942.0,71516.0,71983.0,72474.0,72946.0,73567.0,75578.0,76941.0,77681.0,78475.0,79144.0,79907.0,80451.0,81069.0,81497.0,82104.0,82653.0,83213.0,83684.0,84186.0,84657.0,85069.0,85601.0,86077.0,86594.0,86981.0,87365.0,87682.0,88071.0,88435.0,88832.0,89194.0,89607.0,89973
HdywnhV20Ys,,,,,,,,,,,,,,,,,,,,,,,,,,,,,,,,,,,,,,,,,,,,,,,,,,,,,,,,,,,,,,,,,,,,,,,,,,,,,,,,,,,,,,,,,,,,,,,,,,,,,,,,,,,,,,,,,,,,,,,,,,,,,,,,10960.0,40386.0,62010.0,73078.0,82558.0,98842.0,104181.0,,,,,,,,,111547.0,111827.0,112036.0,112214.0,112397.0,112538.0,112730.0,112891.0,113089.0,113280.0,113444.0,113555.0,113648.0,113756.0,113878.0,113999.0,114100.0,114200.0,114296.0,114364.0,114462.0,114555.0,114652.0,114708.0,114770.0,114837.0,115129.0,115760.0,116778.0,118209.0,119787.0,121863.0,123459.0,125296.0,127234.0,129046.0,130719.0,132151.0,133453.0,134619.0,135748.0,136637.0,137473.0,138291.0,139011.0,139650.0,140221.0,140741.0,141254
LYu0cXaPmz0,,,,,,,,,,,,,,,,,,,,,,,,,,,,,,,,,,,,,,,,,,,,,,,,,,,,,,,,,,,,,,,,,,,,,,,,,,,,,,,,,,,,,,,,,,,,,,,,,,,,,,,,,,,,,,,,,,,,,,,,,,,,,,,,32241.0,57777.0,68403.0,75460.0,80433.0,84312.0,87682.0,,,,,,,,,103163.0,104350.0,105390.0,106725.0,107890.0,108873.0,109825.0,110789.0,111736.0,112674.0,113473.0,114259.0,115077.0,115868.0,116629.0,117408.0,118189.0,118918.0,119626.0,120235.0,120854.0,121489.0,122121.0,122676.0,123244.0,123869.0,124392.0,124899.0,125353.0,125874.0,126349.0,126780.0,127293.0,127959.0,128709.0,129420.0,130057.0,130957.0,131800.0,132611.0,133493.0,134598.0,135604.0,136557.0,137334.0,138087.0,138926.0,139937.0,140881
TKWGtsiGbPg,,,,,,,,,,,,,,,,,,,,,,,,,,,,,,,,,,,,,,,,,,,,,,,,,,,,,,,,,,,,,,,,,,,,,,,,,,,,,,,,,,,,,,,,,,,,,,,,,,,,,,,,,,,,,,,,,,,,,,,,,,,,,,,,111091.0,308319.0,525038.0,600525.0,603458.0,607378.0,611032.0,,,,,,,,,631541.0,633383.0,634977.0,636363.0,637802.0,639141.0,639948.0,640705.0,641525.0,642237.0,642903.0,643504.0,644049.0,644602.0,645127.0,645650.0,646182.0,646639.0,647254.0,647902.0,648461.0,649038.0,649665.0,650142.0,650616.0,651156.0,651684.0,652211.0,652697.0,653150.0,653518.0,653831.0,654179.0,654518.0,654805.0,655160.0,655472.0,655780.0,656132.0,656431.0,656706.0,656990.0,657268.0,657550.0,657815.0,658012.0,658286.0,658480.0,658735
0lhqg-xTbHU,,,,,,,,,,,,,,,,,,,,,,,,,,,,,,,,,,,,,,,,,,,,,,,,,,,,,,,,,,,,,,,,,,,,,,,,,,,,,,,,,,,,,,,,,,,,,,,,,,,,,,,,,,,,,,,,,,,,,,,,,,,,,,,,81695.0,163605.0,196861.0,221343.0,240940.0,258228.0,275736.0,,,,,,,,,321627.0,323733.0,325887.0,328541.0,331039.0,333343.0,336081.0,338698.0,341243.0,343608.0,346058.0,348389.0,350895.0,353259.0,355492.0,357257.0,359097.0,360856.0,363352.0,365562.0,367772.0,369633.0,371257.0,372909.0,374623.0,376209.0,377845.0,379026.0,380012.0,380801.0,381749.0,382599.0,383506.0,384341.0,385198.0,386079.0,386875.0,387620.0,388639.0,389560.0,390466.0,391359.0,392225.0,393038.0,393735.0,394629.0,395511.0,396378.0,397199
U9chqKJDY4A,,,,,,,,,,,,,,,,,,,,,,,,,,,,,,,,,,,,,,,,,,,,,,,,,,,,,,,,,,,,,,,,,,,,,,,,,,,,,,,,,,,,,,,,,,,,,,,,,,,,,,,,,,,,,,,,,,,,,,,,,,,,,,,,,1495051.0,1499137.0,1504960.0,1509728.0,1514575.0,1519821.0,,,,,,,,,1560909.0,1564715.0,1569148.0,1573916.0,1579005.0,1584270.0,1588603.0,1592945.0,1597526.0,1603108.0,1608664.0,1614214.0,1620528.0,1625984.0,1630946.0,1635859.0,1641054.0,1646723.0,1652581.0,1657185.0,1661288.0,1665002.0,1668524.0,1672888.0,1676252.0,1679934.0,1683779.0,1687522.0,1690788.0,1693638.0,1697261.0,1701070.0,1704765.0,1707911.0,1711067.0,1713952.0,1716658.0,1720165.0,1723658.0,1727194.0,1730574.0,1734327.0,1737494.0,1740380.0,1743674.0,1747113.0,1750783.0,1754332.0,1757893
mIOoIs2Opns,,,,,,,,,,,,,,,,,,,,,,,,,,,,,,,,,,,,,,,,,,,,,,,,,,,,,,,,,,,,,,,,,,,,,,,,,,,,,,,,,,,,,,,,,,,,,,,,,,,,,,,,,,,,,,,,,,,,,,,,,,,,,,,,,676319.0,676636.0,677013.0,677422.0,677802.0,678208.0,,,,,,,,,681291.0,681572.0,681909.0,682163.0,682456.0,682718.0,682934.0,683184.0,683408.0,683640.0,683926.0,684196.0,684449.0,684749.0,685013.0,685298.0,685560.0,685898.0,686219.0,686498.0,686815.0,687055.0,687360.0,687667.0,688015.0,688285.0,688602.0,688901.0,689174.0,689475.0,689826.0,690059.0,690373.0,690643.0,690898.0,691138.0,691320.0,691588.0,691789.0,692077.0,692339.0,692580.0,692797.0,693042.0,693249.0,693515.0,693738.0,694013.0,694217
uQGSn2I_6KQ,,,,,,,,,,,,,,,,,,,,,,,,,,,,,,,,,,,,,,,,,,,,,,,,,,,,,,,,,,,,,,,,,,,,,,,,,,,,,,,,,,,,,,,,,,,,,,,,,,,,,,,,,,,,,,,,,,,,,,,,,,,,,,,,,1089673.0,1094416.0,1100549.0,1106582.0,1113316.0,1119429.0,,,,,,,,,1172461.0,1177133.0,1182937.0,1189943.0,1196512.0,1202481.0,1207697.0,1212724.0,1217531.0,1222309.0,1227364.0,1233052.0,1238804.0,1245292.0,1250936.0,1256214.0,1261646.0,1266951.0,1272014.0,1279731.0,1287435.0,1294134.0,1300282.0,1307694.0,1313924.0,1319938.0,1326381.0,1333212.0,1339186.0,1344422.0,1350889.0,1357972.0,1364276.0,1369477.0,1374810.0,1379444.0,1383582.0,1389328.0,1395237.0,1400247.0,1406299.0,1412090.0,1417010.0,1421214.0,1426330.0,1431846.0,1437293.0,1442696.0,1448305
8vhNchRpn2c,,,,,,,,,,,,,,,,,,,,,,,,,,,,,,,,,,,,,,,,,,,,,,,,,,,,,,,,,,,,,,,,,,,,,,,,,,,,,,,,,,,,,,,,,,,,,,,,,,,,,,,,,,,,,,,,,,,,,,,,,,,,,,,,,310117.0,312101.0,314168.0,316241.0,318676.0,320948.0,,,,,,,,,347494.0,349821.0,352628.0,355491.0,358092.0,361002.0,364061.0,366665.0,369266.0,372164.0,374934.0,378210.0,381646.0,385354.0,388243.0,391234.0,395309.0,399373.0,403811.0,407163.0,410454.0,413276.0,416117.0,419414.0,422451.0,425496.0,428418.0,431316.0,434487.0,437037.0,440219.0,443600.0,447049.0,449702.0,452849.0,455370.0,457614.0,460352.0,463066.0,465686.0,468241.0,470692.0,472998.0,475059.0,477770.0,480468.0,483209.0,485989.0,488556
D0kxMbu6Yuw,,,,,,,,,,,,,,,,,,,,,,,,,,,,,,,,,,,,,,,,,,,,,,,,,,,,,,,,,,,,,,,,,,,,,,,,,,,,,,,,,,,,,,,,,,,,,,,,,,,,,,,,,,,,,,,,,,,,,,,,,,,,,,,,,38855.0,39577.0,40302.0,40891.0,41510.0,42116.0,,,,,,,,,45590.0,45792.0,46017.0,46180.0,46524.0,46879.0,47356.0,47887.0,48377.0,48924.0,49408.0,49834.0,50218.0,50682.0,51124.0,51556.0,52119.0,52316.0,52528.0,52681.0,52801.0,52907.0,52995.0,53112.0,53218.0,53306.0,53421.0,53528.0,53602.0,53689.0,53801.0,53889.0,53968.0,54031.0,54106.0,54165.0,54237.0,54301.0,54346.0,54407.0,54444.0,54501.0,54535.0,54610.0,54666.0,54709.0,54753.0,54805.0,54852
47T0U9QRcPA,,,,,,,,,,,,,,,,,,,,,,,,,,,,,,,,,,,,,,,,,,,,,,,,,,,,,,,,,,,,,,,,,,,,,,,,,,,,,,,,,,,,,,,,,,,,,,,,,,,,,,,,,,,,,,,,,,,,,,,,,,,,,,,,,49.0,55.0,64.0,69.0,72.0,77.0,,,,,,,,,114.0,116.0,120.0,121.0,124.0,125.0,126.0,126.0,130.0,132.0,135.0,138.0,142.0,142.0,143.0,145.0,153.0,155.0,156.0,157.0,157.0,160.0,161.0,162.0,163.0,163.0,163.0,163.0,165.0,170.0,171.0,172.0,173.0,174.0,178.0,179.0,181.0,181.0,181.0,183.0,184.0,185.0,185.0,185.0,186.0,186.0,186.0,188.0,188
tKPjeChxx1o,,,,,,,,,,,,,,,,,,,,,,,,,,,,,,,,,,,,,,,,,,,,,,,,,,,,,,,,,,,,,,,,,,,,,,,,,,,,,,,,,,,,,,,,,,,,,,,,,,,,,,,,,,,,,,,,,,,,,,,,,,,,,,,,,6365.0,6476.0,6615.0,6747.0,6874.0,6988.0,,,,,,,,,8122.0,8299.0,8392.0,8502.0,8615.0,8750.0,8865.0,8970.0,9106.0,9233.0,9355.0,9447.0,9555.0,9658.0,9709.0,9794.0,9862.0,9955.0,10050.0,10149.0,10207.0,10279.0,10351.0,10401.0,10494.0,10591.0,10695.0,10803.0,10897.0,10971.0,11062.0,11158.0,11223.0,11390.0,11479.0,11551.0,11644.0,11754.0,11822.0,11911.0,11994.0,12071.0,12164.0,12216.0,12273.0,12332.0,12394.0,12455.0,12518
ElAlRBGr_Ho,,,,,,,,,,,,,,,,,,,,,,,,,,,,,,,,,,,,,,,,,,,,,,,,,,,,,,,,,,,,,,,,,,,,,,,,,,,,,,,,,,,,,,,,,,,,,,,,,,,,,,,,,,,,,,,,,,,,,,,,,,,,,,,,,1111.0,1115.0,1120.0,1125.0,1127.0,1132.0,,,,,,,,,1162.0,1164.0,1168.0,1169.0,1173.0,1178.0,1179.0,1181.0,1182.0,1187.0,1189.0,1192.0,1193.0,1193.0,1195.0,1196.0,1199.0,1201.0,1205.0,1213.0,1214.0,1216.0,1219.0,1221.0,1223.0,1224.0,1228.0,1228.0,1229.0,1231.0,1234.0,1237.0,1239.0,1240.0,1241.0,1244.0,1251.0,1253.0,1254.0,1257.0,1259.0,1260.0,1264.0,1267.0,1264.0,1264.0,1264.0,1264.0,1268
rLIhaxEZmuw,,,,,,,,,,,,,,,,,,,,,,,,,,,,,,,,,,,,,,,,,,,,,,,,,,,,,,,,,,,,,,,,,,,,,,,,,,,,,,,,,,,,,,,,,,,,,,,,,,,,,,,,,,,,,,,,,,,,,,,,,,,,,,,,,197508.0,198810.0,200170.0,201516.0,203106.0,204600.0,,,,,,,,,218149.0,219586.0,220886.0,222436.0,223961.0,225509.0,227116.0,228571.0,230000.0,231223.0,232542.0,234121.0,235572.0,237169.0,238679.0,239797.0,241300.0,242985.0,244677.0,246285.0,247968.0,249602.0,251063.0,252595.0,254220.0,256001.0,257776.0,259613.0,261269.0,262426.0,264227.0,265808.0,267397.0,268928.0,270360.0,272010.0,273262.0,274579.0,275992.0,277344.0,278639.0,280075.0,281438.0,282938.0,284332.0,285793.0,287385.0,289067.0,290894
rb0-ZIwuqn8,,,,,,,,,,,,,,,,,,,,,,,,,,,,,,,,,,,,,,,,,,,,,,,,,,,,,,,,,,,,,,,,,,,,,,,,,,,,,,,,,,,,,,,,,,,,,,,,,,,,,,,,,,,,,,,,,,,,,,,,,,,,,,,,,13937.0,13989.0,14046.0,14118.0,14187.0,14264.0,,,,,,,,,15096.0,15166.0,15246.0,15317.0,15399.0,15459.0,15535.0,15598.0,15655.0,15717.0,15773.0,15843.0,15895.0,15966.0,16038.0,16108.0,16199.0,16270.0,16335.0,16448.0,16537.0,16619.0,16685.0,16784.0,16871.0,16927.0,17005.0,17092.0,17193.0,17272.0,17338.0,17405.0,17475.0,17539.0,17617.0,17719.0,17780.0,17860.0,17918.0,17981.0,18015.0,18071.0,18126.0,18190.0,18244.0,18318.0,18385.0,18491.0,18656
V6XsI2noQLc,,,,,,,,,,,,,,,,,,,,,,,,,,,,,,,,,,,,,,,,,,,,,,,,,,,,,,,,,,,,,,,,,,,,,,,,,,,,,,,,,,,,,,,,,,,,,,,,,,,,,,,,,,,,,,,,,,,,,,,,,,,,,,,,,326.0,366.0,420.0,445.0,460.0,475.0,,,,,,,,,560.0,562.0,565.0,567.0,573.0,575.0,575.0,580.0,581.0,582.0,583.0,587.0,590.0,590.0,591.0,596.0,596.0,598.0,602.0,602.0,603.0,603.0,605.0,605.0,606.0,607.0,607.0,608.0,609.0,610.0,610.0,610.0,610.0,614.0,614.0,615.0,615.0,616.0,616.0,617.0,617.0,617.0,619.0,620.0,623.0,624.0,626.0,626.0,629
iuzCWktpU2g,,,,,,,,,,,,,,,,,,,,,,,,,,,,,,,,,,,,,,,,,,,,,,,,,,,,,,,,,,,,,,,,,,,,,,,,,,,,,,,,,,,,,,,,,,,,,,,,,,,,,,,,,,,,,,,,,,,,,,,,,,,,,,,,,308.0,321.0,337.0,344.0,357.0,364.0,,,,,,,,,428.0,436.0,443.0,447.0,453.0,457.0,461.0,462.0,467.0,472.0,473.0,478.0,480.0,488.0,497.0,505.0,507.0,515.0,520.0,522.0,527.0,529.0,536.0,544.0,550.0,556.0,562.0,571.0,576.0,579.0,583.0,586.0,594.0,597.0,603.0,608.0,615.0,624.0,639.0,647.0,648.0,652.0,665.0,678.0,684.0,693.0,700.0,707.0,722
-46DgusfcXg,,,,,,,,,,,,,,,,,,,,,,,,,,,,,,,,,,,,,,,,,,,,,,,,,,,,,,,,,,,,,,,,,,,,,,,,,,,,,,,,,,,,,,,,,,,,,,,,,,,,,,,,,,,,,,,,,,,,,,,,,,,,,,,,,31037.0,31599.0,32033.0,32442.0,32955.0,33355.0,,,,,,,,,37921.0,38557.0,39013.0,39393.0,39769.0,40362.0,40859.0,41482.0,42069.0,42449.0,42934.0,43315.0,43744.0,44168.0,44554.0,44892.0,45084.0,45388.0,45767.0,46049.0,46284.0,46540.0,46789.0,46980.0,47180.0,47418.0,47638.0,47844.0,48159.0,48457.0,48703.0,49023.0,49417.0,49726.0,50028.0,50278.0,50452.0,50649.0,50852.0,50999.0,51194.0,51376.0,51594.0,51776.0,51942.0,52118.0,52380.0,52566.0,52821
-46DgusfcXg,,,,,,,,,,,,,,,,,,,,,,,,,,,,,,,,,,,,,,,,,,,,,,,,,,,,,,,,,,,,,,,,,,,,,,,,,,,,,,,,,,,,,,,,,,,,,,,,,,,,,,,,,,,,,,,,,,,,,,,,,,,,,,,,,31037.0,31599.0,32033.0,32442.0,32955.0,33355.0,,,,,,,,,37921.0,38557.0,39013.0,39393.0,39776.0,40362.0,40859.0,41482.0,42069.0,42449.0,42934.0,43315.0,43744.0,44168.0,44554.0,44873.0,45084.0,45385.0,45767.0,46049.0,46284.0,46540.0,46789.0,46980.0,47180.0,47419.0,47638.0,47844.0,48159.0,48457.0,48703.0,49023.0,49417.0,49724.0,50028.0,50278.0,50452.0,50670.0,50852.0,50999.0,51194.0,51376.0,51559.0,51776.0,51929.0,52118.0,52380.0,52566.0,52821
yNUqiTWDd6U,,,,,,,,,,,,,,,,,,,,,,,,,,,,,,,,,,,,,,,,,,,,,,,,,,,,,,,,,,,,,,,,,,,,,,,,,,,,,,,,,,,,,,,,,,,,,,,,,,,,,,,,,,,,,,,,,,,,,,,,,,,,,,,,,54766.0,55022.0,55333.0,55562.0,55867.0,56105.0,,,,,,,,,58732.0,58946.0,59252.0,59530.0,59792.0,60069.0,60384.0,60672.0,60931.0,61159.0,61417.0,61682.0,61899.0,62093.0,62348.0,62503.0,62701.0,62875.0,63051.0,63209.0,63365.0,63474.0,63604.0,63744.0,63894.0,64062.0,64245.0,64418.0,64545.0,64700.0,64891.0,65032.0,65169.0,65305.0,65472.0,65593.0,65707.0,65846.0,65976.0,66100.0,66275.0,66407.0,66533.0,66652.0,66791.0,66926.0,67053.0,67189.0,67303
U8xxEdk9AeM,,,,,,,,,,,,,,,,,,,,,,,,,,,,,,,,,,,,,,,,,,,,,,,,,,,,,,,,,,,,,,,,,,,,,,,,,,,,,,,,,,,,,,,,,,,,,,,,,,,,,,,,,,,,,,,,,,,,,,,,,,,,,,,,,142655.0,142899.0,143230.0,143512.0,143850.0,144152.0,,,,,,,,,147242.0,147820.0,148593.0,149562.0,150349.0,150834.0,151583.0,152530.0,153342.0,154148.0,155010.0,155843.0,156730.0,157461.0,158143.0,158874.0,159615.0,160174.0,160967.0,161480.0,161784.0,162066.0,162365.0,162604.0,162863.0,163146.0,163409.0,163668.0,163913.0,164172.0,164432.0,164664.0,164936.0,165190.0,165411.0,165677.0,165918.0,166173.0,166444.0,166779.0,167149.0,167568.0,167943.0,168205.0,168580.0,168909.0,169273.0,169612.0,169928
wPOp9DQTYK4,,,,,,,,,,,,,,,,,,,,,,,,,,,,,,,,,,,,,,,,,,,,,,,,,,,,,,,,,,,,,,,,,,,,,,,,,,,,,,,,,,,,,,,,,,,,,,,,,,,,,,,,,,,,,,,,,,,,,,,,,,,,,,,,,2287.0,2330.0,2358.0,2388.0,2426.0,2449.0,,,,,,,,,2610.0,2626.0,2644.0,2657.0,2673.0,2680.0,2690.0,2703.0,2713.0,2723.0,2731.0,2736.0,2742.0,2754.0,2757.0,2764.0,2774.0,2780.0,2787.0,2793.0,2805.0,2805.0,2807.0,2814.0,2824.0,2836.0,2841.0,2846.0,2852.0,2853.0,2860.0,2865.0,2868.0,2874.0,2878.0,2885.0,2888.0,2898.0,2899.0,2904.0,2906.0,2909.0,2917.0,2918.0,2919.0,2922.0,2924.0,2930.0,2932
GrwgPQ3cSfE,,,,,,,,,,,,,,,,,,,,,,,,,,,,,,,,,,,,,,,,,,,,,,,,,,,,,,,,,,,,,,,,,,,,,,,,,,,,,,,,,,,,,,,,,,,,,,,,,,,,,,,,,,,,,,,,,,,,,,,,,,,,,,,,,2610.0,2692.0,2790.0,2872.0,2933.0,2999.0,,,,,,,,,3467.0,3504.0,3536.0,3560.0,3590.0,3630.0,3655.0,3702.0,3729.0,3752.0,3778.0,3789.0,3810.0,3843.0,3853.0,3874.0,3893.0,3910.0,3931.0,3946.0,3959.0,3971.0,3979.0,3994.0,4007.0,4018.0,4035.0,4046.0,4067.0,4089.0,4103.0,4119.0,4135.0,4157.0,4172.0,4190.0,4202.0,4213.0,4227.0,4237.0,4244.0,4254.0,4266.0,4283.0,4293.0,4303.0,4320.0,4337.0,4353
ebVwErhTnvE,,,,,,,,,,,,,,,,,,,,,,,,,,,,,,,,,,,,,,,,,,,,,,,,,,,,,,,,,,,,,,,,,,,,,,,,,,,,,,,,,,,,,,,,,,,,,,,,,,,,,,,,,,,,,,,,,,,,,,,,,,,,,,,,,39257.0,39596.0,40016.0,40348.0,40755.0,41157.0,,,,,,,,,44078.0,44372.0,44708.0,44989.0,45239.0,45479.0,45716.0,45937.0,46180.0,46450.0,46733.0,47021.0,47398.0,47795.0,48017.0,48252.0,48590.0,48861.0,49117.0,49450.0,49813.0,50427.0,51115.0,51637.0,52082.0,52559.0,52941.0,53327.0,53612.0,53857.0,54090.0,54386.0,54682.0,54888.0,55084.0,55271.0,55451.0,55664.0,55862.0,56090.0,56329.0,56509.0,56692.0,56927.0,57095.0,57279.0,57429.0,57620.0,57797
gUoj_Orj7LQ,,,,,,,,,,,,,,,,,,,,,,,,,,,,,,,,,,,,,,,,,,,,,,,,,,,,,,,,,,,,,,,,,,,,,,,,,,,,,,,,,,,,,,,,,,,,,,,,,,,,,,,,,,,,,,,,,,,,,,,,,,,,,,,,,,94579.0,408614.0,518735.0,663576.0,718023.0,,,,,,,,,932638.0,943428.0,953316.0,963125.0,971516.0,979443.0,991598.0,1002727.0,1013197.0,1022083.0,1031365.0,1040906.0,1051150.0,1061254.0,1071377.0,1081087.0,1090420.0,1099754.0,1108173.0,1116095.0,1123490.0,1132143.0,1140904.0,1147725.0,1154788.0,1161874.0,1169245.0,1175842.0,1181346.0,1187300.0,1192460.0,1197375.0,1202327.0,1207026.0,1211608.0,1215890.0,1220126.0,1224165.0,1228413.0,1232918.0,1237144.0,1241203.0,1245212.0,1249009.0,1252658.0,1256430.0,1260142.0,1263684.0,1267126
ofi6FWKsyR8,,,,,,,,,,,,,,,,,,,,,,,,,,,,,,,,,,,,,,,,,,,,,,,,,,,,,,,,,,,,,,,,,,,,,,,,,,,,,,,,,,,,,,,,,,,,,,,,,,,,,,,,,,,,,,,,,,,,,,,,,,,,,,,,,,1863.0,3199.0,3747.0,4041.0,4128.0,,,,,,,,,4485.0,4492.0,4503.0,4509.0,4517.0,4524.0,4537.0,4546.0,4552.0,4555.0,4561.0,4566.0,4574.0,4584.0,4591.0,4594.0,4598.0,4600.0,4602.0,4604.0,4609.0,4613.0,4616.0,4617.0,4628.0,4631.0,4634.0,4635.0,4636.0,4638.0,4642.0,4642.0,4643.0,4644.0,4669.0,4677.0,4682.0,4688.0,4691.0,4693.0,4696.0,4699.0,4701.0,4703.0,4704.0,4706.0,4708.0,4709.0,4709
PBL-cXVD6_Y,,,,,,,,,,,,,,,,,,,,,,,,,,,,,,,,,,,,,,,,,,,,,,,,,,,,,,,,,,,,,,,,,,,,,,,,,,,,,,,,,,,,,,,,,,,,,,,,,,,,,,,,,,,,,,,,,,,,,,,,,,,,,,,,,,53292.0,53313.0,53338.0,53379.0,53409.0,,,,,,,,,53661.0,53688.0,53713.0,53738.0,53773.0,53797.0,53819.0,53844.0,53861.0,53884.0,53910.0,53936.0,53956.0,53983.0,54010.0,54034.0,54064.0,54096.0,54122.0,54144.0,54175.0,54192.0,54204.0,54224.0,54240.0,54261.0,54279.0,54297.0,54319.0,54343.0,54363.0,54377.0,54389.0,54417.0,54446.0,54467.0,54491.0,54511.0,54537.0,54577.0,54616.0,54678.0,54769.0,54825.0,54875.0,54920.0,54964.0,55003.0,55053
T3DCt_ezSFo,,,,,,,,,,,,,,,,,,,,,,,,,,,,,,,,,,,,,,,,,,,,,,,,,,,,,,,,,,,,,,,,,,,,,,,,,,,,,,,,,,,,,,,,,,,,,,,,,,,,,,,,,,,,,,,,,,,,,,,,,,,,,,,,,,345894.0,346478.0,346984.0,347516.0,348071.0,,,,,,,,,353318.0,353871.0,354379.0,354774.0,355293.0,355753.0,356280.0,356854.0,357323.0,357820.0,358245.0,358721.0,359225.0,359708.0,360239.0,360636.0,361149.0,361660.0,362157.0,362606.0,363079.0,363554.0,364025.0,364464.0,364881.0,365296.0,365750.0,366173.0,366608.0,367069.0,367509.0,367924.0,368262.0,368645.0,369130.0,369439.0,369978.0,370424.0,370883.0,371349.0,371905.0,372479.0,373031.0,373614.0,374181.0,374639.0,375167.0,375664.0,376132
DSRqvDmcVEE,,,,,,,,,,,,,,,,,,,,,,,,,,,,,,,,,,,,,,,,,,,,,,,,,,,,,,,,,,,,,,,,,,,,,,,,,,,,,,,,,,,,,,,,,,,,,,,,,,,,,,,,,,,,,,,,,,,,,,,,,,,,,,,,,,74576.0,74997.0,75508.0,75968.0,76460.0,,,,,,,,,80465.0,81261.0,82024.0,82739.0,83769.0,85251.0,86725.0,88052.0,89317.0,90242.0,91297.0,92638.0,93779.0,95159.0,96471.0,97730.0,98761.0,99792.0,100750.0,101442.0,101932.0,102475.0,102950.0,103369.0,103766.0,104179.0,104634.0,105068.0,105620.0,106025.0,106509.0,107024.0,107496.0,107891.0,108300.0,108656.0,109065.0,109473.0,109926.0,110416.0,110866.0,111387.0,111777.0,112199.0,112651.0,113136.0,113535.0,113931.0,114340
MFoLuzQGNN0,,,,,,,,,,,,,,,,,,,,,,,,,,,,,,,,,,,,,,,,,,,,,,,,,,,,,,,,,,,,,,,,,,,,,,,,,,,,,,,,,,,,,,,,,,,,,,,,,,,,,,,,,,,,,,,,,,,,,,,,,,,,,,,,,,583559.0,584254.0,585030.0,585789.0,586448.0,,,,,,,,,592816.0,593325.0,593978.0,594730.0,595350.0,596075.0,596708.0,597312.0,597996.0,598587.0,599313.0,600096.0,600799.0,601475.0,602106.0,602642.0,603367.0,604033.0,604746.0,605441.0,606069.0,606655.0,607165.0,607751.0,608378.0,609024.0,609644.0,610408.0,611038.0,611562.0,612210.0,612937.0,613566.0,614230.0,614914.0,615579.0,616113.0,616747.0,617257.0,617907.0,618622.0,619575.0,620445.0,621243.0,622135.0,622859.0,623612.0,624389.0,625279
Cay4V6FOjSc,,,,,,,,,,,,,,,,,,,,,,,,,,,,,,,,,,,,,,,,,,,,,,,,,,,,,,,,,,,,,,,,,,,,,,,,,,,,,,,,,,,,,,,,,,,,,,,,,,,,,,,,,,,,,,,,,,,,,,,,,,,,,,,,,,34702.0,48334.0,52852.0,55180.0,57224.0,,,,,,,,,63768.0,64131.0,64373.0,64662.0,64908.0,65365.0,66594.0,66747.0,70997.0,71136.0,71338.0,71452.0,71622.0,70437.0,66487.0,66629.0,66733.0,66842.0,66950.0,67068.0,67164.0,67218.0,67293.0,67355.0,67420.0,67525.0,67619.0,67706.0,67770.0,67833.0,67903.0,67957.0,68003.0,68058.0,68113.0,68161.0,68188.0,68232.0,68271.0,68310.0,68342.0,68383.0,68418.0,68453.0,68484.0,68512.0,68546.0,68577.0,68618
BUqRDSvE3e4,,,,,,,,,,,,,,,,,,,,,,,,,,,,,,,,,,,,,,,,,,,,,,,,,,,,,,,,,,,,,,,,,,,,,,,,,,,,,,,,,,,,,,,,,,,,,,,,,,,,,,,,,,,,,,,,,,,,,,,,,,,,,,,,,,,6858.0,11209.0,12270.0,12761.0,,,,,,,,,13482.0,13501.0,13514.0,13525.0,13544.0,13554.0,13560.0,13569.0,13579.0,13583.0,13589.0,13596.0,13602.0,13605.0,13608.0,13614.0,13621.0,13625.0,13631.0,13637.0,13641.0,13645.0,13648.0,13660.0,13664.0,13666.0,13668.0,13671.0,13674.0,13682.0,13684.0,13695.0,13701.0,13707.0,13713.0,13719.0,13725.0,13726.0,13732.0,13735.0,13738.0,13740.0,13743.0,13744.0,13746.0,13746.0,13749.0,13754.0,13757
HoybgxWWEzE,,,,,,,,,,,,,,,,,,,,,,,,,,,,,,,,,,,,,,,,,,,,,,,,,,,,,,,,,,,,,,,,,,,,,,,,,,,,,,,,,,,,,,,,,,,,,,,,,,,,,,,,,,,,,,,,,,,,,,,,,,,,,,,,,,,64929.0,152356.0,248678.0,338639.0,,,,,,,,,1163715.0,1269755.0,1431427.0,1552191.0,1669151.0,1758187.0,1857411.0,1984772.0,2092735.0,2246049.0,2301820.0,2438724.0,2540015.0,2642108.0,2766518.0,2918003.0,3039780.0,3153787.0,3163312.0,3164810.0,3164943.0,3165098.0,3165224.0,3165387.0,3165504.0,3165633.0,3165727.0,3165819.0,3165913.0,3166006.0,3166117.0,3166184.0,3166294.0,3166372.0,3166445.0,3166527.0,3166613.0,3166671.0,3166731.0,3166799.0,3166868.0,3166942.0,3167023.0,3167127.0,3167205.0,3167270.0,3167342.0,3167419.0,3167491
LfeX9AbhRZo,,,,,,,,,,,,,,,,,,,,,,,,,,,,,,,,,,,,,,,,,,,,,,,,,,,,,,,,,,,,,,,,,,,,,,,,,,,,,,,,,,,,,,,,,,,,,,,,,,,,,,,,,,,,,,,,,,,,,,,,,,,,,,,,,,,59622.0,66453.0,69293.0,70143.0,,,,,,,,,73191.0,73397.0,73570.0,73714.0,73873.0,74008.0,74160.0,74306.0,74482.0,74591.0,74677.0,74769.0,74841.0,74925.0,75045.0,75109.0,75182.0,75248.0,75330.0,75401.0,75481.0,75580.0,75677.0,75763.0,75817.0,75873.0,75943.0,76012.0,76103.0,76161.0,76221.0,76294.0,76342.0,76396.0,76435.0,76490.0,76555.0,76601.0,76650.0,76695.0,76730.0,76765.0,76814.0,76863.0,76895.0,76946.0,76991.0,77041.0,77095
EloT6CmIkBc,,,,,,,,,,,,,,,,,,,,,,,,,,,,,,,,,,,,,,,,,,,,,,,,,,,,,,,,,,,,,,,,,,,,,,,,,,,,,,,,,,,,,,,,,,,,,,,,,,,,,,,,,,,,,,,,,,,,,,,,,,,,,,,,,,,47698.0,116818.0,201415.0,276106.0,,,,,,,,,511943.0,525806.0,539818.0,556053.0,571836.0,586260.0,614917.0,637083.0,646339.0,655080.0,663353.0,672232.0,689206.0,708668.0,725087.0,737124.0,749572.0,761002.0,770027.0,777761.0,784343.0,790163.0,795231.0,800546.0,804947.0,809231.0,813732.0,818158.0,822429.0,826557.0,831280.0,835594.0,839627.0,843173.0,846802.0,850460.0,853567.0,856878.0,860059.0,863233.0,867008.0,870951.0,874364.0,877068.0,880166.0,883672.0,887078.0,890284.0,893436
Q0GN877ifaQ,,,,,,,,,,,,,,,,,,,,,,,,,,,,,,,,,,,,,,,,,,,,,,,,,,,,,,,,,,,,,,,,,,,,,,,,,,,,,,,,,,,,,,,,,,,,,,,,,,,,,,,,,,,,,,,,,,,,,,,,,,,,,,,,,,,11718.0,13374.0,14832.0,15815.0,,,,,,,,,17802.0,17899.0,17958.0,18021.0,18073.0,18111.0,18133.0,18171.0,18222.0,18260.0,18334.0,18376.0,18416.0,18457.0,18504.0,18545.0,18585.0,18609.0,18638.0,18668.0,18692.0,18721.0,18747.0,18754.0,18759.0,18769.0,18776.0,18783.0,18790.0,18798.0,18802.0,18803.0,18806.0,18808.0,18811.0,18812.0,18815.0,18820.0,18824.0,18825.0,18826.0,18830.0,18832.0,18835.0,18839.0,18845.0,18846.0,18846.0,18847
nSdD_pZlLKA,,,,,,,,,,,,,,,,,,,,,,,,,,,,,,,,,,,,,,,,,,,,,,,,,,,,,,,,,,,,,,,,,,,,,,,,,,,,,,,,,,,,,,,,,,,,,,,,,,,,,,,,,,,,,,,,,,,,,,,,,,,,,,,,,,,11608.0,14296.0,16066.0,16655.0,,,,,,,,,17608.0,17653.0,17675.0,17701.0,17728.0,17761.0,17790.0,17808.0,17835.0,17863.0,17882.0,17898.0,17928.0,17950.0,17977.0,18008.0,18049.0,18066.0,18087.0,18103.0,18122.0,18137.0,18160.0,18178.0,18202.0,18214.0,18228.0,18241.0,18256.0,18274.0,18283.0,18295.0,18308.0,18318.0,18324.0,18332.0,18344.0,18356.0,18364.0,18372.0,18385.0,18400.0,18419.0,18431.0,18440.0,18448.0,18458.0,18471.0,18482
nw_CKb32OoE,,,,,,,,,,,,,,,,,,,,,,,,,,,,,,,,,,,,,,,,,,,,,,,,,,,,,,,,,,,,,,,,,,,,,,,,,,,,,,,,,,,,,,,,,,,,,,,,,,,,,,,,,,,,,,,,,,,,,,,,,,,,,,,,,,,12078.0,14646.0,16223.0,17310.0,,,,,,,,,23030.0,23231.0,23368.0,23517.0,23705.0,23844.0,24081.0,24210.0,24316.0,24396.0,24464.0,24501.0,24584.0,24624.0,24659.0,24702.0,24757.0,24794.0,24829.0,24856.0,24873.0,24897.0,24914.0,24943.0,24952.0,24968.0,24982.0,25006.0,25020.0,25036.0,25056.0,25074.0,25082.0,25090.0,25097.0,25103.0,25121.0,25139.0,25147.0,25154.0,25167.0,25178.0,25186.0,25201.0,25215.0,25222.0,25239.0,25248.0,25258
wJfiaihAIBo,,,,,,,,,,,,,,,,,,,,,,,,,,,,,,,,,,,,,,,,,,,,,,,,,,,,,,,,,,,,,,,,,,,,,,,,,,,,,,,,,,,,,,,,,,,,,,,,,,,,,,,,,,,,,,,,,,,,,,,,,,,,,,,,,,,,246406.0,301674.0,320155.0,,,,,,,,,354163.0,355533.0,356361.0,357035.0,357552.0,358046.0,358457.0,358861.0,359276.0,359660.0,359991.0,360244.0,360512.0,360732.0,360964.0,361202.0,361423.0,361634.0,361824.0,361965.0,362153.0,362261.0,362493.0,362618.0,362737.0,362860.0,362988.0,363115.0,363250.0,363377.0,363534.0,363682.0,363797.0,363894.0,363992.0,364103.0,364202.0,364270.0,364338.0,364425.0,364523.0,364603.0,364692.0,364784.0,364879.0,364953.0,365053.0,365125.0,365213
w_Gc0lJJZ9U,,,,,,,,,,,,,,,,,,,,,,,,,,,,,,,,,,,,,,,,,,,,,,,,,,,,,,,,,,,,,,,,,,,,,,,,,,,,,,,,,,,,,,,,,,,,,,,,,,,,,,,,,,,,,,,,,,,,,,,,,,,,,,,,,,,,5724.0,7258.0,8152.0,,,,,,,,,10599.0,10697.0,10802.0,10887.0,11001.0,11061.0,11096.0,11129.0,11161.0,11176.0,11192.0,11197.0,11210.0,11216.0,11215.0,11225.0,11230.0,11239.0,11244.0,11250.0,11252.0,11260.0,11266.0,11270.0,11276.0,11282.0,11285.0,11286.0,11291.0,11295.0,11298.0,11304.0,11308.0,11311.0,11317.0,11323.0,11326.0,11330.0,11333.0,11335.0,11336.0,11339.0,11339.0,11342.0,11344.0,11345.0,11345.0,11347.0,11348
7SevXgT6gZ0,,,,,,,,,,,,,,,,,,,,,,,,,,,,,,,,,,,,,,,,,,,,,,,,,,,,,,,,,,,,,,,,,,,,,,,,,,,,,,,,,,,,,,,,,,,,,,,,,,,,,,,,,,,,,,,,,,,,,,,,,,,,,,,,,,,,115857.0,154109.0,179279.0,,,,,,,,,233148.0,236317.0,238835.0,241545.0,243880.0,246783.0,250740.0,253950.0,257363.0,260983.0,263589.0,266864.0,270455.0,272634.0,274487.0,276114.0,277396.0,278626.0,279989.0,281162.0,282427.0,283777.0,285042.0,286000.0,286974.0,287833.0,288664.0,289525.0,290489.0,291466.0,292240.0,292900.0,293487.0,294142.0,294700.0,295432.0,296187.0,296785.0,297321.0,297829.0,298502.0,299147.0,299841.0,300550.0,301122.0,301914.0,303193.0,304157.0,304855
VZI6lk-62iA,,,,,,,,,,,,,,,,,,,,,,,,,,,,,,,,,,,,,,,,,,,,,,,,,,,,,,,,,,,,,,,,,,,,,,,,,,,,,,,,,,,,,,,,,,,,,,,,,,,,,,,,,,,,,,,,,,,,,,,,,,,,,,,,,,,,19110.0,33770.0,42705.0,,,,,,,,,47279.0,47414.0,47531.0,47801.0,47963.0,48131.0,48258.0,48330.0,48397.0,48459.0,48509.0,48540.0,48587.0,48629.0,48668.0,48704.0,48749.0,48784.0,48814.0,48839.0,48900.0,48935.0,48966.0,48991.0,49004.0,49029.0,49050.0,49070.0,49088.0,49111.0,49131.0,49148.0,49163.0,49178.0,49193.0,49218.0,49235.0,49255.0,49268.0,49290.0,49317.0,49331.0,49346.0,49360.0,49386.0,49391.0,49397.0,49411.0,49422
vcUn311iVg0,,,,,,,,,,,,,,,,,,,,,,,,,,,,,,,,,,,,,,,,,,,,,,,,,,,,,,,,,,,,,,,,,,,,,,,,,,,,,,,,,,,,,,,,,,,,,,,,,,,,,,,,,,,,,,,,,,,,,,,,,,,,,,,,,,,,1309.0,4341.0,6272.0,,,,,,,,,25074.0,26249.0,28002.0,29729.0,31979.0,33730.0,35312.0,36928.0,38702.0,40538.0,42506.0,44518.0,45925.0,47030.0,47876.0,49004.0,49785.0,50384.0,51073.0,51618.0,52123.0,52472.0,52847.0,53181.0,53515.0,53894.0,54280.0,54647.0,54989.0,55311.0,55656.0,56008.0,56493.0,56978.0,57451.0,57888.0,58236.0,58662.0,59130.0,59519.0,59702.0,59901.0,60082.0,60238.0,60411.0,60611.0,60783.0,60964.0,61167
jQgem2o_4Bc,,,,,,,,,,,,,,,,,,,,,,,,,,,,,,,,,,,,,,,,,,,,,,,,,,,,,,,,,,,,,,,,,,,,,,,,,,,,,,,,,,,,,,,,,,,,,,,,,,,,,,,,,,,,,,,,,,,,,,,,,,,,,,,,,,,,371.0,371.0,373.0,,,,,,,,,376.0,378.0,378.0,378.0,378.0,380.0,380.0,381.0,381.0,381.0,381.0,381.0,381.0,382.0,383.0,384.0,385.0,386.0,387.0,387.0,388.0,388.0,388.0,388.0,388.0,388.0,389.0,394.0,394.0,394.0,394.0,395.0,395.0,395.0,396.0,397.0,398.0,398.0,398.0,398.0,398.0,398.0,398.0,399.0,399.0,403.0,405.0,408.0,408
G--I_cDDp2Q,,,,,,,,,,,,,,,,,,,,,,,,,,,,,,,,,,,,,,,,,,,,,,,,,,,,,,,,,,,,,,,,,,,,,,,,,,,,,,,,,,,,,,,,,,,,,,,,,,,,,,,,,,,,,,,,,,,,,,,,,,,,,,,,,,,,957937.0,959076.0,960186.0,,,,,,,,,978484.0,981691.0,983574.0,994718.0,1001299.0,1002396.0,1003326.0,1005666.0,1006394.0,1007119.0,1007796.0,1008457.0,1009260.0,1010038.0,1010743.0,1011521.0,1012150.0,1012872.0,1013728.0,1014455.0,1015121.0,1015820.0,1016392.0,1016973.0,1017847.0,1018617.0,1019323.0,1019980.0,1020625.0,1021132.0,1021862.0,1022719.0,1023437.0,1024039.0,1024626.0,1025296.0,1025947.0,1026417.0,1027019.0,1027490.0,1028047.0,1028571.0,1029155.0,1029756.0,1030204.0,1030706.0,1031126.0,1031671.0,1032159
jLYZalnOty8,,,,,,,,,,,,,,,,,,,,,,,,,,,,,,,,,,,,,,,,,,,,,,,,,,,,,,,,,,,,,,,,,,,,,,,,,,,,,,,,,,,,,,,,,,,,,,,,,,,,,,,,,,,,,,,,,,,,,,,,,,,,,,,,,,,,,31999.0,42905.0,,,,,,,,,94815.0,98679.0,101792.0,104757.0,107538.0,109921.0,112330.0,115039.0,117469.0,119753.0,122093.0,123996.0,126083.0,128233.0,130028.0,131660.0,133472.0,135467.0,137243.0,139099.0,140847.0,142436.0,143929.0,145340.0,146769.0,148068.0,149401.0,150699.0,151678.0,152976.0,154133.0,155264.0,156459.0,157480.0,158562.0,159613.0,160586.0,161648.0,162758.0,163781.0,164932.0,166190.0,167583.0,168718.0,169891.0,171007.0,172145.0,173256.0,174431
4WE36KglIjc,,,,,,,,,,,,,,,,,,,,,,,,,,,,,,,,,,,,,,,,,,,,,,,,,,,,,,,,,,,,,,,,,,,,,,,,,,,,,,,,,,,,,,,,,,,,,,,,,,,,,,,,,,,,,,,,,,,,,,,,,,,,,,,,,,,,,4837.0,4848.0,,,,,,,,,5040.0,5056.0,5080.0,5100.0,5121.0,5146.0,5169.0,5187.0,5207.0,5229.0,5247.0,5267.0,5289.0,5306.0,5321.0,5329.0,5352.0,5363.0,5376.0,5390.0,5400.0,5418.0,5424.0,5436.0,5445.0,5453.0,5472.0,5478.0,5488.0,5498.0,5508.0,5518.0,5527.0,5541.0,5560.0,5576.0,5589.0,5603.0,5623.0,5639.0,5657.0,5666.0,5677.0,5692.0,5704.0,5717.0,5732.0,5747.0,5756
pDI49mBIIdw,,,,,,,,,,,,,,,,,,,,,,,,,,,,,,,,,,,,,,,,,,,,,,,,,,,,,,,,,,,,,,,,,,,,,,,,,,,,,,,,,,,,,,,,,,,,,,,,,,,,,,,,,,,,,,,,,,,,,,,,,,,,,,,,,,,,,424.0,502.0,,,,,,,,,1890.0,2043.0,2243.0,2441.0,2657.0,2794.0,2908.0,2980.0,3058.0,3116.0,3268.0,3371.0,3486.0,3640.0,3771.0,3863.0,3916.0,3973.0,4037.0,4143.0,4290.0,4379.0,4464.0,4560.0,4662.0,4770.0,4877.0,4991.0,5093.0,5168.0,5265.0,5335.0,5451.0,5544.0,5628.0,5716.0,5788.0,5905.0,6016.0,6100.0,6186.0,6295.0,6374.0,6436.0,6502.0,6606.0,6695.0,6770.0,6850
XCje9UIQy2I,,,,,,,,,,,,,,,,,,,,,,,,,,,,,,,,,,,,,,,,,,,,,,,,,,,,,,,,,,,,,,,,,,,,,,,,,,,,,,,,,,,,,,,,,,,,,,,,,,,,,,,,,,,,,,,,,,,,,,,,,,,,,,,,,,,,,6079.0,13721.0,,,,,,,,,18019.0,18143.0,18218.0,18303.0,18382.0,18426.0,18494.0,18553.0,18656.0,18754.0,18845.0,18920.0,18987.0,19073.0,19146.0,19210.0,19254.0,19293.0,19338.0,19368.0,19393.0,19435.0,19465.0,19486.0,19495.0,19527.0,19541.0,19548.0,19555.0,19546.0,19552.0,19559.0,19560.0,19566.0,19570.0,19571.0,19575.0,19580.0,19583.0,19584.0,19593.0,19594.0,19597.0,19599.0,19601.0,19608.0,19614.0,19617.0,19620
_1DMxwOsBOE,,,,,,,,,,,,,,,,,,,,,,,,,,,,,,,,,,,,,,,,,,,,,,,,,,,,,,,,,,,,,,,,,,,,,,,,,,,,,,,,,,,,,,,,,,,,,,,,,,,,,,,,,,,,,,,,,,,,,,,,,,,,,,,,,,,,,1176516.0,1179908.0,,,,,,,,,1208239.0,1211218.0,1214580.0,1218119.0,1222174.0,1226438.0,1230446.0,1233839.0,1237229.0,1241458.0,1245936.0,1250561.0,1255317.0,1259805.0,1263513.0,1267168.0,1271551.0,1275869.0,1280323.0,1283851.0,1286974.0,1289814.0,1292414.0,1295774.0,1299092.0,1302177.0,1305397.0,1308632.0,1311193.0,1313530.0,1316594.0,1319752.0,1322818.0,1325460.0,1328089.0,1330137.0,1332074.0,1334452.0,1337173.0,1339665.0,1342252.0,1344739.0,1346769.0,1348574.0,1351040.0,1353524.0,1355916.0,1358378.0,1360894
HMGstJ26IvQ,,,,,,,,,,,,,,,,,,,,,,,,,,,,,,,,,,,,,,,,,,,,,,,,,,,,,,,,,,,,,,,,,,,,,,,,,,,,,,,,,,,,,,,,,,,,,,,,,,,,,,,,,,,,,,,,,,,,,,,,,,,,,,,,,,,,,23431.0,27402.0,,,,,,,,,38350.0,39193.0,39803.0,40431.0,41070.0,41577.0,42044.0,42639.0,43308.0,43794.0,44346.0,44862.0,45426.0,45864.0,46365.0,46825.0,47234.0,47585.0,47919.0,48305.0,48610.0,49054.0,49442.0,49694.0,50019.0,50308.0,50597.0,50905.0,51216.0,51557.0,51815.0,52017.0,52222.0,52461.0,52703.0,53009.0,53249.0,53428.0,53685.0,53918.0,54146.0,54317.0,54710.0,54988.0,55224.0,55390.0,55561.0,55752.0,55938
GBJUM6vEZwI,,,,,,,,,,,,,,,,,,,,,,,,,,,,,,,,,,,,,,,,,,,,,,,,,,,,,,,,,,,,,,,,,,,,,,,,,,,,,,,,,,,,,,,,,,,,,,,,,,,,,,,,,,,,,,,,,,,,,,,,,,,,,,,,,,,,,28310.0,69074.0,,,,,,,,,137842.0,141793.0,145152.0,148396.0,151283.0,153913.0,156239.0,157560.0,158990.0,160296.0,164195.0,168715.0,171040.0,173468.0,176330.0,179060.0,181910.0,184358.0,186875.0,189114.0,191370.0,193746.0,195953.0,197958.0,199853.0,201955.0,202909.0,203728.0,204549.0,205372.0,206082.0,206864.0,207584.0,208235.0,208796.0,209452.0,210062.0,210676.0,211239.0,211794.0,212404.0,212945.0,213555.0,214151.0,214652.0,215198.0,215711.0,216236.0,216777
y7TPI8Yv5X4,,,,,,,,,,,,,,,,,,,,,,,,,,,,,,,,,,,,,,,,,,,,,,,,,,,,,,,,,,,,,,,,,,,,,,,,,,,,,,,,,,,,,,,,,,,,,,,,,,,,,,,,,,,,,,,,,,,,,,,,,,,,,,,,,,,,,335589.0,934324.0,,,,,,,,,4405452.0,4409773.0,4414373.0,4418905.0,4422713.0,4426244.0,4429628.0,4433410.0,4437128.0,4440493.0,4443535.0,4446029.0,4448573.0,4450979.0,4453772.0,4456187.0,4458449.0,4460550.0,4462759.0,4464750.0,4466903.0,4469190.0,4471958.0,4474693.0,4477158.0,4479534.0,4481923.0,4484241.0,4486451.0,4488887.0,4491183.0,4493551.0,4495830.0,4498111.0,4500338.0,4502569.0,4504656.0,4506500.0,4508515.0,4510441.0,4512417.0,4514191.0,4516000.0,4517803.0,4519638.0,4521309.0,4522942.0,4524731.0,4526399
mU-QQZqQEe0,,,,,,,,,,,,,,,,,,,,,,,,,,,,,,,,,,,,,,,,,,,,,,,,,,,,,,,,,,,,,,,,,,,,,,,,,,,,,,,,,,,,,,,,,,,,,,,,,,,,,,,,,,,,,,,,,,,,,,,,,,,,,,,,,,,,,16186.0,29354.0,,,,,,,,,100150.0,105691.0,109431.0,112363.0,114508.0,116322.0,117574.0,118730.0,119687.0,120582.0,121514.0,123512.0,124673.0,125595.0,126316.0,126917.0,127538.0,128084.0,128629.0,129163.0,129661.0,130118.0,130535.0,130989.0,131379.0,131787.0,132152.0,132527.0,132927.0,133252.0,133588.0,133859.0,134205.0,134469.0,134735.0,134993.0,135228.0,135503.0,135784.0,136008.0,136241.0,136497.0,136717.0,136894.0,137124.0,137302.0,137533.0,137783.0,138034
kphRtvwFYHo,,,,,,,,,,,,,,,,,,,,,,,,,,,,,,,,,,,,,,,,,,,,,,,,,,,,,,,,,,,,,,,,,,,,,,,,,,,,,,,,,,,,,,,,,,,,,,,,,,,,,,,,,,,,,,,,,,,,,,,,,,,,,,,,,,,,,,1211.0,,,,,,,,,17733.0,19340.0,20837.0,22421.0,24020.0,25416.0,26703.0,27688.0,28509.0,29191.0,29873.0,30570.0,31317.0,32086.0,32703.0,33297.0,33815.0,34394.0,34964.0,35530.0,36222.0,36801.0,37208.0,37665.0,38281.0,38825.0,39244.0,39703.0,40059.0,40428.0,40830.0,41212.0,41623.0,42146.0,42583.0,43047.0,43517.0,44012.0,44576.0,45144.0,45761.0,46360.0,46891.0,47328.0,47878.0,48563.0,49299.0,49985.0,50487
qE35JN1ogeI,,,,,,,,,,,,,,,,,,,,,,,,,,,,,,,,,,,,,,,,,,,,,,,,,,,,,,,,,,,,,,,,,,,,,,,,,,,,,,,,,,,,,,,,,,,,,,,,,,,,,,,,,,,,,,,,,,,,,,,,,,,,,,,,,,,,,,28153.0,,,,,,,,,1287329.0,1327911.0,1359137.0,1388053.0,1415328.0,1441503.0,1467884.0,1493841.0,1517566.0,1543405.0,1569786.0,1596623.0,1627218.0,1658276.0,1689175.0,1716293.0,1744957.0,1774194.0,1803812.0,1832625.0,1862027.0,1892587.0,1921383.0,1949412.0,1979513.0,2008968.0,2039932.0,2073726.0,2108505.0,2141079.0,2174183.0,2205061.0,2235682.0,2264676.0,2295142.0,2325858.0,2353056.0,2380598.0,2409599.0,2438177.0,2465884.0,2493668.0,2521648.0,2545438.0,2570365.0,2596338.0,2621298.0,2645897.0,2670504
Yzg6qMmzaZ0,,,,,,,,,,,,,,,,,,,,,,,,,,,,,,,,,,,,,,,,,,,,,,,,,,,,,,,,,,,,,,,,,,,,,,,,,,,,,,,,,,,,,,,,,,,,,,,,,,,,,,,,,,,,,,,,,,,,,,,,,,,,,,,,,,,,,,13982.0,,,,,,,,,459088.0,469273.0,481582.0,501985.0,523178.0,541278.0,567758.0,586590.0,599241.0,611661.0,624533.0,636992.0,649294.0,661709.0,671833.0,681463.0,691588.0,700696.0,708300.0,715036.0,722344.0,728551.0,733102.0,738556.0,746708.0,753218.0,758470.0,763906.0,768198.0,771819.0,776340.0,780806.0,785264.0,789165.0,793310.0,796774.0,800150.0,804245.0,808636.0,812571.0,816681.0,820670.0,823837.0,826438.0,830104.0,833938.0,837746.0,841434.0,845261
3F9hxukc_9o,,,,,,,,,,,,,,,,,,,,,,,,,,,,,,,,,,,,,,,,,,,,,,,,,,,,,,,,,,,,,,,,,,,,,,,,,,,,,,,,,,,,,,,,,,,,,,,,,,,,,,,,,,,,,,,,,,,,,,,,,,,,,,,,,,,,,,8230.0,,,,,,,,,9771.0,9814.0,9830.0,9868.0,9898.0,9931.0,9942.0,9958.0,9973.0,9985.0,10004.0,10013.0,10021.0,10030.0,10043.0,10050.0,10065.0,10074.0,10079.0,10086.0,10091.0,10095.0,10099.0,10101.0,10103.0,10106.0,10114.0,10118.0,10125.0,10128.0,10130.0,10134.0,10141.0,10146.0,10148.0,10151.0,10158.0,10162.0,10164.0,10168.0,10170.0,10171.0,10174.0,10178.0,10181.0,10182.0,10183.0,10185.0,10190
D43MSZg5cXo,,,,,,,,,,,,,,,,,,,,,,,,,,,,,,,,,,,,,,,,,,,,,,,,,,,,,,,,,,,,,,,,,,,,,,,,,,,,,,,,,,,,,,,,,,,,,,,,,,,,,,,,,,,,,,,,,,,,,,,,,,,,,,,,,,,,,,,,,,,,,,,274027.0,299355.0,329991.0,352322.0,372661.0,391590.0,407896.0,421531.0,434499.0,451211.0,467762.0,483941.0,500556.0,516688.0,529947.0,540359.0,555182.0,570522.0,586397.0,601504.0,617426.0,630342.0,642658.0,658419.0,673871.0,688881.0,703466.0,718099.0,729913.0,741137.0,758334.0,774451.0,790563.0,809111.0,826267.0,839020.0,849788.0,864695.0,880169.0,894357.0,908364.0,922452.0,933600.0,943458.0,956551.0,970309.0,983207.0,995659.0,1008583
yDtcXLLBtFM,,,,,,,,,,,,,,,,,,,,,,,,,,,,,,,,,,,,,,,,,,,,,,,,,,,,,,,,,,,,,,,,,,,,,,,,,,,,,,,,,,,,,,,,,,,,,,,,,,,,,,,,,,,,,,,,,,,,,,,,,,,,,,,,,,,,,,,,,,,,,,,72657.0,73434.0,73896.0,74214.0,74444.0,74607.0,74793.0,74985.0,75184.0,75340.0,75445.0,75566.0,75667.0,75760.0,75864.0,76000.0,76084.0,76154.0,76237.0,76298.0,76375.0,76463.0,76548.0,76635.0,76680.0,76771.0,76848.0,76925.0,76983.0,77032.0,77094.0,77169.0,77232.0,77296.0,77369.0,77423.0,77489.0,77555.0,77600.0,77656.0,77702.0,77742.0,77784.0,77822.0,77868.0,77905.0,77942.0,77974.0,78021
zaOPaGso8iU,,,,,,,,,,,,,,,,,,,,,,,,,,,,,,,,,,,,,,,,,,,,,,,,,,,,,,,,,,,,,,,,,,,,,,,,,,,,,,,,,,,,,,,,,,,,,,,,,,,,,,,,,,,,,,,,,,,,,,,,,,,,,,,,,,,,,,,,,,,,,,,20282.0,20450.0,20557.0,20678.0,20767.0,20868.0,20947.0,21043.0,21124.0,21212.0,21278.0,21342.0,21431.0,21500.0,21555.0,21616.0,21664.0,21777.0,21816.0,21856.0,21900.0,21925.0,21974.0,22041.0,22084.0,22128.0,22170.0,22204.0,22243.0,22263.0,22286.0,22316.0,22338.0,22366.0,22392.0,22408.0,22426.0,22455.0,22472.0,22503.0,22531.0,22558.0,22590.0,22607.0,22631.0,22651.0,22664.0,22683.0,22700
eq92CQE9X9g,,,,,,,,,,,,,,,,,,,,,,,,,,,,,,,,,,,,,,,,,,,,,,,,,,,,,,,,,,,,,,,,,,,,,,,,,,,,,,,,,,,,,,,,,,,,,,,,,,,,,,,,,,,,,,,,,,,,,,,,,,,,,,,,,,,,,,,,,,,,,,,179670.0,196112.0,209981.0,220550.0,227745.0,233746.0,239210.0,243837.0,248794.0,253300.0,257732.0,262485.0,267856.0,272800.0,277768.0,282724.0,286350.0,289995.0,293622.0,296794.0,299656.0,302510.0,305208.0,307969.0,310681.0,313388.0,316026.0,318628.0,320953.0,323288.0,325272.0,327352.0,329325.0,331645.0,334022.0,336355.0,338592.0,340857.0,343088.0,345318.0,347838.0,350738.0,353149.0,355314.0,357581.0,360113.0,362389.0,364547.0,366794
s4rG7VoGmiE,,,,,,,,,,,,,,,,,,,,,,,,,,,,,,,,,,,,,,,,,,,,,,,,,,,,,,,,,,,,,,,,,,,,,,,,,,,,,,,,,,,,,,,,,,,,,,,,,,,,,,,,,,,,,,,,,,,,,,,,,,,,,,,,,,,,,,,,,,,,,,,152212.0,146672.0,175828.0,205236.0,224274.0,240493.0,246441.0,261622.0,263683.0,265776.0,267794.0,269991.0,289871.0,291427.0,292662.0,294034.0,295316.0,296595.0,317948.0,319142.0,320381.0,321494.0,322541.0,323621.0,324645.0,325685.0,326734.0,327798.0,328745.0,329525.0,330425.0,331424.0,332344.0,333298.0,335082.0,357907.0,358770.0,359660.0,360427.0,361259.0,362121.0,363060.0,363944.0,364543.0,365554.0,383694.0,385264.0,408231.0,409113
Riq4dZIWf8o,,,,,,,,,,,,,,,,,,,,,,,,,,,,,,,,,,,,,,,,,,,,,,,,,,,,,,,,,,,,,,,,,,,,,,,,,,,,,,,,,,,,,,,,,,,,,,,,,,,,,,,,,,,,,,,,,,,,,,,,,,,,,,,,,,,,,,,,,,,,,,,68447.0,71745.0,73802.0,75092.0,76087.0,78609.0,81400.0,82839.0,84105.0,86333.0,87486.0,88081.0,88878.0,89489.0,90018.0,90430.0,90750.0,90933.0,91136.0,91365.0,91525.0,91656.0,91878.0,92045.0,92166.0,92329.0,92471.0,92636.0,92776.0,92881.0,92989.0,93093.0,93222.0,93311.0,93430.0,93515.0,93585.0,93676.0,93741.0,93838.0,93897.0,93970.0,94057.0,94134.0,94208.0,94267.0,94337.0,94407.0,94460
-qt6hKPebQ4,,,,,,,,,,,,,,,,,,,,,,,,,,,,,,,,,,,,,,,,,,,,,,,,,,,,,,,,,,,,,,,,,,,,,,,,,,,,,,,,,,,,,,,,,,,,,,,,,,,,,,,,,,,,,,,,,,,,,,,,,,,,,,,,,,,,,,,,,,,,,,,27988.0,31735.0,34816.0,38249.0,40953.0,42185.0,42930.0,43655.0,44400.0,44908.0,45329.0,45622.0,45889.0,46121.0,46352.0,46642.0,46867.0,47163.0,47438.0,47671.0,47878.0,48110.0,48262.0,48441.0,48649.0,48981.0,49467.0,50128.0,50578.0,50834.0,50971.0,51067.0,51219.0,51700.0,52438.0,52875.0,53483.0,53966.0,54611.0,55179.0,55650.0,56215.0,56798.0,57257.0,57835.0,58352.0,58866.0,59567.0,60131
ZXXFQ_os7lE,,,,,,,,,,,,,,,,,,,,,,,,,,,,,,,,,,,,,,,,,,,,,,,,,,,,,,,,,,,,,,,,,,,,,,,,,,,,,,,,,,,,,,,,,,,,,,,,,,,,,,,,,,,,,,,,,,,,,,,,,,,,,,,,,,,,,,,,,,,,,,,2706.0,2812.0,2869.0,2947.0,2976.0,2994.0,3013.0,3031.0,3040.0,3048.0,3055.0,3073.0,3088.0,3100.0,3109.0,3117.0,3126.0,3138.0,3148.0,3154.0,3159.0,3163.0,3173.0,3179.0,3183.0,3189.0,3195.0,3202.0,3211.0,3216.0,3217.0,3222.0,3225.0,3230.0,3230.0,3231.0,3234.0,3235.0,3236.0,3239.0,3242.0,3243.0,3247.0,3249.0,3249.0,3249.0,3250.0,3254.0,3259
sOZk2YRZYT8,,,,,,,,,,,,,,,,,,,,,,,,,,,,,,,,,,,,,,,,,,,,,,,,,,,,,,,,,,,,,,,,,,,,,,,,,,,,,,,,,,,,,,,,,,,,,,,,,,,,,,,,,,,,,,,,,,,,,,,,,,,,,,,,,,,,,,,,,,,,,,,40936.0,42303.0,43673.0,44749.0,46202.0,47217.0,48035.0,48663.0,49216.0,49820.0,50351.0,50873.0,51391.0,51957.0,52516.0,52968.0,53425.0,53891.0,54378.0,54837.0,55299.0,55749.0,56179.0,56613.0,57018.0,57441.0,57828.0,58189.0,58599.0,58927.0,59297.0,59633.0,60053.0,60475.0,61032.0,61498.0,61886.0,62326.0,62838.0,63271.0,63875.0,64356.0,64781.0,65314.0,65752.0,66316.0,66857.0,67440.0,67989
nZV331IviQQ,,,,,,,,,,,,,,,,,,,,,,,,,,,,,,,,,,,,,,,,,,,,,,,,,,,,,,,,,,,,,,,,,,,,,,,,,,,,,,,,,,,,,,,,,,,,,,,,,,,,,,,,,,,,,,,,,,,,,,,,,,,,,,,,,,,,,,,,,,,,,,,23810.0,22442.0,22665.0,22548.0,22635.0,22660.0,22719.0,22785.0,22876.0,22922.0,22969.0,23048.0,23183.0,23271.0,23339.0,23424.0,23531.0,23568.0,23615.0,23649.0,23706.0,23768.0,23808.0,23857.0,23922.0,23951.0,23986.0,24020.0,24037.0,24065.0,24090.0,24120.0,24137.0,24147.0,24160.0,24174.0,24196.0,24216.0,24232.0,24244.0,24258.0,24267.0,24283.0,24300.0,24318.0,24337.0,24357.0,24373.0,24388
3gagoWE2RBI,,,,,,,,,,,,,,,,,,,,,,,,,,,,,,,,,,,,,,,,,,,,,,,,,,,,,,,,,,,,,,,,,,,,,,,,,,,,,,,,,,,,,,,,,,,,,,,,,,,,,,,,,,,,,,,,,,,,,,,,,,,,,,,,,,,,,,,,,,,,,,,14140.0,14322.0,14481.0,14621.0,14778.0,14909.0,15068.0,15258.0,15421.0,15555.0,15660.0,15777.0,15930.0,16034.0,16147.0,16289.0,16415.0,16501.0,16638.0,16737.0,16822.0,16929.0,17050.0,17117.0,17204.0,17289.0,17382.0,17463.0,17569.0,17648.0,17719.0,17776.0,17825.0,17888.0,17947.0,18015.0,18103.0,18155.0,18215.0,18273.0,18332.0,18392.0,18440.0,18518.0,18574.0,18616.0,18668.0,18732.0,18818
x6kgOPHNzD4,,,,,,,,,,,,,,,,,,,,,,,,,,,,,,,,,,,,,,,,,,,,,,,,,,,,,,,,,,,,,,,,,,,,,,,,,,,,,,,,,,,,,,,,,,,,,,,,,,,,,,,,,,,,,,,,,,,,,,,,,,,,,,,,,,,,,,,,,,,,,,,6315.0,6733.0,7063.0,7379.0,7655.0,7901.0,8230.0,8469.0,8702.0,8929.0,9092.0,9245.0,9419.0,9562.0,9728.0,9865.0,10027.0,10183.0,10337.0,10442.0,10556.0,10686.0,10810.0,10896.0,11022.0,11126.0,11231.0,11322.0,11404.0,11488.0,11571.0,11636.0,11694.0,11794.0,11867.0,11963.0,12049.0,12119.0,12204.0,12276.0,12346.0,12417.0,12484.0,12547.0,12616.0,12681.0,12753.0,12836.0,12919
Y5kVNBlMJWQ,,,,,,,,,,,,,,,,,,,,,,,,,,,,,,,,,,,,,,,,,,,,,,,,,,,,,,,,,,,,,,,,,,,,,,,,,,,,,,,,,,,,,,,,,,,,,,,,,,,,,,,,,,,,,,,,,,,,,,,,,,,,,,,,,,,,,,,,,,,,,,,379.0,394.0,420.0,438.0,461.0,474.0,490.0,506.0,530.0,554.0,569.0,582.0,587.0,610.0,628.0,646.0,662.0,680.0,688.0,706.0,714.0,721.0,733.0,743.0,750.0,760.0,774.0,785.0,798.0,804.0,816.0,829.0,837.0,839.0,842.0,848.0,856.0,864.0,869.0,875.0,887.0,887.0,890.0,900.0,912.0,921.0,926.0,932.0,935
wWTaAIk4p6k,,,,,,,,,,,,,,,,,,,,,,,,,,,,,,,,,,,,,,,,,,,,,,,,,,,,,,,,,,,,,,,,,,,,,,,,,,,,,,,,,,,,,,,,,,,,,,,,,,,,,,,,,,,,,,,,,,,,,,,,,,,,,,,,,,,,,,,,,,,,,,,938.0,959.0,982.0,1007.0,1027.0,1051.0,1069.0,1091.0,1101.0,1133.0,1154.0,1176.0,1185.0,1198.0,1200.0,1208.0,1219.0,1251.0,1255.0,1264.0,1271.0,1274.0,1284.0,1288.0,1290.0,1295.0,1302.0,1306.0,1309.0,1311.0,1316.0,1320.0,1330.0,1331.0,1334.0,1343.0,1346.0,1346.0,1349.0,1351.0,1354.0,1356.0,1359.0,1360.0,1360.0,1361.0,1361.0,1365.0,1367
FXkdGoVPi4g,,,,,,,,,,,,,,,,,,,,,,,,,,,,,,,,,,,,,,,,,,,,,,,,,,,,,,,,,,,,,,,,,,,,,,,,,,,,,,,,,,,,,,,,,,,,,,,,,,,,,,,,,,,,,,,,,,,,,,,,,,,,,,,,,,,,,,,,,,,,,,,72277.0,73269.0,74055.0,74718.0,75173.0,75432.0,75607.0,75786.0,75930.0,76099.0,76215.0,76342.0,76486.0,76564.0,76660.0,76739.0,76833.0,76897.0,76964.0,77017.0,77082.0,77136.0,77233.0,77281.0,77330.0,77383.0,77442.0,77485.0,77526.0,77590.0,77630.0,77681.0,77737.0,77779.0,77842.0,77896.0,77938.0,77981.0,78009.0,78050.0,78074.0,78109.0,78126.0,78163.0,78201.0,78231.0,78273.0,78315.0,78360
d5oETq4UsLk,,,,,,,,,,,,,,,,,,,,,,,,,,,,,,,,,,,,,,,,,,,,,,,,,,,,,,,,,,,,,,,,,,,,,,,,,,,,,,,,,,,,,,,,,,,,,,,,,,,,,,,,,,,,,,,,,,,,,,,,,,,,,,,,,,,,,,,,,,,,,,,23178.0,23185.0,23302.0,23554.0,23723.0,23902.0,23984.0,24061.0,24122.0,24192.0,24236.0,24270.0,24303.0,24324.0,24325.0,24340.0,24360.0,24373.0,24387.0,24402.0,24432.0,24456.0,24474.0,24482.0,24493.0,24499.0,24506.0,24512.0,24522.0,24534.0,24540.0,24552.0,24566.0,24572.0,24575.0,24586.0,24592.0,24602.0,24608.0,24624.0,24639.0,24648.0,24655.0,24658.0,24662.0,24665.0,24670.0,24675.0,24679
zVeT0z3du_k,,,,,,,,,,,,,,,,,,,,,,,,,,,,,,,,,,,,,,,,,,,,,,,,,,,,,,,,,,,,,,,,,,,,,,,,,,,,,,,,,,,,,,,,,,,,,,,,,,,,,,,,,,,,,,,,,,,,,,,,,,,,,,,,,,,,,,,,,,,,,,,11504.0,11527.0,11547.0,11563.0,11601.0,11647.0,11674.0,11698.0,11738.0,11795.0,11834.0,11886.0,11943.0,11997.0,12045.0,12094.0,12141.0,12187.0,12229.0,12260.0,12289.0,12314.0,12332.0,12350.0,12378.0,12407.0,12446.0,12484.0,12510.0,12530.0,12549.0,12573.0,12606.0,12639.0,12663.0,12694.0,12719.0,12747.0,12775.0,12799.0,12828.0,12876.0,12895.0,12924.0,12955.0,12981.0,13004.0,13032.0,13069
V-qlL86j8ig,,,,,,,,,,,,,,,,,,,,,,,,,,,,,,,,,,,,,,,,,,,,,,,,,,,,,,,,,,,,,,,,,,,,,,,,,,,,,,,,,,,,,,,,,,,,,,,,,,,,,,,,,,,,,,,,,,,,,,,,,,,,,,,,,,,,,,,,,,,,,,,33249.0,38375.0,46015.0,52076.0,57609.0,60536.0,62432.0,64008.0,65370.0,66875.0,68298.0,69737.0,71342.0,73152.0,74551.0,75871.0,77420.0,78829.0,80155.0,81360.0,82366.0,83308.0,84270.0,85310.0,86244.0,87240.0,88013.0,89169.0,89928.0,90633.0,91352.0,92256.0,92995.0,94165.0,95067.0,95897.0,96667.0,97533.0,98383.0,99223.0,99959.0,100510.0,101036.0,101499.0,102031.0,102629.0,103208.0,103834.0,104480
1CwjFGsi4Vo,,,,,,,,,,,,,,,,,,,,,,,,,,,,,,,,,,,,,,,,,,,,,,,,,,,,,,,,,,,,,,,,,,,,,,,,,,,,,,,,,,,,,,,,,,,,,,,,,,,,,,,,,,,,,,,,,,,,,,,,,,,,,,,,,,,,,,,,,,,,,,,20744.0,21696.0,22703.0,23537.0,24446.0,25134.0,25716.0,26182.0,26694.0,27038.0,27415.0,27741.0,28044.0,28385.0,28619.0,28836.0,29058.0,29273.0,29543.0,29807.0,30036.0,30264.0,30444.0,30657.0,30813.0,30993.0,31154.0,31344.0,31500.0,31623.0,31756.0,31922.0,32073.0,32196.0,32316.0,32435.0,32584.0,32688.0,32809.0,32917.0,33012.0,33131.0,33223.0,33308.0,33391.0,33476.0,33564.0,33651.0,33773
g-TsEwPxExI,,,,,,,,,,,,,,,,,,,,,,,,,,,,,,,,,,,,,,,,,,,,,,,,,,,,,,,,,,,,,,,,,,,,,,,,,,,,,,,,,,,,,,,,,,,,,,,,,,,,,,,,,,,,,,,,,,,,,,,,,,,,,,,,,,,,,,,,,,,,,,,5678.0,6023.0,6401.0,7045.0,7697.0,8219.0,8740.0,9160.0,9608.0,10020.0,10464.0,11482.0,12327.0,12959.0,13457.0,13920.0,14388.0,14787.0,15162.0,15510.0,15955.0,16387.0,16729.0,17030.0,17398.0,17803.0,18106.0,18325.0,18594.0,18800.0,19020.0,19211.0,19428.0,19610.0,19813.0,19968.0,20123.0,20308.0,20470.0,20599.0,20767.0,20920.0,21065.0,21227.0,21366.0,21540.0,21673.0,21816.0,21951
7OJJdO_ZqHg,,,,,,,,,,,,,,,,,,,,,,,,,,,,,,,,,,,,,,,,,,,,,,,,,,,,,,,,,,,,,,,,,,,,,,,,,,,,,,,,,,,,,,,,,,,,,,,,,,,,,,,,,,,,,,,,,,,,,,,,,,,,,,,,,,,,,,,,,,,,,,,242569.0,244164.0,245445.0,246806.0,247963.0,251586.0,251950.0,252253.0,252575.0,252908.0,253150.0,250205.0,250309.0,250402.0,250486.0,250602.0,250679.0,250742.0,250820.0,250867.0,250928.0,250993.0,251061.0,251146.0,251196.0,251232.0,251265.0,251298.0,251335.0,251403.0,251433.0,251470.0,251497.0,251526.0,251551.0,251598.0,251642.0,251680.0,251697.0,251719.0,251752.0,251780.0,251816.0,251851.0,251873.0,251895.0,251923.0,251936.0,251958
a1d_lqLNosk,,,,,,,,,,,,,,,,,,,,,,,,,,,,,,,,,,,,,,,,,,,,,,,,,,,,,,,,,,,,,,,,,,,,,,,,,,,,,,,,,,,,,,,,,,,,,,,,,,,,,,,,,,,,,,,,,,,,,,,,,,,,,,,,,,,,,,,,,,,,,,,252.0,253.0,254.0,254.0,255.0,255.0,255.0,256.0,256.0,256.0,256.0,256.0,256.0,258.0,259.0,262.0,265.0,265.0,265.0,265.0,267.0,267.0,267.0,268.0,268.0,269.0,269.0,269.0,269.0,272.0,272.0,272.0,272.0,273.0,279.0,279.0,280.0,282.0,283.0,283.0,283.0,283.0,283.0,283.0,283.0,284.0,284.0,284.0,284
mC51buNwzeI,,,,,,,,,,,,,,,,,,,,,,,,,,,,,,,,,,,,,,,,,,,,,,,,,,,,,,,,,,,,,,,,,,,,,,,,,,,,,,,,,,,,,,,,,,,,,,,,,,,,,,,,,,,,,,,,,,,,,,,,,,,,,,,,,,,,,,,,,,,,,,,638.0,641.0,643.0,644.0,650.0,650.0,651.0,654.0,658.0,661.0,662.0,674.0,678.0,685.0,688.0,690.0,693.0,694.0,697.0,698.0,701.0,701.0,705.0,707.0,707.0,708.0,708.0,708.0,709.0,712.0,713.0,715.0,715.0,716.0,722.0,726.0,727.0,729.0,730.0,731.0,731.0,733.0,733.0,733.0,733.0,734.0,734.0,735.0,736
ne_0ElMLJ9Q,,,,,,,,,,,,,,,,,,,,,,,,,,,,,,,,,,,,,,,,,,,,,,,,,,,,,,,,,,,,,,,,,,,,,,,,,,,,,,,,,,,,,,,,,,,,,,,,,,,,,,,,,,,,,,,,,,,,,,,,,,,,,,,,,,,,,,,,,,,,,,,162.0,189.0,209.0,220.0,231.0,238.0,249.0,255.0,267.0,274.0,282.0,287.0,295.0,302.0,303.0,313.0,315.0,316.0,318.0,321.0,326.0,327.0,327.0,330.0,335.0,338.0,345.0,350.0,350.0,354.0,356.0,355.0,356.0,358.0,359.0,362.0,361.0,364.0,365.0,368.0,368.0,369.0,370.0,373.0,373.0,374.0,375.0,375.0,375
rEBqBU11ZOU,,,,,,,,,,,,,,,,,,,,,,,,,,,,,,,,,,,,,,,,,,,,,,,,,,,,,,,,,,,,,,,,,,,,,,,,,,,,,,,,,,,,,,,,,,,,,,,,,,,,,,,,,,,,,,,,,,,,,,,,,,,,,,,,,,,,,,,,,,,,,,,298.0,328.0,346.0,369.0,389.0,405.0,410.0,411.0,416.0,424.0,429.0,435.0,438.0,440.0,444.0,449.0,450.0,452.0,453.0,454.0,455.0,456.0,458.0,459.0,461.0,463.0,465.0,465.0,466.0,466.0,467.0,468.0,468.0,469.0,469.0,470.0,470.0,471.0,472.0,473.0,473.0,473.0,473.0,475.0,475.0,478.0,478.0,479.0,480
zaOPaGso8iU,,,,,,,,,,,,,,,,,,,,,,,,,,,,,,,,,,,,,,,,,,,,,,,,,,,,,,,,,,,,,,,,,,,,,,,,,,,,,,,,,,,,,,,,,,,,,,,,,,,,,,,,,,,,,,,,,,,,,,,,,,,,,,,,,,,,,,,,,,,,,,,20282.0,20450.0,20556.0,20679.0,20767.0,20868.0,20947.0,21043.0,21135.0,21212.0,21266.0,21342.0,21431.0,21500.0,21555.0,21616.0,21664.0,21777.0,21816.0,21856.0,21900.0,21925.0,21974.0,22041.0,22084.0,22128.0,22170.0,22204.0,22243.0,22263.0,22286.0,22316.0,22338.0,22366.0,22392.0,22408.0,22426.0,22455.0,22472.0,22503.0,22531.0,22558.0,22590.0,22607.0,22631.0,22651.0,22664.0,22683.0,22700
pdXzfOVFBMA,,,,,,,,,,,,,,,,,,,,,,,,,,,,,,,,,,,,,,,,,,,,,,,,,,,,,,,,,,,,,,,,,,,,,,,,,,,,,,,,,,,,,,,,,,,,,,,,,,,,,,,,,,,,,,,,,,,,,,,,,,,,,,,,,,,,,,,,,,,,,,,25913.0,27228.0,29932.0,33393.0,35265.0,36964.0,38271.0,38960.0,39567.0,40572.0,41132.0,41549.0,42022.0,42248.0,42535.0,42724.0,42855.0,42943.0,43021.0,43096.0,43164.0,43223.0,43259.0,43308.0,43336.0,43366.0,43415.0,43471.0,43544.0,43581.0,43617.0,43654.0,43698.0,43760.0,43824.0,43857.0,43885.0,43901.0,43929.0,43958.0,43983.0,44002.0,44027.0,44044.0,44067.0,44084.0,44101.0,44116.0,44130
tJ33bvntZh0,,,,,,,,,,,,,,,,,,,,,,,,,,,,,,,,,,,,,,,,,,,,,,,,,,,,,,,,,,,,,,,,,,,,,,,,,,,,,,,,,,,,,,,,,,,,,,,,,,,,,,,,,,,,,,,,,,,,,,,,,,,,,,,,,,,,,,,,,,,,,,,480245.0,496181.0,510256.0,522187.0,533376.0,541584.0,552025.0,560228.0,566986.0,573182.0,578958.0,583649.0,588767.0,595454.0,601817.0,607699.0,619227.0,623730.0,626571.0,630939.0,633244.0,634719.0,636002.0,637063.0,638167.0,638996.0,639730.0,640498.0,641177.0,641837.0,642356.0,642800.0,643243.0,643677.0,644091.0,644473.0,644823.0,645094.0,645323.0,645585.0,645832.0,646111.0,646351.0,646648.0,646895.0,647084.0,647330.0,647563.0,647808
n3GY0X20sP0,,,,,,,,,,,,,,,,,,,,,,,,,,,,,,,,,,,,,,,,,,,,,,,,,,,,,,,,,,,,,,,,,,,,,,,,,,,,,,,,,,,,,,,,,,,,,,,,,,,,,,,,,,,,,,,,,,,,,,,,,,,,,,,,,,,,,,,,,,,,,,,18214.0,18799.0,19182.0,19345.0,19528.0,19734.0,19917.0,20149.0,20373.0,20570.0,20750.0,20915.0,21127.0,21294.0,21451.0,21606.0,21804.0,21945.0,22115.0,22352.0,22605.0,22842.0,23098.0,23328.0,23534.0,23714.0,23922.0,24135.0,24323.0,24495.0,24639.0,24798.0,25139.0,25551.0,25897.0,26154.0,26404.0,26639.0,26843.0,27025.0,27211.0,27427.0,27594.0,27768.0,27883.0,28036.0,28178.0,28291.0,28398
EmeW6li6bbo,,,,,,,,,,,,,,,,,,,,,,,,,,,,,,,,,,,,,,,,,,,,,,,,,,,,,,,,,,,,,,,,,,,,,,,,,,,,,,,,,,,,,,,,,,,,,,,,,,,,,,,,,,,,,,,,,,,,,,,,,,,,,,,,,,,,,,,,,,,,,,,31536952.0,31863039.0,32173035.0,32454674.0,32723519.0,32969240.0,33201724.0,33436956.0,33671732.0,33872742.0,34070738.0,34271991.0,34477762.0,34670294.0,34870623.0,35063710.0,35246399.0,35429249.0,35605966.0,35778395.0,35953773.0,36138260.0,36311489.0,36466369.0,36614989.0,36761228.0,36910353.0,37065153.0,37230539.0,37390581.0,37532783.0,37677725.0,37816369.0,37953801.0,38087953.0,38227025.0,38354944.0,38471304.0,38592230.0,38711041.0,38829244.0,38952271.0,39082549.0,39202539.0,39317942.0,39433650.0,39557568.0,39672791.0,39785095
9g5seC-VExI,,,,,,,,,,,,,,,,,,,,,,,,,,,,,,,,,,,,,,,,,,,,,,,,,,,,,,,,,,,,,,,,,,,,,,,,,,,,,,,,,,,,,,,,,,,,,,,,,,,,,,,,,,,,,,,,,,,,,,,,,,,,,,,,,,,,,,,,,,,,,,,4098580.0,4098009.0,4097772.0,4097878.0,4098003.0,4098206.0,4098350.0,4098453.0,4098618.0,4098943.0,4099239.0,4099400.0,4099556.0,4099696.0,4099821.0,4099955.0,4100087.0,4100206.0,4100284.0,4100366.0,4100474.0,4100643.0,4101079.0,4101237.0,4101392.0,4101481.0,4101572.0,4101677.0,4101777.0,4101853.0,4101927.0,4102006.0,4102078.0,4104803.0,4119944.0,4141327.0,4171632.0,4210088.0,4244087.0,4272305.0,4300120.0,4335471.0,4360733.0,4389282.0,4438287.0,4464236.0,4477017.0,4483204.0,4488612
_8oCVF9jpIM,,,,,,,,,,,,,,,,,,,,,,,,,,,,,,,,,,,,,,,,,,,,,,,,,,,,,,,,,,,,,,,,,,,,,,,,,,,,,,,,,,,,,,,,,,,,,,,,,,,,,,,,,,,,,,,,,,,,,,,,,,,,,,,,,,,,,,,,,,,,,,,50526.0,52894.0,54464.0,55830.0,56942.0,57950.0,59004.0,59719.0,62412.0,63748.0,64766.0,65682.0,66471.0,67155.0,67652.0,69239.0,70182.0,71730.0,72772.0,73497.0,74195.0,74605.0,75173.0,75491.0,75845.0,76220.0,76470.0,76585.0,76727.0,76885.0,77047.0,77120.0,77193.0,77263.0,77323.0,77381.0,77424.0,77483.0,77536.0,77589.0,77629.0,77663.0,77706.0,77760.0,77836.0,77881.0,77913.0,77944.0,77985
CQrhon5Ow_k,,,,,,,,,,,,,,,,,,,,,,,,,,,,,,,,,,,,,,,,,,,,,,,,,,,,,,,,,,,,,,,,,,,,,,,,,,,,,,,,,,,,,,,,,,,,,,,,,,,,,,,,,,,,,,,,,,,,,,,,,,,,,,,,,,,,,,,,,,,,,,,41117.0,41730.0,42072.0,42383.0,42693.0,42880.0,43034.0,43192.0,43331.0,43472.0,43559.0,43673.0,43746.0,43804.0,43866.0,43920.0,43975.0,44018.0,44064.0,44103.0,44135.0,44175.0,44220.0,44247.0,44278.0,44316.0,44356.0,44378.0,44406.0,44443.0,44474.0,44494.0,44516.0,44527.0,44549.0,44563.0,44596.0,44622.0,44638.0,44663.0,44686.0,44704.0,44736.0,44759.0,44777.0,44794.0,44816.0,44826.0,44835
HXmaO75sYrk,,,,,,,,,,,,,,,,,,,,,,,,,,,,,,,,,,,,,,,,,,,,,,,,,,,,,,,,,,,,,,,,,,,,,,,,,,,,,,,,,,,,,,,,,,,,,,,,,,,,,,,,,,,,,,,,,,,,,,,,,,,,,,,,,,,,,,,,,,,,,,,3430.0,6090.0,8388.0,11256.0,15065.0,18487.0,20720.0,21486.0,22194.0,22948.0,23632.0,24171.0,24789.0,25444.0,25927.0,26309.0,26739.0,27212.0,27663.0,28139.0,28517.0,28934.0,29313.0,29773.0,30163.0,30660.0,32037.0,32894.0,33437.0,33868.0,34407.0,34894.0,35395.0,36127.0,36935.0,37612.0,38345.0,39089.0,39905.0,40647.0,41609.0,42437.0,43312.0,43985.0,44776.0,45748.0,46580.0,47313.0,48260
_xFKDYqfclQ,,,,,,,,,,,,,,,,,,,,,,,,,,,,,,,,,,,,,,,,,,,,,,,,,,,,,,,,,,,,,,,,,,,,,,,,,,,,,,,,,,,,,,,,,,,,,,,,,,,,,,,,,,,,,,,,,,,,,,,,,,,,,,,,,,,,,,,,,,,,,,,32939.0,33011.0,33048.0,33095.0,33156.0,33196.0,33249.0,33295.0,33355.0,33428.0,33476.0,33515.0,33548.0,33594.0,33634.0,33676.0,33725.0,33765.0,33800.0,33838.0,33874.0,33910.0,33957.0,34005.0,34037.0,34080.0,34103.0,34147.0,34165.0,34197.0,34231.0,34274.0,34303.0,34327.0,34350.0,34370.0,34403.0,34431.0,34454.0,34534.0,34584.0,34629.0,34681.0,34746.0,34794.0,34829.0,34873.0,34911.0,34929
ktGBMu4M58w,,,,,,,,,,,,,,,,,,,,,,,,,,,,,,,,,,,,,,,,,,,,,,,,,,,,,,,,,,,,,,,,,,,,,,,,,,,,,,,,,,,,,,,,,,,,,,,,,,,,,,,,,,,,,,,,,,,,,,,,,,,,,,,,,,,,,,,,,,,,,,,9479.0,10559.0,11200.0,12432.0,14574.0,17425.0,20575.0,21943.0,22134.0,22293.0,22489.0,22779.0,22979.0,23136.0,23274.0,23419.0,23551.0,23672.0,23808.0,23908.0,24003.0,24099.0,24193.0,24301.0,24398.0,24489.0,24574.0,24666.0,24734.0,24811.0,24882.0,24954.0,25013.0,25064.0,25138.0,25203.0,25249.0,25308.0,25375.0,25468.0,25550.0,25618.0,25690.0,25779.0,25843.0,25930.0,25994.0,26052.0,26112
ALBsk7VbaJA,,,,,,,,,,,,,,,,,,,,,,,,,,,,,,,,,,,,,,,,,,,,,,,,,,,,,,,,,,,,,,,,,,,,,,,,,,,,,,,,,,,,,,,,,,,,,,,,,,,,,,,,,,,,,,,,,,,,,,,,,,,,,,,,,,,,,,,,,,,,,,,60462.0,78475.0,95321.0,117683.0,167234.0,218018.0,265888.0,299528.0,339133.0,379387.0,419307.0,458040.0,486893.0,513909.0,540778.0,566657.0,593678.0,618915.0,643795.0,665582.0,669259.0,669477.0,669698.0,669933.0,670161.0,670374.0,670599.0,670790.0,670913.0,671067.0,671226.0,671512.0,671691.0,671840.0,671959.0,672095.0,672218.0,672333.0,672458.0,672589.0,672712.0,672802.0,672916.0,673021.0,673122.0,673232.0,673314.0,673411.0,673518
s24NkdR36vM,,,,,,,,,,,,,,,,,,,,,,,,,,,,,,,,,,,,,,,,,,,,,,,,,,,,,,,,,,,,,,,,,,,,,,,,,,,,,,,,,,,,,,,,,,,,,,,,,,,,,,,,,,,,,,,,,,,,,,,,,,,,,,,,,,,,,,,,,,,,,,,1648879.0,1697550.0,1733422.0,1762353.0,1787231.0,1809895.0,1832251.0,1852850.0,1875408.0,1893186.0,1907953.0,1921035.0,1934673.0,1948308.0,1964438.0,1993173.0,2008804.0,2021550.0,2031703.0,2041532.0,2052464.0,2105713.0,2158556.0,2211868.0,2253104.0,2284979.0,2317738.0,2359819.0,2369816.0,2377381.0,2382642.0,2386462.0,2388965.0,2390963.0,2393158.0,2395176.0,2397032.0,2398445.0,2399801.0,2401090.0,2402242.0,2403437.0,2404661.0,2405746.0,2406725.0,2407604.0,2408512.0,2409415.0,2410337
RnU9dAvuFmU,,,,,,,,,,,,,,,,,,,,,,,,,,,,,,,,,,,,,,,,,,,,,,,,,,,,,,,,,,,,,,,,,,,,,,,,,,,,,,,,,,,,,,,,,,,,,,,,,,,,,,,,,,,,,,,,,,,,,,,,,,,,,,,,,,,,,,,,,,,,,,,18760.0,18905.0,18986.0,19154.0,19517.0,19706.0,19838.0,19963.0,20098.0,20207.0,20278.0,20371.0,20457.0,20564.0,20673.0,20761.0,20840.0,20930.0,20994.0,21066.0,21132.0,21199.0,21250.0,21299.0,21338.0,21406.0,21447.0,21492.0,21521.0,21562.0,21606.0,21648.0,21697.0,21735.0,21767.0,21813.0,21841.0,21878.0,21909.0,21936.0,21966.0,22000.0,22044.0,22077.0,22115.0,22155.0,22194.0,22228.0,22256
RGar1DL3mcg,,,,,,,,,,,,,,,,,,,,,,,,,,,,,,,,,,,,,,,,,,,,,,,,,,,,,,,,,,,,,,,,,,,,,,,,,,,,,,,,,,,,,,,,,,,,,,,,,,,,,,,,,,,,,,,,,,,,,,,,,,,,,,,,,,,,,,,,,,,,,,,1513.0,1555.0,1642.0,3803.0,5091.0,5798.0,6197.0,6433.0,6542.0,6573.0,6614.0,6650.0,6671.0,6684.0,6694.0,6703.0,6715.0,6720.0,6730.0,6735.0,6744.0,6748.0,6759.0,6762.0,6777.0,6782.0,6791.0,6797.0,6799.0,6801.0,6803.0,6807.0,6810.0,6812.0,6816.0,6817.0,6818.0,6819.0,6822.0,6824.0,6827.0,6834.0,6835.0,6837.0,6837.0,6840.0,6842.0,6843.0,6843
EY_bqwEiNMg,,,,,,,,,,,,,,,,,,,,,,,,,,,,,,,,,,,,,,,,,,,,,,,,,,,,,,,,,,,,,,,,,,,,,,,,,,,,,,,,,,,,,,,,,,,,,,,,,,,,,,,,,,,,,,,,,,,,,,,,,,,,,,,,,,,,,,,,,,,,,,,144039.0,156147.0,167741.0,177468.0,185340.0,191544.0,197011.0,202135.0,207198.0,212288.0,216837.0,221077.0,225404.0,229431.0,233120.0,236453.0,240006.0,243137.0,246186.0,249033.0,251857.0,254601.0,257051.0,259455.0,262758.0,265470.0,267866.0,270353.0,272415.0,274377.0,276855.0,279210.0,281784.0,283907.0,286254.0,288205.0,290118.0,291973.0,294240.0,296061.0,297944.0,299838.0,301452.0,302858.0,304471.0,306173.0,307692.0,308924.0,310544
qQEuqXm8ul8,,,,,,,,,,,,,,,,,,,,,,,,,,,,,,,,,,,,,,,,,,,,,,,,,,,,,,,,,,,,,,,,,,,,,,,,,,,,,,,,,,,,,,,,,,,,,,,,,,,,,,,,,,,,,,,,,,,,,,,,,,,,,,,,,,,,,,,,,,,,,,,525939.0,530231.0,533094.0,535512.0,537873.0,541710.0,545429.0,548003.0,550016.0,552634.0,556286.0,559895.0,562384.0,564182.0,564954.0,565890.0,567007.0,568309.0,569498.0,570454.0,571211.0,571707.0,572166.0,572653.0,573114.0,573548.0,573977.0,574269.0,574632.0,574916.0,575204.0,575533.0,575826.0,576141.0,576462.0,576669.0,576916.0,577129.0,577425.0,577594.0,577818.0,578010.0,578171.0,578326.0,578516.0,578699.0,578883.0,579034.0,579181
fLIGQUC6uMk,,,,,,,,,,,,,,,,,,,,,,,,,,,,,,,,,,,,,,,,,,,,,,,,,,,,,,,,,,,,,,,,,,,,,,,,,,,,,,,,,,,,,,,,,,,,,,,,,,,,,,,,,,,,,,,,,,,,,,,,,,,,,,,,,,,,,,,,,,,,,,,1599.0,2871.0,3004.0,3075.0,3121.0,3146.0,3163.0,3200.0,3214.0,3218.0,3222.0,3227.0,3232.0,3240.0,3245.0,3254.0,3260.0,3261.0,3265.0,3272.0,3274.0,3274.0,3276.0,3277.0,3277.0,3278.0,3278.0,3281.0,3282.0,3287.0,3288.0,3293.0,3293.0,3293.0,3294.0,3294.0,3296.0,3296.0,3297.0,3297.0,3297.0,3298.0,3299.0,3300.0,3300.0,3300.0,3300.0,3301.0,3303
lBcU52442ec,,,,,,,,,,,,,,,,,,,,,,,,,,,,,,,,,,,,,,,,,,,,,,,,,,,,,,,,,,,,,,,,,,,,,,,,,,,,,,,,,,,,,,,,,,,,,,,,,,,,,,,,,,,,,,,,,,,,,,,,,,,,,,,,,,,,,,,,,,,,,,,153184.0,202317.0,235584.0,282649.0,310510.0,335047.0,350257.0,364754.0,379488.0,404535.0,423393.0,438685.0,453144.0,465057.0,476417.0,486362.0,494056.0,500585.0,506780.0,512043.0,517757.0,523218.0,528888.0,533408.0,537900.0,542345.0,546697.0,551055.0,555152.0,558990.0,561850.0,564704.0,567388.0,569820.0,572291.0,574640.0,576713.0,578503.0,580564.0,582733.0,585547.0,589671.0,595131.0,598934.0,601858.0,604080.0,606481.0,608688.0,610739
UGTZjXe3DiY,,,,,,,,,,,,,,,,,,,,,,,,,,,,,,,,,,,,,,,,,,,,,,,,,,,,,,,,,,,,,,,,,,,,,,,,,,,,,,,,,,,,,,,,,,,,,,,,,,,,,,,,,,,,,,,,,,,,,,,,,,,,,,,,,,,,,,,,,,,,,,,711.0,881.0,1027.0,1141.0,1407.0,1644.0,2208.0,2708.0,3240.0,3667.0,4003.0,4381.0,4636.0,4836.0,5096.0,5390.0,5681.0,5950.0,6112.0,6353.0,6547.0,6763.0,6971.0,7199.0,7394.0,7597.0,7797.0,7989.0,8215.0,8386.0,8573.0,8756.0,8938.0,10629.0,12606.0,13741.0,14661.0,15971.0,16976.0,17811.0,18654.0,19476.0,20322.0,20981.0,22060.0,22986.0,23842.0,24829.0,26017
1xafweflIBM,,,,,,,,,,,,,,,,,,,,,,,,,,,,,,,,,,,,,,,,,,,,,,,,,,,,,,,,,,,,,,,,,,,,,,,,,,,,,,,,,,,,,,,,,,,,,,,,,,,,,,,,,,,,,,,,,,,,,,,,,,,,,,,,,,,,,,,,,,,,,,,282.0,416.0,508.0,592.0,706.0,776.0,826.0,867.0,924.0,974.0,1011.0,1045.0,1087.0,1116.0,1164.0,1197.0,1256.0,1307.0,1362.0,1400.0,1470.0,1511.0,1543.0,1586.0,1625.0,1659.0,1699.0,1728.0,1748.0,1773.0,1797.0,1823.0,1847.0,1881.0,1928.0,1951.0,1986.0,2063.0,2128.0,2200.0,2265.0,2349.0,2415.0,2472.0,2536.0,2611.0,2698.0,2754.0,2843
_NJfo6qnXq8,,,,,,,,,,,,,,,,,,,,,,,,,,,,,,,,,,,,,,,,,,,,,,,,,,,,,,,,,,,,,,,,,,,,,,,,,,,,,,,,,,,,,,,,,,,,,,,,,,,,,,,,,,,,,,,,,,,,,,,,,,,,,,,,,,,,,,,,,,,,,,,210239.0,211905.0,213255.0,214349.0,215429.0,216515.0,217572.0,218534.0,219490.0,220333.0,221066.0,221809.0,222581.0,223280.0,224023.0,224729.0,225267.0,225954.0,226575.0,227492.0,228113.0,228823.0,229379.0,229886.0,230367.0,230797.0,231217.0,231662.0,232090.0,232543.0,232923.0,233371.0,233765.0,234120.0,234478.0,234880.0,235276.0,235634.0,235947.0,236344.0,236669.0,236916.0,237244.0,237536.0,237853.0,238154.0,238594.0,239045.0,239422
MFEV5UQmQXk,,,,,,,,,,,,,,,,,,,,,,,,,,,,,,,,,,,,,,,,,,,,,,,,,,,,,,,,,,,,,,,,,,,,,,,,,,,,,,,,,,,,,,,,,,,,,,,,,,,,,,,,,,,,,,,,,,,,,,,,,,,,,,,,,,,,,,,,,,,,,,,3320.0,4092.0,4574.0,5013.0,5517.0,5864.0,6140.0,6364.0,7091.0,7485.0,7869.0,8226.0,8502.0,8684.0,8974.0,9138.0,9300.0,9471.0,9590.0,9761.0,9901.0,10100.0,10349.0,10575.0,10721.0,10857.0,10977.0,11073.0,11222.0,11393.0,11498.0,11636.0,11776.0,11881.0,12005.0,12148.0,12325.0,12501.0,12693.0,12838.0,12997.0,13145.0,13307.0,13474.0,13601.0,13804.0,14194.0,14350.0,14539
2vKXjS8cNMY,,,,,,,,,,,,,,,,,,,,,,,,,,,,,,,,,,,,,,,,,,,,,,,,,,,,,,,,,,,,,,,,,,,,,,,,,,,,,,,,,,,,,,,,,,,,,,,,,,,,,,,,,,,,,,,,,,,,,,,,,,,,,,,,,,,,,,,,,,,,,,,144348.0,314834.0,536280.0,769614.0,968638.0,1079597.0,1158222.0,1224099.0,1295929.0,1380328.0,1465642.0,1551402.0,1644520.0,1737871.0,1824315.0,1894620.0,1965997.0,2041101.0,2108964.0,2168768.0,2222715.0,2272642.0,2315399.0,2364179.0,2417780.0,2465515.0,2511882.0,2562225.0,2609250.0,2653259.0,2709468.0,2764005.0,2817523.0,2868118.0,2922534.0,2976552.0,3023107.0,3074925.0,3126629.0,3171235.0,3220062.0,3265710.0,3305854.0,3342315.0,3383279.0,3428722.0,3471108.0,3510812.0,3552931
gr4nxjoAL04,,,,,,,,,,,,,,,,,,,,,,,,,,,,,,,,,,,,,,,,,,,,,,,,,,,,,,,,,,,,,,,,,,,,,,,,,,,,,,,,,,,,,,,,,,,,,,,,,,,,,,,,,,,,,,,,,,,,,,,,,,,,,,,,,,,,,,,,,,,,,,,1589.0,1924.0,2097.0,2204.0,2294.0,2385.0,2497.0,2595.0,2664.0,2737.0,2798.0,2846.0,2876.0,2921.0,2951.0,2981.0,3012.0,3036.0,3065.0,3087.0,3109.0,3133.0,3158.0,3170.0,3184.0,3204.0,3229.0,3250.0,3261.0,3277.0,3297.0,3311.0,3327.0,3339.0,3353.0,3364.0,3373.0,3385.0,3395.0,3408.0,3418.0,3426.0,3434.0,3445.0,3452.0,3461.0,3468.0,3477.0,3488
u6fqqxqDvMQ,,,,,,,,,,,,,,,,,,,,,,,,,,,,,,,,,,,,,,,,,,,,,,,,,,,,,,,,,,,,,,,,,,,,,,,,,,,,,,,,,,,,,,,,,,,,,,,,,,,,,,,,,,,,,,,,,,,,,,,,,,,,,,,,,,,,,,,,,,,,,,,515605.0,517507.0,519730.0,522525.0,525091.0,527749.0,530200.0,532224.0,534438.0,536835.0,539530.0,542655.0,545348.0,548107.0,550066.0,551838.0,554472.0,557200.0,560071.0,562441.0,564839.0,567238.0,569376.0,572099.0,574687.0,577285.0,579733.0,582317.0,584495.0,586448.0,589021.0,591369.0,593575.0,595645.0,597738.0,599411.0,600990.0,602786.0,605171.0,607266.0,609290.0,611525.0,613042.0,614398.0,616263.0,617986.0,619914.0,621717.0,623406
9v4XPYNx_us,,,,,,,,,,,,,,,,,,,,,,,,,,,,,,,,,,,,,,,,,,,,,,,,,,,,,,,,,,,,,,,,,,,,,,,,,,,,,,,,,,,,,,,,,,,,,,,,,,,,,,,,,,,,,,,,,,,,,,,,,,,,,,,,,,,,,,,,,,,,,,,225004.0,256140.0,274484.0,289498.0,303220.0,316269.0,327425.0,333270.0,339378.0,345230.0,350079.0,354277.0,358228.0,362045.0,365710.0,369424.0,373066.0,377024.0,380391.0,383316.0,386325.0,389148.0,391769.0,394584.0,397852.0,400777.0,403805.0,406710.0,409688.0,412150.0,414541.0,416668.0,418834.0,421114.0,423172.0,425182.0,427232.0,429692.0,431934.0,433959.0,436299.0,438425.0,440315.0,442400.0,444379.0,446459.0,448526.0,450403.0,452297
gW2-2TAS33c,,,,,,,,,,,,,,,,,,,,,,,,,,,,,,,,,,,,,,,,,,,,,,,,,,,,,,,,,,,,,,,,,,,,,,,,,,,,,,,,,,,,,,,,,,,,,,,,,,,,,,,,,,,,,,,,,,,,,,,,,,,,,,,,,,,,,,,,,,,,,,,50249.0,51885.0,52993.0,53977.0,54745.0,55185.0,55557.0,55953.0,56256.0,56617.0,56937.0,57221.0,57453.0,57681.0,57908.0,58080.0,58233.0,58361.0,58496.0,58598.0,58711.0,58858.0,58984.0,59107.0,59243.0,59345.0,59490.0,59619.0,59733.0,59834.0,59951.0,60017.0,60113.0,60195.0,60278.0,60356.0,60426.0,60496.0,60539.0,60600.0,60657.0,60710.0,60754.0,60813.0,60862.0,60924.0,60998.0,61050.0,61092
74BnH4V3-Mo,,,,,,,,,,,,,,,,,,,,,,,,,,,,,,,,,,,,,,,,,,,,,,,,,,,,,,,,,,,,,,,,,,,,,,,,,,,,,,,,,,,,,,,,,,,,,,,,,,,,,,,,,,,,,,,,,,,,,,,,,,,,,,,,,,,,,,,,,,,,,,,8004.0,8763.0,9297.0,9616.0,9820.0,10077.0,10687.0,11108.0,11325.0,11559.0,11804.0,11987.0,12132.0,12276.0,12385.0,12452.0,12540.0,12611.0,12690.0,12759.0,12827.0,12863.0,12961.0,13022.0,13059.0,13112.0,13175.0,13236.0,13298.0,13354.0,13409.0,13442.0,13472.0,13505.0,13534.0,13586.0,13609.0,13627.0,13645.0,13672.0,13721.0,13750.0,13773.0,13795.0,13808.0,13828.0,13845.0,13877.0,13896
K1iSnWpTWm4,,,,,,,,,,,,,,,,,,,,,,,,,,,,,,,,,,,,,,,,,,,,,,,,,,,,,,,,,,,,,,,,,,,,,,,,,,,,,,,,,,,,,,,,,,,,,,,,,,,,,,,,,,,,,,,,,,,,,,,,,,,,,,,,,,,,,,,,,,,,,,,61104.0,122784.0,181343.0,240427.0,290946.0,332537.0,384172.0,425401.0,481135.0,543397.0,587846.0,635637.0,678538.0,680510.0,694484.0,709500.0,711212.0,712761.0,714076.0,715249.0,716464.0,717564.0,718627.0,719564.0,720439.0,721314.0,722154.0,722940.0,723679.0,724384.0,725005.0,725575.0,726231.0,726960.0,727586.0,728373.0,729027.0,729676.0,730334.0,730986.0,731632.0,732281.0,732887.0,733567.0,734193.0,734918.0,735627.0,736343.0,737000
-8l-0h3OddU,,,,,,,,,,,,,,,,,,,,,,,,,,,,,,,,,,,,,,,,,,,,,,,,,,,,,,,,,,,,,,,,,,,,,,,,,,,,,,,,,,,,,,,,,,,,,,,,,,,,,,,,,,,,,,,,,,,,,,,,,,,,,,,,,,,,,,,,,,,,,,,54409.0,64277.0,122887.0,142551.0,162967.0,171390.0,172090.0,172304.0,172191.0,172675.0,173194.0,173527.0,174023.0,174354.0,174673.0,174879.0,175100.0,175386.0,175648.0,175870.0,176065.0,176196.0,176410.0,176539.0,176680.0,176822.0,177026.0,177130.0,177253.0,177323.0,177464.0,177559.0,177657.0,177754.0,177865.0,177990.0,178070.0,178197.0,178337.0,178452.0,178582.0,178684.0,178782.0,178864.0,178945.0,179035.0,179133.0,179201.0,179276
CxQSleFTHk4,,,,,,,,,,,,,,,,,,,,,,,,,,,,,,,,,,,,,,,,,,,,,,,,,,,,,,,,,,,,,,,,,,,,,,,,,,,,,,,,,,,,,,,,,,,,,,,,,,,,,,,,,,,,,,,,,,,,,,,,,,,,,,,,,,,,,,,,,,,,,,,186.0,357.0,472.0,585.0,658.0,769.0,811.0,842.0,878.0,910.0,958.0,1004.0,1045.0,1107.0,1134.0,1162.0,1198.0,1258.0,1287.0,1310.0,1329.0,1349.0,1377.0,1399.0,1421.0,1432.0,1447.0,1477.0,1599.0,1658.0,1707.0,1748.0,1797.0,1832.0,1850.0,1874.0,1897.0,1916.0,1951.0,1970.0,2001.0,2021.0,2038.0,2055.0,2103.0,2125.0,2164.0,2177.0,2193
PVm6J8rIuGQ,,,,,,,,,,,,,,,,,,,,,,,,,,,,,,,,,,,,,,,,,,,,,,,,,,,,,,,,,,,,,,,,,,,,,,,,,,,,,,,,,,,,,,,,,,,,,,,,,,,,,,,,,,,,,,,,,,,,,,,,,,,,,,,,,,,,,,,,,,,,,,,415.0,517.0,575.0,607.0,623.0,659.0,699.0,736.0,752.0,761.0,771.0,779.0,778.0,784.0,771.0,774.0,777.0,780.0,782.0,785.0,786.0,787.0,789.0,792.0,793.0,798.0,800.0,801.0,804.0,806.0,808.0,811.0,815.0,820.0,823.0,825.0,829.0,837.0,841.0,841.0,843.0,845.0,845.0,848.0,848.0,849.0,850.0,852.0,853
aZJyr9ZtWx0,,,,,,,,,,,,,,,,,,,,,,,,,,,,,,,,,,,,,,,,,,,,,,,,,,,,,,,,,,,,,,,,,,,,,,,,,,,,,,,,,,,,,,,,,,,,,,,,,,,,,,,,,,,,,,,,,,,,,,,,,,,,,,,,,,,,,,,,,,,,,,,,979.0,6030.0,10212.0,15518.0,24191.0,38132.0,55080.0,72416.0,81303.0,85749.0,88990.0,92227.0,96316.0,100177.0,102856.0,105638.0,108019.0,109740.0,110736.0,111562.0,112415.0,113167.0,113840.0,114596.0,115129.0,115798.0,116334.0,117355.0,118766.0,120611.0,123031.0,126094.0,129511.0,133353.0,136820.0,139051.0,141009.0,142943.0,144756.0,146604.0,148451.0,150056.0,151310.0,152580.0,154010.0,155315.0,156703.0,158187
xXmUeYre-qc,,,,,,,,,,,,,,,,,,,,,,,,,,,,,,,,,,,,,,,,,,,,,,,,,,,,,,,,,,,,,,,,,,,,,,,,,,,,,,,,,,,,,,,,,,,,,,,,,,,,,,,,,,,,,,,,,,,,,,,,,,,,,,,,,,,,,,,,,,,,,,,,384.0,386.0,388.0,390.0,390.0,390.0,391.0,392.0,393.0,394.0,394.0,395.0,396.0,396.0,396.0,396.0,397.0,397.0,397.0,397.0,397.0,398.0,398.0,399.0,399.0,399.0,399.0,401.0,402.0,403.0,403.0,403.0,403.0,403.0,404.0,404.0,405.0,405.0,405.0,406.0,405.0,406.0,406.0,406.0,407.0,407.0,407.0,408
qVnMrIDgeiI,,,,,,,,,,,,,,,,,,,,,,,,,,,,,,,,,,,,,,,,,,,,,,,,,,,,,,,,,,,,,,,,,,,,,,,,,,,,,,,,,,,,,,,,,,,,,,,,,,,,,,,,,,,,,,,,,,,,,,,,,,,,,,,,,,,,,,,,,,,,,,,,33218.0,33439.0,33629.0,33840.0,34008.0,34136.0,34240.0,34374.0,34465.0,34595.0,34714.0,34796.0,34858.0,34928.0,34969.0,35008.0,35053.0,35089.0,35137.0,35187.0,35234.0,35280.0,35322.0,35382.0,35406.0,35436.0,35462.0,35485.0,35503.0,35521.0,35539.0,35554.0,35569.0,35577.0,35585.0,35595.0,35605.0,35610.0,35623.0,35631.0,35637.0,35654.0,35663.0,35669.0,35679.0,35683.0,35699.0,35711
QVCGxUw2_g8,,,,,,,,,,,,,,,,,,,,,,,,,,,,,,,,,,,,,,,,,,,,,,,,,,,,,,,,,,,,,,,,,,,,,,,,,,,,,,,,,,,,,,,,,,,,,,,,,,,,,,,,,,,,,,,,,,,,,,,,,,,,,,,,,,,,,,,,,,,,,,,,12111.0,63365.0,126601.0,176927.0,207768.0,232379.0,256578.0,277738.0,296469.0,309238.0,320578.0,332955.0,346517.0,357709.0,366531.0,375784.0,384923.0,394592.0,402996.0,410187.0,416036.0,421252.0,427048.0,434885.0,440904.0,445895.0,450869.0,455104.0,459088.0,463730.0,468243.0,472906.0,477059.0,481089.0,484828.0,488138.0,492055.0,496144.0,499661.0,503617.0,507105.0,510069.0,512707.0,515777.0,518985.0,521987.0,525127.0,528232
A98DGKsHOe8,,,,,,,,,,,,,,,,,,,,,,,,,,,,,,,,,,,,,,,,,,,,,,,,,,,,,,,,,,,,,,,,,,,,,,,,,,,,,,,,,,,,,,,,,,,,,,,,,,,,,,,,,,,,,,,,,,,,,,,,,,,,,,,,,,,,,,,,,,,,,,,,1993.0,3244.0,4386.0,5558.0,6772.0,7830.0,8629.0,9315.0,10107.0,10965.0,11816.0,12568.0,13366.0,13873.0,14398.0,15017.0,15486.0,15966.0,16378.0,16865.0,17256.0,17580.0,17892.0,18192.0,18440.0,18728.0,19018.0,19218.0,19416.0,19646.0,19866.0,20053.0,20269.0,20444.0,20632.0,20780.0,20992.0,21182.0,21357.0,21509.0,21663.0,21831.0,21966.0,22076.0,22214.0,22357.0,22486.0,22627
rOTYsxgQM5Q,,,,,,,,,,,,,,,,,,,,,,,,,,,,,,,,,,,,,,,,,,,,,,,,,,,,,,,,,,,,,,,,,,,,,,,,,,,,,,,,,,,,,,,,,,,,,,,,,,,,,,,,,,,,,,,,,,,,,,,,,,,,,,,,,,,,,,,,,,,,,,,,2628.0,7611.0,10551.0,12811.0,14739.0,16311.0,17687.0,19122.0,20609.0,22153.0,23721.0,24885.0,26010.0,26941.0,27577.0,28397.0,29075.0,29707.0,30239.0,30657.0,31071.0,31444.0,31885.0,32330.0,32767.0,33196.0,33644.0,34097.0,34520.0,34943.0,35361.0,35758.0,36281.0,36643.0,36901.0,37155.0,37523.0,37918.0,38206.0,38520.0,38841.0,39164.0,39476.0,39801.0,40094.0,40414.0,40675.0,40970
HC7z7Lmx-Io,,,,,,,,,,,,,,,,,,,,,,,,,,,,,,,,,,,,,,,,,,,,,,,,,,,,,,,,,,,,,,,,,,,,,,,,,,,,,,,,,,,,,,,,,,,,,,,,,,,,,,,,,,,,,,,,,,,,,,,,,,,,,,,,,,,,,,,,,,,,,,,,1047.0,1061.0,1106.0,1132.0,1147.0,1153.0,1165.0,1180.0,1191.0,1195.0,1204.0,1208.0,1210.0,1216.0,1219.0,1224.0,1232.0,1238.0,1242.0,1243.0,1249.0,1252.0,1255.0,1258.0,1259.0,1260.0,1261.0,1261.0,1263.0,1267.0,1269.0,1271.0,1271.0,1273.0,1276.0,1279.0,1280.0,1282.0,1285.0,1286.0,1285.0,1287.0,1287.0,1287.0,1287.0,1287.0,1287.0,1287
rW2aiGS5DNo,,,,,,,,,,,,,,,,,,,,,,,,,,,,,,,,,,,,,,,,,,,,,,,,,,,,,,,,,,,,,,,,,,,,,,,,,,,,,,,,,,,,,,,,,,,,,,,,,,,,,,,,,,,,,,,,,,,,,,,,,,,,,,,,,,,,,,,,,,,,,,,,78.0,94.0,122.0,163.0,200.0,232.0,264.0,310.0,367.0,414.0,460.0,494.0,523.0,544.0,584.0,606.0,619.0,632.0,647.0,660.0,664.0,669.0,678.0,696.0,714.0,723.0,737.0,754.0,762.0,776.0,793.0,808.0,816.0,829.0,837.0,857.0,866.0,877.0,892.0,901.0,919.0,928.0,936.0,943.0,960.0,968.0,974.0,982
4QZRUoB7U10,,,,,,,,,,,,,,,,,,,,,,,,,,,,,,,,,,,,,,,,,,,,,,,,,,,,,,,,,,,,,,,,,,,,,,,,,,,,,,,,,,,,,,,,,,,,,,,,,,,,,,,,,,,,,,,,,,,,,,,,,,,,,,,,,,,,,,,,,,,,,,,,4672.0,4850.0,5009.0,5125.0,5241.0,5331.0,5391.0,5587.0,5708.0,5822.0,5940.0,6204.0,6411.0,6726.0,6985.0,7259.0,7547.0,7854.0,8085.0,8236.0,8371.0,8471.0,8564.0,8674.0,8750.0,8838.0,8945.0,9058.0,9136.0,9239.0,9322.0,9398.0,9502.0,9565.0,9622.0,9681.0,9742.0,9804.0,9873.0,9931.0,10002.0,10067.0,10109.0,10187.0,10262.0,10340.0,10421.0,10495
gXl75R9DbZM,,,,,,,,,,,,,,,,,,,,,,,,,,,,,,,,,,,,,,,,,,,,,,,,,,,,,,,,,,,,,,,,,,,,,,,,,,,,,,,,,,,,,,,,,,,,,,,,,,,,,,,,,,,,,,,,,,,,,,,,,,,,,,,,,,,,,,,,,,,,,,,,11900.0,11997.0,12089.0,12172.0,12252.0,12321.0,12390.0,12452.0,12516.0,12601.0,12681.0,12767.0,12874.0,12963.0,13022.0,13098.0,13198.0,13292.0,13370.0,13429.0,13472.0,13525.0,13586.0,13631.0,13727.0,13785.0,13878.0,13940.0,14003.0,14047.0,14102.0,14142.0,14204.0,14242.0,14281.0,14305.0,14354.0,14396.0,14433.0,14475.0,14509.0,14541.0,14562.0,14598.0,14632.0,14662.0,14700.0,14742
9GUZG1Us_m4,,,,,,,,,,,,,,,,,,,,,,,,,,,,,,,,,,,,,,,,,,,,,,,,,,,,,,,,,,,,,,,,,,,,,,,,,,,,,,,,,,,,,,,,,,,,,,,,,,,,,,,,,,,,,,,,,,,,,,,,,,,,,,,,,,,,,,,,,,,,,,,,920.0,925.0,929.0,936.0,938.0,941.0,949.0,958.0,961.0,967.0,976.0,987.0,993.0,1000.0,1009.0,1023.0,1032.0,1038.0,1042.0,1044.0,1046.0,1049.0,1061.0,1063.0,1072.0,1078.0,1084.0,1090.0,1096.0,1103.0,1108.0,1116.0,1129.0,1139.0,1148.0,1156.0,1162.0,1168.0,1181.0,1185.0,1195.0,1203.0,1209.0,1213.0,1219.0,1224.0,1228.0,1226
cFnEmzRUPyg,,,,,,,,,,,,,,,,,,,,,,,,,,,,,,,,,,,,,,,,,,,,,,,,,,,,,,,,,,,,,,,,,,,,,,,,,,,,,,,,,,,,,,,,,,,,,,,,,,,,,,,,,,,,,,,,,,,,,,,,,,,,,,,,,,,,,,,,,,,,,,,,27436.0,27527.0,27624.0,27744.0,27877.0,27983.0,28075.0,28193.0,28317.0,28438.0,28591.0,28736.0,28888.0,29046.0,29150.0,29259.0,29413.0,29545.0,29643.0,29736.0,29819.0,29871.0,29976.0,30060.0,30139.0,30231.0,30340.0,30423.0,30493.0,30583.0,30669.0,30756.0,30846.0,30930.0,30997.0,31048.0,31139.0,31208.0,31275.0,31350.0,31441.0,31499.0,31543.0,31641.0,31710.0,31782.0,31850.0,31930
3Arq3ANZuRI,,,,,,,,,,,,,,,,,,,,,,,,,,,,,,,,,,,,,,,,,,,,,,,,,,,,,,,,,,,,,,,,,,,,,,,,,,,,,,,,,,,,,,,,,,,,,,,,,,,,,,,,,,,,,,,,,,,,,,,,,,,,,,,,,,,,,,,,,,,,,,,,68458.0,68585.0,68707.0,68821.0,68942.0,69092.0,69176.0,69284.0,69383.0,69480.0,69592.0,69716.0,69805.0,69899.0,69998.0,70111.0,70210.0,70334.0,70418.0,70511.0,70596.0,70682.0,70783.0,70868.0,70960.0,71069.0,71188.0,71292.0,71372.0,71467.0,71561.0,71680.0,71760.0,71828.0,71884.0,71932.0,71988.0,72041.0,72113.0,72188.0,72258.0,72306.0,72346.0,72400.0,72468.0,72530.0,72597.0,72663
ESprrwt8tAM,,,,,,,,,,,,,,,,,,,,,,,,,,,,,,,,,,,,,,,,,,,,,,,,,,,,,,,,,,,,,,,,,,,,,,,,,,,,,,,,,,,,,,,,,,,,,,,,,,,,,,,,,,,,,,,,,,,,,,,,,,,,,,,,,,,,,,,,,,,,,,,,4304.0,4477.0,4788.0,4915.0,5053.0,5152.0,5197.0,5249.0,5286.0,5324.0,5341.0,5363.0,5376.0,5397.0,5404.0,5407.0,5422.0,5435.0,5442.0,5448.0,5456.0,5463.0,5467.0,5470.0,5473.0,5476.0,5481.0,5483.0,5488.0,5491.0,5494.0,5494.0,5500.0,5501.0,5504.0,5505.0,5506.0,5507.0,5511.0,5514.0,5517.0,5517.0,5519.0,5521.0,5521.0,5523.0,5525.0,5526
MpI-gzk-Ck8,,,,,,,,,,,,,,,,,,,,,,,,,,,,,,,,,,,,,,,,,,,,,,,,,,,,,,,,,,,,,,,,,,,,,,,,,,,,,,,,,,,,,,,,,,,,,,,,,,,,,,,,,,,,,,,,,,,,,,,,,,,,,,,,,,,,,,,,,,,,,,,,1367.0,1375.0,1384.0,1387.0,1394.0,1409.0,1439.0,1495.0,1512.0,1524.0,1534.0,1543.0,1546.0,1554.0,1559.0,1565.0,1568.0,1573.0,1575.0,1579.0,1580.0,1581.0,1584.0,1587.0,1590.0,1592.0,1596.0,1598.0,1602.0,1605.0,1611.0,1611.0,1611.0,1611.0,1611.0,1612.0,1615.0,1618.0,1620.0,1621.0,1623.0,1624.0,1626.0,1628.0,1630.0,1630.0,1631.0,1631
hlMS-j5Plx4,,,,,,,,,,,,,,,,,,,,,,,,,,,,,,,,,,,,,,,,,,,,,,,,,,,,,,,,,,,,,,,,,,,,,,,,,,,,,,,,,,,,,,,,,,,,,,,,,,,,,,,,,,,,,,,,,,,,,,,,,,,,,,,,,,,,,,,,,,,,,,,,,48559.0,50515.0,52469.0,54835.0,57483.0,59038.0,60294.0,61277.0,62495.0,64065.0,65547.0,66757.0,68109.0,69253.0,70313.0,71078.0,71844.0,72640.0,73673.0,74668.0,75398.0,76154.0,77015.0,78038.0,79750.0,82344.0,84416.0,85775.0,86627.0,87359.0,87925.0,88394.0,88807.0,89185.0,89508.0,89730.0,89965.0,90173.0,90364.0,90494.0,90663.0,90808.0,90942.0,91088.0,91185.0,91315.0,91436
luEIWbKzXgE,,,,,,,,,,,,,,,,,,,,,,,,,,,,,,,,,,,,,,,,,,,,,,,,,,,,,,,,,,,,,,,,,,,,,,,,,,,,,,,,,,,,,,,,,,,,,,,,,,,,,,,,,,,,,,,,,,,,,,,,,,,,,,,,,,,,,,,,,,,,,,,,,23680.0,59092.0,75496.0,85273.0,92776.0,99816.0,106243.0,111308.0,115693.0,120158.0,124459.0,128342.0,131719.0,135233.0,138829.0,142161.0,145373.0,148308.0,151203.0,154272.0,156465.0,159159.0,161936.0,164386.0,166559.0,168648.0,170436.0,172164.0,173775.0,175336.0,176787.0,178153.0,179513.0,180898.0,182018.0,183284.0,184444.0,185532.0,186451.0,187602.0,188653.0,189592.0,190562.0,191528.0,192376.0,193196.0,193933
WjRLFFo-8lA,,,,,,,,,,,,,,,,,,,,,,,,,,,,,,,,,,,,,,,,,,,,,,,,,,,,,,,,,,,,,,,,,,,,,,,,,,,,,,,,,,,,,,,,,,,,,,,,,,,,,,,,,,,,,,,,,,,,,,,,,,,,,,,,,,,,,,,,,,,,,,,,,271495.0,347704.0,395723.0,435391.0,471903.0,508832.0,549764.0,587002.0,619243.0,649188.0,678533.0,705326.0,731215.0,758850.0,783008.0,806209.0,828085.0,848161.0,867450.0,888470.0,908354.0,927435.0,945687.0,963044.0,980673.0,1003455.0,1022266.0,1039325.0,1056481.0,1074985.0,1092309.0,1108309.0,1124022.0,1140085.0,1156424.0,1173424.0,1190169.0,1206619.0,1223095.0,1239674.0,1255394.0,1270510.0,1284803.0,1298831.0,1312815.0,1326591.0,1340205
mR-kkHE0-tU,,,,,,,,,,,,,,,,,,,,,,,,,,,,,,,,,,,,,,,,,,,,,,,,,,,,,,,,,,,,,,,,,,,,,,,,,,,,,,,,,,,,,,,,,,,,,,,,,,,,,,,,,,,,,,,,,,,,,,,,,,,,,,,,,,,,,,,,,,,,,,,,,70788.0,310908.0,576368.0,818022.0,1036737.0,1281042.0,1556339.0,1825146.0,2066367.0,2337774.0,2385035.0,2424853.0,2460500.0,2494328.0,2530559.0,2566363.0,2603230.0,2637284.0,2670725.0,2703111.0,2728371.0,2756361.0,2785035.0,2811346.0,2837477.0,2864482.0,2890807.0,2915681.0,2941568.0,2967675.0,2992498.0,3017418.0,3043083.0,3069126.0,3091179.0,3113942.0,3138287.0,3162593.0,3184869.0,3208336.0,3230459.0,3250818.0,3273382.0,3295916.0,3317981.0,3339799.0,3361590
qe9WPr8hWhE,,,,,,,,,,,,,,,,,,,,,,,,,,,,,,,,,,,,,,,,,,,,,,,,,,,,,,,,,,,,,,,,,,,,,,,,,,,,,,,,,,,,,,,,,,,,,,,,,,,,,,,,,,,,,,,,,,,,,,,,,,,,,,,,,,,,,,,,,,,,,,,,,10029.0,11120.0,11660.0,12028.0,12264.0,12490.0,12756.0,12996.0,13168.0,13332.0,13476.0,13636.0,13824.0,13998.0,14167.0,14373.0,14539.0,14658.0,14717.0,14813.0,14912.0,14934.0,14975.0,15004.0,15026.0,15058.0,15088.0,15127.0,15148.0,15174.0,15202.0,15214.0,15226.0,15244.0,15267.0,15276.0,15283.0,15291.0,15308.0,15320.0,15338.0,15372.0,15391.0,15399.0,15421.0,15428.0,15439
xMvss2qZz6I,,,,,,,,,,,,,,,,,,,,,,,,,,,,,,,,,,,,,,,,,,,,,,,,,,,,,,,,,,,,,,,,,,,,,,,,,,,,,,,,,,,,,,,,,,,,,,,,,,,,,,,,,,,,,,,,,,,,,,,,,,,,,,,,,,,,,,,,,,,,,,,,,,667.0,1644.0,2198.0,2524.0,2663.0,2751.0,2839.0,3162.0,3674.0,4003.0,4204.0,4373.0,4518.0,4702.0,5069.0,5405.0,5754.0,6092.0,6426.0,6697.0,6932.0,7345.0,7570.0,7645.0,7801.0,8146.0,8796.0,9166.0,9488.0,9549.0,9566.0,9585.0,9604.0,9621.0,9632.0,9639.0,9646.0,9650.0,9663.0,9666.0,9670.0,9679.0,9683.0,9690.0,9693.0,9702
6qHRHaxOyW4,,,,,,,,,,,,,,,,,,,,,,,,,,,,,,,,,,,,,,,,,,,,,,,,,,,,,,,,,,,,,,,,,,,,,,,,,,,,,,,,,,,,,,,,,,,,,,,,,,,,,,,,,,,,,,,,,,,,,,,,,,,,,,,,,,,,,,,,,,,,,,,,,,62401.0,107288.0,127056.0,176676.0,211075.0,225396.0,239674.0,243833.0,246639.0,249823.0,251507.0,253134.0,254556.0,255541.0,256401.0,257160.0,257861.0,258447.0,259059.0,259657.0,260146.0,260581.0,261015.0,261460.0,261925.0,262397.0,262808.0,263167.0,263576.0,264046.0,264521.0,264875.0,265175.0,265461.0,265730.0,266013.0,266297.0,266598.0,266879.0,267127.0,267355.0,267557.0,267775.0,268001.0,268271.0,268537
4txXa-v50KQ,,,,,,,,,,,,,,,,,,,,,,,,,,,,,,,,,,,,,,,,,,,,,,,,,,,,,,,,,,,,,,,,,,,,,,,,,,,,,,,,,,,,,,,,,,,,,,,,,,,,,,,,,,,,,,,,,,,,,,,,,,,,,,,,,,,,,,,,,,,,,,,,,,2031.0,2718.0,4358.0,7978.0,12724.0,17125.0,21779.0,22004.0,22110.0,22185.0,22228.0,22394.0,22499.0,22602.0,22672.0,22733.0,22793.0,22848.0,22905.0,22937.0,22978.0,23040.0,23087.0,23159.0,23254.0,23302.0,23335.0,23383.0,23423.0,23465.0,23510.0,23547.0,23574.0,23651.0,23791.0,23867.0,23915.0,23982.0,24018.0,24063.0,24098.0,24140.0,24187.0,24221.0,24256.0,24287
O19k4P8LFeM,,,,,,,,,,,,,,,,,,,,,,,,,,,,,,,,,,,,,,,,,,,,,,,,,,,,,,,,,,,,,,,,,,,,,,,,,,,,,,,,,,,,,,,,,,,,,,,,,,,,,,,,,,,,,,,,,,,,,,,,,,,,,,,,,,,,,,,,,,,,,,,,,,7604.0,7945.0,8271.0,8578.0,8805.0,8970.0,9189.0,9484.0,9664.0,9795.0,9924.0,10013.0,10108.0,10194.0,10291.0,10380.0,10483.0,10552.0,10599.0,10626.0,10670.0,10754.0,10826.0,10887.0,10947.0,10995.0,11036.0,11073.0,11112.0,11146.0,11205.0,11252.0,11282.0,11305.0,11346.0,11378.0,11407.0,11467.0,11513.0,11539.0,11581.0,11621.0,11662.0,11705.0,11750.0,11811
mnhOpSE2Wwo,,,,,,,,,,,,,,,,,,,,,,,,,,,,,,,,,,,,,,,,,,,,,,,,,,,,,,,,,,,,,,,,,,,,,,,,,,,,,,,,,,,,,,,,,,,,,,,,,,,,,,,,,,,,,,,,,,,,,,,,,,,,,,,,,,,,,,,,,,,,,,,,,,16822.0,20041.0,21388.0,22523.0,22923.0,23276.0,23598.0,23805.0,23939.0,24335.0,25303.0,26209.0,26927.0,27679.0,28436.0,29053.0,29563.0,30099.0,30642.0,30970.0,31492.0,31955.0,32250.0,32702.0,33165.0,33588.0,33894.0,34252.0,34604.0,34923.0,35317.0,35773.0,36120.0,36475.0,36954.0,37323.0,37752.0,38207.0,38487.0,38731.0,39067.0,39397.0,39715.0,40112.0,40382.0,40666
nXWEZT0fVYY,,,,,,,,,,,,,,,,,,,,,,,,,,,,,,,,,,,,,,,,,,,,,,,,,,,,,,,,,,,,,,,,,,,,,,,,,,,,,,,,,,,,,,,,,,,,,,,,,,,,,,,,,,,,,,,,,,,,,,,,,,,,,,,,,,,,,,,,,,,,,,,,,,698610.0,2562806.0,2948577.0,3827312.0,4697656.0,6526319.0,8493141.0,8513512.0,9561448.0,10041843.0,10150252.0,10203970.0,10275901.0,10335250.0,10392722.0,10447937.0,10500221.0,10552989.0,10572248.0,10587151.0,10599923.0,10616447.0,10628207.0,10639357.0,10650815.0,10662083.0,10673067.0,10682800.0,10691871.0,10700643.0,10709387.0,10718124.0,10726666.0,10734486.0,10742201.0,10749708.0,10757575.0,10765063.0,10772428.0,10779643.0,10786265.0,10792903.0,10799247.0,10805757.0,10812081.0,10818247
hoPUh_rXjzo,,,,,,,,,,,,,,,,,,,,,,,,,,,,,,,,,,,,,,,,,,,,,,,,,,,,,,,,,,,,,,,,,,,,,,,,,,,,,,,,,,,,,,,,,,,,,,,,,,,,,,,,,,,,,,,,,,,,,,,,,,,,,,,,,,,,,,,,,,,,,,,,,,2847.0,5828.0,6368.0,6624.0,6752.0,6888.0,6986.0,7053.0,7015.0,7073.0,7094.0,7133.0,7167.0,7196.0,7226.0,7258.0,7283.0,7312.0,7343.0,7372.0,7392.0,7426.0,7438.0,7470.0,7494.0,7529.0,7565.0,7583.0,7621.0,7649.0,7685.0,7713.0,7731.0,7748.0,7761.0,7779.0,7790.0,7818.0,7836.0,7853.0,7869.0,7887.0,7895.0,7922.0,7930.0,7938
Eyb8x10vz-E,,,,,,,,,,,,,,,,,,,,,,,,,,,,,,,,,,,,,,,,,,,,,,,,,,,,,,,,,,,,,,,,,,,,,,,,,,,,,,,,,,,,,,,,,,,,,,,,,,,,,,,,,,,,,,,,,,,,,,,,,,,,,,,,,,,,,,,,,,,,,,,,,,23173.0,46672.0,51884.0,54836.0,57070.0,59497.0,61400.0,63260.0,64450.0,65517.0,66463.0,67198.0,67969.0,68834.0,69680.0,70392.0,70886.0,71411.0,71954.0,72507.0,73039.0,73608.0,74036.0,74432.0,74806.0,75290.0,75629.0,76151.0,76567.0,77044.0,77454.0,77799.0,78068.0,78400.0,78711.0,79050.0,79625.0,80182.0,80658.0,80993.0,81384.0,81698.0,82067.0,82413.0,82734.0,83182
xWisGpc5_NI,,,,,,,,,,,,,,,,,,,,,,,,,,,,,,,,,,,,,,,,,,,,,,,,,,,,,,,,,,,,,,,,,,,,,,,,,,,,,,,,,,,,,,,,,,,,,,,,,,,,,,,,,,,,,,,,,,,,,,,,,,,,,,,,,,,,,,,,,,,,,,,,,,5660241.0,5672205.0,5683802.0,5695106.0,5706078.0,5718399.0,5729538.0,5741477.0,5753331.0,5766048.0,5777749.0,5789446.0,5801344.0,5812658.0,5824205.0,5836554.0,5849176.0,5861272.0,5874438.0,5886853.0,5898636.0,5911595.0,5924028.0,5936332.0,5948696.0,5960844.0,5973430.0,5984880.0,5996930.0,6008418.0,6019609.0,6030187.0,6040634.0,6050905.0,6060682.0,6071315.0,6082086.0,6093772.0,6104971.0,6115890.0,6126793.0,6137333.0,6148241.0,6159446.0,6170360.0,6181158
4txXa-v50KQ,,,,,,,,,,,,,,,,,,,,,,,,,,,,,,,,,,,,,,,,,,,,,,,,,,,,,,,,,,,,,,,,,,,,,,,,,,,,,,,,,,,,,,,,,,,,,,,,,,,,,,,,,,,,,,,,,,,,,,,,,,,,,,,,,,,,,,,,,,,,,,,,,,2031.0,2718.0,4358.0,7978.0,12724.0,17125.0,21779.0,22004.0,22110.0,22185.0,22228.0,22394.0,22510.0,22604.0,22672.0,22733.0,22793.0,22848.0,22907.0,22937.0,22978.0,23040.0,23087.0,23159.0,23263.0,23302.0,23335.0,23375.0,23422.0,23465.0,23510.0,23547.0,23574.0,23677.0,23792.0,23867.0,23915.0,23982.0,24023.0,24063.0,24096.0,24143.0,24187.0,24221.0,24249.0,24287
HE9J6k4MPOo,,,,,,,,,,,,,,,,,,,,,,,,,,,,,,,,,,,,,,,,,,,,,,,,,,,,,,,,,,,,,,,,,,,,,,,,,,,,,,,,,,,,,,,,,,,,,,,,,,,,,,,,,,,,,,,,,,,,,,,,,,,,,,,,,,,,,,,,,,,,,,,,,,,182.0,777.0,1158.0,1222.0,1304.0,1346.0,1381.0,1430.0,1476.0,1266.0,1288.0,1296.0,1310.0,1312.0,1314.0,1319.0,1323.0,1324.0,1330.0,1331.0,1336.0,1344.0,1348.0,1355.0,1357.0,1361.0,1365.0,1370.0,1374.0,1379.0,1383.0,1393.0,1397.0,1401.0,1405.0,1406.0,1414.0,1415.0,1416.0,1417.0,1421.0,1422.0,1424.0,1426.0,1428
SK5dMlzoKrQ,,,,,,,,,,,,,,,,,,,,,,,,,,,,,,,,,,,,,,,,,,,,,,,,,,,,,,,,,,,,,,,,,,,,,,,,,,,,,,,,,,,,,,,,,,,,,,,,,,,,,,,,,,,,,,,,,,,,,,,,,,,,,,,,,,,,,,,,,,,,,,,,,,,47510.0,346024.0,689153.0,1018738.0,1218037.0,1249655.0,1259885.0,1268749.0,1277604.0,1280110.0,1281656.0,1282889.0,1283618.0,1284123.0,1284564.0,1284857.0,1285074.0,1285268.0,1285471.0,1285656.0,1285804.0,1285938.0,1286083.0,1286191.0,1286323.0,1286417.0,1286512.0,1286578.0,1286661.0,1286740.0,1286826.0,1286899.0,1286972.0,1287040.0,1287091.0,1287149.0,1287211.0,1287284.0,1287345.0,1287404.0,1287464.0,1287513.0,1287562.0,1287615.0,1287671
JrPn1ElKt30,,,,,,,,,,,,,,,,,,,,,,,,,,,,,,,,,,,,,,,,,,,,,,,,,,,,,,,,,,,,,,,,,,,,,,,,,,,,,,,,,,,,,,,,,,,,,,,,,,,,,,,,,,,,,,,,,,,,,,,,,,,,,,,,,,,,,,,,,,,,,,,,,,,24421.0,27812.0,31650.0,35536.0,37723.0,39063.0,40335.0,41404.0,43002.0,124734.0,127347.0,128070.0,128356.0,128927.0,129324.0,129591.0,129912.0,130225.0,130553.0,130841.0,131161.0,131481.0,131864.0,132161.0,132403.0,132620.0,132784.0,132901.0,133007.0,133101.0,133245.0,133384.0,133518.0,133650.0,133757.0,133845.0,133955.0,134054.0,134110.0,134180.0,134279.0,134339.0,134418.0,134490.0,134572
ocXqY-WcKiI,,,,,,,,,,,,,,,,,,,,,,,,,,,,,,,,,,,,,,,,,,,,,,,,,,,,,,,,,,,,,,,,,,,,,,,,,,,,,,,,,,,,,,,,,,,,,,,,,,,,,,,,,,,,,,,,,,,,,,,,,,,,,,,,,,,,,,,,,,,,,,,,,,,,1302.0,1308.0,1312.0,1313.0,1316.0,1317.0,1319.0,1323.0,1329.0,1332.0,1334.0,1338.0,1343.0,1344.0,1344.0,1346.0,1346.0,1347.0,1348.0,1351.0,1358.0,1358.0,1359.0,1361.0,1362.0,1365.0,1365.0,1365.0,1365.0,1365.0,1365.0,1366.0,1369.0,1370.0,1371.0,1371.0,1372.0,1373.0,1373.0,1373.0,1373.0,1375.0,1376.0,1377
hf7CjkqXdGE,,,,,,,,,,,,,,,,,,,,,,,,,,,,,,,,,,,,,,,,,,,,,,,,,,,,,,,,,,,,,,,,,,,,,,,,,,,,,,,,,,,,,,,,,,,,,,,,,,,,,,,,,,,,,,,,,,,,,,,,,,,,,,,,,,,,,,,,,,,,,,,,,,,,160891.0,166142.0,169851.0,175650.0,178995.0,181009.0,182195.0,183551.0,184841.0,186218.0,187470.0,188678.0,190180.0,191041.0,191349.0,191609.0,191872.0,192068.0,192218.0,192352.0,192454.0,192552.0,192634.0,192716.0,192807.0,192871.0,192975.0,193048.0,193126.0,193198.0,193248.0,193290.0,193339.0,193391.0,193480.0,193533.0,193588.0,193654.0,193703.0,193766.0,193824.0,193859.0,193897.0,193940
84BBf2FGK-8,,,,,,,,,,,,,,,,,,,,,,,,,,,,,,,,,,,,,,,,,,,,,,,,,,,,,,,,,,,,,,,,,,,,,,,,,,,,,,,,,,,,,,,,,,,,,,,,,,,,,,,,,,,,,,,,,,,,,,,,,,,,,,,,,,,,,,,,,,,,,,,,,,,,6605.0,6658.0,6755.0,6889.0,7034.0,7213.0,7342.0,7401.0,7487.0,7526.0,7605.0,7678.0,7800.0,7843.0,7884.0,7896.0,7914.0,7924.0,7930.0,7933.0,7940.0,7945.0,7947.0,7952.0,7960.0,7968.0,7968.0,7972.0,7974.0,7976.0,7978.0,7981.0,7984.0,7986.0,7990.0,7998.0,7998.0,7998.0,8001.0,8001.0,8004.0,8004.0,8006.0,8007
SjfncDWVTfU,,,,,,,,,,,,,,,,,,,,,,,,,,,,,,,,,,,,,,,,,,,,,,,,,,,,,,,,,,,,,,,,,,,,,,,,,,,,,,,,,,,,,,,,,,,,,,,,,,,,,,,,,,,,,,,,,,,,,,,,,,,,,,,,,,,,,,,,,,,,,,,,,,,,36968.0,44606.0,48483.0,51972.0,55066.0,58742.0,60331.0,61454.0,61111.0,61916.0,62383.0,63237.0,63783.0,64024.0,64295.0,64444.0,64548.0,64634.0,64726.0,64816.0,64901.0,64976.0,65034.0,65092.0,65148.0,65194.0,65247.0,65289.0,65328.0,65349.0,65412.0,65453.0,65489.0,65514.0,65566.0,65614.0,65653.0,65695.0,65727.0,65767.0,65795.0,65816.0,65861.0,65884
03pOwBH_ML8,,,,,,,,,,,,,,,,,,,,,,,,,,,,,,,,,,,,,,,,,,,,,,,,,,,,,,,,,,,,,,,,,,,,,,,,,,,,,,,,,,,,,,,,,,,,,,,,,,,,,,,,,,,,,,,,,,,,,,,,,,,,,,,,,,,,,,,,,,,,,,,,,,,,107722.0,625590.0,1318847.0,1982826.0,2310408.0,2318085.0,2324211.0,2391318.0,2393929.0,2396402.0,2399694.0,2402700.0,2405570.0,2408121.0,2410951.0,2414210.0,2417263.0,2419666.0,2421876.0,2424062.0,2425927.0,2427866.0,2429728.0,2431400.0,2433162.0,2434747.0,2436182.0,2437610.0,2439019.0,2440284.0,2441779.0,2443213.0,2444571.0,2445965.0,2447491.0,2448982.0,2450435.0,2451889.0,2453187.0,2454392.0,2455554.0,2456784.0,2457956.0,2459214
qiAIjK0rgJ4,,,,,,,,,,,,,,,,,,,,,,,,,,,,,,,,,,,,,,,,,,,,,,,,,,,,,,,,,,,,,,,,,,,,,,,,,,,,,,,,,,,,,,,,,,,,,,,,,,,,,,,,,,,,,,,,,,,,,,,,,,,,,,,,,,,,,,,,,,,,,,,,,,,,10649.0,12186.0,13093.0,14270.0,15407.0,17424.0,19450.0,20678.0,21630.0,22562.0,23386.0,24366.0,25078.0,25841.0,26499.0,27014.0,27452.0,27734.0,28088.0,28357.0,28635.0,28858.0,29060.0,29228.0,29379.0,29563.0,29711.0,29866.0,29983.0,30098.0,30218.0,30333.0,30428.0,30516.0,30636.0,30710.0,30814.0,30901.0,30993.0,31072.0,31149.0,31225.0,31283.0,31344
qk6AbjgR-FA,,,,,,,,,,,,,,,,,,,,,,,,,,,,,,,,,,,,,,,,,,,,,,,,,,,,,,,,,,,,,,,,,,,,,,,,,,,,,,,,,,,,,,,,,,,,,,,,,,,,,,,,,,,,,,,,,,,,,,,,,,,,,,,,,,,,,,,,,,,,,,,,,,,,4830.0,98111.0,1652648.0,2976024.0,3243891.0,3411864.0,3509542.0,3615229.0,3706464.0,3725505.0,3748824.0,3771313.0,3921117.0,3944645.0,3964802.0,3984602.0,4000722.0,4021365.0,4040517.0,4057348.0,4071145.0,4084466.0,4097629.0,4106715.0,4115961.0,4124795.0,4133341.0,4141377.0,4149117.0,4156762.0,4164289.0,4171686.0,4178203.0,4185299.0,4192358.0,4199263.0,4206186.0,4213005.0,4219443.0,4225416.0,4231544.0,4237396.0,4243448.0,4249337
lx_zYfMQDLw,,,,,,,,,,,,,,,,,,,,,,,,,,,,,,,,,,,,,,,,,,,,,,,,,,,,,,,,,,,,,,,,,,,,,,,,,,,,,,,,,,,,,,,,,,,,,,,,,,,,,,,,,,,,,,,,,,,,,,,,,,,,,,,,,,,,,,,,,,,,,,,,,,,,,792.0,2286.0,3053.0,3821.0,4555.0,5225.0,5920.0,6460.0,6998.0,7587.0,8333.0,8936.0,9527.0,10140.0,10749.0,11559.0,12230.0,13190.0,14164.0,14884.0,15849.0,16768.0,17508.0,18502.0,19644.0,20793.0,21768.0,22640.0,23335.0,23831.0,24374.0,24942.0,25621.0,26223.0,26736.0,27334.0,27799.0,28134.0,28483.0,28856.0,29309.0,29704.0,30003
k4qkDPdecrA,,,,,,,,,,,,,,,,,,,,,,,,,,,,,,,,,,,,,,,,,,,,,,,,,,,,,,,,,,,,,,,,,,,,,,,,,,,,,,,,,,,,,,,,,,,,,,,,,,,,,,,,,,,,,,,,,,,,,,,,,,,,,,,,,,,,,,,,,,,,,,,,,,,,,8427.0,9797.0,10872.0,10870.0,11646.0,12219.0,12762.0,11282.0,11782.0,12216.0,12528.0,12801.0,13161.0,13489.0,13789.0,14128.0,14482.0,14842.0,15092.0,15395.0,15634.0,15933.0,16185.0,16436.0,16647.0,16869.0,17071.0,17292.0,17487.0,17673.0,17840.0,17988.0,18151.0,18316.0,18468.0,18617.0,18777.0,18930.0,19048.0,19158.0,19276.0,19394.0,19533
m2JOzkmJtWQ,,,,,,,,,,,,,,,,,,,,,,,,,,,,,,,,,,,,,,,,,,,,,,,,,,,,,,,,,,,,,,,,,,,,,,,,,,,,,,,,,,,,,,,,,,,,,,,,,,,,,,,,,,,,,,,,,,,,,,,,,,,,,,,,,,,,,,,,,,,,,,,,,,,,,2022.0,4323.0,6069.0,8367.0,11849.0,17784.0,24466.0,38338.0,44574.0,49701.0,55032.0,58121.0,60538.0,62392.0,63810.0,64874.0,65931.0,66974.0,67867.0,68749.0,69638.0,70543.0,71170.0,71758.0,72361.0,72934.0,73620.0,74221.0,74731.0,75112.0,75642.0,76135.0,76566.0,77122.0,77688.0,78125.0,78578.0,78979.0,79396.0,79834.0,80308.0,80749.0,81191
jXf9nXPwnmI,,,,,,,,,,,,,,,,,,,,,,,,,,,,,,,,,,,,,,,,,,,,,,,,,,,,,,,,,,,,,,,,,,,,,,,,,,,,,,,,,,,,,,,,,,,,,,,,,,,,,,,,,,,,,,,,,,,,,,,,,,,,,,,,,,,,,,,,,,,,,,,,,,,,,220316.0,228924.0,237700.0,248819.0,259226.0,268471.0,277900.0,286813.0,295273.0,303989.0,316675.0,327933.0,338617.0,348257.0,357310.0,366213.0,374616.0,386249.0,397895.0,408471.0,417466.0,426784.0,435869.0,444486.0,454552.0,464014.0,473564.0,482706.0,491411.0,499915.0,507391.0,516809.0,525865.0,533728.0,541273.0,548149.0,554821.0,560784.0,566846.0,572853.0,578771.0,584839.0,590838
7_G9CxeeZvs,,,,,,,,,,,,,,,,,,,,,,,,,,,,,,,,,,,,,,,,,,,,,,,,,,,,,,,,,,,,,,,,,,,,,,,,,,,,,,,,,,,,,,,,,,,,,,,,,,,,,,,,,,,,,,,,,,,,,,,,,,,,,,,,,,,,,,,,,,,,,,,,,,,,,1812.0,2167.0,2550.0,2383.0,2482.0,2492.0,2557.0,2607.0,2664.0,2730.0,2799.0,2836.0,2867.0,2972.0,3180.0,3285.0,3330.0,3616.0,3932.0,4166.0,4277.0,4327.0,4415.0,4497.0,4566.0,4623.0,4662.0,4708.0,4710.0,4718.0,4722.0,4743.0,4760.0,4774.0,4808.0,4810.0,4813.0,4792.0,4812.0,4825.0,4842.0,4847.0,4848
yM4WTw5UFwk,,,,,,,,,,,,,,,,,,,,,,,,,,,,,,,,,,,,,,,,,,,,,,,,,,,,,,,,,,,,,,,,,,,,,,,,,,,,,,,,,,,,,,,,,,,,,,,,,,,,,,,,,,,,,,,,,,,,,,,,,,,,,,,,,,,,,,,,,,,,,,,,,,,,,955.0,1354.0,1690.0,2026.0,2325.0,2572.0,2833.0,3019.0,3263.0,3435.0,3619.0,3833.0,4001.0,4216.0,4512.0,4599.0,4656.0,4720.0,4794.0,4862.0,4923.0,4976.0,5030.0,5084.0,5144.0,5208.0,5283.0,5346.0,5393.0,5439.0,5472.0,5517.0,5567.0,5607.0,5657.0,5705.0,5751.0,5780.0,5824.0,5866.0,5928.0,5979.0,6033
lROE6G2DwFY,,,,,,,,,,,,,,,,,,,,,,,,,,,,,,,,,,,,,,,,,,,,,,,,,,,,,,,,,,,,,,,,,,,,,,,,,,,,,,,,,,,,,,,,,,,,,,,,,,,,,,,,,,,,,,,,,,,,,,,,,,,,,,,,,,,,,,,,,,,,,,,,,,,,,1643807.0,2776920.0,3411285.0,3810708.0,4219768.0,4534128.0,4740229.0,4913502.0,5024472.0,5030678.0,5037959.0,5045612.0,5053162.0,5060610.0,5067211.0,5073708.0,5079465.0,5084771.0,5090056.0,5094765.0,5099537.0,5104419.0,5109348.0,5113893.0,5118026.0,5121893.0,5125749.0,5129251.0,5132519.0,5136445.0,5140281.0,5143569.0,5147273.0,5151209.0,5154687.0,5158216.0,5161844.0,5165242.0,5168671.0,5172238.0,5175618.0,5178929.0,5182305
SjGw9K4yJkw,,,,,,,,,,,,,,,,,,,,,,,,,,,,,,,,,,,,,,,,,,,,,,,,,,,,,,,,,,,,,,,,,,,,,,,,,,,,,,,,,,,,,,,,,,,,,,,,,,,,,,,,,,,,,,,,,,,,,,,,,,,,,,,,,,,,,,,,,,,,,,,,,,,,,7852.0,27331.0,53292.0,73729.0,92418.0,108058.0,121966.0,133696.0,141277.0,145939.0,150879.0,155661.0,159774.0,163562.0,166799.0,168938.0,170957.0,173234.0,175495.0,177482.0,179310.0,181266.0,183223.0,184840.0,186698.0,188374.0,190061.0,191644.0,193409.0,194751.0,195872.0,197184.0,198422.0,199578.0,200770.0,201867.0,202895.0,203694.0,204751.0,205752.0,206758.0,207734.0,208835
4lQgDUJsbcs,,,,,,,,,,,,,,,,,,,,,,,,,,,,,,,,,,,,,,,,,,,,,,,,,,,,,,,,,,,,,,,,,,,,,,,,,,,,,,,,,,,,,,,,,,,,,,,,,,,,,,,,,,,,,,,,,,,,,,,,,,,,,,,,,,,,,,,,,,,,,,,,,,,,,,2092.0,2334.0,2549.0,2694.0,2793.0,2925.0,3259.0,3383.0,3466.0,3537.0,3582.0,3622.0,3657.0,3693.0,3728.0,3760.0,3789.0,3810.0,3829.0,3849.0,3871.0,3888.0,3897.0,3909.0,3913.0,3922.0,3937.0,3955.0,3960.0,3976.0,3986.0,3993.0,4004.0,4014.0,4027.0,4039.0,4048.0,4055.0,4060.0,4070.0,4080.0,4086
P4_jfqbCloM,,,,,,,,,,,,,,,,,,,,,,,,,,,,,,,,,,,,,,,,,,,,,,,,,,,,,,,,,,,,,,,,,,,,,,,,,,,,,,,,,,,,,,,,,,,,,,,,,,,,,,,,,,,,,,,,,,,,,,,,,,,,,,,,,,,,,,,,,,,,,,,,,,,,,,14189.0,17323.0,21315.0,25304.0,28504.0,32255.0,34992.0,37702.0,40390.0,43432.0,46740.0,49625.0,51443.0,52771.0,53937.0,54965.0,56233.0,57359.0,58411.0,59490.0,60443.0,61221.0,62031.0,62848.0,63664.0,64465.0,65297.0,65894.0,66461.0,66952.0,67534.0,68155.0,68714.0,69281.0,69947.0,70760.0,71373.0,72048.0,72762.0,73289.0,73806.0,74307
cMDqYhslkYw,,,,,,,,,,,,,,,,,,,,,,,,,,,,,,,,,,,,,,,,,,,,,,,,,,,,,,,,,,,,,,,,,,,,,,,,,,,,,,,,,,,,,,,,,,,,,,,,,,,,,,,,,,,,,,,,,,,,,,,,,,,,,,,,,,,,,,,,,,,,,,,,,,,,,,1195.0,1578.0,1899.0,2145.0,2382.0,2629.0,2864.0,3037.0,3216.0,3316.0,3454.0,3578.0,3678.0,3795.0,3873.0,3964.0,4028.0,4129.0,4228.0,4284.0,4377.0,4463.0,4552.0,4632.0,4747.0,4841.0,4927.0,5018.0,5076.0,5165.0,5227.0,5304.0,5369.0,5455.0,5512.0,5560.0,5617.0,5659.0,5732.0,5776.0,5843.0,5894
5fuivRTG8ic,,,,,,,,,,,,,,,,,,,,,,,,,,,,,,,,,,,,,,,,,,,,,,,,,,,,,,,,,,,,,,,,,,,,,,,,,,,,,,,,,,,,,,,,,,,,,,,,,,,,,,,,,,,,,,,,,,,,,,,,,,,,,,,,,,,,,,,,,,,,,,,,,,,,,,799.0,1012.0,1281.0,1476.0,1580.0,1676.0,1751.0,1828.0,1889.0,1969.0,2010.0,2070.0,2124.0,2166.0,2202.0,2211.0,2258.0,2318.0,2370.0,2409.0,2452.0,2501.0,2545.0,2589.0,2624.0,2655.0,2695.0,2723.0,2770.0,2828.0,2856.0,2896.0,2928.0,2959.0,2987.0,3016.0,3044.0,3077.0,3126.0,3152.0,3180.0,3206
1X7-HkIDnzg,,,,,,,,,,,,,,,,,,,,,,,,,,,,,,,,,,,,,,,,,,,,,,,,,,,,,,,,,,,,,,,,,,,,,,,,,,,,,,,,,,,,,,,,,,,,,,,,,,,,,,,,,,,,,,,,,,,,,,,,,,,,,,,,,,,,,,,,,,,,,,,,,,,,,,28247.0,28385.0,28484.0,28580.0,28687.0,28800.0,28876.0,28975.0,29087.0,29189.0,29281.0,29381.0,29442.0,29502.0,29558.0,29604.0,29657.0,29704.0,29750.0,29806.0,29836.0,29885.0,29917.0,29953.0,30006.0,30051.0,30094.0,30138.0,30205.0,30259.0,30317.0,30365.0,30415.0,30463.0,30513.0,30564.0,30618.0,30671.0,30705.0,30744.0,30788.0,30822
Rdex9aNyj8E,,,,,,,,,,,,,,,,,,,,,,,,,,,,,,,,,,,,,,,,,,,,,,,,,,,,,,,,,,,,,,,,,,,,,,,,,,,,,,,,,,,,,,,,,,,,,,,,,,,,,,,,,,,,,,,,,,,,,,,,,,,,,,,,,,,,,,,,,,,,,,,,,,,,,,1036.0,1040.0,1040.0,1041.0,1041.0,1041.0,1043.0,1043.0,1043.0,1043.0,1043.0,1043.0,1043.0,1043.0,1045.0,1045.0,1045.0,1045.0,1044.0,1047.0,1047.0,1048.0,1048.0,1048.0,1048.0,1049.0,1049.0,1050.0,1049.0,1050.0,1051.0,1052.0,1053.0,1055.0,1053.0,1055.0,1055.0,1055.0,1056.0,1057.0,1057.0,1058
1X7-HkIDnzg,,,,,,,,,,,,,,,,,,,,,,,,,,,,,,,,,,,,,,,,,,,,,,,,,,,,,,,,,,,,,,,,,,,,,,,,,,,,,,,,,,,,,,,,,,,,,,,,,,,,,,,,,,,,,,,,,,,,,,,,,,,,,,,,,,,,,,,,,,,,,,,,,,,,,,28247.0,28385.0,28480.0,28580.0,28687.0,28779.0,28881.0,28966.0,29079.0,29189.0,29283.0,29383.0,29445.0,29503.0,29558.0,29604.0,29657.0,29705.0,29750.0,29806.0,29836.0,29885.0,29917.0,29956.0,30006.0,30051.0,30094.0,30139.0,30205.0,30259.0,30317.0,30365.0,30415.0,30463.0,30513.0,30564.0,30618.0,30669.0,30705.0,30744.0,30788.0,30822
8QpLOQQXLTA,,,,,,,,,,,,,,,,,,,,,,,,,,,,,,,,,,,,,,,,,,,,,,,,,,,,,,,,,,,,,,,,,,,,,,,,,,,,,,,,,,,,,,,,,,,,,,,,,,,,,,,,,,,,,,,,,,,,,,,,,,,,,,,,,,,,,,,,,,,,,,,,,,,,,,212260.0,275590.0,274830.0,275244.0,275381.0,275537.0,275416.0,275405.0,275481.0,275553.0,275603.0,275641.0,275677.0,275721.0,275759.0,275803.0,275823.0,275842.0,275865.0,275883.0,275906.0,275930.0,275956.0,275992.0,275999.0,276028.0,276051.0,276075.0,276094.0,276121.0,276136.0,276152.0,276170.0,276180.0,276200.0,276213.0,276225.0,276241.0,276252.0,276262.0,276272.0,276280
TvVtYaqCni8,,,,,,,,,,,,,,,,,,,,,,,,,,,,,,,,,,,,,,,,,,,,,,,,,,,,,,,,,,,,,,,,,,,,,,,,,,,,,,,,,,,,,,,,,,,,,,,,,,,,,,,,,,,,,,,,,,,,,,,,,,,,,,,,,,,,,,,,,,,,,,,,,,,,,,26614108.0,27632430.0,28444411.0,29226091.0,30051029.0,30905989.0,31728948.0,32612622.0,33512109.0,34305659.0,35096885.0,35813938.0,36425498.0,37029377.0,37731011.0,38399180.0,38965838.0,39535110.0,40103887.0,40699791.0,41365760.0,42107544.0,42831905.0,43430171.0,43993282.0,44554187.0,45102341.0,45663236.0,46308498.0,46929822.0,47451170.0,47974453.0,48516454.0,49066659.0,49624002.0,50244908.0,50845582.0,51365795.0,51875769.0,52398632.0,52926879.0,53459381
1zpFrIW8-Vg,,,,,,,,,,,,,,,,,,,,,,,,,,,,,,,,,,,,,,,,,,,,,,,,,,,,,,,,,,,,,,,,,,,,,,,,,,,,,,,,,,,,,,,,,,,,,,,,,,,,,,,,,,,,,,,,,,,,,,,,,,,,,,,,,,,,,,,,,,,,,,,,,,,,,,3553.0,4308.0,4910.0,5450.0,6025.0,6520.0,7008.0,7445.0,7817.0,8170.0,8615.0,9089.0,9486.0,9768.0,10013.0,10318.0,10608.0,10977.0,11284.0,11627.0,11873.0,12129.0,12330.0,12619.0,12949.0,13400.0,13826.0,14231.0,14615.0,14891.0,15309.0,15775.0,16333.0,16766.0,17205.0,17644.0,18016.0,18526.0,18990.0,19396.0,19802.0,20196
7Ij8q17OQgo,,,,,,,,,,,,,,,,,,,,,,,,,,,,,,,,,,,,,,,,,,,,,,,,,,,,,,,,,,,,,,,,,,,,,,,,,,,,,,,,,,,,,,,,,,,,,,,,,,,,,,,,,,,,,,,,,,,,,,,,,,,,,,,,,,,,,,,,,,,,,,,,,,,,,,,,5898.0,6438.0,6931.0,7508.0,7921.0,8407.0,8833.0,9241.0,9619.0,10002.0,10355.0,10651.0,10918.0,11207.0,11458.0,11677.0,11859.0,12097.0,12275.0,12485.0,12670.0,12843.0,13014.0,13184.0,13323.0,13497.0,13659.0,13831.0,13995.0,14169.0,14321.0,14477.0,14673.0,14859.0,15043.0,15223.0,15359.0,15555.0,15717.0,15904
Kzj9hMqM7mA,,,,,,,,,,,,,,,,,,,,,,,,,,,,,,,,,,,,,,,,,,,,,,,,,,,,,,,,,,,,,,,,,,,,,,,,,,,,,,,,,,,,,,,,,,,,,,,,,,,,,,,,,,,,,,,,,,,,,,,,,,,,,,,,,,,,,,,,,,,,,,,,,,,,,,,,296.0,1069.0,1235.0,1305.0,1342.0,1394.0,1429.0,1471.0,1502.0,1538.0,1591.0,1649.0,1682.0,1723.0,1754.0,1790.0,1833.0,1850.0,1881.0,1912.0,1939.0,1969.0,1996.0,2021.0,2043.0,2058.0,2076.0,2084.0,2095.0,2105.0,2120.0,2126.0,2140.0,2147.0,2163.0,2175.0,2189.0,2201.0,2218.0,2230
DhXBSLyGAxI,,,,,,,,,,,,,,,,,,,,,,,,,,,,,,,,,,,,,,,,,,,,,,,,,,,,,,,,,,,,,,,,,,,,,,,,,,,,,,,,,,,,,,,,,,,,,,,,,,,,,,,,,,,,,,,,,,,,,,,,,,,,,,,,,,,,,,,,,,,,,,,,,,,,,,,,15649.0,18910.0,20544.0,21735.0,22813.0,23710.0,24575.0,25225.0,25841.0,26303.0,26798.0,27180.0,27464.0,27741.0,28038.0,28401.0,28725.0,29048.0,29450.0,29734.0,29990.0,30238.0,30478.0,30699.0,30929.0,31350.0,31820.0,32107.0,32429.0,32723.0,33033.0,33550.0,34119.0,34515.0,34879.0,35243.0,35529.0,35797.0,36025.0,36278
r6k0HAclNOw,,,,,,,,,,,,,,,,,,,,,,,,,,,,,,,,,,,,,,,,,,,,,,,,,,,,,,,,,,,,,,,,,,,,,,,,,,,,,,,,,,,,,,,,,,,,,,,,,,,,,,,,,,,,,,,,,,,,,,,,,,,,,,,,,,,,,,,,,,,,,,,,,,,,,,,,693257.0,703015.0,712781.0,720298.0,727662.0,735120.0,741212.0,749894.0,758756.0,769300.0,776468.0,780716.0,785618.0,791171.0,799458.0,837931.0,859270.0,873290.0,886508.0,898022.0,908898.0,920760.0,931172.0,942244.0,951504.0,959864.0,968492.0,975982.0,984225.0,992292.0,999098.0,1006480.0,1014552.0,1022525.0,1031260.0,1040800.0,1052420.0,1063903.0,1075214.0,1085188
Ws-Nz-mSzVQ,,,,,,,,,,,,,,,,,,,,,,,,,,,,,,,,,,,,,,,,,,,,,,,,,,,,,,,,,,,,,,,,,,,,,,,,,,,,,,,,,,,,,,,,,,,,,,,,,,,,,,,,,,,,,,,,,,,,,,,,,,,,,,,,,,,,,,,,,,,,,,,,,,,,,,,,1891.0,2815.0,3104.0,3332.0,3554.0,3780.0,4039.0,4228.0,4461.0,20520.0,33151.0,42685.0,42900.0,43088.0,43132.0,43298.0,43345.0,43409.0,43467.0,43511.0,43559.0,43615.0,43653.0,43690.0,43719.0,43744.0,43771.0,43809.0,43851.0,43890.0,43918.0,43950.0,43983.0,44014.0,44037.0,44067.0,44092.0,44120.0,44151.0,44184
xAOT6ISD9jo,,,,,,,,,,,,,,,,,,,,,,,,,,,,,,,,,,,,,,,,,,,,,,,,,,,,,,,,,,,,,,,,,,,,,,,,,,,,,,,,,,,,,,,,,,,,,,,,,,,,,,,,,,,,,,,,,,,,,,,,,,,,,,,,,,,,,,,,,,,,,,,,,,,,,,,,,2612482.0,6210695.0,8149925.0,9667674.0,11226490.0,12729202.0,14033029.0,14103611.0,14126837.0,14154268.0,14182483.0,14209149.0,14233777.0,14254693.0,14274146.0,14291487.0,14302931.0,14313803.0,14323648.0,14332342.0,14340140.0,14347588.0,14354765.0,14361771.0,14368794.0,14376336.0,14383519.0,14390259.0,14397659.0,14404955.0,14411698.0,14418168.0,14424640.0,14430468.0,14436303.0,14442261.0,14448147.0,14453825.0,14459404
0rvJgdr4aWw,,,,,,,,,,,,,,,,,,,,,,,,,,,,,,,,,,,,,,,,,,,,,,,,,,,,,,,,,,,,,,,,,,,,,,,,,,,,,,,,,,,,,,,,,,,,,,,,,,,,,,,,,,,,,,,,,,,,,,,,,,,,,,,,,,,,,,,,,,,,,,,,,,,,,,,,,2091.0,10370.0,15524.0,19590.0,22345.0,24533.0,26751.0,28419.0,30103.0,31483.0,32838.0,34011.0,35204.0,36170.0,37222.0,38086.0,38851.0,39602.0,40383.0,41083.0,41854.0,42449.0,43008.0,43650.0,44143.0,44827.0,45380.0,45973.0,46516.0,47028.0,47587.0,48180.0,48680.0,49164.0,49787.0,50222.0,50803.0,51405.0,51920
NkYw3LTColI,,,,,,,,,,,,,,,,,,,,,,,,,,,,,,,,,,,,,,,,,,,,,,,,,,,,,,,,,,,,,,,,,,,,,,,,,,,,,,,,,,,,,,,,,,,,,,,,,,,,,,,,,,,,,,,,,,,,,,,,,,,,,,,,,,,,,,,,,,,,,,,,,,,,,,,,,3404.0,11343.0,17109.0,20896.0,23643.0,25390.0,27296.0,29279.0,31448.0,33354.0,34897.0,36177.0,37575.0,39191.0,40546.0,41504.0,42140.0,42818.0,43354.0,43903.0,44379.0,44928.0,45416.0,45765.0,46139.0,46506.0,46757.0,47188.0,47490.0,47843.0,48177.0,48506.0,48746.0,49013.0,49271.0,49539.0,49798.0,50097.0,50376
SjueaDie5CA,,,,,,,,,,,,,,,,,,,,,,,,,,,,,,,,,,,,,,,,,,,,,,,,,,,,,,,,,,,,,,,,,,,,,,,,,,,,,,,,,,,,,,,,,,,,,,,,,,,,,,,,,,,,,,,,,,,,,,,,,,,,,,,,,,,,,,,,,,,,,,,,,,,,,,,,,84.0,213.0,301.0,369.0,426.0,465.0,530.0,575.0,606.0,637.0,697.0,744.0,787.0,817.0,855.0,884.0,898.0,919.0,960.0,976.0,1002.0,1018.0,1036.0,1050.0,1081.0,1103.0,1120.0,1126.0,1142.0,1164.0,1186.0,1199.0,1214.0,1260.0,1291.0,1321.0,1365.0,1397.0,1412
SmlSIzrjxfU,,,,,,,,,,,,,,,,,,,,,,,,,,,,,,,,,,,,,,,,,,,,,,,,,,,,,,,,,,,,,,,,,,,,,,,,,,,,,,,,,,,,,,,,,,,,,,,,,,,,,,,,,,,,,,,,,,,,,,,,,,,,,,,,,,,,,,,,,,,,,,,,,,,,,,,,,8070.0,8167.0,8216.0,8258.0,8309.0,8361.0,8398.0,8419.0,8454.0,8477.0,8499.0,8524.0,8543.0,8564.0,8590.0,8608.0,8632.0,8659.0,8675.0,8697.0,8719.0,8750.0,8765.0,8786.0,8811.0,8834.0,8853.0,8874.0,8890.0,8911.0,8918.0,8935.0,8956.0,8968.0,8983.0,8998.0,9009.0,9024.0,9047
ACKPVnb4dyw,,,,,,,,,,,,,,,,,,,,,,,,,,,,,,,,,,,,,,,,,,,,,,,,,,,,,,,,,,,,,,,,,,,,,,,,,,,,,,,,,,,,,,,,,,,,,,,,,,,,,,,,,,,,,,,,,,,,,,,,,,,,,,,,,,,,,,,,,,,,,,,,,,,,,,,,,209.0,678.0,910.0,1047.0,1111.0,1175.0,1277.0,1353.0,1387.0,1432.0,1484.0,1509.0,1546.0,1586.0,1628.0,1662.0,1689.0,1705.0,1720.0,1736.0,1755.0,1766.0,1786.0,1802.0,1817.0,1831.0,1844.0,1858.0,1877.0,1894.0,1913.0,1923.0,1941.0,1955.0,1968.0,1980.0,1990.0,1996.0,2006
JCApRcSM7U0,,,,,,,,,,,,,,,,,,,,,,,,,,,,,,,,,,,,,,,,,,,,,,,,,,,,,,,,,,,,,,,,,,,,,,,,,,,,,,,,,,,,,,,,,,,,,,,,,,,,,,,,,,,,,,,,,,,,,,,,,,,,,,,,,,,,,,,,,,,,,,,,,,,,,,,,,10502.0,28630.0,39574.0,46388.0,50506.0,54149.0,56596.0,58474.0,59715.0,60959.0,61837.0,62755.0,63592.0,64097.0,64607.0,65139.0,65649.0,66188.0,66747.0,67278.0,67789.0,68249.0,68707.0,69158.0,69538.0,69987.0,70378.0,70708.0,71091.0,71478.0,71764.0,72106.0,72428.0,72746.0,72996.0,73234.0,73451.0,73624.0,73807
eSZvv3PGfxg,,,,,,,,,,,,,,,,,,,,,,,,,,,,,,,,,,,,,,,,,,,,,,,,,,,,,,,,,,,,,,,,,,,,,,,,,,,,,,,,,,,,,,,,,,,,,,,,,,,,,,,,,,,,,,,,,,,,,,,,,,,,,,,,,,,,,,,,,,,,,,,,,,,,,,,,,4656.0,23211.0,49426.0,87506.0,120023.0,155416.0,193260.0,227409.0,246851.0,260290.0,274091.0,285372.0,296378.0,309178.0,320972.0,332110.0,342745.0,353631.0,361875.0,368789.0,376742.0,383685.0,390399.0,396343.0,402308.0,407622.0,412475.0,418186.0,423895.0,429217.0,434328.0,439035.0,443185.0,446883.0,451172.0,455519.0,459669.0,463719.0,468191
IQQsJUaOmnc,,,,,,,,,,,,,,,,,,,,,,,,,,,,,,,,,,,,,,,,,,,,,,,,,,,,,,,,,,,,,,,,,,,,,,,,,,,,,,,,,,,,,,,,,,,,,,,,,,,,,,,,,,,,,,,,,,,,,,,,,,,,,,,,,,,,,,,,,,,,,,,,,,,,,,,,,,31364.0,110742.0,168617.0,213491.0,247886.0,273032.0,291995.0,304178.0,312660.0,320469.0,329525.0,336219.0,341852.0,346504.0,350415.0,353659.0,356885.0,359525.0,361645.0,363302.0,364791.0,366164.0,367374.0,368810.0,370263.0,371820.0,373028.0,374187.0,375256.0,376249.0,377195.0,378196.0,379071.0,379790.0,380648.0,381448.0,382292.0,383108
b7-vel_KNAc,,,,,,,,,,,,,,,,,,,,,,,,,,,,,,,,,,,,,,,,,,,,,,,,,,,,,,,,,,,,,,,,,,,,,,,,,,,,,,,,,,,,,,,,,,,,,,,,,,,,,,,,,,,,,,,,,,,,,,,,,,,,,,,,,,,,,,,,,,,,,,,,,,,,,,,,,,4590.0,16977.0,23451.0,28024.0,31408.0,35201.0,38867.0,42456.0,45496.0,47862.0,49884.0,51638.0,53166.0,54560.0,55874.0,57025.0,58220.0,59214.0,60268.0,61216.0,62179.0,63038.0,63990.0,64899.0,65837.0,66823.0,67728.0,68669.0,69507.0,70427.0,71446.0,72344.0,73204.0,74097.0,74977.0,75851.0,76702.0,77499
kvlIfDHodXI,,,,,,,,,,,,,,,,,,,,,,,,,,,,,,,,,,,,,,,,,,,,,,,,,,,,,,,,,,,,,,,,,,,,,,,,,,,,,,,,,,,,,,,,,,,,,,,,,,,,,,,,,,,,,,,,,,,,,,,,,,,,,,,,,,,,,,,,,,,,,,,,,,,,,,,,,,11816.0,14449.0,15332.0,16010.0,16579.0,16970.0,17234.0,17488.0,17810.0,18057.0,18336.0,18544.0,18678.0,18853.0,18978.0,19110.0,19223.0,19314.0,19372.0,19406.0,19438.0,19471.0,19490.0,19515.0,19559.0,19579.0,19598.0,19614.0,19621.0,19632.0,19639.0,19656.0,19666.0,19675.0,19682.0,19702.0,19710.0,19718
ByX8EZq8500,,,,,,,,,,,,,,,,,,,,,,,,,,,,,,,,,,,,,,,,,,,,,,,,,,,,,,,,,,,,,,,,,,,,,,,,,,,,,,,,,,,,,,,,,,,,,,,,,,,,,,,,,,,,,,,,,,,,,,,,,,,,,,,,,,,,,,,,,,,,,,,,,,,,,,,,,,,162891.0,1422149.0,5886389.0,10434128.0,10994036.0,12272629.0,13653289.0,15009063.0,16165936.0,16171356.0,16175001.0,16179705.0,16185754.0,16191529.0,16197747.0,16204367.0,16210613.0,16216046.0,16221856.0,16229977.0,16239112.0,16246129.0,16253353.0,16261936.0,16269561.0,16276741.0,16284188.0,16292216.0,16299704.0,16306496.0,16313595.0,16319773.0,16326454.0,16333235.0,16339382.0,16345276.0,16350903
ByX8EZq8500,,,,,,,,,,,,,,,,,,,,,,,,,,,,,,,,,,,,,,,,,,,,,,,,,,,,,,,,,,,,,,,,,,,,,,,,,,,,,,,,,,,,,,,,,,,,,,,,,,,,,,,,,,,,,,,,,,,,,,,,,,,,,,,,,,,,,,,,,,,,,,,,,,,,,,,,,,,162891.0,1422149.0,5886389.0,10434128.0,10994036.0,12272629.0,13653289.0,15009063.0,16165936.0,16171356.0,16175001.0,16179705.0,16185754.0,16191529.0,16197747.0,16204367.0,16210613.0,16216046.0,16221856.0,16229977.0,16239112.0,16246129.0,16253353.0,16261936.0,16269561.0,16276741.0,16284188.0,16292216.0,16299704.0,16306496.0,16313595.0,16319773.0,16326454.0,16333235.0,16339382.0,16345276.0,16350903
j-NVHECIRhk,,,,,,,,,,,,,,,,,,,,,,,,,,,,,,,,,,,,,,,,,,,,,,,,,,,,,,,,,,,,,,,,,,,,,,,,,,,,,,,,,,,,,,,,,,,,,,,,,,,,,,,,,,,,,,,,,,,,,,,,,,,,,,,,,,,,,,,,,,,,,,,,,,,,,,,,,,,5973.0,7103.0,7846.0,8492.0,9095.0,9496.0,9944.0,10282.0,10785.0,11072.0,11270.0,11559.0,11746.0,11923.0,12192.0,12390.0,12567.0,12700.0,12903.0,13064.0,13301.0,13632.0,13945.0,14207.0,14468.0,14672.0,14851.0,15048.0,15198.0,15346.0,15492.0,15586.0,15734.0,15915.0,16053.0,16159.0,16265
nNjabw6ybnQ,,,,,,,,,,,,,,,,,,,,,,,,,,,,,,,,,,,,,,,,,,,,,,,,,,,,,,,,,,,,,,,,,,,,,,,,,,,,,,,,,,,,,,,,,,,,,,,,,,,,,,,,,,,,,,,,,,,,,,,,,,,,,,,,,,,,,,,,,,,,,,,,,,,,,,,,,,,3469.0,9492.0,12390.0,15137.0,17435.0,19897.0,22241.0,23948.0,25593.0,26965.0,28097.0,29354.0,30401.0,31343.0,32264.0,33331.0,34132.0,34929.0,36043.0,37114.0,37929.0,39167.0,40527.0,42152.0,43597.0,44893.0,46429.0,47767.0,48675.0,49490.0,50249.0,51128.0,51945.0,52574.0,53261.0,53784.0,54405
2GPFLanHujM,,,,,,,,,,,,,,,,,,,,,,,,,,,,,,,,,,,,,,,,,,,,,,,,,,,,,,,,,,,,,,,,,,,,,,,,,,,,,,,,,,,,,,,,,,,,,,,,,,,,,,,,,,,,,,,,,,,,,,,,,,,,,,,,,,,,,,,,,,,,,,,,,,,,,,,,,,,,1790630.0,5692574.0,10686681.0,14712053.0,16626969.0,16778833.0,16914153.0,17042278.0,17166542.0,17263629.0,17337268.0,17404416.0,17462434.0,17513406.0,17561595.0,17609015.0,17653643.0,17692753.0,17732150.0,17770617.0,17808296.0,17844625.0,17886197.0,17923663.0,17956867.0,17988830.0,18021029.0,18051501.0,18084147.0,18117586.0,18148011.0,18175112.0,18198347.0,18220803.0,18243350.0,18264833
rH_nwCgt810,,,,,,,,,,,,,,,,,,,,,,,,,,,,,,,,,,,,,,,,,,,,,,,,,,,,,,,,,,,,,,,,,,,,,,,,,,,,,,,,,,,,,,,,,,,,,,,,,,,,,,,,,,,,,,,,,,,,,,,,,,,,,,,,,,,,,,,,,,,,,,,,,,,,,,,,,,,,41545.0,89932.0,119150.0,146437.0,171619.0,194123.0,214064.0,228948.0,243325.0,253493.0,262066.0,270116.0,277629.0,284211.0,290703.0,297017.0,302125.0,307179.0,311903.0,316127.0,320203.0,324134.0,328557.0,332273.0,335336.0,338732.0,342167.0,345356.0,348317.0,351461.0,354086.0,356441.0,358806.0,361117.0,363392.0,365705
zu5umkoKvl8,,,,,,,,,,,,,,,,,,,,,,,,,,,,,,,,,,,,,,,,,,,,,,,,,,,,,,,,,,,,,,,,,,,,,,,,,,,,,,,,,,,,,,,,,,,,,,,,,,,,,,,,,,,,,,,,,,,,,,,,,,,,,,,,,,,,,,,,,,,,,,,,,,,,,,,,,,,,158953.0,381836.0,553131.0,681950.0,832677.0,1105679.0,1265697.0,1386792.0,1491889.0,1570424.0,1644716.0,1717754.0,1786792.0,1855551.0,1923800.0,1981983.0,2037860.0,2096786.0,2153060.0,2205068.0,2248997.0,2287624.0,2321015.0,2351177.0,2383546.0,2414955.0,2442329.0,2468794.0,2493915.0,2517921.0,2539895.0,2563491.0,2589052.0,2614002.0,2638122.0,2660903
DRYPl5T1YyY,,,,,,,,,,,,,,,,,,,,,,,,,,,,,,,,,,,,,,,,,,,,,,,,,,,,,,,,,,,,,,,,,,,,,,,,,,,,,,,,,,,,,,,,,,,,,,,,,,,,,,,,,,,,,,,,,,,,,,,,,,,,,,,,,,,,,,,,,,,,,,,,,,,,,,,,,,,,43.0,98.0,106.0,113.0,117.0,121.0,124.0,127.0,131.0,131.0,134.0,138.0,138.0,139.0,140.0,140.0,141.0,141.0,143.0,143.0,143.0,143.0,145.0,145.0,147.0,154.0,155.0,156.0,158.0,158.0,160.0,161.0,161.0,161.0,161.0,161
W9qzlJt4RNc,,,,,,,,,,,,,,,,,,,,,,,,,,,,,,,,,,,,,,,,,,,,,,,,,,,,,,,,,,,,,,,,,,,,,,,,,,,,,,,,,,,,,,,,,,,,,,,,,,,,,,,,,,,,,,,,,,,,,,,,,,,,,,,,,,,,,,,,,,,,,,,,,,,,,,,,,,,,,290.0,307.0,354.0,398.0,433.0,491.0,580.0,741.0,866.0,998.0,1117.0,1230.0,1340.0,1446.0,1529.0,1611.0,1741.0,1795.0,1857.0,1906.0,1972.0,2020.0,2081.0,2121.0,2166.0,2198.0,2240.0,2279.0,2307.0,2349.0,2384.0,2407.0,2437.0,2462.0,2487
WafNEZ-lDzM,,,,,,,,,,,,,,,,,,,,,,,,,,,,,,,,,,,,,,,,,,,,,,,,,,,,,,,,,,,,,,,,,,,,,,,,,,,,,,,,,,,,,,,,,,,,,,,,,,,,,,,,,,,,,,,,,,,,,,,,,,,,,,,,,,,,,,,,,,,,,,,,,,,,,,,,,,,,,210.0,213.0,215.0,217.0,221.0,226.0,226.0,226.0,227.0,230.0,232.0,234.0,237.0,240.0,242.0,247.0,250.0,253.0,253.0,256.0,259.0,259.0,264.0,266.0,269.0,274.0,278.0,280.0,282.0,287.0,291.0,296.0,300.0,306.0,309
N1QSX_Ds6jc,,,,,,,,,,,,,,,,,,,,,,,,,,,,,,,,,,,,,,,,,,,,,,,,,,,,,,,,,,,,,,,,,,,,,,,,,,,,,,,,,,,,,,,,,,,,,,,,,,,,,,,,,,,,,,,,,,,,,,,,,,,,,,,,,,,,,,,,,,,,,,,,,,,,,,,,,,,,,312.0,313.0,319.0,323.0,327.0,329.0,331.0,332.0,335.0,335.0,338.0,342.0,344.0,345.0,348.0,350.0,353.0,354.0,359.0,367.0,368.0,372.0,374.0,378.0,384.0,390.0,396.0,402.0,405.0,411.0,413.0,419.0,419.0,426.0,430
bR6c2bVvT0s,,,,,,,,,,,,,,,,,,,,,,,,,,,,,,,,,,,,,,,,,,,,,,,,,,,,,,,,,,,,,,,,,,,,,,,,,,,,,,,,,,,,,,,,,,,,,,,,,,,,,,,,,,,,,,,,,,,,,,,,,,,,,,,,,,,,,,,,,,,,,,,,,,,,,,,,,,,,,740.0,771.0,852.0,897.0,928.0,946.0,956.0,962.0,965.0,966.0,973.0,992.0,995.0,998.0,999.0,1001.0,1002.0,1003.0,1009.0,1009.0,1017.0,1029.0,1052.0,1059.0,1060.0,1063.0,1066.0,1077.0,1079.0,1079.0,1079.0,1083.0,1087.0,1092.0,1097
7Zo4GddV9mw,,,,,,,,,,,,,,,,,,,,,,,,,,,,,,,,,,,,,,,,,,,,,,,,,,,,,,,,,,,,,,,,,,,,,,,,,,,,,,,,,,,,,,,,,,,,,,,,,,,,,,,,,,,,,,,,,,,,,,,,,,,,,,,,,,,,,,,,,,,,,,,,,,,,,,,,,,,,,19569.0,24188.0,26918.0,28843.0,30529.0,31899.0,32973.0,34010.0,35048.0,35875.0,36659.0,37543.0,38205.0,38848.0,39613.0,40351.0,40937.0,41488.0,41977.0,42454.0,42950.0,43521.0,44050.0,44516.0,44986.0,45439.0,45845.0,46345.0,46995.0,47826.0,48770.0,49893.0,50882.0,51812.0,52738
UulR1x4tvZE,,,,,,,,,,,,,,,,,,,,,,,,,,,,,,,,,,,,,,,,,,,,,,,,,,,,,,,,,,,,,,,,,,,,,,,,,,,,,,,,,,,,,,,,,,,,,,,,,,,,,,,,,,,,,,,,,,,,,,,,,,,,,,,,,,,,,,,,,,,,,,,,,,,,,,,,,,,,,237780.0,259606.0,276720.0,291419.0,304997.0,315182.0,322561.0,329678.0,336153.0,342903.0,349026.0,354227.0,359248.0,363908.0,368255.0,372640.0,377417.0,382030.0,386237.0,390998.0,395506.0,400633.0,405777.0,410615.0,415268.0,419659.0,424112.0,428160.0,432664.0,437121.0,441269.0,445451.0,449571.0,453565.0,457313
1mmnSOwxfuc,,,,,,,,,,,,,,,,,,,,,,,,,,,,,,,,,,,,,,,,,,,,,,,,,,,,,,,,,,,,,,,,,,,,,,,,,,,,,,,,,,,,,,,,,,,,,,,,,,,,,,,,,,,,,,,,,,,,,,,,,,,,,,,,,,,,,,,,,,,,,,,,,,,,,,,,,,,,,7899.0,12516.0,19373.0,27072.0,37778.0,49531.0,65586.0,75141.0,79222.0,81927.0,83848.0,85713.0,87406.0,88863.0,89949.0,90932.0,91847.0,92914.0,93909.0,95045.0,96298.0,97168.0,97813.0,98645.0,99447.0,100022.0,100605.0,101213.0,101810.0,102246.0,103000.0,103692.0,104200.0,104775.0,105326
z7wH7JxnMA8,,,,,,,,,,,,,,,,,,,,,,,,,,,,,,,,,,,,,,,,,,,,,,,,,,,,,,,,,,,,,,,,,,,,,,,,,,,,,,,,,,,,,,,,,,,,,,,,,,,,,,,,,,,,,,,,,,,,,,,,,,,,,,,,,,,,,,,,,,,,,,,,,,,,,,,,,,,,,,365805.0,390868.0,413243.0,439773.0,460601.0,489038.0,499952.0,509168.0,515272.0,517787.0,520173.0,522085.0,524132.0,525806.0,527463.0,528946.0,530104.0,530961.0,531939.0,532868.0,533736.0,534520.0,535139.0,535854.0,536452.0,537125.0,537788.0,538401.0,539060.0,539693.0,540252.0,540800.0,541252.0,541676
1sy1XQ6fAWs,,,,,,,,,,,,,,,,,,,,,,,,,,,,,,,,,,,,,,,,,,,,,,,,,,,,,,,,,,,,,,,,,,,,,,,,,,,,,,,,,,,,,,,,,,,,,,,,,,,,,,,,,,,,,,,,,,,,,,,,,,,,,,,,,,,,,,,,,,,,,,,,,,,,,,,,,,,,,,1627.0,3132.0,3480.0,3728.0,3916.0,4023.0,4117.0,4209.0,4292.0,4346.0,4376.0,4418.0,4452.0,4459.0,4468.0,4484.0,4504.0,4521.0,4537.0,4547.0,4564.0,4579.0,4594.0,4597.0,4604.0,4616.0,4635.0,4650.0,4663.0,4675.0,4701.0,4712.0,4723.0,4726
PnMrgz2H5GY,,,,,,,,,,,,,,,,,,,,,,,,,,,,,,,,,,,,,,,,,,,,,,,,,,,,,,,,,,,,,,,,,,,,,,,,,,,,,,,,,,,,,,,,,,,,,,,,,,,,,,,,,,,,,,,,,,,,,,,,,,,,,,,,,,,,,,,,,,,,,,,,,,,,,,,,,,,,,,332.0,767.0,1161.0,1280.0,1354.0,1431.0,1472.0,1526.0,1590.0,1632.0,1696.0,1757.0,1823.0,1913.0,1973.0,2037.0,2097.0,2140.0,2195.0,2241.0,2301.0,2360.0,2421.0,2481.0,2544.0,2595.0,2640.0,2696.0,2753.0,2815.0,2889.0,2971.0,3049.0,3100
LPcCTjxHYbg,,,,,,,,,,,,,,,,,,,,,,,,,,,,,,,,,,,,,,,,,,,,,,,,,,,,,,,,,,,,,,,,,,,,,,,,,,,,,,,,,,,,,,,,,,,,,,,,,,,,,,,,,,,,,,,,,,,,,,,,,,,,,,,,,,,,,,,,,,,,,,,,,,,,,,,,,,,,,,3488.0,3581.0,3619.0,3668.0,3699.0,3721.0,3747.0,3760.0,3775.0,3783.0,3793.0,3806.0,3813.0,3820.0,3826.0,3831.0,3836.0,3840.0,3841.0,3843.0,3846.0,3854.0,3859.0,3862.0,3863.0,3866.0,3867.0,3871.0,3871.0,3872.0,3875.0,3877.0,3878.0,3878
37KNkc1y-p4,,,,,,,,,,,,,,,,,,,,,,,,,,,,,,,,,,,,,,,,,,,,,,,,,,,,,,,,,,,,,,,,,,,,,,,,,,,,,,,,,,,,,,,,,,,,,,,,,,,,,,,,,,,,,,,,,,,,,,,,,,,,,,,,,,,,,,,,,,,,,,,,,,,,,,,,,,,,,,,1490.0,1945.0,2281.0,2415.0,2488.0,2463.0,2493.0,2516.0,2532.0,2553.0,2567.0,2583.0,2589.0,2602.0,2611.0,2618.0,2627.0,2632.0,2637.0,2643.0,2645.0,2654.0,2656.0,2658.0,2663.0,2665.0,2669.0,2671.0,2674.0,2680.0,2681.0,2685.0,2690
qIQEuJ3GB6k,,,,,,,,,,,,,,,,,,,,,,,,,,,,,,,,,,,,,,,,,,,,,,,,,,,,,,,,,,,,,,,,,,,,,,,,,,,,,,,,,,,,,,,,,,,,,,,,,,,,,,,,,,,,,,,,,,,,,,,,,,,,,,,,,,,,,,,,,,,,,,,,,,,,,,,,,,,,,,,18751.0,18782.0,18808.0,18831.0,18859.0,18876.0,18900.0,18919.0,18939.0,18960.0,18976.0,18997.0,19010.0,19026.0,19039.0,19059.0,19076.0,19088.0,19104.0,19123.0,19132.0,19147.0,19159.0,19171.0,19197.0,19221.0,19229.0,19240.0,19255.0,19273.0,19284.0,19300.0,19316
Op_uK6dkk5k,,,,,,,,,,,,,,,,,,,,,,,,,,,,,,,,,,,,,,,,,,,,,,,,,,,,,,,,,,,,,,,,,,,,,,,,,,,,,,,,,,,,,,,,,,,,,,,,,,,,,,,,,,,,,,,,,,,,,,,,,,,,,,,,,,,,,,,,,,,,,,,,,,,,,,,,,,,,,,,29742.0,29981.0,30138.0,30325.0,30462.0,30611.0,30754.0,30875.0,30978.0,31111.0,31228.0,31329.0,31448.0,31536.0,31623.0,31719.0,31811.0,31892.0,31953.0,32023.0,32110.0,32196.0,32255.0,32311.0,32384.0,32458.0,32538.0,32605.0,32674.0,32724.0,32783.0,32840.0,32906
Nt3dWIvCnV0,,,,,,,,,,,,,,,,,,,,,,,,,,,,,,,,,,,,,,,,,,,,,,,,,,,,,,,,,,,,,,,,,,,,,,,,,,,,,,,,,,,,,,,,,,,,,,,,,,,,,,,,,,,,,,,,,,,,,,,,,,,,,,,,,,,,,,,,,,,,,,,,,,,,,,,,,,,,,,,16326.0,19090.0,20896.0,22279.0,23463.0,24628.0,25901.0,27119.0,28041.0,28826.0,29586.0,30188.0,30855.0,31969.0,33001.0,33908.0,34714.0,35460.0,36121.0,36737.0,37619.0,38756.0,39577.0,40231.0,40870.0,41416.0,42035.0,42520.0,42910.0,43364.0,43786.0,44149.0,44523
HEjAICnlEHM,,,,,,,,,,,,,,,,,,,,,,,,,,,,,,,,,,,,,,,,,,,,,,,,,,,,,,,,,,,,,,,,,,,,,,,,,,,,,,,,,,,,,,,,,,,,,,,,,,,,,,,,,,,,,,,,,,,,,,,,,,,,,,,,,,,,,,,,,,,,,,,,,,,,,,,,,,,,,,,2629.0,2639.0,2648.0,2653.0,2659.0,2666.0,2672.0,2675.0,2680.0,2687.0,2692.0,2697.0,2703.0,2714.0,2721.0,2729.0,2731.0,2738.0,2743.0,2754.0,2758.0,2764.0,2770.0,2780.0,2790.0,2795.0,2805.0,2814.0,2820.0,2828.0,2838.0,2857.0,2863
PUr4DLWzglk,,,,,,,,,,,,,,,,,,,,,,,,,,,,,,,,,,,,,,,,,,,,,,,,,,,,,,,,,,,,,,,,,,,,,,,,,,,,,,,,,,,,,,,,,,,,,,,,,,,,,,,,,,,,,,,,,,,,,,,,,,,,,,,,,,,,,,,,,,,,,,,,,,,,,,,,,,,,,,,181762.0,253681.0,341423.0,382516.0,411268.0,433774.0,455404.0,473877.0,491565.0,509014.0,525201.0,543591.0,559014.0,572300.0,585842.0,598359.0,611060.0,623362.0,636055.0,647279.0,657219.0,668928.0,680252.0,691064.0,702129.0,711204.0,720054.0,728361.0,737031.0,746678.0,755129.0,762583.0,769616
KmHved6uotw,,,,,,,,,,,,,,,,,,,,,,,,,,,,,,,,,,,,,,,,,,,,,,,,,,,,,,,,,,,,,,,,,,,,,,,,,,,,,,,,,,,,,,,,,,,,,,,,,,,,,,,,,,,,,,,,,,,,,,,,,,,,,,,,,,,,,,,,,,,,,,,,,,,,,,,,,,,,,,,,9804.0,31823.0,68512.0,101935.0,116982.0,125226.0,133254.0,139791.0,144793.0,149080.0,153215.0,156535.0,159209.0,162201.0,164785.0,166919.0,169168.0,171189.0,172813.0,174071.0,175656.0,177222.0,178751.0,180066.0,181416.0,182628.0,183629.0,184869.0,186089.0,187482.0,188626.0,189918
rT1ByR_bTvg,,,,,,,,,,,,,,,,,,,,,,,,,,,,,,,,,,,,,,,,,,,,,,,,,,,,,,,,,,,,,,,,,,,,,,,,,,,,,,,,,,,,,,,,,,,,,,,,,,,,,,,,,,,,,,,,,,,,,,,,,,,,,,,,,,,,,,,,,,,,,,,,,,,,,,,,,,,,,,,,86442.0,160004.0,189303.0,190252.0,190558.0,217037.0,217505.0,217769.0,217992.0,218173.0,218335.0,218456.0,218584.0,218700.0,218864.0,218970.0,219060.0,219130.0,219209.0,219269.0,219330.0,219381.0,219428.0,219463.0,219500.0,219554.0,219603.0,219640.0,219670.0,219723.0,219775.0,219823
YSS6BLw1T68,,,,,,,,,,,,,,,,,,,,,,,,,,,,,,,,,,,,,,,,,,,,,,,,,,,,,,,,,,,,,,,,,,,,,,,,,,,,,,,,,,,,,,,,,,,,,,,,,,,,,,,,,,,,,,,,,,,,,,,,,,,,,,,,,,,,,,,,,,,,,,,,,,,,,,,,,,,,,,,,28277.0,41328.0,55271.0,67866.0,76442.0,83702.0,88150.0,91220.0,95894.0,99589.0,103301.0,106716.0,109575.0,112594.0,115593.0,118454.0,121620.0,124899.0,128061.0,131132.0,134182.0,137354.0,141156.0,145029.0,148145.0,151197.0,153951.0,156700.0,159558.0,162146.0,164468.0,166803
bn9Kg9j9E_M,,,,,,,,,,,,,,,,,,,,,,,,,,,,,,,,,,,,,,,,,,,,,,,,,,,,,,,,,,,,,,,,,,,,,,,,,,,,,,,,,,,,,,,,,,,,,,,,,,,,,,,,,,,,,,,,,,,,,,,,,,,,,,,,,,,,,,,,,,,,,,,,,,,,,,,,,,,,,,,,46914.0,47093.0,47239.0,47369.0,47520.0,47638.0,47750.0,47865.0,48012.0,48120.0,48256.0,48401.0,48570.0,48757.0,48940.0,49079.0,49262.0,49442.0,49592.0,49712.0,49842.0,50007.0,50165.0,50338.0,50504.0,50651.0,50769.0,50875.0,51018.0,51148.0,51281.0,51435
kaep-9JacMg,,,,,,,,,,,,,,,,,,,,,,,,,,,,,,,,,,,,,,,,,,,,,,,,,,,,,,,,,,,,,,,,,,,,,,,,,,,,,,,,,,,,,,,,,,,,,,,,,,,,,,,,,,,,,,,,,,,,,,,,,,,,,,,,,,,,,,,,,,,,,,,,,,,,,,,,,,,,,,,,28845.0,29025.0,29154.0,29301.0,29464.0,29633.0,29799.0,29934.0,30122.0,30398.0,30663.0,30857.0,31064.0,31345.0,31721.0,31967.0,32236.0,32598.0,32864.0,33060.0,33353.0,33616.0,33854.0,34118.0,34397.0,34681.0,34892.0,35095.0,35312.0,35534.0,35733.0,35965
5DVZe-2wl00,,,,,,,,,,,,,,,,,,,,,,,,,,,,,,,,,,,,,,,,,,,,,,,,,,,,,,,,,,,,,,,,,,,,,,,,,,,,,,,,,,,,,,,,,,,,,,,,,,,,,,,,,,,,,,,,,,,,,,,,,,,,,,,,,,,,,,,,,,,,,,,,,,,,,,,,,,,,,,,,20553.0,20770.0,21009.0,21242.0,21522.0,21769.0,21990.0,22232.0,22508.0,22785.0,23087.0,23426.0,23724.0,24019.0,24329.0,24581.0,24868.0,25176.0,25389.0,25574.0,25791.0,26027.0,26241.0,26489.0,26714.0,26918.0,27081.0,27277.0,27530.0,27793.0,28017.0,28307
nqTH0LxD99w,,,,,,,,,,,,,,,,,,,,,,,,,,,,,,,,,,,,,,,,,,,,,,,,,,,,,,,,,,,,,,,,,,,,,,,,,,,,,,,,,,,,,,,,,,,,,,,,,,,,,,,,,,,,,,,,,,,,,,,,,,,,,,,,,,,,,,,,,,,,,,,,,,,,,,,,,,,,,,,,5967.0,5976.0,5980.0,5989.0,5997.0,6014.0,6023.0,6030.0,6039.0,6064.0,6084.0,6102.0,6118.0,6130.0,6149.0,6174.0,6191.0,6216.0,6227.0,6242.0,6259.0,6270.0,6284.0,6305.0,6323.0,6347.0,6367.0,6389.0,6420.0,6439.0,6466.0,6492
tflr4ab-Bik,,,,,,,,,,,,,,,,,,,,,,,,,,,,,,,,,,,,,,,,,,,,,,,,,,,,,,,,,,,,,,,,,,,,,,,,,,,,,,,,,,,,,,,,,,,,,,,,,,,,,,,,,,,,,,,,,,,,,,,,,,,,,,,,,,,,,,,,,,,,,,,,,,,,,,,,,,,,,,,,285358.0,307949.0,326325.0,342592.0,355722.0,366339.0,376030.0,385919.0,394788.0,403568.0,411639.0,418893.0,425692.0,432386.0,438691.0,444769.0,451051.0,457210.0,462891.0,467917.0,473466.0,479298.0,484781.0,489682.0,494495.0,498768.0,502410.0,506698.0,511029.0,515066.0,518927.0,522820
aSB0FCWMk9U,,,,,,,,,,,,,,,,,,,,,,,,,,,,,,,,,,,,,,,,,,,,,,,,,,,,,,,,,,,,,,,,,,,,,,,,,,,,,,,,,,,,,,,,,,,,,,,,,,,,,,,,,,,,,,,,,,,,,,,,,,,,,,,,,,,,,,,,,,,,,,,,,,,,,,,,,,,,,,,,64387.0,64848.0,65222.0,65511.0,66099.0,66489.0,66910.0,67166.0,67483.0,67832.0,68176.0,68490.0,68833.0,69188.0,69516.0,69839.0,70151.0,70497.0,70810.0,71093.0,71397.0,71687.0,71941.0,72307.0,72597.0,72910.0,73221.0,73573.0,73900.0,74292.0,74634.0,74997
sEeXBvk_t8Y,,,,,,,,,,,,,,,,,,,,,,,,,,,,,,,,,,,,,,,,,,,,,,,,,,,,,,,,,,,,,,,,,,,,,,,,,,,,,,,,,,,,,,,,,,,,,,,,,,,,,,,,,,,,,,,,,,,,,,,,,,,,,,,,,,,,,,,,,,,,,,,,,,,,,,,,,,,,,,,,154041.0,302305.0,358044.0,394284.0,421308.0,444262.0,462690.0,479447.0,493158.0,506011.0,517810.0,528609.0,538869.0,548413.0,557076.0,565008.0,573253.0,580848.0,588995.0,596733.0,604135.0,611613.0,619064.0,626426.0,633405.0,639416.0,645120.0,650726.0,656609.0,663166.0,669088.0,674578
Z1FLJZebzrg,,,,,,,,,,,,,,,,,,,,,,,,,,,,,,,,,,,,,,,,,,,,,,,,,,,,,,,,,,,,,,,,,,,,,,,,,,,,,,,,,,,,,,,,,,,,,,,,,,,,,,,,,,,,,,,,,,,,,,,,,,,,,,,,,,,,,,,,,,,,,,,,,,,,,,,,,,,,,,,,222.0,512.0,610.0,655.0,694.0,715.0,725.0,729.0,736.0,737.0,738.0,740.0,740.0,743.0,744.0,745.0,745.0,747.0,750.0,750.0,750.0,751.0,757.0,757.0,759.0,759.0,760.0,761.0,762.0,762.0,763.0,763
BquaDYlCON8,,,,,,,,,,,,,,,,,,,,,,,,,,,,,,,,,,,,,,,,,,,,,,,,,,,,,,,,,,,,,,,,,,,,,,,,,,,,,,,,,,,,,,,,,,,,,,,,,,,,,,,,,,,,,,,,,,,,,,,,,,,,,,,,,,,,,,,,,,,,,,,,,,,,,,,,,,,,,,,,9847.0,11159.0,11646.0,12821.0,13286.0,13739.0,14081.0,14213.0,14323.0,14437.0,14534.0,14587.0,14653.0,14702.0,14727.0,14743.0,14759.0,14781.0,14794.0,14805.0,14820.0,14832.0,14847.0,14862.0,14867.0,14877.0,14887.0,14895.0,14907.0,14922.0,14923.0,14930
I8ozfHudzu0,,,,,,,,,,,,,,,,,,,,,,,,,,,,,,,,,,,,,,,,,,,,,,,,,,,,,,,,,,,,,,,,,,,,,,,,,,,,,,,,,,,,,,,,,,,,,,,,,,,,,,,,,,,,,,,,,,,,,,,,,,,,,,,,,,,,,,,,,,,,,,,,,,,,,,,,,,,,,,,,12031.0,29323.0,48488.0,63924.0,74795.0,83523.0,92093.0,100662.0,107562.0,113800.0,120982.0,126732.0,131135.0,136773.0,142969.0,148858.0,154082.0,159256.0,163683.0,166980.0,171245.0,175645.0,179537.0,183676.0,187202.0,190606.0,193109.0,196110.0,199378.0,202204.0,204690.0,207083
Qm5j8m4dOJg,,,,,,,,,,,,,,,,,,,,,,,,,,,,,,,,,,,,,,,,,,,,,,,,,,,,,,,,,,,,,,,,,,,,,,,,,,,,,,,,,,,,,,,,,,,,,,,,,,,,,,,,,,,,,,,,,,,,,,,,,,,,,,,,,,,,,,,,,,,,,,,,,,,,,,,,,,,,,,,,106656.0,917996.0,1911853.0,2888591.0,2942782.0,2961718.0,2961918.0,3022398.0,3029099.0,3029800.0,3030442.0,3031060.0,3031677.0,3032183.0,3032666.0,3033093.0,3033456.0,3033816.0,3034136.0,3034539.0,3034905.0,3035249.0,3035673.0,3036019.0,3036380.0,3036736.0,3037095.0,3037402.0,3037703.0,3038020.0,3038352.0,3038624
EkhN7B_bqzU,,,,,,,,,,,,,,,,,,,,,,,,,,,,,,,,,,,,,,,,,,,,,,,,,,,,,,,,,,,,,,,,,,,,,,,,,,,,,,,,,,,,,,,,,,,,,,,,,,,,,,,,,,,,,,,,,,,,,,,,,,,,,,,,,,,,,,,,,,,,,,,,,,,,,,,,,,,,,,,,,2063949.0,2538038.0,2992186.0,3345637.0,3976484.0,4566379.0,5048245.0,5295202.0,5526656.0,5751567.0,5980160.0,6258733.0,6521895.0,6794964.0,6993843.0,7306402.0,7527886.0,7780734.0,7971155.0,8115735.0,8213446.0,8348306.0,8425344.0,8515715.0,8586145.0,8705046.0,8805574.0,8909622.0,9000730.0,9055730.0,9121831
mX-dgjFS6eY,,,,,,,,,,,,,,,,,,,,,,,,,,,,,,,,,,,,,,,,,,,,,,,,,,,,,,,,,,,,,,,,,,,,,,,,,,,,,,,,,,,,,,,,,,,,,,,,,,,,,,,,,,,,,,,,,,,,,,,,,,,,,,,,,,,,,,,,,,,,,,,,,,,,,,,,,,,,,,,,,82720.0,135288.0,190285.0,241903.0,288231.0,325151.0,357975.0,389492.0,419128.0,450245.0,479398.0,505442.0,525776.0,543730.0,558825.0,572204.0,584673.0,597891.0,611074.0,622626.0,633190.0,643369.0,652876.0,662768.0,673995.0,684480.0,693971.0,702979.0,711548.0,720135.0,728704
s1mdxP1Hhnw,,,,,,,,,,,,,,,,,,,,,,,,,,,,,,,,,,,,,,,,,,,,,,,,,,,,,,,,,,,,,,,,,,,,,,,,,,,,,,,,,,,,,,,,,,,,,,,,,,,,,,,,,,,,,,,,,,,,,,,,,,,,,,,,,,,,,,,,,,,,,,,,,,,,,,,,,,,,,,,,,,294854.0,791020.0,1061729.0,1146745.0,1248287.0,1285654.0,1308152.0,1321404.0,1329577.0,1335215.0,1338596.0,1340965.0,1342882.0,1344441.0,1345787.0,1347023.0,1348435.0,1349574.0,1350511.0,1351403.0,1352146.0,1352923.0,1354065.0,1355539.0,1356711.0,1358233.0,1359571.0,1360400.0,1361031.0,1361689
P9JsaQIxtt4,,,,,,,,,,,,,,,,,,,,,,,,,,,,,,,,,,,,,,,,,,,,,,,,,,,,,,,,,,,,,,,,,,,,,,,,,,,,,,,,,,,,,,,,,,,,,,,,,,,,,,,,,,,,,,,,,,,,,,,,,,,,,,,,,,,,,,,,,,,,,,,,,,,,,,,,,,,,,,,,,,14830.0,23660.0,24583.0,25184.0,25629.0,26108.0,26526.0,26902.0,27122.0,27299.0,27406.0,27705.0,27606.0,27726.0,27782.0,27864.0,27954.0,28034.0,28117.0,28188.0,28255.0,28317.0,28405.0,28482.0,28541.0,28620.0,28679.0,28770.0,28820.0,28877
yEs_ET4Q7UU,,,,,,,,,,,,,,,,,,,,,,,,,,,,,,,,,,,,,,,,,,,,,,,,,,,,,,,,,,,,,,,,,,,,,,,,,,,,,,,,,,,,,,,,,,,,,,,,,,,,,,,,,,,,,,,,,,,,,,,,,,,,,,,,,,,,,,,,,,,,,,,,,,,,,,,,,,,,,,,,,,1648.0,3448.0,3955.0,4045.0,4093.0,4157.0,4203.0,4259.0,4310.0,4362.0,4393.0,4427.0,4450.0,4472.0,4496.0,4523.0,4537.0,4552.0,4567.0,4577.0,4586.0,4595.0,4606.0,4619.0,4637.0,4655.0,4665.0,4686.0,4726.0,4751
pkypi5nXSYM,,,,,,,,,,,,,,,,,,,,,,,,,,,,,,,,,,,,,,,,,,,,,,,,,,,,,,,,,,,,,,,,,,,,,,,,,,,,,,,,,,,,,,,,,,,,,,,,,,,,,,,,,,,,,,,,,,,,,,,,,,,,,,,,,,,,,,,,,,,,,,,,,,,,,,,,,,,,,,,,,,6236865.0,6239439.0,6241976.0,6244108.0,6246069.0,6248266.0,6250232.0,6252265.0,6254127.0,6256137.0,6257970.0,6259964.0,6261949.0,6263648.0,6265373.0,6267568.0,6269763.0,6271839.0,6273928.0,6275868.0,6277650.0,6279738.0,6281856.0,6283763.0,6285540.0,6287171.0,6289000.0,6290930.0,6292874.0,6294896
TAD8MKiSFMg,,,,,,,,,,,,,,,,,,,,,,,,,,,,,,,,,,,,,,,,,,,,,,,,,,,,,,,,,,,,,,,,,,,,,,,,,,,,,,,,,,,,,,,,,,,,,,,,,,,,,,,,,,,,,,,,,,,,,,,,,,,,,,,,,,,,,,,,,,,,,,,,,,,,,,,,,,,,,,,,,,1075.0,7514.0,8829.0,10284.0,11852.0,13490.0,14652.0,15431.0,16229.0,16825.0,17523.0,18542.0,19333.0,20384.0,21257.0,22039.0,22966.0,23678.0,24703.0,25717.0,26786.0,27660.0,28444.0,29114.0,29695.0,30377.0,31127.0,31805.0,32480.0,33249
dxUim1YNAFU,,,,,,,,,,,,,,,,,,,,,,,,,,,,,,,,,,,,,,,,,,,,,,,,,,,,,,,,,,,,,,,,,,,,,,,,,,,,,,,,,,,,,,,,,,,,,,,,,,,,,,,,,,,,,,,,,,,,,,,,,,,,,,,,,,,,,,,,,,,,,,,,,,,,,,,,,,,,,,,,,,293114.0,297252.0,301291.0,305461.0,310721.0,315612.0,319596.0,323137.0,326551.0,329960.0,339380.0,352318.0,359862.0,363420.0,366306.0,368304.0,369702.0,370750.0,371626.0,372460.0,373042.0,373510.0,373935.0,374403.0,374824.0,375231.0,375564.0,375947.0,376271.0,376606
Yv8g9GE9VAY,,,,,,,,,,,,,,,,,,,,,,,,,,,,,,,,,,,,,,,,,,,,,,,,,,,,,,,,,,,,,,,,,,,,,,,,,,,,,,,,,,,,,,,,,,,,,,,,,,,,,,,,,,,,,,,,,,,,,,,,,,,,,,,,,,,,,,,,,,,,,,,,,,,,,,,,,,,,,,,,,,2170485.0,2286512.0,2386684.0,2475442.0,2561653.0,2642335.0,2692957.0,2738029.0,2782817.0,2812076.0,2820258.0,2827300.0,2834043.0,2840662.0,2846484.0,2852122.0,2857864.0,2863116.0,2868337.0,2873467.0,2878557.0,2883360.0,2887855.0,2892120.0,2896063.0,2900018.0,2904057.0,2908172.0,2912231.0,2916144
Uxc0EZt8raU,,,,,,,,,,,,,,,,,,,,,,,,,,,,,,,,,,,,,,,,,,,,,,,,,,,,,,,,,,,,,,,,,,,,,,,,,,,,,,,,,,,,,,,,,,,,,,,,,,,,,,,,,,,,,,,,,,,,,,,,,,,,,,,,,,,,,,,,,,,,,,,,,,,,,,,,,,,,,,,,,,,6355.0,12456.0,15943.0,19555.0,23685.0,26202.0,28237.0,30110.0,31793.0,33270.0,34767.0,36249.0,37795.0,40195.0,42293.0,44093.0,45551.0,47258.0,48840.0,50454.0,52098.0,53734.0,55236.0,56670.0,58241.0,59931.0,61816.0,63425.0,65131
U7FStrWr_cc,,,,,,,,,,,,,,,,,,,,,,,,,,,,,,,,,,,,,,,,,,,,,,,,,,,,,,,,,,,,,,,,,,,,,,,,,,,,,,,,,,,,,,,,,,,,,,,,,,,,,,,,,,,,,,,,,,,,,,,,,,,,,,,,,,,,,,,,,,,,,,,,,,,,,,,,,,,,,,,,,,,15433.0,22894.0,28018.0,31895.0,35522.0,38167.0,40445.0,42023.0,43238.0,45004.0,47779.0,50353.0,52618.0,54272.0,56161.0,57638.0,58689.0,60025.0,61201.0,62656.0,63771.0,64966.0,65905.0,66866.0,68017.0,69149.0,70199.0,71082.0,72055
e0vjQ0CVFxw,,,,,,,,,,,,,,,,,,,,,,,,,,,,,,,,,,,,,,,,,,,,,,,,,,,,,,,,,,,,,,,,,,,,,,,,,,,,,,,,,,,,,,,,,,,,,,,,,,,,,,,,,,,,,,,,,,,,,,,,,,,,,,,,,,,,,,,,,,,,,,,,,,,,,,,,,,,,,,,,,,,12076.0,13307.0,14146.0,15104.0,16025.0,16804.0,17421.0,17579.0,17694.0,17779.0,17852.0,17914.0,17950.0,17986.0,18016.0,18059.0,18088.0,18119.0,18170.0,18194.0,18211.0,18235.0,18252.0,18262.0,18284.0,18317.0,18341.0,18369.0,18382
FJ3vUbZu8Zg,,,,,,,,,,,,,,,,,,,,,,,,,,,,,,,,,,,,,,,,,,,,,,,,,,,,,,,,,,,,,,,,,,,,,,,,,,,,,,,,,,,,,,,,,,,,,,,,,,,,,,,,,,,,,,,,,,,,,,,,,,,,,,,,,,,,,,,,,,,,,,,,,,,,,,,,,,,,,,,,,,,1320011.0,1320044.0,1320084.0,1320131.0,1320173.0,1320224.0,1320256.0,1320298.0,1320345.0,1320375.0,1320414.0,1320454.0,1320494.0,1320522.0,1320552.0,1320595.0,1320631.0,1320681.0,1320730.0,1320772.0,1320813.0,1320841.0,1320877.0,1320911.0,1320942.0,1320977.0,1321019.0,1321068.0,1321105
q0A9skdwjQY,,,,,,,,,,,,,,,,,,,,,,,,,,,,,,,,,,,,,,,,,,,,,,,,,,,,,,,,,,,,,,,,,,,,,,,,,,,,,,,,,,,,,,,,,,,,,,,,,,,,,,,,,,,,,,,,,,,,,,,,,,,,,,,,,,,,,,,,,,,,,,,,,,,,,,,,,,,,,,,,,,,,4996.0,4996.0,4998.0,5002.0,5004.0,5006.0,5007.0,5009.0,5009.0,5014.0,5015.0,5016.0,5019.0,5019.0,5023.0,5024.0,5025.0,5027.0,5031.0,5033.0,5035.0,5036.0,5040.0,5040.0,5040.0,5041.0,5045.0,5045
0GXz-wSDg3I,,,,,,,,,,,,,,,,,,,,,,,,,,,,,,,,,,,,,,,,,,,,,,,,,,,,,,,,,,,,,,,,,,,,,,,,,,,,,,,,,,,,,,,,,,,,,,,,,,,,,,,,,,,,,,,,,,,,,,,,,,,,,,,,,,,,,,,,,,,,,,,,,,,,,,,,,,,,,,,,,,,,13829.0,16130.0,17766.0,18486.0,19012.0,19693.0,20177.0,20508.0,20864.0,21321.0,21818.0,22136.0,22471.0,22652.0,22794.0,22982.0,23269.0,23410.0,23577.0,23721.0,23839.0,23948.0,24034.0,24093.0,24145.0,24215.0,24282.0,24339
dUMUmUMXYHA,,,,,,,,,,,,,,,,,,,,,,,,,,,,,,,,,,,,,,,,,,,,,,,,,,,,,,,,,,,,,,,,,,,,,,,,,,,,,,,,,,,,,,,,,,,,,,,,,,,,,,,,,,,,,,,,,,,,,,,,,,,,,,,,,,,,,,,,,,,,,,,,,,,,,,,,,,,,,,,,,,,,91.0,106.0,123.0,130.0,138.0,139.0,145.0,146.0,156.0,159.0,162.0,166.0,167.0,170.0,171.0,175.0,178.0,181.0,181.0,184.0,188.0,191.0,193.0,194.0,195.0,197.0,198.0,198
xD9JoFKOUZ8,,,,,,,,,,,,,,,,,,,,,,,,,,,,,,,,,,,,,,,,,,,,,,,,,,,,,,,,,,,,,,,,,,,,,,,,,,,,,,,,,,,,,,,,,,,,,,,,,,,,,,,,,,,,,,,,,,,,,,,,,,,,,,,,,,,,,,,,,,,,,,,,,,,,,,,,,,,,,,,,,,,,2532.0,12482.0,34721.0,50682.0,66857.0,70823.0,95455.0,125593.0,157419.0,187388.0,219342.0,254079.0,291430.0,325483.0,359063.0,359981.0,364674.0,369953.0,375558.0,381857.0,389129.0,396361.0,401646.0,411868.0,412232.0,412737.0,413791.0,414886
y1iEOS_wCUM,,,,,,,,,,,,,,,,,,,,,,,,,,,,,,,,,,,,,,,,,,,,,,,,,,,,,,,,,,,,,,,,,,,,,,,,,,,,,,,,,,,,,,,,,,,,,,,,,,,,,,,,,,,,,,,,,,,,,,,,,,,,,,,,,,,,,,,,,,,,,,,,,,,,,,,,,,,,,,,,,,,,4382.0,10007.0,20828.0,35599.0,42900.0,48754.0,53730.0,56992.0,59387.0,62453.0,65538.0,68316.0,70720.0,72899.0,74452.0,75779.0,77342.0,78895.0,80257.0,81471.0,82478.0,83482.0,84216.0,85132.0,86093.0,86931.0,87756.0,88569
QffbNInZLtw,,,,,,,,,,,,,,,,,,,,,,,,,,,,,,,,,,,,,,,,,,,,,,,,,,,,,,,,,,,,,,,,,,,,,,,,,,,,,,,,,,,,,,,,,,,,,,,,,,,,,,,,,,,,,,,,,,,,,,,,,,,,,,,,,,,,,,,,,,,,,,,,,,,,,,,,,,,,,,,,,,,,12450.0,19217.0,27700.0,35019.0,38928.0,43115.0,46983.0,50232.0,53221.0,56890.0,60104.0,63095.0,67363.0,73903.0,78719.0,82609.0,86584.0,90404.0,93811.0,99237.0,104951.0,109271.0,112742.0,116743.0,120764.0,124352.0,129897.0,135736
Sgx-XE2EAI4,,,,,,,,,,,,,,,,,,,,,,,,,,,,,,,,,,,,,,,,,,,,,,,,,,,,,,,,,,,,,,,,,,,,,,,,,,,,,,,,,,,,,,,,,,,,,,,,,,,,,,,,,,,,,,,,,,,,,,,,,,,,,,,,,,,,,,,,,,,,,,,,,,,,,,,,,,,,,,,,,,,,37348.0,39383.0,40876.0,42046.0,43135.0,44043.0,44767.0,45319.0,45901.0,46356.0,46849.0,47200.0,47714.0,48154.0,48630.0,49028.0,49294.0,49694.0,50057.0,50562.0,50993.0,51441.0,51851.0,52243.0,52522.0,52882.0,53177.0,53494
rtPpUY29_lU,,,,,,,,,,,,,,,,,,,,,,,,,,,,,,,,,,,,,,,,,,,,,,,,,,,,,,,,,,,,,,,,,,,,,,,,,,,,,,,,,,,,,,,,,,,,,,,,,,,,,,,,,,,,,,,,,,,,,,,,,,,,,,,,,,,,,,,,,,,,,,,,,,,,,,,,,,,,,,,,,,,,,13751.0,15214.0,16508.0,17356.0,18174.0,18933.0,19330.0,19772.0,20256.0,21527.0,22498.0,23445.0,24288.0,25038.0,25880.0,26741.0,27635.0,28285.0,28826.0,29410.0,30092.0,30683.0,31281.0,31885.0,32383.0,33068.0,33590
dDnwryGSwgw,,,,,,,,,,,,,,,,,,,,,,,,,,,,,,,,,,,,,,,,,,,,,,,,,,,,,,,,,,,,,,,,,,,,,,,,,,,,,,,,,,,,,,,,,,,,,,,,,,,,,,,,,,,,,,,,,,,,,,,,,,,,,,,,,,,,,,,,,,,,,,,,,,,,,,,,,,,,,,,,,,,,,11156.0,18161.0,29535.0,40565.0,46535.0,51782.0,54909.0,56961.0,62544.0,66791.0,70812.0,74138.0,76996.0,79316.0,81004.0,83025.0,84963.0,86578.0,88090.0,89597.0,90652.0,91727.0,92866.0,94018.0,95341.0,96442.0,97682
POxoUZoAOgg,,,,,,,,,,,,,,,,,,,,,,,,,,,,,,,,,,,,,,,,,,,,,,,,,,,,,,,,,,,,,,,,,,,,,,,,,,,,,,,,,,,,,,,,,,,,,,,,,,,,,,,,,,,,,,,,,,,,,,,,,,,,,,,,,,,,,,,,,,,,,,,,,,,,,,,,,,,,,,,,,,,,,9881.0,10014.0,10151.0,10268.0,10386.0,10484.0,10609.0,10720.0,10845.0,10973.0,11058.0,11131.0,11216.0,11281.0,11332.0,11416.0,11490.0,11549.0,11616.0,11677.0,11734.0,11781.0,11837.0,11885.0,11951.0,12008.0,12062
hRgaSOj_he0,,,,,,,,,,,,,,,,,,,,,,,,,,,,,,,,,,,,,,,,,,,,,,,,,,,,,,,,,,,,,,,,,,,,,,,,,,,,,,,,,,,,,,,,,,,,,,,,,,,,,,,,,,,,,,,,,,,,,,,,,,,,,,,,,,,,,,,,,,,,,,,,,,,,,,,,,,,,,,,,,,,,,570.0,570.0,570.0,572.0,572.0,573.0,573.0,575.0,576.0,576.0,576.0,576.0,577.0,578.0,579.0,579.0,579.0,579.0,581.0,579.0,582.0,582.0,583.0,583.0,583.0,583.0,584
RqGozXCSBOw,,,,,,,,,,,,,,,,,,,,,,,,,,,,,,,,,,,,,,,,,,,,,,,,,,,,,,,,,,,,,,,,,,,,,,,,,,,,,,,,,,,,,,,,,,,,,,,,,,,,,,,,,,,,,,,,,,,,,,,,,,,,,,,,,,,,,,,,,,,,,,,,,,,,,,,,,,,,,,,,,,,,,4238.0,13118.0,20853.0,27767.0,33388.0,38358.0,43483.0,49056.0,57423.0,65181.0,72792.0,78873.0,84949.0,90851.0,96620.0,109937.0,127265.0,141588.0,153305.0,162754.0,170916.0,177678.0,186014.0,194001.0,200451.0,206271.0,212008
wvtNmMmcAYw,,,,,,,,,,,,,,,,,,,,,,,,,,,,,,,,,,,,,,,,,,,,,,,,,,,,,,,,,,,,,,,,,,,,,,,,,,,,,,,,,,,,,,,,,,,,,,,,,,,,,,,,,,,,,,,,,,,,,,,,,,,,,,,,,,,,,,,,,,,,,,,,,,,,,,,,,,,,,,,,,,,,,,1156214.0,6078059.0,8906862.0,10704451.0,11933538.0,12652323.0,13277666.0,13387247.0,13468954.0,13535376.0,13596029.0,13652099.0,13713460.0,13768285.0,13815658.0,13861757.0,13905834.0,13944589.0,13979536.0,14015635.0,14050535.0,14082754.0,14114514.0,14144945.0,14175665.0,14205500
U9Iyvq0NQXQ,,,,,,,,,,,,,,,,,,,,,,,,,,,,,,,,,,,,,,,,,,,,,,,,,,,,,,,,,,,,,,,,,,,,,,,,,,,,,,,,,,,,,,,,,,,,,,,,,,,,,,,,,,,,,,,,,,,,,,,,,,,,,,,,,,,,,,,,,,,,,,,,,,,,,,,,,,,,,,,,,,,,,,578.0,919.0,1018.0,1059.0,1101.0,1138.0,1178.0,1237.0,1280.0,1380.0,1431.0,1471.0,1496.0,1512.0,1539.0,1555.0,1567.0,1586.0,1601.0,1615.0,1627.0,1640.0,1647.0,1652.0,1658.0,1664
LeQxufOUsoY,,,,,,,,,,,,,,,,,,,,,,,,,,,,,,,,,,,,,,,,,,,,,,,,,,,,,,,,,,,,,,,,,,,,,,,,,,,,,,,,,,,,,,,,,,,,,,,,,,,,,,,,,,,,,,,,,,,,,,,,,,,,,,,,,,,,,,,,,,,,,,,,,,,,,,,,,,,,,,,,,,,,,,34905.0,87899.0,112567.0,132839.0,145725.0,149748.0,153212.0,156062.0,158655.0,161353.0,163461.0,165357.0,167302.0,169031.0,170601.0,172175.0,173909.0,175455.0,176861.0,178351.0,179778.0,180985.0,182587.0,184003.0,185306.0,186637
FixdUwHZLGg,,,,,,,,,,,,,,,,,,,,,,,,,,,,,,,,,,,,,,,,,,,,,,,,,,,,,,,,,,,,,,,,,,,,,,,,,,,,,,,,,,,,,,,,,,,,,,,,,,,,,,,,,,,,,,,,,,,,,,,,,,,,,,,,,,,,,,,,,,,,,,,,,,,,,,,,,,,,,,,,,,,,,,132.0,197.0,231.0,268.0,318.0,375.0,419.0,436.0,487.0,530.0,594.0,607.0,616.0,617.0,620.0,624.0,624.0,627.0,628.0,630.0,633.0,633.0,634.0,634.0,635.0,635
K-QFYaf8NWM,,,,,,,,,,,,,,,,,,,,,,,,,,,,,,,,,,,,,,,,,,,,,,,,,,,,,,,,,,,,,,,,,,,,,,,,,,,,,,,,,,,,,,,,,,,,,,,,,,,,,,,,,,,,,,,,,,,,,,,,,,,,,,,,,,,,,,,,,,,,,,,,,,,,,,,,,,,,,,,,,,,,,,7508.0,9873.0,11539.0,13107.0,14888.0,16521.0,17970.0,19349.0,20514.0,21536.0,23023.0,24794.0,27212.0,29673.0,32746.0,36118.0,39131.0,42406.0,46433.0,49515.0,52169.0,56514.0,61821.0,67149.0,72282.0,77134
ZJfDPCmHsvY,,,,,,,,,,,,,,,,,,,,,,,,,,,,,,,,,,,,,,,,,,,,,,,,,,,,,,,,,,,,,,,,,,,,,,,,,,,,,,,,,,,,,,,,,,,,,,,,,,,,,,,,,,,,,,,,,,,,,,,,,,,,,,,,,,,,,,,,,,,,,,,,,,,,,,,,,,,,,,,,,,,,,,1706.0,1903.0,2045.0,2154.0,2233.0,2296.0,2349.0,2402.0,2457.0,2513.0,2538.0,2593.0,2634.0,2684.0,2748.0,2795.0,2848.0,2922.0,2969.0,3024.0,3094.0,3189.0,3243.0,3275.0,3325.0,3361
22hOET46t0o,,,,,,,,,,,,,,,,,,,,,,,,,,,,,,,,,,,,,,,,,,,,,,,,,,,,,,,,,,,,,,,,,,,,,,,,,,,,,,,,,,,,,,,,,,,,,,,,,,,,,,,,,,,,,,,,,,,,,,,,,,,,,,,,,,,,,,,,,,,,,,,,,,,,,,,,,,,,,,,,,,,,,,12245.0,14731.0,15881.0,16813.0,17637.0,18158.0,18614.0,19039.0,19477.0,19866.0,20172.0,20450.0,20717.0,20944.0,21125.0,21342.0,21485.0,21681.0,21869.0,22021.0,22188.0,22368.0,22528.0,22735.0,22921.0,23066
t_GXr0IoXbI,,,,,,,,,,,,,,,,,,,,,,,,,,,,,,,,,,,,,,,,,,,,,,,,,,,,,,,,,,,,,,,,,,,,,,,,,,,,,,,,,,,,,,,,,,,,,,,,,,,,,,,,,,,,,,,,,,,,,,,,,,,,,,,,,,,,,,,,,,,,,,,,,,,,,,,,,,,,,,,,,,,,,,4187.0,4988.0,5675.0,6274.0,7051.0,7935.0,8361.0,8702.0,9022.0,9332.0,9633.0,10196.0,10891.0,11402.0,11943.0,12477.0,13210.0,13939.0,14640.0,15312.0,15949.0,16672.0,17445.0,18172.0,18946.0,19666
BaItXtX2jb4,,,,,,,,,,,,,,,,,,,,,,,,,,,,,,,,,,,,,,,,,,,,,,,,,,,,,,,,,,,,,,,,,,,,,,,,,,,,,,,,,,,,,,,,,,,,,,,,,,,,,,,,,,,,,,,,,,,,,,,,,,,,,,,,,,,,,,,,,,,,,,,,,,,,,,,,,,,,,,,,,,,,,,2266.0,2494.0,2870.0,3071.0,3355.0,3545.0,3720.0,3832.0,3992.0,4229.0,4447.0,4674.0,4843.0,4973.0,5109.0,5254.0,5378.0,5487.0,5619.0,5765.0,5868.0,5961.0,6063.0,6167.0,6252.0,6360
I9wJQqfwGxc,,,,,,,,,,,,,,,,,,,,,,,,,,,,,,,,,,,,,,,,,,,,,,,,,,,,,,,,,,,,,,,,,,,,,,,,,,,,,,,,,,,,,,,,,,,,,,,,,,,,,,,,,,,,,,,,,,,,,,,,,,,,,,,,,,,,,,,,,,,,,,,,,,,,,,,,,,,,,,,,,,,,,,39170.0,45915.0,48268.0,49203.0,49396.0,50535.0,51151.0,51657.0,52063.0,52481.0,52847.0,53669.0,54091.0,54651.0,55589.0,56244.0,56622.0,56819.0,57040.0,57229.0,57343.0,57497.0,57616.0,57684.0,57746.0,57819
D5MtRNQBVbk,,,,,,,,,,,,,,,,,,,,,,,,,,,,,,,,,,,,,,,,,,,,,,,,,,,,,,,,,,,,,,,,,,,,,,,,,,,,,,,,,,,,,,,,,,,,,,,,,,,,,,,,,,,,,,,,,,,,,,,,,,,,,,,,,,,,,,,,,,,,,,,,,,,,,,,,,,,,,,,,,,,,,,154692.0,300217.0,425794.0,518105.0,595638.0,647939.0,688595.0,728434.0,769124.0,808354.0,843685.0,877610.0,906588.0,934257.0,963746.0,991755.0,1023717.0,1054663.0,1088407.0,1118225.0,1142056.0,1169403.0,1194296.0,1216361.0,1238083.0,1260036
zBkvRUsQR2o,,,,,,,,,,,,,,,,,,,,,,,,,,,,,,,,,,,,,,,,,,,,,,,,,,,,,,,,,,,,,,,,,,,,,,,,,,,,,,,,,,,,,,,,,,,,,,,,,,,,,,,,,,,,,,,,,,,,,,,,,,,,,,,,,,,,,,,,,,,,,,,,,,,,,,,,,,,,,,,,,,,,,,51153.0,184893.0,228318.0,256139.0,281339.0,303556.0,318752.0,331771.0,341800.0,349639.0,357041.0,363773.0,370173.0,376180.0,383049.0,389321.0,395236.0,400639.0,405552.0,410176.0,414506.0,418909.0,423248.0,427508.0,431650.0,435824
dBqHsj715hg,,,,,,,,,,,,,,,,,,,,,,,,,,,,,,,,,,,,,,,,,,,,,,,,,,,,,,,,,,,,,,,,,,,,,,,,,,,,,,,,,,,,,,,,,,,,,,,,,,,,,,,,,,,,,,,,,,,,,,,,,,,,,,,,,,,,,,,,,,,,,,,,,,,,,,,,,,,,,,,,,,,,,,39762.0,96564.0,154580.0,154882.0,154401.0,154419.0,154545.0,154681.0,154795.0,154896.0,154962.0,155028.0,155124.0,155216.0,155270.0,155323.0,155367.0,155423.0,155481.0,155535.0,155596.0,155636.0,155678.0,155733.0,155765.0,155805
5oIIzNGeXco,,,,,,,,,,,,,,,,,,,,,,,,,,,,,,,,,,,,,,,,,,,,,,,,,,,,,,,,,,,,,,,,,,,,,,,,,,,,,,,,,,,,,,,,,,,,,,,,,,,,,,,,,,,,,,,,,,,,,,,,,,,,,,,,,,,,,,,,,,,,,,,,,,,,,,,,,,,,,,,,,,,,,,25407.0,32888.0,36742.0,39906.0,42140.0,43955.0,45652.0,47143.0,48664.0,50343.0,52084.0,53690.0,55227.0,56682.0,58052.0,59557.0,61034.0,62388.0,63554.0,64921.0,66270.0,67544.0,68808.0,70088.0,71285.0,72449
sfw4kYrHDzA,,,,,,,,,,,,,,,,,,,,,,,,,,,,,,,,,,,,,,,,,,,,,,,,,,,,,,,,,,,,,,,,,,,,,,,,,,,,,,,,,,,,,,,,,,,,,,,,,,,,,,,,,,,,,,,,,,,,,,,,,,,,,,,,,,,,,,,,,,,,,,,,,,,,,,,,,,,,,,,,,,,,,,8882.0,8964.0,9035.0,9096.0,9185.0,9266.0,9364.0,9439.0,9518.0,9573.0,9628.0,9673.0,9724.0,9778.0,9826.0,9877.0,9955.0,10003.0,10061.0,10109.0,10151.0,10189.0,10240.0,10326.0,10475.0,10650
2aPLQe5fbs4,,,,,,,,,,,,,,,,,,,,,,,,,,,,,,,,,,,,,,,,,,,,,,,,,,,,,,,,,,,,,,,,,,,,,,,,,,,,,,,,,,,,,,,,,,,,,,,,,,,,,,,,,,,,,,,,,,,,,,,,,,,,,,,,,,,,,,,,,,,,,,,,,,,,,,,,,,,,,,,,,,,,,,,29866.0,42374.0,51899.0,57736.0,62045.0,65875.0,70285.0,75177.0,79720.0,83981.0,88214.0,92219.0,95852.0,99929.0,104213.0,108423.0,112754.0,117454.0,121935.0,125768.0,130384.0,135966.0,141154.0,145806.0,150296
BP4ptOIxqww,,,,,,,,,,,,,,,,,,,,,,,,,,,,,,,,,,,,,,,,,,,,,,,,,,,,,,,,,,,,,,,,,,,,,,,,,,,,,,,,,,,,,,,,,,,,,,,,,,,,,,,,,,,,,,,,,,,,,,,,,,,,,,,,,,,,,,,,,,,,,,,,,,,,,,,,,,,,,,,,,,,,,,,25830.0,26380.0,26826.0,27294.0,27680.0,28042.0,28539.0,28944.0,29296.0,29588.0,29813.0,30065.0,30314.0,30579.0,30888.0,31089.0,31296.0,31514.0,31733.0,31932.0,32168.0,32457.0,32712.0,32951.0,33211
8gq89HeR23U,,,,,,,,,,,,,,,,,,,,,,,,,,,,,,,,,,,,,,,,,,,,,,,,,,,,,,,,,,,,,,,,,,,,,,,,,,,,,,,,,,,,,,,,,,,,,,,,,,,,,,,,,,,,,,,,,,,,,,,,,,,,,,,,,,,,,,,,,,,,,,,,,,,,,,,,,,,,,,,,,,,,,,,660.0,22568.0,30677.0,36242.0,40116.0,43642.0,46574.0,49045.0,50967.0,52652.0,54186.0,55568.0,56961.0,58291.0,59701.0,61142.0,62804.0,64187.0,65290.0,66301.0,67163.0,67961.0,68775.0,69508.0,70235
2ZhDuLyvnnk,,,,,,,,,,,,,,,,,,,,,,,,,,,,,,,,,,,,,,,,,,,,,,,,,,,,,,,,,,,,,,,,,,,,,,,,,,,,,,,,,,,,,,,,,,,,,,,,,,,,,,,,,,,,,,,,,,,,,,,,,,,,,,,,,,,,,,,,,,,,,,,,,,,,,,,,,,,,,,,,,,,,,,,8503.0,16202.0,19997.0,22190.0,23580.0,24604.0,25413.0,26083.0,26548.0,26931.0,27358.0,27668.0,28093.0,28535.0,28989.0,29416.0,29656.0,29980.0,30262.0,30546.0,30764.0,30947.0,31176.0,31342.0,31518
idlKynwc5zc,,,,,,,,,,,,,,,,,,,,,,,,,,,,,,,,,,,,,,,,,,,,,,,,,,,,,,,,,,,,,,,,,,,,,,,,,,,,,,,,,,,,,,,,,,,,,,,,,,,,,,,,,,,,,,,,,,,,,,,,,,,,,,,,,,,,,,,,,,,,,,,,,,,,,,,,,,,,,,,,,,,,,,,,11252923.0,11683492.0,12247523.0,13185682.0,14233488.0,15403220.0,16593600.0,17676594.0,18963733.0,20254323.0,21572229.0,22922549.0,24585685.0,24636541.0,24672641.0,24707026.0,24738531.0,24769102.0,24803101.0,24837665.0,24869321.0,24896582.0,24924369.0,24950724
6wKgt3VMVJg,,,,,,,,,,,,,,,,,,,,,,,,,,,,,,,,,,,,,,,,,,,,,,,,,,,,,,,,,,,,,,,,,,,,,,,,,,,,,,,,,,,,,,,,,,,,,,,,,,,,,,,,,,,,,,,,,,,,,,,,,,,,,,,,,,,,,,,,,,,,,,,,,,,,,,,,,,,,,,,,,,,,,,,,5903.0,5912.0,5924.0,5935.0,5941.0,5947.0,5959.0,5969.0,5985.0,6010.0,6020.0,6037.0,6050.0,6058.0,6067.0,6074.0,6084.0,6094.0,6105.0,6116.0,6122.0,6134.0,6150.0,6173
qhEWH-gxNMo,,,,,,,,,,,,,,,,,,,,,,,,,,,,,,,,,,,,,,,,,,,,,,,,,,,,,,,,,,,,,,,,,,,,,,,,,,,,,,,,,,,,,,,,,,,,,,,,,,,,,,,,,,,,,,,,,,,,,,,,,,,,,,,,,,,,,,,,,,,,,,,,,,,,,,,,,,,,,,,,,,,,,,,,81928.0,183159.0,279454.0,340621.0,419941.0,420723.0,420869.0,421077.0,421275.0,421407.0,421535.0,421645.0,421736.0,421866.0,421986.0,422078.0,422141.0,422215.0,422280.0,422346.0,422409.0,422466.0,422517.0,422571
jx3MCjZQoIc,,,,,,,,,,,,,,,,,,,,,,,,,,,,,,,,,,,,,,,,,,,,,,,,,,,,,,,,,,,,,,,,,,,,,,,,,,,,,,,,,,,,,,,,,,,,,,,,,,,,,,,,,,,,,,,,,,,,,,,,,,,,,,,,,,,,,,,,,,,,,,,,,,,,,,,,,,,,,,,,,,,,,,,,3167.0,10930.0,16234.0,20146.0,23369.0,27277.0,30663.0,34693.0,39030.0,41613.0,44100.0,46141.0,48649.0,51335.0,53464.0,55492.0,57370.0,59042.0,60376.0,61957.0,63648.0,65213.0,66958.0,68598
sodFQ1G2dro,,,,,,,,,,,,,,,,,,,,,,,,,,,,,,,,,,,,,,,,,,,,,,,,,,,,,,,,,,,,,,,,,,,,,,,,,,,,,,,,,,,,,,,,,,,,,,,,,,,,,,,,,,,,,,,,,,,,,,,,,,,,,,,,,,,,,,,,,,,,,,,,,,,,,,,,,,,,,,,,,,,,,,,,,21418.0,34481.0,42725.0,48553.0,54167.0,58619.0,62871.0,66359.0,69414.0,72037.0,74330.0,76442.0,78610.0,80252.0,81671.0,83050.0,84330.0,85329.0,86313.0,87612.0,88639.0,89714.0,90869
QEBus0fVNYg,,,,,,,,,,,,,,,,,,,,,,,,,,,,,,,,,,,,,,,,,,,,,,,,,,,,,,,,,,,,,,,,,,,,,,,,,,,,,,,,,,,,,,,,,,,,,,,,,,,,,,,,,,,,,,,,,,,,,,,,,,,,,,,,,,,,,,,,,,,,,,,,,,,,,,,,,,,,,,,,,,,,,,,,,50.0,222.0,304.0,357.0,401.0,436.0,494.0,532.0,580.0,626.0,654.0,696.0,726.0,749.0,768.0,788.0,808.0,826.0,843.0,852.0,867.0,885.0,896
VHpIBkVGRi8,,,,,,,,,,,,,,,,,,,,,,,,,,,,,,,,,,,,,,,,,,,,,,,,,,,,,,,,,,,,,,,,,,,,,,,,,,,,,,,,,,,,,,,,,,,,,,,,,,,,,,,,,,,,,,,,,,,,,,,,,,,,,,,,,,,,,,,,,,,,,,,,,,,,,,,,,,,,,,,,,,,,,,,,,30585.0,30804.0,30978.0,31148.0,31334.0,31469.0,31595.0,31742.0,31888.0,32012.0,32126.0,32224.0,32335.0,32424.0,32530.0,32648.0,32736.0,32803.0,32914.0,33001.0,33106.0,33259.0,33390
N_NVmpz5Az8,,,,,,,,,,,,,,,,,,,,,,,,,,,,,,,,,,,,,,,,,,,,,,,,,,,,,,,,,,,,,,,,,,,,,,,,,,,,,,,,,,,,,,,,,,,,,,,,,,,,,,,,,,,,,,,,,,,,,,,,,,,,,,,,,,,,,,,,,,,,,,,,,,,,,,,,,,,,,,,,,,,,,,,,,113314.0,248832.0,317572.0,364043.0,415038.0,455925.0,491092.0,520620.0,548390.0,571234.0,589316.0,608995.0,629365.0,645419.0,659678.0,673629.0,684778.0,693974.0,705239.0,716169.0,725328.0,733998.0,742293
Y59e7VqYV2w,,,,,,,,,,,,,,,,,,,,,,,,,,,,,,,,,,,,,,,,,,,,,,,,,,,,,,,,,,,,,,,,,,,,,,,,,,,,,,,,,,,,,,,,,,,,,,,,,,,,,,,,,,,,,,,,,,,,,,,,,,,,,,,,,,,,,,,,,,,,,,,,,,,,,,,,,,,,,,,,,,,,,,,,,7231.0,23193.0,36944.0,50073.0,75097.0,95816.0,105632.0,115151.0,121901.0,125713.0,128598.0,131992.0,135669.0,138957.0,141923.0,144559.0,146592.0,148420.0,151041.0,153661.0,156076.0,158507.0,160887
-BZkRSPylws,,,,,,,,,,,,,,,,,,,,,,,,,,,,,,,,,,,,,,,,,,,,,,,,,,,,,,,,,,,,,,,,,,,,,,,,,,,,,,,,,,,,,,,,,,,,,,,,,,,,,,,,,,,,,,,,,,,,,,,,,,,,,,,,,,,,,,,,,,,,,,,,,,,,,,,,,,,,,,,,,,,,,,,,,1310.0,1718.0,2053.0,2258.0,2524.0,2728.0,2909.0,4359.0,4760.0,5043.0,5342.0,5602.0,5835.0,6036.0,6284.0,6403.0,6585.0,6694.0,6873.0,7031.0,7193.0,7375.0,7521
WfSpUDRn8MY,,,,,,,,,,,,,,,,,,,,,,,,,,,,,,,,,,,,,,,,,,,,,,,,,,,,,,,,,,,,,,,,,,,,,,,,,,,,,,,,,,,,,,,,,,,,,,,,,,,,,,,,,,,,,,,,,,,,,,,,,,,,,,,,,,,,,,,,,,,,,,,,,,,,,,,,,,,,,,,,,,,,,,,,,337.0,377.0,397.0,403.0,405.0,409.0,414.0,418.0,423.0,426.0,427.0,428.0,433.0,434.0,435.0,436.0,438.0,438.0,438.0,438.0,438.0,438.0,438
-CDl6xOTx3Q,,,,,,,,,,,,,,,,,,,,,,,,,,,,,,,,,,,,,,,,,,,,,,,,,,,,,,,,,,,,,,,,,,,,,,,,,,,,,,,,,,,,,,,,,,,,,,,,,,,,,,,,,,,,,,,,,,,,,,,,,,,,,,,,,,,,,,,,,,,,,,,,,,,,,,,,,,,,,,,,,,,,,,,,,1216.0,3187.0,4028.0,4837.0,5611.0,6531.0,7479.0,8799.0,10052.0,10850.0,11639.0,12586.0,13836.0,15598.0,16528.0,18373.0,19751.0,20804.0,21996.0,23068.0,24008.0,24896.0,25901
jwjlwMvbLNI,,,,,,,,,,,,,,,,,,,,,,,,,,,,,,,,,,,,,,,,,,,,,,,,,,,,,,,,,,,,,,,,,,,,,,,,,,,,,,,,,,,,,,,,,,,,,,,,,,,,,,,,,,,,,,,,,,,,,,,,,,,,,,,,,,,,,,,,,,,,,,,,,,,,,,,,,,,,,,,,,,,,,,,,,12947.0,18703.0,23193.0,26799.0,30729.0,33811.0,36852.0,39400.0,42014.0,44177.0,46233.0,48573.0,50869.0,52880.0,54697.0,56443.0,57862.0,59032.0,60454.0,61832.0,63101.0,64442.0,65701
fQc45IB48Gg,,,,,,,,,,,,,,,,,,,,,,,,,,,,,,,,,,,,,,,,,,,,,,,,,,,,,,,,,,,,,,,,,,,,,,,,,,,,,,,,,,,,,,,,,,,,,,,,,,,,,,,,,,,,,,,,,,,,,,,,,,,,,,,,,,,,,,,,,,,,,,,,,,,,,,,,,,,,,,,,,,,,,,,,,20181.0,46863.0,81762.0,120965.0,151090.0,184906.0,221322.0,274115.0,334130.0,391067.0,446880.0,478472.0,642214.0,729704.0,848821.0,967833.0,1029736.0,1030605.0,1045242.0,1047181.0,1054070.0,1064592.0,1075745
hunI11Qybds,,,,,,,,,,,,,,,,,,,,,,,,,,,,,,,,,,,,,,,,,,,,,,,,,,,,,,,,,,,,,,,,,,,,,,,,,,,,,,,,,,,,,,,,,,,,,,,,,,,,,,,,,,,,,,,,,,,,,,,,,,,,,,,,,,,,,,,,,,,,,,,,,,,,,,,,,,,,,,,,,,,,,,,,,481002.0,481621.0,482286.0,482947.0,483534.0,484178.0,484713.0,485285.0,485809.0,486322.0,486789.0,487290.0,487796.0,488322.0,488908.0,489409.0,489970.0,490473.0,490992.0,491497.0,491931.0,492394.0,492950
fMKV94jATas,,,,,,,,,,,,,,,,,,,,,,,,,,,,,,,,,,,,,,,,,,,,,,,,,,,,,,,,,,,,,,,,,,,,,,,,,,,,,,,,,,,,,,,,,,,,,,,,,,,,,,,,,,,,,,,,,,,,,,,,,,,,,,,,,,,,,,,,,,,,,,,,,,,,,,,,,,,,,,,,,,,,,,,,,10745400.0,10787477.0,10820448.0,10849622.0,10873430.0,10897365.0,10919847.0,10942865.0,10970943.0,10991170.0,11008225.0,11022261.0,11035453.0,11048170.0,11060244.0,11071510.0,11082254.0,11092821.0,11103057.0,11112723.0,11122280.0,11131100.0,11140118
fQS60PWYfBM,,,,,,,,,,,,,,,,,,,,,,,,,,,,,,,,,,,,,,,,,,,,,,,,,,,,,,,,,,,,,,,,,,,,,,,,,,,,,,,,,,,,,,,,,,,,,,,,,,,,,,,,,,,,,,,,,,,,,,,,,,,,,,,,,,,,,,,,,,,,,,,,,,,,,,,,,,,,,,,,,,,,,,,,,,484.0,710.0,836.0,935.0,1040.0,1014.0,1030.0,1028.0,1036.0,1044.0,1049.0,1051.0,1055.0,1059.0,1059.0,1066.0,1066.0,1071.0,1075.0,1075.0,1076.0,1077
2MygYBR4V6I,,,,,,,,,,,,,,,,,,,,,,,,,,,,,,,,,,,,,,,,,,,,,,,,,,,,,,,,,,,,,,,,,,,,,,,,,,,,,,,,,,,,,,,,,,,,,,,,,,,,,,,,,,,,,,,,,,,,,,,,,,,,,,,,,,,,,,,,,,,,,,,,,,,,,,,,,,,,,,,,,,,,,,,,,,83813.0,83945.0,84099.0,84237.0,84453.0,84623.0,84816.0,84974.0,85149.0,85302.0,85466.0,85681.0,85859.0,86059.0,86249.0,86390.0,86552.0,86669.0,86847.0,87068.0,87210.0,87401
PprmeyCDWEA,,,,,,,,,,,,,,,,,,,,,,,,,,,,,,,,,,,,,,,,,,,,,,,,,,,,,,,,,,,,,,,,,,,,,,,,,,,,,,,,,,,,,,,,,,,,,,,,,,,,,,,,,,,,,,,,,,,,,,,,,,,,,,,,,,,,,,,,,,,,,,,,,,,,,,,,,,,,,,,,,,,,,,,,,,108413.0,130982.0,151606.0,167763.0,187413.0,205455.0,224976.0,238284.0,260202.0,278369.0,290327.0,303767.0,311922.0,319845.0,331943.0,337975.0,346847.0,357283.0,366434.0,371687.0,379418.0,388484
z1cuWi_h-nM,,,,,,,,,,,,,,,,,,,,,,,,,,,,,,,,,,,,,,,,,,,,,,,,,,,,,,,,,,,,,,,,,,,,,,,,,,,,,,,,,,,,,,,,,,,,,,,,,,,,,,,,,,,,,,,,,,,,,,,,,,,,,,,,,,,,,,,,,,,,,,,,,,,,,,,,,,,,,,,,,,,,,,,,,,31257.0,69668.0,93956.0,113338.0,129727.0,144797.0,161397.0,193203.0,224685.0,237863.0,248192.0,261655.0,276724.0,290340.0,302482.0,313263.0,321952.0,330935.0,339709.0,347721.0,354525.0,360899
hsSTlt6Ptok,,,,,,,,,,,,,,,,,,,,,,,,,,,,,,,,,,,,,,,,,,,,,,,,,,,,,,,,,,,,,,,,,,,,,,,,,,,,,,,,,,,,,,,,,,,,,,,,,,,,,,,,,,,,,,,,,,,,,,,,,,,,,,,,,,,,,,,,,,,,,,,,,,,,,,,,,,,,,,,,,,,,,,,,,,4506.0,4797.0,5057.0,5326.0,5566.0,5766.0,6043.0,6381.0,6515.0,6621.0,6699.0,6780.0,6886.0,6980.0,7090.0,7121.0,7144.0,7177.0,7208.0,7228.0,7254.0,7283
fVgvhAsluwU,,,,,,,,,,,,,,,,,,,,,,,,,,,,,,,,,,,,,,,,,,,,,,,,,,,,,,,,,,,,,,,,,,,,,,,,,,,,,,,,,,,,,,,,,,,,,,,,,,,,,,,,,,,,,,,,,,,,,,,,,,,,,,,,,,,,,,,,,,,,,,,,,,,,,,,,,,,,,,,,,,,,,,,,,,1178.0,1228.0,1267.0,1289.0,1309.0,1322.0,1344.0,1353.0,1361.0,1369.0,1378.0,1383.0,1397.0,1401.0,1405.0,1411.0,1413.0,1416.0,1432.0,1436.0,1446.0,1452
ra3QAvxtlIU,,,,,,,,,,,,,,,,,,,,,,,,,,,,,,,,,,,,,,,,,,,,,,,,,,,,,,,,,,,,,,,,,,,,,,,,,,,,,,,,,,,,,,,,,,,,,,,,,,,,,,,,,,,,,,,,,,,,,,,,,,,,,,,,,,,,,,,,,,,,,,,,,,,,,,,,,,,,,,,,,,,,,,,,,,4848.0,4857.0,4868.0,4872.0,4881.0,4893.0,4911.0,4925.0,4945.0,4968.0,4996.0,5018.0,5050.0,5071.0,5080.0,5101.0,5117.0,5131.0,5161.0,5193.0,5206.0,5214
sLTPwHI_uXk,,,,,,,,,,,,,,,,,,,,,,,,,,,,,,,,,,,,,,,,,,,,,,,,,,,,,,,,,,,,,,,,,,,,,,,,,,,,,,,,,,,,,,,,,,,,,,,,,,,,,,,,,,,,,,,,,,,,,,,,,,,,,,,,,,,,,,,,,,,,,,,,,,,,,,,,,,,,,,,,,,,,,,,,,,16312.0,24048.0,29217.0,33033.0,35259.0,36994.0,38947.0,40946.0,42769.0,44344.0,45759.0,47174.0,48579.0,49638.0,51239.0,52738.0,54070.0,55329.0,56509.0,57506.0,58441.0,59365
O7tilmKotQA,,,,,,,,,,,,,,,,,,,,,,,,,,,,,,,,,,,,,,,,,,,,,,,,,,,,,,,,,,,,,,,,,,,,,,,,,,,,,,,,,,,,,,,,,,,,,,,,,,,,,,,,,,,,,,,,,,,,,,,,,,,,,,,,,,,,,,,,,,,,,,,,,,,,,,,,,,,,,,,,,,,,,,,,,,32320.0,44598.0,50835.0,53953.0,55877.0,57383.0,58382.0,59215.0,59791.0,60230.0,60565.0,60876.0,61187.0,61441.0,61644.0,61877.0,62079.0,62233.0,62436.0,62586.0,62747.0,62872
7aVgVS8xc6U,,,,,,,,,,,,,,,,,,,,,,,,,,,,,,,,,,,,,,,,,,,,,,,,,,,,,,,,,,,,,,,,,,,,,,,,,,,,,,,,,,,,,,,,,,,,,,,,,,,,,,,,,,,,,,,,,,,,,,,,,,,,,,,,,,,,,,,,,,,,,,,,,,,,,,,,,,,,,,,,,,,,,,,,,,681.0,951.0,1230.0,1425.0,1590.0,1785.0,6162.0,7908.0,8444.0,8789.0,9187.0,9528.0,9994.0,10385.0,10739.0,10939.0,11071.0,11268.0,11469.0,11635.0,11769.0,11905
3hZfZfubAS4,,,,,,,,,,,,,,,,,,,,,,,,,,,,,,,,,,,,,,,,,,,,,,,,,,,,,,,,,,,,,,,,,,,,,,,,,,,,,,,,,,,,,,,,,,,,,,,,,,,,,,,,,,,,,,,,,,,,,,,,,,,,,,,,,,,,,,,,,,,,,,,,,,,,,,,,,,,,,,,,,,,,,,,,,,3561.0,3689.0,3776.0,3848.0,3908.0,3989.0,4031.0,4088.0,4128.0,4169.0,4215.0,4268.0,4312.0,4352.0,4387.0,4419.0,4448.0,4475.0,4501.0,4530.0,4563.0,4603
Ut-cDAhM3zs,,,,,,,,,,,,,,,,,,,,,,,,,,,,,,,,,,,,,,,,,,,,,,,,,,,,,,,,,,,,,,,,,,,,,,,,,,,,,,,,,,,,,,,,,,,,,,,,,,,,,,,,,,,,,,,,,,,,,,,,,,,,,,,,,,,,,,,,,,,,,,,,,,,,,,,,,,,,,,,,,,,,,,,,,,29806.0,49989.0,62593.0,72726.0,80227.0,85862.0,90589.0,95768.0,99974.0,103807.0,108377.0,112786.0,116819.0,120607.0,124477.0,128103.0,131576.0,135602.0,139292.0,143090.0,147055.0,151123
aZslzAlSGYI,,,,,,,,,,,,,,,,,,,,,,,,,,,,,,,,,,,,,,,,,,,,,,,,,,,,,,,,,,,,,,,,,,,,,,,,,,,,,,,,,,,,,,,,,,,,,,,,,,,,,,,,,,,,,,,,,,,,,,,,,,,,,,,,,,,,,,,,,,,,,,,,,,,,,,,,,,,,,,,,,,,,,,,,,,,5967.0,16666.0,22771.0,25267.0,26823.0,33074.0,39666.0,46769.0,53000.0,61153.0,67595.0,72992.0,74942.0,76623.0,78314.0,79722.0,81359.0,82766.0,83992.0,85107.0,86075
9Rr8o1_Dukg,,,,,,,,,,,,,,,,,,,,,,,,,,,,,,,,,,,,,,,,,,,,,,,,,,,,,,,,,,,,,,,,,,,,,,,,,,,,,,,,,,,,,,,,,,,,,,,,,,,,,,,,,,,,,,,,,,,,,,,,,,,,,,,,,,,,,,,,,,,,,,,,,,,,,,,,,,,,,,,,,,,,,,,,,,,3692.0,3802.0,3895.0,4010.0,4097.0,4194.0,4284.0,4415.0,4526.0,4752.0,5043.0,5350.0,5797.0,6326.0,6664.0,6871.0,7020.0,7180.0,7268.0,7359.0,7436
_VaZtUU4ECk,,,,,,,,,,,,,,,,,,,,,,,,,,,,,,,,,,,,,,,,,,,,,,,,,,,,,,,,,,,,,,,,,,,,,,,,,,,,,,,,,,,,,,,,,,,,,,,,,,,,,,,,,,,,,,,,,,,,,,,,,,,,,,,,,,,,,,,,,,,,,,,,,,,,,,,,,,,,,,,,,,,,,,,,,,,658.0,662.0,666.0,667.0,667.0,667.0,668.0,668.0,673.0,673.0,680.0,686.0,693.0,704.0,709.0,712.0,713.0,714.0,715.0,717.0,717
r8ZjY9yu6NI,,,,,,,,,,,,,,,,,,,,,,,,,,,,,,,,,,,,,,,,,,,,,,,,,,,,,,,,,,,,,,,,,,,,,,,,,,,,,,,,,,,,,,,,,,,,,,,,,,,,,,,,,,,,,,,,,,,,,,,,,,,,,,,,,,,,,,,,,,,,,,,,,,,,,,,,,,,,,,,,,,,,,,,,,,,3307.0,11288.0,24841.0,28896.0,31263.0,32862.0,34439.0,35452.0,36216.0,36889.0,37503.0,37952.0,38407.0,38944.0,39475.0,39897.0,40250.0,40715.0,41098.0,41419.0,41783
GzY7Uv5ZoXk,,,,,,,,,,,,,,,,,,,,,,,,,,,,,,,,,,,,,,,,,,,,,,,,,,,,,,,,,,,,,,,,,,,,,,,,,,,,,,,,,,,,,,,,,,,,,,,,,,,,,,,,,,,,,,,,,,,,,,,,,,,,,,,,,,,,,,,,,,,,,,,,,,,,,,,,,,,,,,,,,,,,,,,,,,,12763.0,29795.0,34612.0,36786.0,38011.0,39066.0,39981.0,40694.0,41303.0,41945.0,42490.0,42894.0,43455.0,43917.0,44342.0,44723.0,45142.0,45480.0,45854.0,46151.0,46457
OmCm3G42I8A,,,,,,,,,,,,,,,,,,,,,,,,,,,,,,,,,,,,,,,,,,,,,,,,,,,,,,,,,,,,,,,,,,,,,,,,,,,,,,,,,,,,,,,,,,,,,,,,,,,,,,,,,,,,,,,,,,,,,,,,,,,,,,,,,,,,,,,,,,,,,,,,,,,,,,,,,,,,,,,,,,,,,,,,,,,34545.0,38402.0,40541.0,41684.0,43235.0,44443.0,45566.0,46640.0,47841.0,49535.0,52244.0,53054.0,53517.0,53830.0,54095.0,54297.0,54417.0,54597.0,54731.0,54829.0,54896
AIq7lPJUBJ4,,,,,,,,,,,,,,,,,,,,,,,,,,,,,,,,,,,,,,,,,,,,,,,,,,,,,,,,,,,,,,,,,,,,,,,,,,,,,,,,,,,,,,,,,,,,,,,,,,,,,,,,,,,,,,,,,,,,,,,,,,,,,,,,,,,,,,,,,,,,,,,,,,,,,,,,,,,,,,,,,,,,,,,,,,,,89705.0,672337.0,1038071.0,1055765.0,1063240.0,1068999.0,1075471.0,1082397.0,1084206.0,1085691.0,1086895.0,1088167.0,1089365.0,1090844.0,1092328.0,1093524.0,1094638.0,1095746.0,1097041.0,1098356
ZQ76YGFToRk,,,,,,,,,,,,,,,,,,,,,,,,,,,,,,,,,,,,,,,,,,,,,,,,,,,,,,,,,,,,,,,,,,,,,,,,,,,,,,,,,,,,,,,,,,,,,,,,,,,,,,,,,,,,,,,,,,,,,,,,,,,,,,,,,,,,,,,,,,,,,,,,,,,,,,,,,,,,,,,,,,,,,,,,,,,,592.0,786.0,920.0,1034.0,1160.0,1249.0,1405.0,1489.0,1577.0,1648.0,1724.0,1806.0,1863.0,1879.0,1900.0,1918.0,1934.0,1942.0,1955.0,1973
rQWJ1yShTv0,,,,,,,,,,,,,,,,,,,,,,,,,,,,,,,,,,,,,,,,,,,,,,,,,,,,,,,,,,,,,,,,,,,,,,,,,,,,,,,,,,,,,,,,,,,,,,,,,,,,,,,,,,,,,,,,,,,,,,,,,,,,,,,,,,,,,,,,,,,,,,,,,,,,,,,,,,,,,,,,,,,,,,,,,,,,1201.0,1201.0,1203.0,1206.0,1207.0,1209.0,1212.0,1213.0,1213.0,1215.0,1217.0,1220.0,1220.0,1221.0,1221.0,1221.0,1222.0,1225.0,1225.0,1226
2lljqd4u8Tg,,,,,,,,,,,,,,,,,,,,,,,,,,,,,,,,,,,,,,,,,,,,,,,,,,,,,,,,,,,,,,,,,,,,,,,,,,,,,,,,,,,,,,,,,,,,,,,,,,,,,,,,,,,,,,,,,,,,,,,,,,,,,,,,,,,,,,,,,,,,,,,,,,,,,,,,,,,,,,,,,,,,,,,,,,,,3667.0,12872.0,18478.0,21527.0,24675.0,28180.0,64069.0,67604.0,70686.0,73905.0,76464.0,77778.0,78760.0,79753.0,80588.0,81330.0,82136.0,82885.0,83652.0,84401
fSQqEMt_nDM,,,,,,,,,,,,,,,,,,,,,,,,,,,,,,,,,,,,,,,,,,,,,,,,,,,,,,,,,,,,,,,,,,,,,,,,,,,,,,,,,,,,,,,,,,,,,,,,,,,,,,,,,,,,,,,,,,,,,,,,,,,,,,,,,,,,,,,,,,,,,,,,,,,,,,,,,,,,,,,,,,,,,,,,,,,,,4174.0,12310.0,16881.0,19943.0,22286.0,24286.0,25902.0,27640.0,29193.0,30706.0,32064.0,33203.0,34296.0,35304.0,36164.0,36974.0,37602.0,38412.0,39001
fSQqEMt_nDM,,,,,,,,,,,,,,,,,,,,,,,,,,,,,,,,,,,,,,,,,,,,,,,,,,,,,,,,,,,,,,,,,,,,,,,,,,,,,,,,,,,,,,,,,,,,,,,,,,,,,,,,,,,,,,,,,,,,,,,,,,,,,,,,,,,,,,,,,,,,,,,,,,,,,,,,,,,,,,,,,,,,,,,,,,,,,4174.0,12310.0,16881.0,19943.0,22286.0,24286.0,25902.0,27640.0,29193.0,30706.0,32064.0,33203.0,34296.0,35304.0,36164.0,36974.0,37602.0,38412.0,39001
llAI08UYyAw,,,,,,,,,,,,,,,,,,,,,,,,,,,,,,,,,,,,,,,,,,,,,,,,,,,,,,,,,,,,,,,,,,,,,,,,,,,,,,,,,,,,,,,,,,,,,,,,,,,,,,,,,,,,,,,,,,,,,,,,,,,,,,,,,,,,,,,,,,,,,,,,,,,,,,,,,,,,,,,,,,,,,,,,,,,,,904363.0,2033043.0,2705976.0,3254087.0,3711921.0,4020201.0,4314238.0,4545592.0,4749069.0,4900434.0,4998359.0,5068723.0,5144042.0,5215561.0,5273837.0,5328338.0,5386278.0,5439209.0,5489161
5iQS2EyJzZo,,,,,,,,,,,,,,,,,,,,,,,,,,,,,,,,,,,,,,,,,,,,,,,,,,,,,,,,,,,,,,,,,,,,,,,,,,,,,,,,,,,,,,,,,,,,,,,,,,,,,,,,,,,,,,,,,,,,,,,,,,,,,,,,,,,,,,,,,,,,,,,,,,,,,,,,,,,,,,,,,,,,,,,,,,,,,4688.0,5593.0,6148.0,6885.0,7581.0,8588.0,9595.0,10703.0,11766.0,12638.0,12962.0,13240.0,13494.0,13716.0,13947.0,14203.0,14440.0,14627.0,14805
V_mocIysK3s,,,,,,,,,,,,,,,,,,,,,,,,,,,,,,,,,,,,,,,,,,,,,,,,,,,,,,,,,,,,,,,,,,,,,,,,,,,,,,,,,,,,,,,,,,,,,,,,,,,,,,,,,,,,,,,,,,,,,,,,,,,,,,,,,,,,,,,,,,,,,,,,,,,,,,,,,,,,,,,,,,,,,,,,,,,,,29069.0,29077.0,29082.0,29095.0,29102.0,29106.0,29114.0,29130.0,29144.0,29156.0,29166.0,29183.0,29197.0,29207.0,29216.0,29223.0,29233.0,29242.0,29250
oyd9A6uy0N8,,,,,,,,,,,,,,,,,,,,,,,,,,,,,,,,,,,,,,,,,,,,,,,,,,,,,,,,,,,,,,,,,,,,,,,,,,,,,,,,,,,,,,,,,,,,,,,,,,,,,,,,,,,,,,,,,,,,,,,,,,,,,,,,,,,,,,,,,,,,,,,,,,,,,,,,,,,,,,,,,,,,,,,,,,,,,343.0,681.0,815.0,931.0,1105.0,1273.0,1404.0,1556.0,1691.0,1822.0,1887.0,1927.0,1977.0,2029.0,2062.0,2104.0,2138.0,2183.0,2219
ISlXLW64mR8,,,,,,,,,,,,,,,,,,,,,,,,,,,,,,,,,,,,,,,,,,,,,,,,,,,,,,,,,,,,,,,,,,,,,,,,,,,,,,,,,,,,,,,,,,,,,,,,,,,,,,,,,,,,,,,,,,,,,,,,,,,,,,,,,,,,,,,,,,,,,,,,,,,,,,,,,,,,,,,,,,,,,,,,,,,,,18694.0,19097.0,19511.0,20058.0,20447.0,20936.0,21574.0,22030.0,22472.0,23030.0,23509.0,23959.0,24371.0,24740.0,25160.0,25594.0,26042.0,26421.0,26725
MYDPKB7JTZE,,,,,,,,,,,,,,,,,,,,,,,,,,,,,,,,,,,,,,,,,,,,,,,,,,,,,,,,,,,,,,,,,,,,,,,,,,,,,,,,,,,,,,,,,,,,,,,,,,,,,,,,,,,,,,,,,,,,,,,,,,,,,,,,,,,,,,,,,,,,,,,,,,,,,,,,,,,,,,,,,,,,,,,,,,,,,402711.0,403362.0,403884.0,404615.0,405289.0,405932.0,406558.0,407260.0,407888.0,408457.0,409125.0,409777.0,410303.0,410933.0,411553.0,412244.0,412781.0,413410.0,413980
Uv7LRq_R6xY,,,,,,,,,,,,,,,,,,,,,,,,,,,,,,,,,,,,,,,,,,,,,,,,,,,,,,,,,,,,,,,,,,,,,,,,,,,,,,,,,,,,,,,,,,,,,,,,,,,,,,,,,,,,,,,,,,,,,,,,,,,,,,,,,,,,,,,,,,,,,,,,,,,,,,,,,,,,,,,,,,,,,,,,,,,,,11146.0,15002.0,16601.0,17599.0,18525.0,19209.0,19795.0,20241.0,20629.0,20941.0,21215.0,21445.0,21678.0,21952.0,22146.0,22359.0,22550.0,22762.0,22913
9e0b7VXKNho,,,,,,,,,,,,,,,,,,,,,,,,,,,,,,,,,,,,,,,,,,,,,,,,,,,,,,,,,,,,,,,,,,,,,,,,,,,,,,,,,,,,,,,,,,,,,,,,,,,,,,,,,,,,,,,,,,,,,,,,,,,,,,,,,,,,,,,,,,,,,,,,,,,,,,,,,,,,,,,,,,,,,,,,,,,,,1201.0,2284.0,2927.0,3721.0,4756.0,5388.0,6001.0,6811.0,7392.0,7882.0,8196.0,8409.0,8566.0,8719.0,8896.0,9107.0,9256.0,9472.0,9635
hnDSj4mbfRE,,,,,,,,,,,,,,,,,,,,,,,,,,,,,,,,,,,,,,,,,,,,,,,,,,,,,,,,,,,,,,,,,,,,,,,,,,,,,,,,,,,,,,,,,,,,,,,,,,,,,,,,,,,,,,,,,,,,,,,,,,,,,,,,,,,,,,,,,,,,,,,,,,,,,,,,,,,,,,,,,,,,,,,,,,,,,,6209.0,11948.0,13621.0,14635.0,15186.0,15700.0,16326.0,16557.0,16658.0,16723.0,16745.0,16775.0,16813.0,16848.0,16885.0,16903.0,16927.0,16939
G07A1qmKNOU,,,,,,,,,,,,,,,,,,,,,,,,,,,,,,,,,,,,,,,,,,,,,,,,,,,,,,,,,,,,,,,,,,,,,,,,,,,,,,,,,,,,,,,,,,,,,,,,,,,,,,,,,,,,,,,,,,,,,,,,,,,,,,,,,,,,,,,,,,,,,,,,,,,,,,,,,,,,,,,,,,,,,,,,,,,,,,393.0,542.0,604.0,654.0,678.0,697.0,729.0,748.0,762.0,773.0,784.0,793.0,806.0,814.0,824.0,833.0,838.0,846
DLUIug0dA90,,,,,,,,,,,,,,,,,,,,,,,,,,,,,,,,,,,,,,,,,,,,,,,,,,,,,,,,,,,,,,,,,,,,,,,,,,,,,,,,,,,,,,,,,,,,,,,,,,,,,,,,,,,,,,,,,,,,,,,,,,,,,,,,,,,,,,,,,,,,,,,,,,,,,,,,,,,,,,,,,,,,,,,,,,,,,,903.0,15630.0,21118.0,22398.0,23106.0,23735.0,24399.0,25101.0,25724.0,26162.0,26457.0,26772.0,27134.0,27448.0,27738.0,28026.0,28284.0,28562
VvRoUfd2F_o,,,,,,,,,,,,,,,,,,,,,,,,,,,,,,,,,,,,,,,,,,,,,,,,,,,,,,,,,,,,,,,,,,,,,,,,,,,,,,,,,,,,,,,,,,,,,,,,,,,,,,,,,,,,,,,,,,,,,,,,,,,,,,,,,,,,,,,,,,,,,,,,,,,,,,,,,,,,,,,,,,,,,,,,,,,,,,867287.0,868094.0,868867.0,869791.0,870593.0,871295.0,871974.0,872803.0,873713.0,874558.0,875377.0,876139.0,876869.0,877654.0,878465.0,879208.0,879998.0,880729
GU6QSUU90M8,,,,,,,,,,,,,,,,,,,,,,,,,,,,,,,,,,,,,,,,,,,,,,,,,,,,,,,,,,,,,,,,,,,,,,,,,,,,,,,,,,,,,,,,,,,,,,,,,,,,,,,,,,,,,,,,,,,,,,,,,,,,,,,,,,,,,,,,,,,,,,,,,,,,,,,,,,,,,,,,,,,,,,,,,,,,,,1412.0,17881.0,29915.0,38962.0,53962.0,66413.0,77832.0,89830.0,102407.0,113700.0,125782.0,126096.0,126295.0,126403.0,126537.0,126686.0,126828.0,126981
I52yC34Ji2k,,,,,,,,,,,,,,,,,,,,,,,,,,,,,,,,,,,,,,,,,,,,,,,,,,,,,,,,,,,,,,,,,,,,,,,,,,,,,,,,,,,,,,,,,,,,,,,,,,,,,,,,,,,,,,,,,,,,,,,,,,,,,,,,,,,,,,,,,,,,,,,,,,,,,,,,,,,,,,,,,,,,,,,,,,,,,,,230431.0,348423.0,412734.0,463605.0,506448.0,540787.0,573830.0,603267.0,630663.0,659644.0,689025.0,716664.0,740854.0,763546.0,786882.0,809750.0,833869
WT4xbDMdVLA,,,,,,,,,,,,,,,,,,,,,,,,,,,,,,,,,,,,,,,,,,,,,,,,,,,,,,,,,,,,,,,,,,,,,,,,,,,,,,,,,,,,,,,,,,,,,,,,,,,,,,,,,,,,,,,,,,,,,,,,,,,,,,,,,,,,,,,,,,,,,,,,,,,,,,,,,,,,,,,,,,,,,,,,,,,,,,,7881.0,9196.0,12187.0,16936.0,20396.0,24553.0,27829.0,30474.0,32652.0,34551.0,36175.0,37623.0,38973.0,40167.0,41604.0,43185.0,44564
J9v7S_DjL-8,,,,,,,,,,,,,,,,,,,,,,,,,,,,,,,,,,,,,,,,,,,,,,,,,,,,,,,,,,,,,,,,,,,,,,,,,,,,,,,,,,,,,,,,,,,,,,,,,,,,,,,,,,,,,,,,,,,,,,,,,,,,,,,,,,,,,,,,,,,,,,,,,,,,,,,,,,,,,,,,,,,,,,,,,,,,,,,388.0,640.0,782.0,869.0,966.0,1067.0,1213.0,1372.0,1450.0,1576.0,1666.0,1725.0,1805.0,1851.0,1886.0,1927.0,1956
jhlSHq8b3uY,,,,,,,,,,,,,,,,,,,,,,,,,,,,,,,,,,,,,,,,,,,,,,,,,,,,,,,,,,,,,,,,,,,,,,,,,,,,,,,,,,,,,,,,,,,,,,,,,,,,,,,,,,,,,,,,,,,,,,,,,,,,,,,,,,,,,,,,,,,,,,,,,,,,,,,,,,,,,,,,,,,,,,,,,,,,,,,447151.0,448151.0,449060.0,449962.0,450651.0,451711.0,452955.0,454237.0,455659.0,456972.0,457910.0,458817.0,460045.0,461152.0,462216.0,463408.0,464581
KFtT6ml_Zjo,,,,,,,,,,,,,,,,,,,,,,,,,,,,,,,,,,,,,,,,,,,,,,,,,,,,,,,,,,,,,,,,,,,,,,,,,,,,,,,,,,,,,,,,,,,,,,,,,,,,,,,,,,,,,,,,,,,,,,,,,,,,,,,,,,,,,,,,,,,,,,,,,,,,,,,,,,,,,,,,,,,,,,,,,,,,,,,,17573.0,60997.0,81080.0,95653.0,114817.0,132795.0,149525.0,163613.0,175497.0,184852.0,191690.0,199892.0,208774.0,216677.0,223927.0,231804
w4lXeVo2kcU,,,,,,,,,,,,,,,,,,,,,,,,,,,,,,,,,,,,,,,,,,,,,,,,,,,,,,,,,,,,,,,,,,,,,,,,,,,,,,,,,,,,,,,,,,,,,,,,,,,,,,,,,,,,,,,,,,,,,,,,,,,,,,,,,,,,,,,,,,,,,,,,,,,,,,,,,,,,,,,,,,,,,,,,,,,,,,,,267.0,1887.0,3595.0,5068.0,6647.0,8322.0,9868.0,11498.0,12423.0,12631.0,12808.0,12974.0,13150.0,13270.0,13393.0,13507
BrbYk3JYzTo,,,,,,,,,,,,,,,,,,,,,,,,,,,,,,,,,,,,,,,,,,,,,,,,,,,,,,,,,,,,,,,,,,,,,,,,,,,,,,,,,,,,,,,,,,,,,,,,,,,,,,,,,,,,,,,,,,,,,,,,,,,,,,,,,,,,,,,,,,,,,,,,,,,,,,,,,,,,,,,,,,,,,,,,,,,,,,,,7315.0,17817.0,25348.0,30431.0,37255.0,46122.0,54010.0,61630.0,66916.0,71151.0,75022.0,79510.0,83439.0,86838.0,90356.0,93676
EDsPdz_qvhI,,,,,,,,,,,,,,,,,,,,,,,,,,,,,,,,,,,,,,,,,,,,,,,,,,,,,,,,,,,,,,,,,,,,,,,,,,,,,,,,,,,,,,,,,,,,,,,,,,,,,,,,,,,,,,,,,,,,,,,,,,,,,,,,,,,,,,,,,,,,,,,,,,,,,,,,,,,,,,,,,,,,,,,,,,,,,,,,3852.0,21237.0,30101.0,38314.0,50176.0,66529.0,84270.0,104904.0,119115.0,128287.0,134850.0,144358.0,153738.0,160687.0,166148.0,171176
xCWvXTvqxEk,,,,,,,,,,,,,,,,,,,,,,,,,,,,,,,,,,,,,,,,,,,,,,,,,,,,,,,,,,,,,,,,,,,,,,,,,,,,,,,,,,,,,,,,,,,,,,,,,,,,,,,,,,,,,,,,,,,,,,,,,,,,,,,,,,,,,,,,,,,,,,,,,,,,,,,,,,,,,,,,,,,,,,,,,,,,,,,,14814.0,35464.0,48166.0,57678.0,68390.0,77466.0,84273.0,90162.0,96211.0,101513.0,105850.0,110625.0,115072.0,119129.0,122721.0,127140
kXO_WSNNM-M,,,,,,,,,,,,,,,,,,,,,,,,,,,,,,,,,,,,,,,,,,,,,,,,,,,,,,,,,,,,,,,,,,,,,,,,,,,,,,,,,,,,,,,,,,,,,,,,,,,,,,,,,,,,,,,,,,,,,,,,,,,,,,,,,,,,,,,,,,,,,,,,,,,,,,,,,,,,,,,,,,,,,,,,,,,,,,,,519.0,585.0,642.0,679.0,739.0,784.0,834.0,869.0,898.0,920.0,932.0,960.0,981.0,993.0,1006.0,1013
Nodm50vYA3Q,,,,,,,,,,,,,,,,,,,,,,,,,,,,,,,,,,,,,,,,,,,,,,,,,,,,,,,,,,,,,,,,,,,,,,,,,,,,,,,,,,,,,,,,,,,,,,,,,,,,,,,,,,,,,,,,,,,,,,,,,,,,,,,,,,,,,,,,,,,,,,,,,,,,,,,,,,,,,,,,,,,,,,,,,,,,,,,,2738.0,3662.0,4265.0,4846.0,5354.0,5850.0,6938.0,8140.0,8504.0,8875.0,9220.0,9647.0,10035.0,10433.0,10779.0,11088
H2cTtZxG79s,,,,,,,,,,,,,,,,,,,,,,,,,,,,,,,,,,,,,,,,,,,,,,,,,,,,,,,,,,,,,,,,,,,,,,,,,,,,,,,,,,,,,,,,,,,,,,,,,,,,,,,,,,,,,,,,,,,,,,,,,,,,,,,,,,,,,,,,,,,,,,,,,,,,,,,,,,,,,,,,,,,,,,,,,,,,,,,,,5357.0,10140.0,12184.0,13468.0,14578.0,15550.0,16524.0,16999.0,17254.0,17421.0,17607.0,17693.0,17790.0,17846.0,17892
bY6_nKTJplA,,,,,,,,,,,,,,,,,,,,,,,,,,,,,,,,,,,,,,,,,,,,,,,,,,,,,,,,,,,,,,,,,,,,,,,,,,,,,,,,,,,,,,,,,,,,,,,,,,,,,,,,,,,,,,,,,,,,,,,,,,,,,,,,,,,,,,,,,,,,,,,,,,,,,,,,,,,,,,,,,,,,,,,,,,,,,,,,,157383.0,283650.0,331090.0,362615.0,386293.0,410530.0,430399.0,450074.0,465551.0,478142.0,490600.0,501921.0,511341.0,519065.0,526340
jMg9JR9RbGk,,,,,,,,,,,,,,,,,,,,,,,,,,,,,,,,,,,,,,,,,,,,,,,,,,,,,,,,,,,,,,,,,,,,,,,,,,,,,,,,,,,,,,,,,,,,,,,,,,,,,,,,,,,,,,,,,,,,,,,,,,,,,,,,,,,,,,,,,,,,,,,,,,,,,,,,,,,,,,,,,,,,,,,,,,,,,,,,,3984.0,4710.0,5179.0,6023.0,6972.0,8134.0,9884.0,11272.0,12203.0,12861.0,14483.0,15563.0,16402.0,17148.0,18049
kSuQmYIHX6g,,,,,,,,,,,,,,,,,,,,,,,,,,,,,,,,,,,,,,,,,,,,,,,,,,,,,,,,,,,,,,,,,,,,,,,,,,,,,,,,,,,,,,,,,,,,,,,,,,,,,,,,,,,,,,,,,,,,,,,,,,,,,,,,,,,,,,,,,,,,,,,,,,,,,,,,,,,,,,,,,,,,,,,,,,,,,,,,,3251.0,3774.0,4509.0,5299.0,6071.0,6718.0,7248.0,7729.0,8136.0,8607.0,8995.0,9305.0,9619.0,9913.0,10228
08_b7I0XqXg,,,,,,,,,,,,,,,,,,,,,,,,,,,,,,,,,,,,,,,,,,,,,,,,,,,,,,,,,,,,,,,,,,,,,,,,,,,,,,,,,,,,,,,,,,,,,,,,,,,,,,,,,,,,,,,,,,,,,,,,,,,,,,,,,,,,,,,,,,,,,,,,,,,,,,,,,,,,,,,,,,,,,,,,,,,,,,,,,335.0,498.0,570.0,652.0,692.0,717.0,751.0,777.0,784.0,792.0,796.0,801.0,807.0,817.0,821
C8iZn0BxMiI,,,,,,,,,,,,,,,,,,,,,,,,,,,,,,,,,,,,,,,,,,,,,,,,,,,,,,,,,,,,,,,,,,,,,,,,,,,,,,,,,,,,,,,,,,,,,,,,,,,,,,,,,,,,,,,,,,,,,,,,,,,,,,,,,,,,,,,,,,,,,,,,,,,,,,,,,,,,,,,,,,,,,,,,,,,,,,,,,,2536.0,2553.0,2576.0,2595.0,2614.0,2635.0,2646.0,2662.0,2664.0,2681.0,2687.0,2709.0,2733.0,2753
UYZgK6y4slo,,,,,,,,,,,,,,,,,,,,,,,,,,,,,,,,,,,,,,,,,,,,,,,,,,,,,,,,,,,,,,,,,,,,,,,,,,,,,,,,,,,,,,,,,,,,,,,,,,,,,,,,,,,,,,,,,,,,,,,,,,,,,,,,,,,,,,,,,,,,,,,,,,,,,,,,,,,,,,,,,,,,,,,,,,,,,,,,,,3681.0,7886.0,25651.0,74969.0,166674.0,287902.0,353884.0,374358.0,391478.0,392164.0,392845.0,393469.0,394033.0,394606
TFYz2SiTB2s,,,,,,,,,,,,,,,,,,,,,,,,,,,,,,,,,,,,,,,,,,,,,,,,,,,,,,,,,,,,,,,,,,,,,,,,,,,,,,,,,,,,,,,,,,,,,,,,,,,,,,,,,,,,,,,,,,,,,,,,,,,,,,,,,,,,,,,,,,,,,,,,,,,,,,,,,,,,,,,,,,,,,,,,,,,,,,,,,,931.0,1401.0,1809.0,2202.0,2970.0,5208.0,8738.0,10797.0,11227.0,11644.0,12096.0,12430.0,12739.0,13038
wmYI0w_Lg4o,,,,,,,,,,,,,,,,,,,,,,,,,,,,,,,,,,,,,,,,,,,,,,,,,,,,,,,,,,,,,,,,,,,,,,,,,,,,,,,,,,,,,,,,,,,,,,,,,,,,,,,,,,,,,,,,,,,,,,,,,,,,,,,,,,,,,,,,,,,,,,,,,,,,,,,,,,,,,,,,,,,,,,,,,,,,,,,,,,9072.0,11982.0,14931.0,19882.0,24458.0,27709.0,30611.0,32891.0,34657.0,37286.0,39998.0,42357.0,44439.0,46291
DdGXfZaSpwY,,,,,,,,,,,,,,,,,,,,,,,,,,,,,,,,,,,,,,,,,,,,,,,,,,,,,,,,,,,,,,,,,,,,,,,,,,,,,,,,,,,,,,,,,,,,,,,,,,,,,,,,,,,,,,,,,,,,,,,,,,,,,,,,,,,,,,,,,,,,,,,,,,,,,,,,,,,,,,,,,,,,,,,,,,,,,,,,,,18652.0,23650.0,300847.0,1060195.0,2331454.0,3978321.0,5303363.0,7048581.0,8503700.0,8585899.0,8820078.0,9053545.0,9263802.0,9427757
GX0RNaYptr8,,,,,,,,,,,,,,,,,,,,,,,,,,,,,,,,,,,,,,,,,,,,,,,,,,,,,,,,,,,,,,,,,,,,,,,,,,,,,,,,,,,,,,,,,,,,,,,,,,,,,,,,,,,,,,,,,,,,,,,,,,,,,,,,,,,,,,,,,,,,,,,,,,,,,,,,,,,,,,,,,,,,,,,,,,,,,,,,,,,2672.0,5474.0,6761.0,7621.0,8284.0,8765.0,9196.0,9518.0,9807.0,10131.0,10386.0,10613.0,10889
hj1a5M68neY,,,,,,,,,,,,,,,,,,,,,,,,,,,,,,,,,,,,,,,,,,,,,,,,,,,,,,,,,,,,,,,,,,,,,,,,,,,,,,,,,,,,,,,,,,,,,,,,,,,,,,,,,,,,,,,,,,,,,,,,,,,,,,,,,,,,,,,,,,,,,,,,,,,,,,,,,,,,,,,,,,,,,,,,,,,,,,,,,,,3108.0,8260.0,12398.0,15887.0,25539.0,35905.0,42004.0,47019.0,56077.0,66080.0,70513.0,74082.0,78580
I1TKkiZCXFU,,,,,,,,,,,,,,,,,,,,,,,,,,,,,,,,,,,,,,,,,,,,,,,,,,,,,,,,,,,,,,,,,,,,,,,,,,,,,,,,,,,,,,,,,,,,,,,,,,,,,,,,,,,,,,,,,,,,,,,,,,,,,,,,,,,,,,,,,,,,,,,,,,,,,,,,,,,,,,,,,,,,,,,,,,,,,,,,,,,,208598.0,242166.0,260515.0,266422.0,269691.0,272800.0,274907.0,276520.0,277640.0,278616.0,279609.0,280396
u-mLBZBlCjY,,,,,,,,,,,,,,,,,,,,,,,,,,,,,,,,,,,,,,,,,,,,,,,,,,,,,,,,,,,,,,,,,,,,,,,,,,,,,,,,,,,,,,,,,,,,,,,,,,,,,,,,,,,,,,,,,,,,,,,,,,,,,,,,,,,,,,,,,,,,,,,,,,,,,,,,,,,,,,,,,,,,,,,,,,,,,,,,,,,,699322.0,703099.0,706652.0,710095.0,713172.0,717004.0,720731.0,724222.0,727417.0,730695.0,734076.0,737289
BG0vKZOsDiA,,,,,,,,,,,,,,,,,,,,,,,,,,,,,,,,,,,,,,,,,,,,,,,,,,,,,,,,,,,,,,,,,,,,,,,,,,,,,,,,,,,,,,,,,,,,,,,,,,,,,,,,,,,,,,,,,,,,,,,,,,,,,,,,,,,,,,,,,,,,,,,,,,,,,,,,,,,,,,,,,,,,,,,,,,,,,,,,,,,,116.0,125.0,142.0,152.0,154.0,158.0,170.0,178.0,184.0,192.0,196.0,200
h7csji8zGlk,,,,,,,,,,,,,,,,,,,,,,,,,,,,,,,,,,,,,,,,,,,,,,,,,,,,,,,,,,,,,,,,,,,,,,,,,,,,,,,,,,,,,,,,,,,,,,,,,,,,,,,,,,,,,,,,,,,,,,,,,,,,,,,,,,,,,,,,,,,,,,,,,,,,,,,,,,,,,,,,,,,,,,,,,,,,,,,,,,,,2036.0,2069.0,2115.0,2157.0,2205.0,2247.0,2296.0,2327.0,2358.0,2393.0,2408.0,2444
5iTdfMbb7Do,,,,,,,,,,,,,,,,,,,,,,,,,,,,,,,,,,,,,,,,,,,,,,,,,,,,,,,,,,,,,,,,,,,,,,,,,,,,,,,,,,,,,,,,,,,,,,,,,,,,,,,,,,,,,,,,,,,,,,,,,,,,,,,,,,,,,,,,,,,,,,,,,,,,,,,,,,,,,,,,,,,,,,,,,,,,,,,,,,,,2566.0,2615.0,2647.0,2701.0,2770.0,2849.0,2928.0,2965.0,3013.0,3044.0,3081.0,3119
aqd1ghxEnCw,,,,,,,,,,,,,,,,,,,,,,,,,,,,,,,,,,,,,,,,,,,,,,,,,,,,,,,,,,,,,,,,,,,,,,,,,,,,,,,,,,,,,,,,,,,,,,,,,,,,,,,,,,,,,,,,,,,,,,,,,,,,,,,,,,,,,,,,,,,,,,,,,,,,,,,,,,,,,,,,,,,,,,,,,,,,,,,,,,,,554.0,1146.0,1338.0,1469.0,1540.0,1595.0,1628.0,1674.0,1694.0,1722.0,1748.0,1764
5CRdUV1Dhx0,,,,,,,,,,,,,,,,,,,,,,,,,,,,,,,,,,,,,,,,,,,,,,,,,,,,,,,,,,,,,,,,,,,,,,,,,,,,,,,,,,,,,,,,,,,,,,,,,,,,,,,,,,,,,,,,,,,,,,,,,,,,,,,,,,,,,,,,,,,,,,,,,,,,,,,,,,,,,,,,,,,,,,,,,,,,,,,,,,,,,,21516.0,24127.0,26397.0,28410.0,29812.0,31428.0,33132.0,34893.0,36328.0,37712
R5-pigdGR2M,,,,,,,,,,,,,,,,,,,,,,,,,,,,,,,,,,,,,,,,,,,,,,,,,,,,,,,,,,,,,,,,,,,,,,,,,,,,,,,,,,,,,,,,,,,,,,,,,,,,,,,,,,,,,,,,,,,,,,,,,,,,,,,,,,,,,,,,,,,,,,,,,,,,,,,,,,,,,,,,,,,,,,,,,,,,,,,,,,,,,,10925.0,10929.0,10941.0,10947.0,10955.0,10961.0,10969.0,10976.0,10982.0,10989
DALbBT9OIyc,,,,,,,,,,,,,,,,,,,,,,,,,,,,,,,,,,,,,,,,,,,,,,,,,,,,,,,,,,,,,,,,,,,,,,,,,,,,,,,,,,,,,,,,,,,,,,,,,,,,,,,,,,,,,,,,,,,,,,,,,,,,,,,,,,,,,,,,,,,,,,,,,,,,,,,,,,,,,,,,,,,,,,,,,,,,,,,,,,,,,,81176.0,81203.0,81233.0,81255.0,81270.0,81287.0,81321.0,81341.0,81367.0,81397
DALbBT9OIyc,,,,,,,,,,,,,,,,,,,,,,,,,,,,,,,,,,,,,,,,,,,,,,,,,,,,,,,,,,,,,,,,,,,,,,,,,,,,,,,,,,,,,,,,,,,,,,,,,,,,,,,,,,,,,,,,,,,,,,,,,,,,,,,,,,,,,,,,,,,,,,,,,,,,,,,,,,,,,,,,,,,,,,,,,,,,,,,,,,,,,,81176.0,81204.0,81233.0,81255.0,81270.0,81290.0,81321.0,81341.0,81368.0,81396
w4nfe4d_xoM,,,,,,,,,,,,,,,,,,,,,,,,,,,,,,,,,,,,,,,,,,,,,,,,,,,,,,,,,,,,,,,,,,,,,,,,,,,,,,,,,,,,,,,,,,,,,,,,,,,,,,,,,,,,,,,,,,,,,,,,,,,,,,,,,,,,,,,,,,,,,,,,,,,,,,,,,,,,,,,,,,,,,,,,,,,,,,,,,,,,,,16676.0,16693.0,16704.0,16712.0,16734.0,16745.0,16760.0,16774.0,16789.0,16817
4BShcCNXYQk,,,,,,,,,,,,,,,,,,,,,,,,,,,,,,,,,,,,,,,,,,,,,,,,,,,,,,,,,,,,,,,,,,,,,,,,,,,,,,,,,,,,,,,,,,,,,,,,,,,,,,,,,,,,,,,,,,,,,,,,,,,,,,,,,,,,,,,,,,,,,,,,,,,,,,,,,,,,,,,,,,,,,,,,,,,,,,,,,,,,,,14544.0,15118.0,15589.0,15932.0,16174.0,16357.0,16550.0,16758.0,16940.0,17160
1IiEv3ZF8LA,,,,,,,,,,,,,,,,,,,,,,,,,,,,,,,,,,,,,,,,,,,,,,,,,,,,,,,,,,,,,,,,,,,,,,,,,,,,,,,,,,,,,,,,,,,,,,,,,,,,,,,,,,,,,,,,,,,,,,,,,,,,,,,,,,,,,,,,,,,,,,,,,,,,,,,,,,,,,,,,,,,,,,,,,,,,,,,,,,,,,,1162.0,2113.0,3001.0,5395.0,6218.0,9072.0,11076.0,11896.0,12426.0,12907
Z-nw7aH9QOw,,,,,,,,,,,,,,,,,,,,,,,,,,,,,,,,,,,,,,,,,,,,,,,,,,,,,,,,,,,,,,,,,,,,,,,,,,,,,,,,,,,,,,,,,,,,,,,,,,,,,,,,,,,,,,,,,,,,,,,,,,,,,,,,,,,,,,,,,,,,,,,,,,,,,,,,,,,,,,,,,,,,,,,,,,,,,,,,,,,,,,,2.0,2.0,3.0,4.0,4.0,4.0,4.0,5.0,5
v9IBQLZoLkw,,,,,,,,,,,,,,,,,,,,,,,,,,,,,,,,,,,,,,,,,,,,,,,,,,,,,,,,,,,,,,,,,,,,,,,,,,,,,,,,,,,,,,,,,,,,,,,,,,,,,,,,,,,,,,,,,,,,,,,,,,,,,,,,,,,,,,,,,,,,,,,,,,,,,,,,,,,,,,,,,,,,,,,,,,,,,,,,,,,,,,,1.0,1.0,1.0,2.0,2.0,3.0,3.0,4.0,4
Z-nw7aH9QOw,,,,,,,,,,,,,,,,,,,,,,,,,,,,,,,,,,,,,,,,,,,,,,,,,,,,,,,,,,,,,,,,,,,,,,,,,,,,,,,,,,,,,,,,,,,,,,,,,,,,,,,,,,,,,,,,,,,,,,,,,,,,,,,,,,,,,,,,,,,,,,,,,,,,,,,,,,,,,,,,,,,,,,,,,,,,,,,,,,,,,,,2.0,2.0,3.0,4.0,4.0,4.0,4.0,5.0,5
12of2vUW-lM,,,,,,,,,,,,,,,,,,,,,,,,,,,,,,,,,,,,,,,,,,,,,,,,,,,,,,,,,,,,,,,,,,,,,,,,,,,,,,,,,,,,,,,,,,,,,,,,,,,,,,,,,,,,,,,,,,,,,,,,,,,,,,,,,,,,,,,,,,,,,,,,,,,,,,,,,,,,,,,,,,,,,,,,,,,,,,,,,,,,,,,4.0,4.0,4.0,5.0,5.0,5.0,6.0,10.0,12
2AfXCVrEo4s,,,,,,,,,,,,,,,,,,,,,,,,,,,,,,,,,,,,,,,,,,,,,,,,,,,,,,,,,,,,,,,,,,,,,,,,,,,,,,,,,,,,,,,,,,,,,,,,,,,,,,,,,,,,,,,,,,,,,,,,,,,,,,,,,,,,,,,,,,,,,,,,,,,,,,,,,,,,,,,,,,,,,,,,,,,,,,,,,,,,,,,13.0,13.0,14.0,15.0,15.0,15.0,15.0,17.0,18
YRCu3ZeJK1A,,,,,,,,,,,,,,,,,,,,,,,,,,,,,,,,,,,,,,,,,,,,,,,,,,,,,,,,,,,,,,,,,,,,,,,,,,,,,,,,,,,,,,,,,,,,,,,,,,,,,,,,,,,,,,,,,,,,,,,,,,,,,,,,,,,,,,,,,,,,,,,,,,,,,,,,,,,,,,,,,,,,,,,,,,,,,,,,,,,,,,,12.0,14.0,18.0,19.0,19.0,20.0,20.0,21.0,22
Y4bWk1T5Ei0,,,,,,,,,,,,,,,,,,,,,,,,,,,,,,,,,,,,,,,,,,,,,,,,,,,,,,,,,,,,,,,,,,,,,,,,,,,,,,,,,,,,,,,,,,,,,,,,,,,,,,,,,,,,,,,,,,,,,,,,,,,,,,,,,,,,,,,,,,,,,,,,,,,,,,,,,,,,,,,,,,,,,,,,,,,,,,,,,,,,,,,,3383656.0,3486909.0,3580557.0,3685280.0,3784113.0,3876390.0,3966275.0,4057260
1e_QdPNEZsI,,,,,,,,,,,,,,,,,,,,,,,,,,,,,,,,,,,,,,,,,,,,,,,,,,,,,,,,,,,,,,,,,,,,,,,,,,,,,,,,,,,,,,,,,,,,,,,,,,,,,,,,,,,,,,,,,,,,,,,,,,,,,,,,,,,,,,,,,,,,,,,,,,,,,,,,,,,,,,,,,,,,,,,,,,,,,,,,,,,,,,,,13017.0,13048.0,13077.0,13128.0,13186.0,13233.0,13282.0,13329
4hNntZTDNgY,,,,,,,,,,,,,,,,,,,,,,,,,,,,,,,,,,,,,,,,,,,,,,,,,,,,,,,,,,,,,,,,,,,,,,,,,,,,,,,,,,,,,,,,,,,,,,,,,,,,,,,,,,,,,,,,,,,,,,,,,,,,,,,,,,,,,,,,,,,,,,,,,,,,,,,,,,,,,,,,,,,,,,,,,,,,,,,,,,,,,,,,15765.0,15810.0,15845.0,15900.0,15958.0,16011.0,16064.0,16128
kE5lIjuidVM,,,,,,,,,,,,,,,,,,,,,,,,,,,,,,,,,,,,,,,,,,,,,,,,,,,,,,,,,,,,,,,,,,,,,,,,,,,,,,,,,,,,,,,,,,,,,,,,,,,,,,,,,,,,,,,,,,,,,,,,,,,,,,,,,,,,,,,,,,,,,,,,,,,,,,,,,,,,,,,,,,,,,,,,,,,,,,,,,,,,,,,,3506.0,3516.0,3526.0,3535.0,3553.0,3565.0,3589.0,3607
kJ33ZQ2VQyE,,,,,,,,,,,,,,,,,,,,,,,,,,,,,,,,,,,,,,,,,,,,,,,,,,,,,,,,,,,,,,,,,,,,,,,,,,,,,,,,,,,,,,,,,,,,,,,,,,,,,,,,,,,,,,,,,,,,,,,,,,,,,,,,,,,,,,,,,,,,,,,,,,,,,,,,,,,,,,,,,,,,,,,,,,,,,,,,,,,,,,,,3369.0,10899.0,16022.0,25267.0,34542.0,43333.0,52139.0,60732
8nFls-i3R44,,,,,,,,,,,,,,,,,,,,,,,,,,,,,,,,,,,,,,,,,,,,,,,,,,,,,,,,,,,,,,,,,,,,,,,,,,,,,,,,,,,,,,,,,,,,,,,,,,,,,,,,,,,,,,,,,,,,,,,,,,,,,,,,,,,,,,,,,,,,,,,,,,,,,,,,,,,,,,,,,,,,,,,,,,,,,,,,,,,,,,,,4375.0,5884.0,6696.0,7537.0,8476.0,10024.0,12818.0,16095
coEm9SFRFCM,,,,,,,,,,,,,,,,,,,,,,,,,,,,,,,,,,,,,,,,,,,,,,,,,,,,,,,,,,,,,,,,,,,,,,,,,,,,,,,,,,,,,,,,,,,,,,,,,,,,,,,,,,,,,,,,,,,,,,,,,,,,,,,,,,,,,,,,,,,,,,,,,,,,,,,,,,,,,,,,,,,,,,,,,,,,,,,,,,,,,,,,32247.0,58230.0,82014.0,102654.0,114893.0,124053.0,131788.0,138434
V0ZsEhug-H8,,,,,,,,,,,,,,,,,,,,,,,,,,,,,,,,,,,,,,,,,,,,,,,,,,,,,,,,,,,,,,,,,,,,,,,,,,,,,,,,,,,,,,,,,,,,,,,,,,,,,,,,,,,,,,,,,,,,,,,,,,,,,,,,,,,,,,,,,,,,,,,,,,,,,,,,,,,,,,,,,,,,,,,,,,,,,,,,,,,,,,,,1329.0,3193.0,4096.0,4833.0,5324.0,5891.0,6208.0,6704
7mdibUhWots,,,,,,,,,,,,,,,,,,,,,,,,,,,,,,,,,,,,,,,,,,,,,,,,,,,,,,,,,,,,,,,,,,,,,,,,,,,,,,,,,,,,,,,,,,,,,,,,,,,,,,,,,,,,,,,,,,,,,,,,,,,,,,,,,,,,,,,,,,,,,,,,,,,,,,,,,,,,,,,,,,,,,,,,,,,,,,,,,,,,,,,,813.0,821.0,823.0,827.0,837.0,837.0,840.0,849
Dim9DS4B1lw,,,,,,,,,,,,,,,,,,,,,,,,,,,,,,,,,,,,,,,,,,,,,,,,,,,,,,,,,,,,,,,,,,,,,,,,,,,,,,,,,,,,,,,,,,,,,,,,,,,,,,,,,,,,,,,,,,,,,,,,,,,,,,,,,,,,,,,,,,,,,,,,,,,,,,,,,,,,,,,,,,,,,,,,,,,,,,,,,,,,,,,,2706.0,2763.0,2811.0,2867.0,2924.0,2987.0,3026.0,3091
fssR3stdQBQ,,,,,,,,,,,,,,,,,,,,,,,,,,,,,,,,,,,,,,,,,,,,,,,,,,,,,,,,,,,,,,,,,,,,,,,,,,,,,,,,,,,,,,,,,,,,,,,,,,,,,,,,,,,,,,,,,,,,,,,,,,,,,,,,,,,,,,,,,,,,,,,,,,,,,,,,,,,,,,,,,,,,,,,,,,,,,,,,,,,,,,,,,4041.0,4916.0,6142.0,7322.0,8522.0,9353.0,10101
HqbWJesMOi4,,,,,,,,,,,,,,,,,,,,,,,,,,,,,,,,,,,,,,,,,,,,,,,,,,,,,,,,,,,,,,,,,,,,,,,,,,,,,,,,,,,,,,,,,,,,,,,,,,,,,,,,,,,,,,,,,,,,,,,,,,,,,,,,,,,,,,,,,,,,,,,,,,,,,,,,,,,,,,,,,,,,,,,,,,,,,,,,,,,,,,,,,8267.0,9629.0,10893.0,12679.0,14028.0,14715.0,15047
GiOhf3AuwvM,,,,,,,,,,,,,,,,,,,,,,,,,,,,,,,,,,,,,,,,,,,,,,,,,,,,,,,,,,,,,,,,,,,,,,,,,,,,,,,,,,,,,,,,,,,,,,,,,,,,,,,,,,,,,,,,,,,,,,,,,,,,,,,,,,,,,,,,,,,,,,,,,,,,,,,,,,,,,,,,,,,,,,,,,,,,,,,,,,,,,,,,,101549.0,123816.0,160584.0,193571.0,220772.0,237673.0,253036
QgHuG-A4dNg,,,,,,,,,,,,,,,,,,,,,,,,,,,,,,,,,,,,,,,,,,,,,,,,,,,,,,,,,,,,,,,,,,,,,,,,,,,,,,,,,,,,,,,,,,,,,,,,,,,,,,,,,,,,,,,,,,,,,,,,,,,,,,,,,,,,,,,,,,,,,,,,,,,,,,,,,,,,,,,,,,,,,,,,,,,,,,,,,,,,,,,,,6912.0,7349.0,7859.0,8297.0,8797.0,9197.0,9579
acMwP0F97bY,,,,,,,,,,,,,,,,,,,,,,,,,,,,,,,,,,,,,,,,,,,,,,,,,,,,,,,,,,,,,,,,,,,,,,,,,,,,,,,,,,,,,,,,,,,,,,,,,,,,,,,,,,,,,,,,,,,,,,,,,,,,,,,,,,,,,,,,,,,,,,,,,,,,,,,,,,,,,,,,,,,,,,,,,,,,,,,,,,,,,,,,,5552.0,5963.0,6461.0,6896.0,7268.0,7683.0,7998
k6WRcccXJDw,,,,,,,,,,,,,,,,,,,,,,,,,,,,,,,,,,,,,,,,,,,,,,,,,,,,,,,,,,,,,,,,,,,,,,,,,,,,,,,,,,,,,,,,,,,,,,,,,,,,,,,,,,,,,,,,,,,,,,,,,,,,,,,,,,,,,,,,,,,,,,,,,,,,,,,,,,,,,,,,,,,,,,,,,,,,,,,,,,,,,,,,,2491.0,3647.0,4328.0,5748.0,8072.0,10048.0,11955
QklbPYcztJ4,,,,,,,,,,,,,,,,,,,,,,,,,,,,,,,,,,,,,,,,,,,,,,,,,,,,,,,,,,,,,,,,,,,,,,,,,,,,,,,,,,,,,,,,,,,,,,,,,,,,,,,,,,,,,,,,,,,,,,,,,,,,,,,,,,,,,,,,,,,,,,,,,,,,,,,,,,,,,,,,,,,,,,,,,,,,,,,,,,,,,,,,,506983.0,508415.0,509791.0,510986.0,512166.0,513377.0,514640
d1t5bxYNdhA,,,,,,,,,,,,,,,,,,,,,,,,,,,,,,,,,,,,,,,,,,,,,,,,,,,,,,,,,,,,,,,,,,,,,,,,,,,,,,,,,,,,,,,,,,,,,,,,,,,,,,,,,,,,,,,,,,,,,,,,,,,,,,,,,,,,,,,,,,,,,,,,,,,,,,,,,,,,,,,,,,,,,,,,,,,,,,,,,,,,,,,,,137116.0,137402.0,137636.0,137872.0,138142.0,138403.0,138700
HjsyPgCO5Vk,,,,,,,,,,,,,,,,,,,,,,,,,,,,,,,,,,,,,,,,,,,,,,,,,,,,,,,,,,,,,,,,,,,,,,,,,,,,,,,,,,,,,,,,,,,,,,,,,,,,,,,,,,,,,,,,,,,,,,,,,,,,,,,,,,,,,,,,,,,,,,,,,,,,,,,,,,,,,,,,,,,,,,,,,,,,,,,,,,,,,,,,,2388021.0,3115553.0,3188957.0,4552426.0,4868787.0,4939613.0,4956140
ggvBiav1vmk,,,,,,,,,,,,,,,,,,,,,,,,,,,,,,,,,,,,,,,,,,,,,,,,,,,,,,,,,,,,,,,,,,,,,,,,,,,,,,,,,,,,,,,,,,,,,,,,,,,,,,,,,,,,,,,,,,,,,,,,,,,,,,,,,,,,,,,,,,,,,,,,,,,,,,,,,,,,,,,,,,,,,,,,,,,,,,,,,,,,,,,,,12159.0,17019.0,21246.0,25944.0,31077.0,32391.0,33651
Xw28rOq-e6w,,,,,,,,,,,,,,,,,,,,,,,,,,,,,,,,,,,,,,,,,,,,,,,,,,,,,,,,,,,,,,,,,,,,,,,,,,,,,,,,,,,,,,,,,,,,,,,,,,,,,,,,,,,,,,,,,,,,,,,,,,,,,,,,,,,,,,,,,,,,,,,,,,,,,,,,,,,,,,,,,,,,,,,,,,,,,,,,,,,,,,,,,51745.0,51808.0,51890.0,51993.0,52063.0,52139.0,52216
8wxwKw_QGxE,,,,,,,,,,,,,,,,,,,,,,,,,,,,,,,,,,,,,,,,,,,,,,,,,,,,,,,,,,,,,,,,,,,,,,,,,,,,,,,,,,,,,,,,,,,,,,,,,,,,,,,,,,,,,,,,,,,,,,,,,,,,,,,,,,,,,,,,,,,,,,,,,,,,,,,,,,,,,,,,,,,,,,,,,,,,,,,,,,,,,,,,,331988.0,332514.0,333276.0,333937.0,334545.0,335183.0,335875
WYAKIKEyvF4,,,,,,,,,,,,,,,,,,,,,,,,,,,,,,,,,,,,,,,,,,,,,,,,,,,,,,,,,,,,,,,,,,,,,,,,,,,,,,,,,,,,,,,,,,,,,,,,,,,,,,,,,,,,,,,,,,,,,,,,,,,,,,,,,,,,,,,,,,,,,,,,,,,,,,,,,,,,,,,,,,,,,,,,,,,,,,,,,,,,,,,,,5944.0,10785.0,13524.0,15560.0,16690.0,17904.0,19387
gzCLtPEF-9o,,,,,,,,,,,,,,,,,,,,,,,,,,,,,,,,,,,,,,,,,,,,,,,,,,,,,,,,,,,,,,,,,,,,,,,,,,,,,,,,,,,,,,,,,,,,,,,,,,,,,,,,,,,,,,,,,,,,,,,,,,,,,,,,,,,,,,,,,,,,,,,,,,,,,,,,,,,,,,,,,,,,,,,,,,,,,,,,,,,,,,,,,237.0,297.0,361.0,415.0,463.0,476.0,568
U04_MxeE4o8,,,,,,,,,,,,,,,,,,,,,,,,,,,,,,,,,,,,,,,,,,,,,,,,,,,,,,,,,,,,,,,,,,,,,,,,,,,,,,,,,,,,,,,,,,,,,,,,,,,,,,,,,,,,,,,,,,,,,,,,,,,,,,,,,,,,,,,,,,,,,,,,,,,,,,,,,,,,,,,,,,,,,,,,,,,,,,,,,,,,,,,,,29605.0,29859.0,30004.0,30112.0,30243.0,30386.0,30518
HSO6D4F-ljw,,,,,,,,,,,,,,,,,,,,,,,,,,,,,,,,,,,,,,,,,,,,,,,,,,,,,,,,,,,,,,,,,,,,,,,,,,,,,,,,,,,,,,,,,,,,,,,,,,,,,,,,,,,,,,,,,,,,,,,,,,,,,,,,,,,,,,,,,,,,,,,,,,,,,,,,,,,,,,,,,,,,,,,,,,,,,,,,,,,,,,,,,95039.0,135430.0,154241.0,168553.0,181618.0,193445.0,204744
f6uaQkfhZ5Y,,,,,,,,,,,,,,,,,,,,,,,,,,,,,,,,,,,,,,,,,,,,,,,,,,,,,,,,,,,,,,,,,,,,,,,,,,,,,,,,,,,,,,,,,,,,,,,,,,,,,,,,,,,,,,,,,,,,,,,,,,,,,,,,,,,,,,,,,,,,,,,,,,,,,,,,,,,,,,,,,,,,,,,,,,,,,,,,,,,,,,,,,,57124.0,58511.0,59965.0,61070.0,61912.0,62655
TjQjRaRTRWQ,,,,,,,,,,,,,,,,,,,,,,,,,,,,,,,,,,,,,,,,,,,,,,,,,,,,,,,,,,,,,,,,,,,,,,,,,,,,,,,,,,,,,,,,,,,,,,,,,,,,,,,,,,,,,,,,,,,,,,,,,,,,,,,,,,,,,,,,,,,,,,,,,,,,,,,,,,,,,,,,,,,,,,,,,,,,,,,,,,,,,,,,,,233841.0,234410.0,234990.0,235513.0,236019.0,236571
nVitnDmZrVg,,,,,,,,,,,,,,,,,,,,,,,,,,,,,,,,,,,,,,,,,,,,,,,,,,,,,,,,,,,,,,,,,,,,,,,,,,,,,,,,,,,,,,,,,,,,,,,,,,,,,,,,,,,,,,,,,,,,,,,,,,,,,,,,,,,,,,,,,,,,,,,,,,,,,,,,,,,,,,,,,,,,,,,,,,,,,,,,,,,,,,,,,,837.0,2270.0,2895.0,3328.0,4126.0,5500
JY7z3_RSBs4,,,,,,,,,,,,,,,,,,,,,,,,,,,,,,,,,,,,,,,,,,,,,,,,,,,,,,,,,,,,,,,,,,,,,,,,,,,,,,,,,,,,,,,,,,,,,,,,,,,,,,,,,,,,,,,,,,,,,,,,,,,,,,,,,,,,,,,,,,,,,,,,,,,,,,,,,,,,,,,,,,,,,,,,,,,,,,,,,,,,,,,,,,32621.0,32651.0,32672.0,32773.0,32846.0,32934
Ji2Mwb_XyxA,,,,,,,,,,,,,,,,,,,,,,,,,,,,,,,,,,,,,,,,,,,,,,,,,,,,,,,,,,,,,,,,,,,,,,,,,,,,,,,,,,,,,,,,,,,,,,,,,,,,,,,,,,,,,,,,,,,,,,,,,,,,,,,,,,,,,,,,,,,,,,,,,,,,,,,,,,,,,,,,,,,,,,,,,,,,,,,,,,,,,,,,,,11352.0,11361.0,11375.0,11382.0,11390.0,11399
wCvVsuUWka8,,,,,,,,,,,,,,,,,,,,,,,,,,,,,,,,,,,,,,,,,,,,,,,,,,,,,,,,,,,,,,,,,,,,,,,,,,,,,,,,,,,,,,,,,,,,,,,,,,,,,,,,,,,,,,,,,,,,,,,,,,,,,,,,,,,,,,,,,,,,,,,,,,,,,,,,,,,,,,,,,,,,,,,,,,,,,,,,,,,,,,,,,,100239.0,100243.0,100247.0,100250.0,100255.0,100258
cNrm1IANS1s,,,,,,,,,,,,,,,,,,,,,,,,,,,,,,,,,,,,,,,,,,,,,,,,,,,,,,,,,,,,,,,,,,,,,,,,,,,,,,,,,,,,,,,,,,,,,,,,,,,,,,,,,,,,,,,,,,,,,,,,,,,,,,,,,,,,,,,,,,,,,,,,,,,,,,,,,,,,,,,,,,,,,,,,,,,,,,,,,,,,,,,,,,522162.0,526058.0,530190.0,534119.0,538094.0,541946
4Nj0t4rnI34,,,,,,,,,,,,,,,,,,,,,,,,,,,,,,,,,,,,,,,,,,,,,,,,,,,,,,,,,,,,,,,,,,,,,,,,,,,,,,,,,,,,,,,,,,,,,,,,,,,,,,,,,,,,,,,,,,,,,,,,,,,,,,,,,,,,,,,,,,,,,,,,,,,,,,,,,,,,,,,,,,,,,,,,,,,,,,,,,,,,,,,,,,17395.0,23030.0,27540.0,31525.0,34267.0,37228
ziSfcCJ_65A,,,,,,,,,,,,,,,,,,,,,,,,,,,,,,,,,,,,,,,,,,,,,,,,,,,,,,,,,,,,,,,,,,,,,,,,,,,,,,,,,,,,,,,,,,,,,,,,,,,,,,,,,,,,,,,,,,,,,,,,,,,,,,,,,,,,,,,,,,,,,,,,,,,,,,,,,,,,,,,,,,,,,,,,,,,,,,,,,,,,,,,,,,1094965.0,1096252.0,1097870.0,1099385.0,1100898.0,1102589
l3Ll-c6Qp7s,,,,,,,,,,,,,,,,,,,,,,,,,,,,,,,,,,,,,,,,,,,,,,,,,,,,,,,,,,,,,,,,,,,,,,,,,,,,,,,,,,,,,,,,,,,,,,,,,,,,,,,,,,,,,,,,,,,,,,,,,,,,,,,,,,,,,,,,,,,,,,,,,,,,,,,,,,,,,,,,,,,,,,,,,,,,,,,,,,,,,,,,,,670.0,961.0,1100.0,1270.0,1375.0,1490
k_9pWTR_Rik,,,,,,,,,,,,,,,,,,,,,,,,,,,,,,,,,,,,,,,,,,,,,,,,,,,,,,,,,,,,,,,,,,,,,,,,,,,,,,,,,,,,,,,,,,,,,,,,,,,,,,,,,,,,,,,,,,,,,,,,,,,,,,,,,,,,,,,,,,,,,,,,,,,,,,,,,,,,,,,,,,,,,,,,,,,,,,,,,,,,,,,,,,11231.0,23133.0,31897.0,39602.0,44516.0,48870
ARh8g151T0k,,,,,,,,,,,,,,,,,,,,,,,,,,,,,,,,,,,,,,,,,,,,,,,,,,,,,,,,,,,,,,,,,,,,,,,,,,,,,,,,,,,,,,,,,,,,,,,,,,,,,,,,,,,,,,,,,,,,,,,,,,,,,,,,,,,,,,,,,,,,,,,,,,,,,,,,,,,,,,,,,,,,,,,,,,,,,,,,,,,,,,,,,,,127.0,247.0,366.0,391.0,409
exwDq8C49WE,,,,,,,,,,,,,,,,,,,,,,,,,,,,,,,,,,,,,,,,,,,,,,,,,,,,,,,,,,,,,,,,,,,,,,,,,,,,,,,,,,,,,,,,,,,,,,,,,,,,,,,,,,,,,,,,,,,,,,,,,,,,,,,,,,,,,,,,,,,,,,,,,,,,,,,,,,,,,,,,,,,,,,,,,,,,,,,,,,,,,,,,,,,1142.0,4257.0,16233.0,23088.0,28870
o7BcyAd6rqg,,,,,,,,,,,,,,,,,,,,,,,,,,,,,,,,,,,,,,,,,,,,,,,,,,,,,,,,,,,,,,,,,,,,,,,,,,,,,,,,,,,,,,,,,,,,,,,,,,,,,,,,,,,,,,,,,,,,,,,,,,,,,,,,,,,,,,,,,,,,,,,,,,,,,,,,,,,,,,,,,,,,,,,,,,,,,,,,,,,,,,,,,,,37799916.0,37878083.0,37955966.0,38033776.0,38110857
o7BcyAd6rqg,,,,,,,,,,,,,,,,,,,,,,,,,,,,,,,,,,,,,,,,,,,,,,,,,,,,,,,,,,,,,,,,,,,,,,,,,,,,,,,,,,,,,,,,,,,,,,,,,,,,,,,,,,,,,,,,,,,,,,,,,,,,,,,,,,,,,,,,,,,,,,,,,,,,,,,,,,,,,,,,,,,,,,,,,,,,,,,,,,,,,,,,,,,37799916.0,37878083.0,37955966.0,38033776.0,38110857
o7BcyAd6rqg,,,,,,,,,,,,,,,,,,,,,,,,,,,,,,,,,,,,,,,,,,,,,,,,,,,,,,,,,,,,,,,,,,,,,,,,,,,,,,,,,,,,,,,,,,,,,,,,,,,,,,,,,,,,,,,,,,,,,,,,,,,,,,,,,,,,,,,,,,,,,,,,,,,,,,,,,,,,,,,,,,,,,,,,,,,,,,,,,,,,,,,,,,,37799916.0,37878083.0,37955966.0,38033776.0,38110857
nkCU6J26Jcg,,,,,,,,,,,,,,,,,,,,,,,,,,,,,,,,,,,,,,,,,,,,,,,,,,,,,,,,,,,,,,,,,,,,,,,,,,,,,,,,,,,,,,,,,,,,,,,,,,,,,,,,,,,,,,,,,,,,,,,,,,,,,,,,,,,,,,,,,,,,,,,,,,,,,,,,,,,,,,,,,,,,,,,,,,,,,,,,,,,,,,,,,,,1100789.0,1100912.0,1101029.0,1101153.0,1101297
Bi4AVr5PM9E,,,,,,,,,,,,,,,,,,,,,,,,,,,,,,,,,,,,,,,,,,,,,,,,,,,,,,,,,,,,,,,,,,,,,,,,,,,,,,,,,,,,,,,,,,,,,,,,,,,,,,,,,,,,,,,,,,,,,,,,,,,,,,,,,,,,,,,,,,,,,,,,,,,,,,,,,,,,,,,,,,,,,,,,,,,,,,,,,,,,,,,,,,,1201933.0,1202029.0,1202100.0,1202191.0,1202285
O4F_d658FAE,,,,,,,,,,,,,,,,,,,,,,,,,,,,,,,,,,,,,,,,,,,,,,,,,,,,,,,,,,,,,,,,,,,,,,,,,,,,,,,,,,,,,,,,,,,,,,,,,,,,,,,,,,,,,,,,,,,,,,,,,,,,,,,,,,,,,,,,,,,,,,,,,,,,,,,,,,,,,,,,,,,,,,,,,,,,,,,,,,,,,,,,,,,471930.0,477558.0,482592.0,487461.0,492765
TZhwhoDUuR8,,,,,,,,,,,,,,,,,,,,,,,,,,,,,,,,,,,,,,,,,,,,,,,,,,,,,,,,,,,,,,,,,,,,,,,,,,,,,,,,,,,,,,,,,,,,,,,,,,,,,,,,,,,,,,,,,,,,,,,,,,,,,,,,,,,,,,,,,,,,,,,,,,,,,,,,,,,,,,,,,,,,,,,,,,,,,,,,,,,,,,,,,,,372.0,1220.0,1572.0,2063.0,2794
IRf9BOBFPwU,,,,,,,,,,,,,,,,,,,,,,,,,,,,,,,,,,,,,,,,,,,,,,,,,,,,,,,,,,,,,,,,,,,,,,,,,,,,,,,,,,,,,,,,,,,,,,,,,,,,,,,,,,,,,,,,,,,,,,,,,,,,,,,,,,,,,,,,,,,,,,,,,,,,,,,,,,,,,,,,,,,,,,,,,,,,,,,,,,,,,,,,,,,3372.0,3875.0,4072.0,4208.0,4332
1N1R46TvouM,,,,,,,,,,,,,,,,,,,,,,,,,,,,,,,,,,,,,,,,,,,,,,,,,,,,,,,,,,,,,,,,,,,,,,,,,,,,,,,,,,,,,,,,,,,,,,,,,,,,,,,,,,,,,,,,,,,,,,,,,,,,,,,,,,,,,,,,,,,,,,,,,,,,,,,,,,,,,,,,,,,,,,,,,,,,,,,,,,,,,,,,,,,10156.0,16867.0,19092.0,20416.0,20948
zpPFHclAOoM,,,,,,,,,,,,,,,,,,,,,,,,,,,,,,,,,,,,,,,,,,,,,,,,,,,,,,,,,,,,,,,,,,,,,,,,,,,,,,,,,,,,,,,,,,,,,,,,,,,,,,,,,,,,,,,,,,,,,,,,,,,,,,,,,,,,,,,,,,,,,,,,,,,,,,,,,,,,,,,,,,,,,,,,,,,,,,,,,,,,,,,,,,,,90337.0,161949.0,190785.0,210718
3ToKi9BMguQ,,,,,,,,,,,,,,,,,,,,,,,,,,,,,,,,,,,,,,,,,,,,,,,,,,,,,,,,,,,,,,,,,,,,,,,,,,,,,,,,,,,,,,,,,,,,,,,,,,,,,,,,,,,,,,,,,,,,,,,,,,,,,,,,,,,,,,,,,,,,,,,,,,,,,,,,,,,,,,,,,,,,,,,,,,,,,,,,,,,,,,,,,,,,2752.0,3128.0,3372.0,3675
5sQ9ClD7qSE,,,,,,,,,,,,,,,,,,,,,,,,,,,,,,,,,,,,,,,,,,,,,,,,,,,,,,,,,,,,,,,,,,,,,,,,,,,,,,,,,,,,,,,,,,,,,,,,,,,,,,,,,,,,,,,,,,,,,,,,,,,,,,,,,,,,,,,,,,,,,,,,,,,,,,,,,,,,,,,,,,,,,,,,,,,,,,,,,,,,,,,,,,,,,433.0,436.0,436
z6mRky6QTCQ,,,,,,,,,,,,,,,,,,,,,,,,,,,,,,,,,,,,,,,,,,,,,,,,,,,,,,,,,,,,,,,,,,,,,,,,,,,,,,,,,,,,,,,,,,,,,,,,,,,,,,,,,,,,,,,,,,,,,,,,,,,,,,,,,,,,,,,,,,,,,,,,,,,,,,,,,,,,,,,,,,,,,,,,,,,,,,,,,,,,,,,,,,,,,27204.0,51742.0,66909
TILJL7vD6jg,,,,,,,,,,,,,,,,,,,,,,,,,,,,,,,,,,,,,,,,,,,,,,,,,,,,,,,,,,,,,,,,,,,,,,,,,,,,,,,,,,,,,,,,,,,,,,,,,,,,,,,,,,,,,,,,,,,,,,,,,,,,,,,,,,,,,,,,,,,,,,,,,,,,,,,,,,,,,,,,,,,,,,,,,,,,,,,,,,,,,,,,,,,,,1445.0,5081.0,7278
h-N2_0P0p_w,,,,,,,,,,,,,,,,,,,,,,,,,,,,,,,,,,,,,,,,,,,,,,,,,,,,,,,,,,,,,,,,,,,,,,,,,,,,,,,,,,,,,,,,,,,,,,,,,,,,,,,,,,,,,,,,,,,,,,,,,,,,,,,,,,,,,,,,,,,,,,,,,,,,,,,,,,,,,,,,,,,,,,,,,,,,,,,,,,,,,,,,,,,,,90209.0,90551.0,90879
VdCvmPpYVy8,,,,,,,,,,,,,,,,,,,,,,,,,,,,,,,,,,,,,,,,,,,,,,,,,,,,,,,,,,,,,,,,,,,,,,,,,,,,,,,,,,,,,,,,,,,,,,,,,,,,,,,,,,,,,,,,,,,,,,,,,,,,,,,,,,,,,,,,,,,,,,,,,,,,,,,,,,,,,,,,,,,,,,,,,,,,,,,,,,,,,,,,,,,,,24735.0,32152.0,42770
POzVxrR8fLo,,,,,,,,,,,,,,,,,,,,,,,,,,,,,,,,,,,,,,,,,,,,,,,,,,,,,,,,,,,,,,,,,,,,,,,,,,,,,,,,,,,,,,,,,,,,,,,,,,,,,,,,,,,,,,,,,,,,,,,,,,,,,,,,,,,,,,,,,,,,,,,,,,,,,,,,,,,,,,,,,,,,,,,,,,,,,,,,,,,,,,,,,,,,,130289.0,213090.0,304358
FlQzZwXzwUY,,,,,,,,,,,,,,,,,,,,,,,,,,,,,,,,,,,,,,,,,,,,,,,,,,,,,,,,,,,,,,,,,,,,,,,,,,,,,,,,,,,,,,,,,,,,,,,,,,,,,,,,,,,,,,,,,,,,,,,,,,,,,,,,,,,,,,,,,,,,,,,,,,,,,,,,,,,,,,,,,,,,,,,,,,,,,,,,,,,,,,,,,,,,,47841.0,49359.0,50789
M1rWGZ2ORB0,,,,,,,,,,,,,,,,,,,,,,,,,,,,,,,,,,,,,,,,,,,,,,,,,,,,,,,,,,,,,,,,,,,,,,,,,,,,,,,,,,,,,,,,,,,,,,,,,,,,,,,,,,,,,,,,,,,,,,,,,,,,,,,,,,,,,,,,,,,,,,,,,,,,,,,,,,,,,,,,,,,,,,,,,,,,,,,,,,,,,,,,,,,,,,9229.0,11242
rbhw4wgCyYY,,,,,,,,,,,,,,,,,,,,,,,,,,,,,,,,,,,,,,,,,,,,,,,,,,,,,,,,,,,,,,,,,,,,,,,,,,,,,,,,,,,,,,,,,,,,,,,,,,,,,,,,,,,,,,,,,,,,,,,,,,,,,,,,,,,,,,,,,,,,,,,,,,,,,,,,,,,,,,,,,,,,,,,,,,,,,,,,,,,,,,,,,,,,,,1434.0,3267
CSUE7lufvE4,,,,,,,,,,,,,,,,,,,,,,,,,,,,,,,,,,,,,,,,,,,,,,,,,,,,,,,,,,,,,,,,,,,,,,,,,,,,,,,,,,,,,,,,,,,,,,,,,,,,,,,,,,,,,,,,,,,,,,,,,,,,,,,,,,,,,,,,,,,,,,,,,,,,,,,,,,,,,,,,,,,,,,,,,,,,,,,,,,,,,,,,,,,,,,41159.0,192513
-vOVPLEmVBc,,,,,,,,,,,,,,,,,,,,,,,,,,,,,,,,,,,,,,,,,,,,,,,,,,,,,,,,,,,,,,,,,,,,,,,,,,,,,,,,,,,,,,,,,,,,,,,,,,,,,,,,,,,,,,,,,,,,,,,,,,,,,,,,,,,,,,,,,,,,,,,,,,,,,,,,,,,,,,,,,,,,,,,,,,,,,,,,,,,,,,,,,,,,,,290.0,782
B7fpHu0qkHc,,,,,,,,,,,,,,,,,,,,,,,,,,,,,,,,,,,,,,,,,,,,,,,,,,,,,,,,,,,,,,,,,,,,,,,,,,,,,,,,,,,,,,,,,,,,,,,,,,,,,,,,,,,,,,,,,,,,,,,,,,,,,,,,,,,,,,,,,,,,,,,,,,,,,,,,,,,,,,,,,,,,,,,,,,,,,,,,,,,,,,,,,,,,,,50.0,143
l6l86-Eb6pA,,,,,,,,,,,,,,,,,,,,,,,,,,,,,,,,,,,,,,,,,,,,,,,,,,,,,,,,,,,,,,,,,,,,,,,,,,,,,,,,,,,,,,,,,,,,,,,,,,,,,,,,,,,,,,,,,,,,,,,,,,,,,,,,,,,,,,,,,,,,,,,,,,,,,,,,,,,,,,,,,,,,,,,,,,,,,,,,,,,,,,,,,,,,,,201439.0,202631
WD6FJ4XvlF4,,,,,,,,,,,,,,,,,,,,,,,,,,,,,,,,,,,,,,,,,,,,,,,,,,,,,,,,,,,,,,,,,,,,,,,,,,,,,,,,,,,,,,,,,,,,,,,,,,,,,,,,,,,,,,,,,,,,,,,,,,,,,,,,,,,,,,,,,,,,,,,,,,,,,,,,,,,,,,,,,,,,,,,,,,,,,,,,,,,,,,,,,,,,,,1853.0,2467
utJCjhLay24,,,,,,,,,,,,,,,,,,,,,,,,,,,,,,,,,,,,,,,,,,,,,,,,,,,,,,,,,,,,,,,,,,,,,,,,,,,,,,,,,,,,,,,,,,,,,,,,,,,,,,,,,,,,,,,,,,,,,,,,,,,,,,,,,,,,,,,,,,,,,,,,,,,,,,,,,,,,,,,,,,,,,,,,,,,,,,,,,,,,,,,,,,,,,,37205.0,55798
DDRinMDpaFU,,,,,,,,,,,,,,,,,,,,,,,,,,,,,,,,,,,,,,,,,,,,,,,,,,,,,,,,,,,,,,,,,,,,,,,,,,,,,,,,,,,,,,,,,,,,,,,,,,,,,,,,,,,,,,,,,,,,,,,,,,,,,,,,,,,,,,,,,,,,,,,,,,,,,,,,,,,,,,,,,,,,,,,,,,,,,,,,,,,,,,,,,,,,,,,65490
yhtaMiavRIY,,,,,,,,,,,,,,,,,,,,,,,,,,,,,,,,,,,,,,,,,,,,,,,,,,,,,,,,,,,,,,,,,,,,,,,,,,,,,,,,,,,,,,,,,,,,,,,,,,,,,,,,,,,,,,,,,,,,,,,,,,,,,,,,,,,,,,,,,,,,,,,,,,,,,,,,,,,,,,,,,,,,,,,,,,,,,,,,,,,,,,,,,,,,,,,11472
ArzJgb9gJZk,,,,,,,,,,,,,,,,,,,,,,,,,,,,,,,,,,,,,,,,,,,,,,,,,,,,,,,,,,,,,,,,,,,,,,,,,,,,,,,,,,,,,,,,,,,,,,,,,,,,,,,,,,,,,,,,,,,,,,,,,,,,,,,,,,,,,,,,,,,,,,,,,,,,,,,,,,,,,,,,,,,,,,,,,,,,,,,,,,,,,,,,,,,,,,,2306
AFnA9FmAW3E,,,,,,,,,,,,,,,,,,,,,,,,,,,,,,,,,,,,,,,,,,,,,,,,,,,,,,,,,,,,,,,,,,,,,,,,,,,,,,,,,,,,,,,,,,,,,,,,,,,,,,,,,,,,,,,,,,,,,,,,,,,,,,,,,,,,,,,,,,,,,,,,,,,,,,,,,,,,,,,,,,,,,,,,,,,,,,,,,,,,,,,,,,,,,,,586
bTqLFRH8AEA,,,,,,,,,,,,,,,,,,,,,,,,,,,,,,,,,,,,,,,,,,,,,,,,,,,,,,,,,,,,,,,,,,,,,,,,,,,,,,,,,,,,,,,,,,,,,,,,,,,,,,,,,,,,,,,,,,,,,,,,,,,,,,,,,,,,,,,,,,,,,,,,,,,,,,,,,,,,,,,,,,,,,,,,,,,,,,,,,,,,,,,,,,,,,,,79754
U23qvt5aijA,,,,,,,,,,,,,,,,,,,,,,,,,,,,,,,,,,,,,,,,,,,,,,,,,,,,,,,,,,,,,,,,,,,,,,,,,,,,,,,,,,,,,,,,,,,,,,,,,,,,,,,,,,,,,,,,,,,,,,,,,,,,,,,,,,,,,,,,,,,,,,,,,,,,,,,,,,,,,,,,,,,,,,,,,,,,,,,,,,,,,,,,,,,,,,,277
gOF4C6C9XeE,,,,,,,,,,,,,,,,,,,,,,,,,,,,,,,,,,,,,,,,,,,,,,,,,,,,,,,,,,,,,,,,,,,,,,,,,,,,,,,,,,,,,,,,,,,,,,,,,,,,,,,,,,,,,,,,,,,,,,,,,,,,,,,,,,,,,,,,,,,,,,,,,,,,,,,,,,,,,,,,,,,,,,,,,,,,,,,,,,,,,,,,,,,,,,,1632
BurJ-ZMYAMY,,,,,,,,,,,,,,,,,,,,,,,,,,,,,,,,,,,,,,,,,,,,,,,,,,,,,,,,,,,,,,,,,,,,,,,,,,,,,,,,,,,,,,,,,,,,,,,,,,,,,,,,,,,,,,,,,,,,,,,,,,,,,,,,,,,,,,,,,,,,,,,,,,,,,,,,,,,,,,,,,,,,,,,,,,,,,,,,,,,,,,,,,,,,,,,30648
eCe0lyegtto,,,,,,,,,,,,,,,,,,,,,,,,,,,,,,,,,,,,,,,,,,,,,,,,,,,,,,,,,,,,,,,,,,,,,,,,,,,,,,,,,,,,,,,,,,,,,,,,,,,,,,,,,,,,,,,,,,,,,,,,,,,,,,,,,,,,,,,,,,,,,,,,,,,,,,,,,,,,,,,,,,,,,,,,,,,,,,,,,,,,,,,,,,,,,,,37801
FzWDQ8MfoYc,,,,,,,,,,,,,,,,,,,,,,,,,,,,,,,,,,,,,,,,,,,,,,,,,,,,,,,,,,,,,,,,,,,,,,,,,,,,,,,,,,,,,,,,,,,,,,,,,,,,,,,,,,,,,,,,,,,,,,,,,,,,,,,,,,,,,,,,,,,,,,,,,,,,,,,,,,,,,,,,,,,,,,,,,,,,,,,,,,,,,,,,,,,,,,,73
xzUVRKjHpyg,,,,,,,,,,,,,,,,,,,,,,,,,,,,,,,,,,,,,,,,,,,,,,,,,,,,,,,,,,,,,,,,,,,,,,,,,,,,,,,,,,,,,,,,,,,,,,,,,,,,,,,,,,,,,,,,,,,,,,,,,,,,,,,,,,,,,,,,,,,,,,,,,,,,,,,,,,,,,,,,,,,,,,,,,,,,,,,,,,,,,,,,,,,,,,,194
