Video link,250605,250606,250607,250608,250609,250610,250611,250612,250613,250614,250615,250616,250617,250618,250619,250620,250621,250622,250623,250624,250625,250626,250627,250628,250629,250630,250701,250702,250703,250704,250705,250706,250707,250708,250709,250710,250711,250712,250713,250714,250715,250716,250717,250718,250719,250720,250721,250722,250723,250724,250725,250726,250727,250728,250729,250730,250731,250801,250802,250803,250804,250805,250806,250807,250808,250809,250810,250811,250812,250813,250814,250815,250816,250817,250818,250819,250820,250821,250822,250823,250824,250825,250826,250827,250828,250829,250830,250831,250901,250902,250903,250904,250905,250906,250907,250908,250909,250910,250911,250912,250913,250914,250915,250916,250917,250918,250919,250920,250921,250922,250923,250924,250925,250926,250927,250928,250929,250930,251001,251002,251003,251004,251005,251006,251007,251008
knUmm-6S7k4,968.0,968.0,968.0,968.0,968.0,969.0,968.0,968.0,968.0,968.0,968.0,968.0,968.0,969.0,970.0,971.0,973.0,973.0,973.0,974.0,972.0,972.0,972.0,974.0,974.0,974.0,974.0,974.0,975.0,975.0,975.0,975.0,975.0,975.0,975.0,977.0,977.0,977.0,978.0,978.0,978.0,979.0,978.0,979.0,979.0,979.0,979.0,979.0,981.0,981.0,981.0,983.0,984.0,986.0,987.0,988.0,988.0,988.0,990.0,990.0,990.0,991.0,991.0,991.0,991.0,993.0,993.0,993.0,993.0,988.0,988.0,990.0,990.0,990.0,990.0,988.0,988.0,988.0,989.0,989.0,989.0,990.0,990.0,990.0,990.0,990.0,990.0,990.0,990.0,990.0,990.0,990.0,990.0,990.0,991.0,991.0,991.0,991.0,991.0,991.0,991.0,991.0,991.0,991.0,991.0,991.0,991.0,991.0,991.0,991.0,991.0,992.0,992.0,992.0,992.0,992.0,992.0,992.0,993.0,993.0,993.0,993.0,993.0,993.0,994.0,994
UdS3gV0_MA8,3620.0,3622.0,3631.0,3633.0,3636.0,3642.0,3654.0,3657.0,3661.0,3667.0,3672.0,3676.0,3680.0,3683.0,3677.0,3685.0,3690.0,3694.0,3694.0,3697.0,3699.0,3706.0,3708.0,3716.0,3718.0,3722.0,3733.0,3738.0,3746.0,3753.0,3754.0,3758.0,3766.0,3770.0,3778.0,3780.0,3788.0,3793.0,3803.0,3813.0,3819.0,3826.0,3831.0,3834.0,3837.0,3837.0,3839.0,3851.0,3854.0,3859.0,3869.0,3884.0,3892.0,3898.0,3901.0,3906.0,3908.0,3911.0,3912.0,3915.0,3917.0,3923.0,3932.0,3940.0,3950.0,3951.0,3957.0,3961.0,3962.0,3970.0,3980.0,3985.0,3989.0,3990.0,3994.0,3999.0,4005.0,4009.0,4024.0,4033.0,4042.0,4050.0,4066.0,4068.0,4076.0,4083.0,4099.0,4102.0,4111.0,4115.0,4122.0,4128.0,4133.0,4141.0,4149.0,4154.0,4159.0,4161.0,4165.0,4174.0,4181.0,4182.0,4188.0,4189.0,4197.0,4204.0,4208.0,4212.0,4219.0,4226.0,4231.0,4235.0,4239.0,4241.0,4247.0,4248.0,4250.0,4254.0,4254.0,4255.0,4257.0,4280.0,4287.0,4291.0,4292.0,4299
KJ7o-Kj8_as,772.0,772.0,772.0,772.0,772.0,772.0,772.0,772.0,772.0,772.0,772.0,772.0,773.0,773.0,773.0,773.0,773.0,773.0,773.0,773.0,773.0,773.0,773.0,774.0,774.0,774.0,774.0,774.0,774.0,774.0,774.0,774.0,775.0,775.0,775.0,775.0,775.0,775.0,775.0,775.0,775.0,775.0,775.0,775.0,774.0,774.0,774.0,774.0,774.0,774.0,774.0,774.0,774.0,775.0,775.0,775.0,775.0,775.0,775.0,775.0,775.0,775.0,775.0,775.0,775.0,775.0,776.0,776.0,776.0,776.0,776.0,776.0,776.0,775.0,775.0,775.0,775.0,775.0,775.0,775.0,775.0,775.0,775.0,775.0,775.0,775.0,775.0,775.0,775.0,775.0,775.0,775.0,775.0,775.0,775.0,776.0,776.0,776.0,776.0,776.0,775.0,775.0,775.0,775.0,775.0,775.0,775.0,775.0,775.0,775.0,774.0,774.0,774.0,774.0,774.0,774.0,774.0,774.0,774.0,774.0,774.0,774.0,775.0,775.0,775.0,775
kJ0BT7opYvM,299.0,299.0,299.0,299.0,299.0,299.0,299.0,299.0,299.0,300.0,300.0,300.0,300.0,300.0,300.0,300.0,300.0,300.0,300.0,300.0,300.0,300.0,300.0,300.0,300.0,300.0,300.0,300.0,300.0,300.0,300.0,300.0,300.0,300.0,300.0,300.0,300.0,300.0,300.0,300.0,300.0,300.0,300.0,300.0,300.0,300.0,300.0,300.0,300.0,300.0,300.0,300.0,300.0,301.0,301.0,301.0,301.0,301.0,301.0,301.0,301.0,301.0,301.0,301.0,301.0,301.0,301.0,301.0,301.0,301.0,301.0,301.0,301.0,301.0,301.0,301.0,301.0,301.0,301.0,301.0,301.0,301.0,301.0,301.0,301.0,301.0,302.0,303.0,303.0,303.0,303.0,303.0,303.0,303.0,303.0,303.0,303.0,303.0,303.0,303.0,303.0,303.0,302.0,302.0,302.0,302.0,302.0,302.0,302.0,302.0,302.0,302.0,302.0,302.0,302.0,302.0,302.0,302.0,302.0,302.0,302.0,303.0,303.0,304.0,304.0,303
1EsRhv19Whw,87.0,87.0,87.0,87.0,87.0,87.0,87.0,87.0,87.0,87.0,87.0,87.0,87.0,87.0,87.0,87.0,87.0,88.0,88.0,88.0,88.0,88.0,88.0,88.0,88.0,88.0,88.0,88.0,88.0,88.0,88.0,88.0,88.0,88.0,88.0,88.0,88.0,88.0,88.0,88.0,88.0,88.0,88.0,88.0,88.0,88.0,88.0,88.0,88.0,89.0,89.0,89.0,89.0,89.0,89.0,89.0,89.0,89.0,89.0,89.0,89.0,89.0,89.0,89.0,89.0,89.0,89.0,89.0,89.0,89.0,89.0,89.0,89.0,90.0,91.0,91.0,91.0,91.0,91.0,91.0,91.0,91.0,91.0,91.0,91.0,91.0,91.0,91.0,91.0,91.0,91.0,91.0,91.0,91.0,91.0,91.0,91.0,91.0,91.0,91.0,91.0,91.0,91.0,91.0,91.0,91.0,91.0,91.0,91.0,91.0,91.0,91.0,91.0,91.0,91.0,91.0,91.0,91.0,91.0,91.0,91.0,91.0,91.0,91.0,91.0,91
c5gzArW-YO8,0.0,0.0,0.0,0.0,0.0,0.0,0.0,0.0,0.0,0.0,0.0,0.0,0.0,0.0,0.0,0.0,0.0,0.0,0.0,0.0,0.0,0.0,0.0,0.0,0.0,0.0,0.0,0.0,0.0,0.0,0.0,0.0,0.0,0.0,0.0,0.0,0.0,0.0,0.0,0.0,0.0,0.0,0.0,0.0,0.0,0.0,0.0,0.0,0.0,0.0,0.0,0.0,0.0,0.0,0.0,0.0,0.0,0.0,0.0,0.0,0.0,0.0,0.0,0.0,0.0,0.0,0.0,0.0,0.0,0.0,0.0,0.0,0.0,0.0,0.0,0.0,0.0,0.0,0.0,0.0,0.0,0.0,0.0,0.0,0.0,0.0,0.0,0.0,0.0,0.0,0.0,0.0,0.0,0.0,0.0,0.0,0.0,0.0,0.0,0.0,0.0,0.0,0.0,0.0,0.0,0.0,0.0,0.0,0.0,0.0,0.0,0.0,0.0,0.0,0.0,0.0,0.0,0.0,0.0,0.0,0.0,0.0,0.0,0.0,0.0,0
YO1yO_9H264,156.0,157.0,157.0,157.0,157.0,157.0,157.0,157.0,157.0,157.0,157.0,157.0,157.0,157.0,157.0,157.0,157.0,157.0,157.0,157.0,157.0,157.0,157.0,156.0,156.0,156.0,156.0,156.0,156.0,156.0,156.0,156.0,156.0,155.0,155.0,155.0,155.0,155.0,155.0,155.0,155.0,155.0,155.0,155.0,155.0,155.0,155.0,155.0,155.0,155.0,155.0,155.0,155.0,155.0,155.0,155.0,155.0,155.0,155.0,155.0,155.0,155.0,155.0,155.0,155.0,155.0,155.0,155.0,155.0,155.0,155.0,155.0,155.0,156.0,156.0,156.0,156.0,156.0,156.0,156.0,156.0,156.0,156.0,156.0,156.0,156.0,156.0,156.0,156.0,156.0,156.0,156.0,156.0,156.0,156.0,157.0,157.0,157.0,157.0,157.0,157.0,157.0,157.0,157.0,157.0,157.0,157.0,157.0,157.0,157.0,157.0,157.0,157.0,157.0,157.0,157.0,157.0,157.0,157.0,157.0,157.0,157.0,157.0,157.0,157.0,157
5TaIglIkDR4,759.0,759.0,759.0,759.0,759.0,760.0,763.0,764.0,764.0,764.0,764.0,765.0,765.0,765.0,764.0,764.0,764.0,763.0,763.0,763.0,763.0,763.0,763.0,763.0,763.0,763.0,764.0,764.0,764.0,764.0,763.0,763.0,763.0,763.0,763.0,765.0,765.0,765.0,766.0,766.0,767.0,767.0,767.0,768.0,768.0,768.0,768.0,768.0,768.0,768.0,768.0,768.0,768.0,768.0,768.0,768.0,768.0,768.0,768.0,769.0,769.0,769.0,770.0,771.0,771.0,771.0,771.0,771.0,771.0,771.0,771.0,772.0,772.0,772.0,773.0,773.0,773.0,774.0,774.0,774.0,774.0,774.0,774.0,774.0,774.0,773.0,773.0,773.0,773.0,773.0,773.0,773.0,773.0,773.0,773.0,773.0,773.0,773.0,773.0,773.0,773.0,773.0,773.0,773.0,773.0,773.0,773.0,773.0,773.0,773.0,774.0,774.0,775.0,774.0,774.0,774.0,774.0,774.0,774.0,774.0,775.0,775.0,775.0,775.0,775.0,775
Vu9e3vOuXqQ,1098.0,1098.0,1098.0,1098.0,1098.0,1098.0,1098.0,1098.0,1098.0,1098.0,1098.0,1098.0,1098.0,1098.0,1098.0,1098.0,1098.0,1097.0,1097.0,1097.0,1097.0,1097.0,1097.0,1097.0,1097.0,1097.0,1097.0,1097.0,1097.0,1097.0,1097.0,1097.0,1097.0,1097.0,1097.0,1097.0,1097.0,1097.0,1097.0,1097.0,1097.0,1097.0,1097.0,1097.0,1097.0,1097.0,1097.0,1097.0,1097.0,1097.0,1097.0,1097.0,1097.0,1097.0,1097.0,1097.0,1097.0,1097.0,1097.0,1097.0,1097.0,1097.0,1097.0,1097.0,1097.0,1097.0,1097.0,1097.0,1097.0,1097.0,1097.0,1097.0,1097.0,1096.0,1096.0,1096.0,1096.0,1096.0,1096.0,1096.0,1096.0,1096.0,1096.0,1096.0,1096.0,1096.0,1096.0,1096.0,1096.0,1096.0,1096.0,1096.0,1096.0,1096.0,1096.0,1096.0,1096.0,1096.0,1096.0,1096.0,1096.0,1096.0,1096.0,1096.0,1096.0,1096.0,1096.0,1096.0,1096.0,1096.0,1096.0,1096.0,1096.0,1096.0,1096.0,1096.0,1096.0,1096.0,1096.0,1096.0,1096.0,1096.0,1096.0,1096.0,1096.0,1096
Mkr79QX16Vs,19.0,19.0,19.0,19.0,19.0,19.0,19.0,19.0,19.0,19.0,19.0,19.0,19.0,19.0,19.0,19.0,19.0,19.0,19.0,19.0,19.0,19.0,19.0,19.0,19.0,19.0,19.0,19.0,19.0,19.0,19.0,19.0,19.0,19.0,19.0,19.0,19.0,22.0,22.0,22.0,22.0,22.0,22.0,22.0,22.0,22.0,22.0,22.0,22.0,22.0,22.0,22.0,22.0,22.0,22.0,22.0,22.0,22.0,22.0,22.0,22.0,22.0,22.0,22.0,22.0,22.0,22.0,22.0,22.0,22.0,22.0,22.0,22.0,22.0,22.0,22.0,22.0,22.0,22.0,22.0,22.0,22.0,22.0,22.0,22.0,22.0,22.0,22.0,22.0,22.0,22.0,22.0,22.0,22.0,22.0,22.0,22.0,22.0,22.0,22.0,22.0,22.0,22.0,22.0,22.0,22.0,22.0,22.0,22.0,22.0,22.0,22.0,22.0,22.0,22.0,22.0,22.0,22.0,22.0,22.0,22.0,22.0,22.0,22.0,22.0,22
plf2nLL63E0,13.0,13.0,13.0,13.0,13.0,12.0,12.0,12.0,12.0,12.0,12.0,12.0,12.0,12.0,12.0,12.0,12.0,12.0,12.0,12.0,12.0,12.0,12.0,12.0,12.0,12.0,12.0,12.0,12.0,12.0,12.0,12.0,12.0,12.0,12.0,12.0,12.0,13.0,13.0,13.0,13.0,13.0,13.0,13.0,13.0,13.0,13.0,13.0,13.0,13.0,13.0,13.0,13.0,13.0,13.0,13.0,13.0,13.0,13.0,13.0,13.0,13.0,13.0,13.0,13.0,13.0,13.0,13.0,13.0,13.0,13.0,13.0,13.0,13.0,13.0,13.0,13.0,13.0,13.0,13.0,13.0,13.0,13.0,13.0,13.0,13.0,13.0,13.0,13.0,13.0,13.0,13.0,13.0,13.0,13.0,13.0,13.0,13.0,13.0,13.0,13.0,13.0,13.0,13.0,13.0,13.0,13.0,13.0,13.0,13.0,13.0,13.0,13.0,13.0,13.0,13.0,13.0,13.0,13.0,13.0,13.0,13.0,13.0,13.0,13.0,13
efb5vVW6c2A,15.0,15.0,15.0,15.0,15.0,15.0,15.0,15.0,15.0,15.0,15.0,15.0,15.0,15.0,15.0,15.0,15.0,15.0,15.0,15.0,15.0,15.0,15.0,15.0,15.0,15.0,15.0,15.0,15.0,15.0,15.0,15.0,15.0,15.0,15.0,15.0,15.0,16.0,16.0,16.0,16.0,16.0,16.0,16.0,16.0,16.0,16.0,16.0,16.0,16.0,16.0,16.0,16.0,16.0,16.0,16.0,16.0,16.0,16.0,16.0,16.0,16.0,16.0,16.0,16.0,16.0,16.0,16.0,16.0,16.0,16.0,16.0,16.0,16.0,16.0,16.0,16.0,16.0,16.0,16.0,16.0,16.0,16.0,16.0,16.0,16.0,16.0,16.0,16.0,16.0,16.0,16.0,16.0,16.0,16.0,16.0,16.0,16.0,16.0,16.0,16.0,16.0,16.0,16.0,16.0,16.0,16.0,16.0,16.0,16.0,16.0,16.0,16.0,16.0,16.0,16.0,16.0,16.0,16.0,16.0,16.0,16.0,16.0,16.0,16.0,16
X-j_GJyLkFQ,8.0,8.0,8.0,8.0,8.0,8.0,8.0,8.0,8.0,8.0,8.0,8.0,8.0,8.0,8.0,8.0,8.0,8.0,8.0,8.0,8.0,8.0,8.0,8.0,8.0,8.0,8.0,8.0,8.0,8.0,8.0,8.0,8.0,8.0,8.0,8.0,8.0,8.0,8.0,8.0,8.0,8.0,8.0,8.0,8.0,8.0,8.0,8.0,8.0,8.0,8.0,8.0,8.0,8.0,8.0,8.0,8.0,8.0,8.0,8.0,8.0,8.0,8.0,8.0,8.0,8.0,8.0,8.0,8.0,8.0,8.0,8.0,8.0,8.0,8.0,8.0,8.0,8.0,8.0,8.0,8.0,8.0,8.0,8.0,8.0,8.0,8.0,8.0,8.0,8.0,8.0,8.0,8.0,8.0,8.0,8.0,8.0,8.0,8.0,8.0,8.0,8.0,8.0,8.0,8.0,8.0,8.0,8.0,8.0,8.0,8.0,8.0,8.0,8.0,8.0,8.0,8.0,8.0,8.0,8.0,8.0,8.0,8.0,8.0,8.0,8
9hTpDHJmjC0,37315.0,37333.0,37359.0,37385.0,37414.0,37432.0,37447.0,37469.0,37476.0,37488.0,37040.0,37072.0,37055.0,37091.0,37106.0,37123.0,37137.0,37157.0,37170.0,37195.0,37215.0,37233.0,37247.0,37264.0,37273.0,37294.0,37304.0,37330.0,37351.0,37379.0,37385.0,37395.0,37401.0,37411.0,37430.0,37444.0,37429.0,37437.0,37466.0,37475.0,37487.0,37499.0,37506.0,37510.0,37531.0,37545.0,37579.0,37637.0,37673.0,37690.0,37709.0,37729.0,37755.0,37777.0,37792.0,37817.0,37828.0,37835.0,37853.0,37880.0,37915.0,37948.0,37991.0,38026.0,38037.0,38050.0,38060.0,38070.0,38076.0,38000.0,38019.0,38025.0,38030.0,38035.0,38044.0,38044.0,38038.0,38050.0,38055.0,38064.0,38063.0,38068.0,38069.0,38072.0,38073.0,38077.0,38082.0,38083.0,38084.0,38087.0,38092.0,38094.0,38092.0,38097.0,38100.0,38106.0,38111.0,38114.0,38114.0,38124.0,38128.0,38127.0,38135.0,38137.0,38221.0,38226.0,38229.0,38236.0,38242.0,38243.0,38245.0,38246.0,38246.0,38248.0,38250.0,38260.0,38261.0,38266.0,38267.0,38270.0,38182.0,38186.0,38171.0,38175.0,38179.0,38167
De_2f4iBu9I,164.0,164.0,164.0,164.0,164.0,164.0,164.0,164.0,164.0,164.0,164.0,164.0,164.0,164.0,164.0,164.0,164.0,164.0,164.0,164.0,164.0,164.0,164.0,164.0,165.0,165.0,165.0,165.0,165.0,165.0,165.0,165.0,165.0,165.0,165.0,165.0,165.0,165.0,165.0,165.0,165.0,165.0,165.0,165.0,165.0,165.0,165.0,165.0,165.0,165.0,165.0,165.0,165.0,165.0,162.0,162.0,162.0,162.0,162.0,162.0,162.0,162.0,162.0,162.0,162.0,162.0,162.0,162.0,162.0,162.0,162.0,162.0,162.0,162.0,162.0,162.0,162.0,162.0,162.0,162.0,162.0,162.0,162.0,162.0,162.0,162.0,162.0,162.0,162.0,162.0,162.0,162.0,162.0,162.0,162.0,162.0,162.0,162.0,162.0,162.0,162.0,161.0,161.0,161.0,161.0,161.0,161.0,161.0,161.0,161.0,161.0,161.0,161.0,161.0,161.0,161.0,161.0,161.0,161.0,161.0,161.0,161.0,161.0,161.0,161.0,161
_L5RqHfY7kw,290.0,290.0,290.0,290.0,290.0,290.0,290.0,290.0,290.0,291.0,291.0,291.0,291.0,291.0,291.0,291.0,291.0,291.0,291.0,291.0,291.0,291.0,291.0,291.0,291.0,291.0,291.0,291.0,291.0,291.0,291.0,291.0,291.0,291.0,292.0,292.0,292.0,292.0,293.0,293.0,293.0,293.0,293.0,293.0,293.0,293.0,293.0,293.0,293.0,293.0,293.0,293.0,293.0,293.0,293.0,293.0,293.0,293.0,293.0,293.0,293.0,293.0,293.0,293.0,293.0,293.0,293.0,293.0,293.0,293.0,293.0,293.0,293.0,293.0,293.0,293.0,293.0,293.0,293.0,293.0,293.0,293.0,293.0,293.0,293.0,293.0,293.0,293.0,293.0,293.0,293.0,293.0,293.0,293.0,294.0,294.0,294.0,294.0,294.0,294.0,294.0,294.0,294.0,294.0,294.0,294.0,294.0,294.0,294.0,294.0,294.0,294.0,294.0,294.0,294.0,294.0,294.0,294.0,294.0,294.0,294.0,294.0,294.0,294.0,294.0,294
QHerQr9njW8,12.0,12.0,12.0,12.0,12.0,12.0,12.0,12.0,12.0,12.0,12.0,12.0,12.0,12.0,12.0,12.0,12.0,12.0,12.0,12.0,12.0,12.0,12.0,12.0,12.0,12.0,12.0,12.0,12.0,12.0,12.0,12.0,12.0,12.0,12.0,12.0,12.0,12.0,12.0,12.0,12.0,12.0,12.0,12.0,12.0,12.0,12.0,12.0,12.0,12.0,12.0,12.0,12.0,12.0,12.0,12.0,12.0,12.0,12.0,12.0,12.0,12.0,12.0,12.0,12.0,12.0,12.0,12.0,12.0,12.0,12.0,12.0,12.0,12.0,12.0,12.0,12.0,12.0,12.0,12.0,12.0,12.0,12.0,12.0,12.0,12.0,12.0,13.0,13.0,13.0,13.0,13.0,13.0,13.0,13.0,13.0,13.0,13.0,13.0,13.0,13.0,13.0,13.0,13.0,13.0,13.0,13.0,13.0,13.0,13.0,13.0,13.0,13.0,13.0,13.0,13.0,13.0,13.0,13.0,13.0,13.0,13.0,13.0,13.0,13.0,13
MxZbRuB6VN4,63.0,63.0,63.0,63.0,63.0,63.0,63.0,63.0,64.0,64.0,64.0,64.0,64.0,64.0,64.0,64.0,66.0,66.0,67.0,67.0,67.0,67.0,67.0,67.0,67.0,67.0,67.0,67.0,67.0,67.0,67.0,67.0,67.0,67.0,67.0,67.0,67.0,67.0,67.0,67.0,67.0,67.0,67.0,67.0,67.0,67.0,67.0,67.0,67.0,67.0,67.0,67.0,67.0,68.0,67.0,67.0,67.0,67.0,67.0,67.0,67.0,67.0,67.0,67.0,67.0,67.0,67.0,67.0,67.0,67.0,67.0,67.0,67.0,67.0,67.0,67.0,67.0,67.0,67.0,67.0,67.0,67.0,67.0,67.0,67.0,67.0,67.0,67.0,67.0,67.0,67.0,67.0,67.0,67.0,67.0,67.0,67.0,67.0,67.0,67.0,67.0,67.0,67.0,67.0,68.0,68.0,68.0,68.0,68.0,68.0,68.0,68.0,68.0,68.0,68.0,68.0,68.0,68.0,68.0,68.0,68.0,68.0,68.0,68.0,68.0,68
XK61Jwg3aVI,25.0,25.0,26.0,26.0,26.0,26.0,26.0,26.0,26.0,26.0,26.0,26.0,26.0,26.0,26.0,26.0,26.0,26.0,26.0,26.0,26.0,26.0,26.0,26.0,26.0,26.0,26.0,26.0,26.0,26.0,26.0,26.0,26.0,26.0,26.0,26.0,26.0,26.0,26.0,26.0,26.0,26.0,26.0,26.0,26.0,26.0,26.0,26.0,26.0,27.0,27.0,27.0,27.0,27.0,28.0,28.0,28.0,28.0,28.0,28.0,28.0,28.0,28.0,28.0,28.0,28.0,28.0,28.0,28.0,28.0,28.0,28.0,28.0,28.0,28.0,28.0,28.0,28.0,28.0,28.0,28.0,28.0,28.0,28.0,28.0,28.0,28.0,28.0,28.0,28.0,28.0,28.0,28.0,28.0,28.0,28.0,28.0,28.0,28.0,28.0,28.0,28.0,28.0,28.0,28.0,28.0,28.0,28.0,28.0,28.0,28.0,28.0,28.0,28.0,28.0,28.0,28.0,28.0,28.0,28.0,28.0,28.0,28.0,28.0,28.0,28
GuaRxObxiRQ,5.0,5.0,5.0,5.0,6.0,6.0,6.0,6.0,6.0,6.0,6.0,6.0,6.0,6.0,6.0,6.0,6.0,6.0,6.0,6.0,6.0,6.0,6.0,6.0,6.0,6.0,6.0,6.0,6.0,6.0,6.0,6.0,6.0,6.0,6.0,6.0,6.0,6.0,6.0,8.0,8.0,8.0,8.0,8.0,8.0,8.0,8.0,8.0,8.0,8.0,8.0,8.0,8.0,8.0,8.0,8.0,8.0,8.0,8.0,10.0,10.0,10.0,10.0,10.0,10.0,10.0,10.0,10.0,10.0,10.0,10.0,10.0,10.0,10.0,10.0,10.0,10.0,10.0,10.0,10.0,10.0,10.0,10.0,10.0,10.0,10.0,10.0,10.0,10.0,10.0,10.0,10.0,10.0,10.0,10.0,10.0,10.0,10.0,10.0,10.0,10.0,10.0,10.0,10.0,10.0,10.0,10.0,10.0,10.0,10.0,10.0,10.0,10.0,10.0,10.0,10.0,10.0,10.0,10.0,10.0,10.0,10.0,10.0,10.0,10.0,10
JNOlzryxU6E,0.0,0.0,0.0,0.0,0.0,0.0,0.0,0.0,0.0,0.0,0.0,0.0,0.0,0.0,0.0,0.0,0.0,0.0,0.0,0.0,0.0,0.0,0.0,0.0,0.0,0.0,0.0,0.0,0.0,0.0,0.0,0.0,0.0,0.0,0.0,0.0,0.0,0.0,0.0,0.0,0.0,0.0,0.0,0.0,0.0,0.0,0.0,0.0,0.0,0.0,0.0,0.0,0.0,0.0,0.0,0.0,0.0,0.0,0.0,0.0,0.0,0.0,0.0,0.0,0.0,0.0,0.0,0.0,0.0,0.0,0.0,0.0,0.0,0.0,0.0,0.0,0.0,0.0,0.0,0.0,0.0,0.0,0.0,0.0,0.0,0.0,0.0,0.0,0.0,0.0,0.0,0.0,0.0,0.0,0.0,0.0,0.0,0.0,0.0,0.0,0.0,0.0,0.0,0.0,0.0,0.0,0.0,0.0,0.0,0.0,0.0,0.0,0.0,0.0,0.0,0.0,0.0,0.0,0.0,0.0,0.0,0.0,0.0,0.0,0.0,0
tS1doiMBz4Y,903.0,903.0,903.0,903.0,903.0,903.0,903.0,903.0,903.0,903.0,903.0,903.0,903.0,903.0,903.0,903.0,903.0,903.0,903.0,902.0,902.0,902.0,902.0,902.0,903.0,903.0,903.0,904.0,904.0,904.0,904.0,905.0,906.0,906.0,906.0,903.0,904.0,904.0,902.0,902.0,902.0,901.0,901.0,901.0,901.0,901.0,901.0,901.0,901.0,901.0,901.0,902.0,902.0,902.0,902.0,902.0,902.0,902.0,902.0,902.0,902.0,902.0,902.0,902.0,903.0,903.0,903.0,902.0,902.0,902.0,903.0,903.0,902.0,903.0,902.0,903.0,903.0,903.0,903.0,903.0,903.0,903.0,903.0,903.0,902.0,902.0,902.0,902.0,902.0,902.0,902.0,902.0,902.0,902.0,902.0,901.0,901.0,901.0,901.0,901.0,901.0,901.0,901.0,901.0,901.0,901.0,901.0,901.0,899.0,899.0,899.0,899.0,899.0,899.0,899.0,899.0,899.0,899.0,899.0,899.0,899.0,899.0,899.0,899.0,899.0,899
JXfqzAEHJqQ,7428.0,7439.0,7453.0,7465.0,7477.0,7479.0,7492.0,7523.0,7533.0,7548.0,7556.0,7565.0,7568.0,7580.0,7586.0,7594.0,7595.0,7599.0,7606.0,7611.0,7618.0,7622.0,7626.0,7638.0,7645.0,7656.0,7657.0,7664.0,7671.0,7675.0,7681.0,7684.0,7698.0,7715.0,7719.0,7731.0,7753.0,7765.0,7771.0,7778.0,7792.0,7798.0,7799.0,7806.0,7816.0,7783.0,7784.0,7793.0,7799.0,7809.0,7813.0,7822.0,7827.0,7832.0,7844.0,7848.0,7848.0,7850.0,7852.0,7856.0,7860.0,7862.0,7866.0,7870.0,7872.0,7872.0,7875.0,7879.0,7877.0,7886.0,7897.0,7898.0,7898.0,7902.0,7913.0,7916.0,7917.0,7932.0,7948.0,7961.0,7978.0,7994.0,8008.0,8020.0,8029.0,8030.0,8033.0,8045.0,8051.0,8060.0,8065.0,8072.0,8074.0,8085.0,8079.0,8086.0,8088.0,8097.0,8099.0,8108.0,8111.0,8114.0,8119.0,8121.0,8126.0,8131.0,8134.0,8137.0,8148.0,8157.0,8177.0,8186.0,8197.0,8204.0,8205.0,8210.0,8226.0,8241.0,8246.0,8252.0,8257.0,8262.0,8264.0,8266.0,8267.0,8267
JoQ8SA1Mj_U,2245.0,2247.0,2246.0,2249.0,2252.0,2252.0,2253.0,2256.0,2259.0,2260.0,2261.0,2262.0,2263.0,2265.0,2266.0,2266.0,2266.0,2266.0,2265.0,2266.0,2267.0,2269.0,2269.0,2270.0,2271.0,2272.0,2273.0,2273.0,2274.0,2275.0,2276.0,2277.0,2278.0,2278.0,2280.0,2282.0,2282.0,2285.0,2285.0,2289.0,2289.0,2291.0,2293.0,2295.0,2298.0,2302.0,2304.0,2305.0,2306.0,2310.0,2310.0,2312.0,2313.0,2315.0,2315.0,2319.0,2319.0,2321.0,2321.0,2324.0,2327.0,2329.0,2329.0,2332.0,2332.0,2332.0,2332.0,2334.0,2335.0,2336.0,2336.0,2336.0,2337.0,2337.0,2339.0,2343.0,2343.0,2345.0,2348.0,2348.0,2348.0,2348.0,2349.0,2349.0,2349.0,2349.0,2349.0,2348.0,2348.0,2349.0,2349.0,2350.0,2352.0,2353.0,2353.0,2358.0,2361.0,2362.0,2364.0,2365.0,2366.0,2366.0,2368.0,2371.0,2372.0,2372.0,2374.0,2376.0,2375.0,2377.0,2377.0,2377.0,2377.0,2378.0,2378.0,2378.0,2379.0,2380.0,2381.0,2381.0,2381.0,2382.0,2384.0,2384.0,2386.0,2386
JoQ8SA1Mj_U,2245.0,2247.0,2246.0,2249.0,2252.0,2252.0,2253.0,2256.0,2259.0,2260.0,2261.0,2262.0,2263.0,2265.0,2266.0,2266.0,2266.0,2266.0,2265.0,2266.0,2267.0,2269.0,2269.0,2270.0,2271.0,2272.0,2273.0,2273.0,2274.0,2275.0,2276.0,2277.0,2278.0,2278.0,2280.0,2282.0,2282.0,2285.0,2285.0,2289.0,2289.0,2291.0,2293.0,2295.0,2298.0,2302.0,2304.0,2305.0,2306.0,2310.0,2310.0,2312.0,2313.0,2315.0,2315.0,2319.0,2319.0,2321.0,2321.0,2324.0,2327.0,2329.0,2329.0,2332.0,2332.0,2332.0,2332.0,2334.0,2335.0,2336.0,2336.0,2336.0,2337.0,2337.0,2339.0,2343.0,2343.0,2345.0,2348.0,2348.0,2348.0,2348.0,2349.0,2349.0,2349.0,2349.0,2349.0,2348.0,2348.0,2349.0,2349.0,2350.0,2352.0,2353.0,2353.0,2358.0,2361.0,2362.0,2364.0,2365.0,2366.0,2366.0,2368.0,2371.0,2372.0,2372.0,2374.0,2376.0,2375.0,2377.0,2377.0,2377.0,2377.0,2378.0,2378.0,2378.0,2379.0,2380.0,2381.0,2381.0,2381.0,2382.0,2384.0,2384.0,2386.0,2386
VWArEaFc7vk,953.0,953.0,953.0,953.0,952.0,952.0,954.0,954.0,954.0,955.0,955.0,955.0,954.0,954.0,954.0,954.0,954.0,954.0,953.0,953.0,953.0,952.0,952.0,952.0,952.0,952.0,951.0,951.0,951.0,950.0,950.0,951.0,951.0,951.0,950.0,950.0,951.0,951.0,951.0,951.0,951.0,951.0,951.0,951.0,951.0,950.0,950.0,950.0,950.0,950.0,950.0,951.0,951.0,951.0,951.0,951.0,952.0,952.0,952.0,952.0,952.0,952.0,954.0,954.0,954.0,955.0,955.0,955.0,954.0,955.0,955.0,954.0,955.0,956.0,956.0,954.0,954.0,954.0,954.0,953.0,953.0,953.0,953.0,953.0,954.0,954.0,954.0,954.0,955.0,955.0,955.0,955.0,955.0,955.0,956.0,956.0,956.0,956.0,956.0,956.0,956.0,956.0,956.0,956.0,956.0,956.0,956.0,956.0,956.0,956.0,957.0,956.0,956.0,957.0,957.0,957.0,957.0,957.0,957.0,957.0,957.0,957.0,957.0,957.0,957.0,957
1fREMIhh7c4,5.0,5.0,5.0,5.0,5.0,5.0,5.0,5.0,5.0,5.0,5.0,5.0,5.0,5.0,5.0,5.0,5.0,5.0,5.0,5.0,5.0,5.0,5.0,5.0,5.0,5.0,5.0,5.0,5.0,5.0,5.0,5.0,5.0,5.0,5.0,5.0,5.0,5.0,5.0,5.0,5.0,5.0,5.0,5.0,5.0,5.0,5.0,5.0,5.0,5.0,5.0,5.0,5.0,5.0,5.0,5.0,5.0,5.0,5.0,5.0,5.0,5.0,5.0,5.0,5.0,5.0,5.0,5.0,5.0,5.0,5.0,5.0,5.0,5.0,5.0,5.0,5.0,5.0,5.0,5.0,5.0,5.0,5.0,5.0,5.0,5.0,5.0,5.0,5.0,5.0,5.0,5.0,5.0,5.0,5.0,5.0,5.0,5.0,5.0,5.0,5.0,5.0,5.0,5.0,5.0,5.0,5.0,5.0,5.0,5.0,5.0,5.0,5.0,5.0,5.0,5.0,5.0,5.0,5.0,5.0,5.0,5.0,5.0,5.0,5.0,5
lDHo9eDZaJY,129.0,129.0,129.0,129.0,129.0,129.0,129.0,129.0,129.0,129.0,129.0,129.0,129.0,129.0,129.0,129.0,129.0,129.0,129.0,129.0,129.0,129.0,129.0,129.0,129.0,129.0,129.0,129.0,129.0,129.0,129.0,130.0,130.0,130.0,130.0,130.0,130.0,130.0,130.0,130.0,130.0,130.0,130.0,130.0,130.0,130.0,130.0,130.0,130.0,130.0,130.0,130.0,130.0,130.0,130.0,130.0,130.0,129.0,129.0,129.0,129.0,129.0,129.0,129.0,129.0,129.0,129.0,129.0,129.0,129.0,129.0,129.0,129.0,129.0,129.0,129.0,129.0,129.0,129.0,129.0,129.0,129.0,129.0,129.0,129.0,129.0,129.0,129.0,129.0,129.0,129.0,129.0,129.0,129.0,129.0,129.0,129.0,129.0,129.0,129.0,129.0,129.0,129.0,129.0,129.0,129.0,130.0,130.0,130.0,130.0,130.0,130.0,130.0,130.0,130.0,130.0,130.0,130.0,130.0,130.0,130.0,130.0,130.0,130.0,130.0,130
NhoZ_BYqp0I,3156.0,3160.0,3160.0,3163.0,3168.0,3172.0,3174.0,3173.0,3179.0,3182.0,3186.0,3188.0,3191.0,3192.0,3192.0,3194.0,3197.0,3197.0,3177.0,3180.0,3181.0,3183.0,3184.0,3185.0,3184.0,3185.0,3186.0,3189.0,3190.0,3192.0,3198.0,3205.0,3209.0,3209.0,3210.0,3213.0,3224.0,3232.0,3235.0,3239.0,3241.0,3241.0,3243.0,3245.0,3245.0,3245.0,3244.0,3245.0,3245.0,3248.0,3249.0,3252.0,3252.0,3254.0,3254.0,3257.0,3257.0,3257.0,3258.0,3259.0,3261.0,3262.0,3269.0,3271.0,3272.0,3272.0,3274.0,3278.0,3277.0,3280.0,3282.0,3283.0,3287.0,3288.0,3290.0,3294.0,3297.0,3302.0,3302.0,3302.0,3320.0,3320.0,3322.0,3325.0,3326.0,3327.0,3334.0,3338.0,3343.0,3345.0,3346.0,3347.0,3348.0,3352.0,3356.0,3357.0,3360.0,3360.0,3363.0,3366.0,3372.0,3375.0,3382.0,3382.0,3389.0,3393.0,3396.0,3398.0,3401.0,3403.0,3406.0,3409.0,3410.0,3414.0,3418.0,3418.0,3419.0,3421.0,3421.0,3421.0,3423.0,3428.0,3431.0,3431.0,3434.0,3439
piHRt4SPSBg,63.0,63.0,63.0,63.0,63.0,63.0,64.0,64.0,64.0,64.0,64.0,64.0,64.0,64.0,64.0,64.0,64.0,64.0,64.0,64.0,64.0,65.0,65.0,65.0,65.0,65.0,65.0,65.0,65.0,65.0,65.0,65.0,65.0,65.0,65.0,65.0,65.0,65.0,65.0,65.0,65.0,65.0,65.0,65.0,65.0,65.0,65.0,65.0,66.0,66.0,66.0,66.0,66.0,66.0,66.0,66.0,66.0,66.0,66.0,66.0,66.0,66.0,66.0,66.0,66.0,66.0,66.0,66.0,66.0,66.0,66.0,66.0,66.0,66.0,66.0,66.0,66.0,66.0,66.0,66.0,66.0,66.0,66.0,66.0,66.0,66.0,66.0,66.0,66.0,66.0,66.0,66.0,66.0,66.0,66.0,66.0,66.0,66.0,66.0,66.0,66.0,66.0,66.0,66.0,66.0,66.0,66.0,66.0,66.0,66.0,66.0,66.0,66.0,66.0,66.0,66.0,66.0,66.0,66.0,66.0,66.0,66.0,66.0,66.0,66.0,66
JtqjGtV-rqk,17.0,17.0,17.0,17.0,17.0,17.0,17.0,17.0,17.0,17.0,17.0,17.0,17.0,17.0,17.0,17.0,17.0,17.0,17.0,17.0,17.0,17.0,17.0,17.0,17.0,17.0,17.0,17.0,17.0,17.0,17.0,17.0,17.0,17.0,17.0,17.0,17.0,17.0,17.0,17.0,17.0,17.0,17.0,17.0,17.0,17.0,17.0,17.0,17.0,17.0,17.0,17.0,17.0,17.0,17.0,17.0,17.0,17.0,17.0,17.0,17.0,17.0,17.0,17.0,17.0,17.0,17.0,17.0,17.0,17.0,17.0,17.0,17.0,17.0,17.0,17.0,17.0,17.0,17.0,17.0,17.0,17.0,17.0,17.0,17.0,17.0,17.0,17.0,17.0,17.0,17.0,17.0,17.0,17.0,17.0,17.0,17.0,17.0,17.0,17.0,17.0,17.0,17.0,17.0,17.0,17.0,17.0,17.0,17.0,17.0,17.0,17.0,17.0,17.0,17.0,17.0,17.0,17.0,17.0,17.0,17.0,17.0,17.0,17.0,17.0,17
wfOuIA233zY,0.0,0.0,0.0,0.0,0.0,0.0,0.0,0.0,0.0,0.0,0.0,0.0,0.0,0.0,0.0,0.0,0.0,0.0,0.0,0.0,0.0,0.0,0.0,0.0,0.0,0.0,0.0,0.0,0.0,0.0,0.0,0.0,0.0,0.0,0.0,0.0,0.0,0.0,0.0,0.0,0.0,0.0,0.0,0.0,0.0,0.0,0.0,0.0,0.0,0.0,0.0,0.0,0.0,0.0,0.0,0.0,0.0,0.0,0.0,0.0,0.0,0.0,0.0,0.0,0.0,0.0,0.0,0.0,0.0,0.0,0.0,0.0,0.0,0.0,0.0,0.0,0.0,0.0,0.0,0.0,0.0,0.0,0.0,0.0,0.0,0.0,0.0,0.0,0.0,0.0,0.0,0.0,0.0,0.0,0.0,0.0,0.0,0.0,0.0,0.0,0.0,0.0,0.0,0.0,0.0,0.0,0.0,0.0,0.0,0.0,0.0,0.0,0.0,0.0,0.0,0.0,0.0,0.0,0.0,0.0,0.0,0.0,0.0,0.0,0.0,0
5SPkKhMeNjI,377.0,377.0,377.0,377.0,377.0,377.0,377.0,377.0,377.0,377.0,377.0,377.0,377.0,377.0,377.0,377.0,377.0,377.0,377.0,377.0,378.0,378.0,378.0,378.0,379.0,379.0,379.0,379.0,379.0,379.0,379.0,379.0,379.0,379.0,379.0,379.0,379.0,379.0,379.0,379.0,379.0,379.0,379.0,379.0,379.0,379.0,379.0,379.0,379.0,379.0,379.0,380.0,380.0,380.0,380.0,380.0,380.0,380.0,380.0,381.0,381.0,381.0,381.0,381.0,381.0,381.0,381.0,381.0,381.0,381.0,381.0,381.0,381.0,380.0,380.0,380.0,381.0,381.0,381.0,381.0,380.0,382.0,382.0,383.0,383.0,383.0,382.0,382.0,382.0,382.0,382.0,382.0,382.0,381.0,381.0,381.0,381.0,381.0,382.0,382.0,382.0,382.0,383.0,383.0,383.0,383.0,383.0,383.0,383.0,383.0,383.0,383.0,383.0,383.0,383.0,383.0,384.0,384.0,384.0,384.0,384.0,384.0,385.0,385.0,385.0,385
KM-YzSbGT4s,10302.0,10304.0,10304.0,10306.0,10313.0,10313.0,10315.0,10316.0,10319.0,10318.0,10323.0,10326.0,10327.0,10330.0,10333.0,10333.0,10334.0,10336.0,10341.0,10339.0,10339.0,10340.0,10343.0,10355.0,10358.0,10364.0,10369.0,10377.0,10380.0,10381.0,10381.0,10383.0,10386.0,10392.0,10395.0,10395.0,10394.0,10394.0,10396.0,10398.0,10402.0,10402.0,10404.0,10406.0,10406.0,10408.0,10408.0,10408.0,10407.0,10408.0,10408.0,10408.0,10408.0,10408.0,10409.0,10409.0,10407.0,10406.0,10406.0,10409.0,10410.0,10412.0,10411.0,10409.0,10409.0,10410.0,10410.0,10411.0,10412.0,10411.0,10413.0,10414.0,10413.0,10413.0,10414.0,10416.0,10416.0,10417.0,10419.0,10420.0,10421.0,10420.0,10421.0,10421.0,10418.0,10419.0,10420.0,10421.0,10421.0,10421.0,10423.0,10423.0,10420.0,10422.0,10423.0,10424.0,10423.0,10424.0,10423.0,10425.0,10423.0,10423.0,10424.0,10428.0,10428.0,10429.0,10430.0,10430.0,10433.0,10434.0,10427.0,10427.0,10429.0,10433.0,10433.0,10433.0,10434.0,10434.0,10435.0,10434.0,10435.0,10436.0,10436.0,10436.0,10436.0,10437
qaN1uvWiRCE,382.0,382.0,382.0,383.0,383.0,383.0,384.0,384.0,384.0,384.0,384.0,386.0,387.0,386.0,387.0,387.0,387.0,387.0,387.0,388.0,388.0,388.0,389.0,389.0,390.0,390.0,390.0,390.0,390.0,390.0,390.0,394.0,394.0,394.0,394.0,395.0,395.0,396.0,396.0,397.0,397.0,397.0,396.0,396.0,395.0,395.0,395.0,395.0,397.0,398.0,398.0,398.0,399.0,399.0,399.0,399.0,401.0,401.0,401.0,401.0,401.0,401.0,400.0,400.0,400.0,400.0,401.0,401.0,402.0,402.0,403.0,403.0,403.0,403.0,403.0,403.0,403.0,405.0,405.0,406.0,406.0,406.0,406.0,406.0,406.0,406.0,405.0,405.0,405.0,405.0,405.0,405.0,405.0,405.0,405.0,405.0,405.0,405.0,405.0,405.0,405.0,405.0,405.0,405.0,405.0,405.0,405.0,405.0,405.0,405.0,405.0,405.0,405.0,405.0,405.0,405.0,405.0,405.0,405.0,405.0,405.0,405.0,405.0,405.0,405.0,405
fTVo7DLD5AA,49.0,49.0,49.0,49.0,49.0,49.0,49.0,49.0,49.0,49.0,50.0,51.0,51.0,51.0,51.0,51.0,51.0,51.0,51.0,51.0,51.0,51.0,51.0,51.0,51.0,51.0,51.0,51.0,51.0,51.0,51.0,51.0,51.0,51.0,51.0,51.0,51.0,51.0,51.0,51.0,51.0,52.0,51.0,51.0,51.0,51.0,51.0,51.0,51.0,51.0,51.0,51.0,51.0,51.0,51.0,51.0,51.0,51.0,51.0,51.0,51.0,51.0,51.0,51.0,51.0,51.0,51.0,51.0,51.0,51.0,51.0,51.0,51.0,51.0,51.0,51.0,51.0,51.0,51.0,51.0,51.0,51.0,51.0,51.0,51.0,51.0,51.0,51.0,51.0,51.0,51.0,51.0,51.0,51.0,51.0,51.0,51.0,51.0,51.0,51.0,51.0,51.0,51.0,51.0,51.0,53.0,53.0,53.0,53.0,53.0,53.0,53.0,53.0,53.0,53.0,53.0,53.0,53.0,54.0,54.0,54.0,54.0,54.0,54.0,54.0,54
QsQJJcyG34o,0.0,0.0,0.0,0.0,0.0,0.0,0.0,0.0,0.0,0.0,0.0,0.0,0.0,0.0,0.0,0.0,0.0,0.0,0.0,0.0,0.0,0.0,0.0,0.0,0.0,0.0,0.0,0.0,0.0,0.0,0.0,0.0,0.0,0.0,0.0,0.0,0.0,0.0,0.0,0.0,0.0,0.0,0.0,0.0,0.0,0.0,0.0,0.0,0.0,0.0,0.0,0.0,0.0,0.0,0.0,0.0,0.0,0.0,0.0,0.0,0.0,0.0,0.0,0.0,0.0,0.0,0.0,0.0,0.0,0.0,0.0,0.0,0.0,0.0,0.0,0.0,0.0,0.0,0.0,0.0,0.0,0.0,0.0,0.0,0.0,0.0,0.0,0.0,0.0,0.0,0.0,0.0,0.0,0.0,0.0,0.0,0.0,0.0,0.0,0.0,0.0,0.0,0.0,0.0,0.0,0.0,0.0,0.0,0.0,0.0,0.0,0.0,0.0,0.0,0.0,0.0,0.0,0.0,0.0,0.0,0.0,0.0,0.0,0.0,0.0,0
iAF3VqgpgjI,108.0,108.0,108.0,108.0,108.0,108.0,108.0,108.0,108.0,108.0,108.0,108.0,108.0,108.0,108.0,108.0,108.0,108.0,108.0,108.0,108.0,108.0,108.0,108.0,108.0,108.0,108.0,108.0,108.0,108.0,108.0,108.0,108.0,108.0,108.0,108.0,108.0,108.0,108.0,108.0,108.0,108.0,108.0,108.0,108.0,108.0,108.0,108.0,108.0,108.0,108.0,108.0,108.0,108.0,108.0,108.0,108.0,108.0,108.0,109.0,109.0,109.0,109.0,109.0,109.0,109.0,109.0,109.0,109.0,109.0,109.0,109.0,109.0,109.0,109.0,109.0,109.0,111.0,111.0,111.0,111.0,111.0,112.0,112.0,112.0,112.0,112.0,112.0,112.0,112.0,112.0,112.0,112.0,112.0,112.0,113.0,113.0,113.0,113.0,113.0,113.0,113.0,113.0,113.0,112.0,112.0,112.0,112.0,112.0,112.0,112.0,112.0,112.0,112.0,112.0,112.0,112.0,112.0,112.0,112.0,112.0,112.0,112.0,112.0,112.0,112
nSfvlJcb-3g,1158.0,1158.0,1159.0,1160.0,1160.0,1159.0,1159.0,1159.0,1159.0,1160.0,1160.0,1160.0,1160.0,1160.0,1160.0,1160.0,1160.0,1160.0,1160.0,1160.0,1162.0,1162.0,1162.0,1162.0,1162.0,1162.0,1162.0,1162.0,1162.0,1161.0,1161.0,1161.0,1161.0,1160.0,1160.0,1160.0,1160.0,1160.0,1159.0,1159.0,1159.0,1159.0,1159.0,1159.0,1159.0,1159.0,1159.0,1159.0,1159.0,1159.0,1158.0,1159.0,1159.0,1159.0,1160.0,1160.0,1160.0,1161.0,1161.0,1162.0,1162.0,1162.0,1162.0,1163.0,1163.0,1163.0,1163.0,1163.0,1164.0,1164.0,1164.0,1164.0,1164.0,1164.0,1164.0,1164.0,1164.0,1164.0,1164.0,1164.0,1164.0,1164.0,1164.0,1164.0,1164.0,1164.0,1164.0,1163.0,1163.0,1163.0,1163.0,1163.0,1163.0,1164.0,1164.0,1164.0,1164.0,1164.0,1164.0,1164.0,1164.0,1164.0,1164.0,1164.0,1164.0,1164.0,1164.0,1165.0,1165.0,1165.0,1165.0,1165.0,1166.0,1166.0,1166.0,1166.0,1166.0,1166.0,1166.0,1166.0,1166.0,1166.0,1166.0,1166.0,1166.0,1166
6uTT3pK2PqQ,0.0,0.0,0.0,0.0,0.0,0.0,0.0,0.0,0.0,0.0,0.0,0.0,0.0,0.0,0.0,0.0,0.0,0.0,0.0,0.0,0.0,0.0,0.0,0.0,0.0,0.0,0.0,0.0,0.0,0.0,0.0,0.0,0.0,0.0,0.0,0.0,0.0,0.0,0.0,0.0,0.0,0.0,0.0,0.0,0.0,0.0,0.0,0.0,0.0,0.0,0.0,0.0,0.0,0.0,0.0,0.0,0.0,0.0,0.0,0.0,0.0,0.0,0.0,0.0,0.0,0.0,0.0,0.0,0.0,0.0,0.0,0.0,0.0,0.0,0.0,0.0,0.0,0.0,0.0,0.0,0.0,0.0,0.0,0.0,0.0,0.0,0.0,0.0,0.0,0.0,0.0,0.0,0.0,0.0,0.0,0.0,0.0,0.0,0.0,0.0,0.0,0.0,0.0,0.0,0.0,0.0,0.0,0.0,0.0,0.0,0.0,0.0,0.0,0.0,0.0,0.0,0.0,0.0,0.0,0.0,0.0,0.0,0.0,0.0,0.0,0
6uTT3pK2PqQ,0.0,0.0,0.0,0.0,0.0,0.0,0.0,0.0,0.0,0.0,0.0,0.0,0.0,0.0,0.0,0.0,0.0,0.0,0.0,0.0,0.0,0.0,0.0,0.0,0.0,0.0,0.0,0.0,0.0,0.0,0.0,0.0,0.0,0.0,0.0,0.0,0.0,0.0,0.0,0.0,0.0,0.0,0.0,0.0,0.0,0.0,0.0,0.0,0.0,0.0,0.0,0.0,0.0,0.0,0.0,0.0,0.0,0.0,0.0,0.0,0.0,0.0,0.0,0.0,0.0,0.0,0.0,0.0,0.0,0.0,0.0,0.0,0.0,0.0,0.0,0.0,0.0,0.0,0.0,0.0,0.0,0.0,0.0,0.0,0.0,0.0,0.0,0.0,0.0,0.0,0.0,0.0,0.0,0.0,0.0,0.0,0.0,0.0,0.0,0.0,0.0,0.0,0.0,0.0,0.0,0.0,0.0,0.0,0.0,0.0,0.0,0.0,0.0,0.0,0.0,0.0,0.0,0.0,0.0,0.0,0.0,0.0,0.0,0.0,0.0,0
852sHqO8k7w,13.0,13.0,13.0,13.0,13.0,13.0,13.0,13.0,13.0,13.0,13.0,13.0,13.0,13.0,13.0,13.0,13.0,13.0,13.0,13.0,13.0,13.0,13.0,12.0,12.0,12.0,13.0,13.0,13.0,13.0,13.0,13.0,13.0,13.0,13.0,13.0,13.0,13.0,13.0,13.0,13.0,13.0,13.0,13.0,13.0,13.0,13.0,13.0,13.0,13.0,13.0,13.0,13.0,13.0,13.0,13.0,13.0,13.0,13.0,13.0,13.0,13.0,13.0,13.0,13.0,13.0,13.0,13.0,13.0,13.0,13.0,13.0,13.0,13.0,13.0,13.0,13.0,13.0,13.0,13.0,13.0,13.0,13.0,13.0,13.0,13.0,13.0,13.0,13.0,13.0,13.0,13.0,13.0,13.0,13.0,13.0,13.0,13.0,13.0,13.0,13.0,13.0,13.0,13.0,13.0,13.0,13.0,13.0,13.0,13.0,13.0,13.0,13.0,13.0,13.0,13.0,13.0,13.0,13.0,13.0,13.0,13.0,13.0,13.0,13.0,13
C_T3lbBo6Jo,356.0,357.0,357.0,357.0,358.0,358.0,358.0,358.0,358.0,358.0,358.0,358.0,358.0,358.0,358.0,358.0,359.0,359.0,360.0,359.0,360.0,360.0,360.0,360.0,360.0,360.0,360.0,360.0,360.0,360.0,360.0,360.0,360.0,360.0,360.0,360.0,362.0,364.0,364.0,365.0,366.0,366.0,366.0,368.0,368.0,368.0,368.0,368.0,368.0,368.0,368.0,368.0,368.0,368.0,368.0,368.0,369.0,369.0,370.0,370.0,370.0,370.0,370.0,370.0,370.0,370.0,370.0,369.0,369.0,369.0,372.0,373.0,374.0,375.0,376.0,376.0,375.0,375.0,375.0,375.0,375.0,374.0,374.0,374.0,374.0,374.0,379.0,380.0,379.0,380.0,381.0,381.0,381.0,381.0,382.0,382.0,383.0,383.0,383.0,383.0,383.0,385.0,385.0,385.0,385.0,387.0,387.0,388.0,387.0,387.0,387.0,387.0,387.0,387.0,387.0,387.0,387.0,388.0,388.0,388.0,389.0,389.0,389.0,390.0,391.0,391
Sz99FNZJcw8,22.0,22.0,22.0,22.0,22.0,22.0,22.0,22.0,22.0,22.0,22.0,22.0,22.0,22.0,22.0,22.0,22.0,22.0,22.0,22.0,22.0,22.0,22.0,22.0,22.0,22.0,22.0,22.0,22.0,22.0,22.0,22.0,22.0,22.0,22.0,22.0,22.0,22.0,22.0,22.0,22.0,22.0,22.0,22.0,22.0,22.0,22.0,22.0,22.0,22.0,22.0,22.0,22.0,22.0,22.0,22.0,22.0,22.0,22.0,23.0,23.0,23.0,23.0,23.0,23.0,23.0,23.0,23.0,23.0,23.0,23.0,23.0,23.0,23.0,23.0,23.0,23.0,23.0,23.0,23.0,23.0,23.0,23.0,23.0,23.0,23.0,23.0,23.0,23.0,23.0,23.0,23.0,23.0,23.0,23.0,23.0,23.0,23.0,23.0,23.0,23.0,23.0,23.0,23.0,23.0,23.0,23.0,23.0,23.0,23.0,23.0,23.0,23.0,23.0,23.0,23.0,23.0,23.0,23.0,23.0,23.0,23.0,23.0,23.0,23.0,23
cEWYsA22150,9681.0,9686.0,9693.0,9696.0,9698.0,9701.0,9703.0,9706.0,9707.0,9709.0,9711.0,9712.0,9716.0,9715.0,9716.0,9719.0,9722.0,9723.0,9724.0,9725.0,9725.0,9725.0,9726.0,9728.0,9729.0,9731.0,9731.0,9731.0,9730.0,9731.0,9731.0,9731.0,9731.0,9732.0,9732.0,9732.0,9733.0,9734.0,9736.0,9736.0,9737.0,9739.0,9740.0,9740.0,9740.0,9740.0,9739.0,9739.0,9737.0,9737.0,9737.0,9736.0,9736.0,9736.0,9736.0,9736.0,9731.0,9731.0,9732.0,9732.0,9733.0,9732.0,9732.0,9732.0,9732.0,9733.0,9733.0,9733.0,9732.0,9733.0,9733.0,9733.0,9733.0,9734.0,9733.0,9733.0,9733.0,9733.0,9733.0,9733.0,9733.0,9733.0,9728.0,9728.0,9728.0,9727.0,9728.0,9728.0,9728.0,9728.0,9728.0,9722.0,9722.0,9722.0,9722.0,9722.0,9723.0,9723.0,9725.0,9725.0,9725.0,9725.0,9726.0,9726.0,9726.0,9726.0,9725.0,9725.0,9727.0,9727.0,9727.0,9728.0,9728.0,9728.0,9721.0,9721.0,9721.0,9723.0,9728.0,9730.0,9732.0,9732.0,9732.0,9732.0,9732.0,9732
vn3TzKbaGlc,5468.0,5466.0,5465.0,5465.0,5465.0,5465.0,5465.0,5465.0,5465.0,5465.0,5465.0,5465.0,5465.0,5465.0,5464.0,5464.0,5464.0,5464.0,5464.0,5462.0,5462.0,5462.0,5462.0,5462.0,5462.0,5462.0,5462.0,5462.0,5462.0,5462.0,5462.0,5461.0,5461.0,5461.0,5461.0,5459.0,5459.0,5459.0,5459.0,5459.0,5457.0,5457.0,5457.0,5457.0,5457.0,5457.0,5457.0,5457.0,5456.0,5456.0,5456.0,5456.0,5456.0,5456.0,5456.0,5456.0,5456.0,5455.0,5455.0,5454.0,5454.0,5454.0,5454.0,5454.0,5454.0,5454.0,5453.0,5453.0,5452.0,5452.0,5452.0,5451.0,5451.0,5451.0,5450.0,5450.0,5442.0,5442.0,5442.0,5441.0,5441.0,5441.0,5436.0,5436.0,5436.0,5436.0,5436.0,5436.0,5436.0,5436.0,5435.0,5435.0,5435.0,5435.0,5435.0,5435.0,5435.0,5435.0,5434.0,5434.0,5432.0,5432.0,5432.0,5432.0,5432.0,5432.0,5432.0,5432.0,5432.0,5432.0,5432.0,5432.0,5432.0,5432.0,5431.0,5431.0,5431.0,5431.0,5431.0,5431.0,5431.0,5431.0,5431.0,5431.0,5431.0,5431
xQn_Jz2hKKs,1426.0,1428.0,1432.0,1434.0,1435.0,1437.0,1435.0,1438.0,1438.0,1438.0,1439.0,1442.0,1443.0,1444.0,1449.0,1453.0,1454.0,1454.0,1455.0,1456.0,1458.0,1459.0,1454.0,1457.0,1457.0,1458.0,1459.0,1461.0,1462.0,1463.0,1465.0,1471.0,1475.0,1482.0,1490.0,1492.0,1497.0,1499.0,1504.0,1505.0,1506.0,1509.0,1509.0,1510.0,1510.0,1512.0,1514.0,1518.0,1518.0,1518.0,1518.0,1519.0,1521.0,1524.0,1524.0,1524.0,1524.0,1524.0,1524.0,1525.0,1526.0,1526.0,1527.0,1527.0,1528.0,1528.0,1529.0,1529.0,1529.0,1533.0,1534.0,1534.0,1536.0,1536.0,1536.0,1536.0,1536.0,1537.0,1537.0,1538.0,1539.0,1540.0,1542.0,1543.0,1543.0,1543.0,1544.0,1548.0,1548.0,1549.0,1548.0,1547.0,1549.0,1549.0,1550.0,1550.0,1550.0,1551.0,1552.0,1553.0,1554.0,1554.0,1554.0,1554.0,1554.0,1554.0,1556.0,1556.0,1556.0,1556.0,1557.0,1557.0,1557.0,1556.0,1556.0,1557.0,1557.0,1558.0,1558.0,1558.0,1558.0,1558.0,1558.0,1558.0,1558.0,1555
Ae_NlDspcR8,0.0,0.0,0.0,0.0,0.0,0.0,0.0,0.0,0.0,0.0,0.0,0.0,0.0,0.0,0.0,0.0,0.0,0.0,0.0,0.0,0.0,0.0,0.0,0.0,0.0,0.0,0.0,0.0,0.0,0.0,0.0,0.0,0.0,0.0,0.0,0.0,0.0,0.0,0.0,0.0,0.0,0.0,0.0,0.0,0.0,0.0,0.0,0.0,0.0,0.0,0.0,0.0,0.0,0.0,0.0,0.0,0.0,0.0,0.0,0.0,0.0,0.0,0.0,0.0,0.0,0.0,0.0,0.0,0.0,0.0,0.0,0.0,0.0,0.0,0.0,0.0,0.0,0.0,0.0,0.0,0.0,0.0,0.0,0.0,0.0,0.0,0.0,0.0,0.0,0.0,0.0,0.0,0.0,0.0,0.0,0.0,0.0,0.0,0.0,0.0,0.0,0.0,0.0,0.0,0.0,0.0,0.0,0.0,0.0,0.0,0.0,0.0,0.0,0.0,0.0,0.0,0.0,0.0,0.0,0.0,0.0,0.0,0.0,0.0,0.0,0
EDSOKdFhQuE,1759.0,1758.0,1758.0,1758.0,1758.0,1758.0,1760.0,1759.0,1759.0,1760.0,1761.0,1761.0,1761.0,1761.0,1761.0,1762.0,1762.0,1762.0,1762.0,1764.0,1764.0,1765.0,1766.0,1768.0,1768.0,1768.0,1771.0,1771.0,1771.0,1771.0,1771.0,1771.0,1771.0,1772.0,1772.0,1772.0,1773.0,1773.0,1773.0,1773.0,1773.0,1773.0,1775.0,1775.0,1776.0,1777.0,1776.0,1776.0,1776.0,1777.0,1779.0,1779.0,1779.0,1779.0,1779.0,1779.0,1781.0,1781.0,1781.0,1781.0,1780.0,1779.0,1779.0,1779.0,1779.0,1779.0,1779.0,1780.0,1780.0,1780.0,1780.0,1780.0,1780.0,1780.0,1780.0,1779.0,1779.0,1779.0,1780.0,1780.0,1780.0,1780.0,1780.0,1779.0,1781.0,1781.0,1781.0,1782.0,1783.0,1783.0,1783.0,1783.0,1783.0,1783.0,1783.0,1784.0,1784.0,1784.0,1784.0,1785.0,1785.0,1784.0,1784.0,1785.0,1785.0,1785.0,1785.0,1785.0,1785.0,1785.0,1785.0,1786.0,1786.0,1786.0,1786.0,1786.0,1786.0,1786.0,1786.0,1786.0,1787.0,1787.0,1787.0,1787.0,1787.0,1787
4rIsl4GjM9M,0.0,0.0,0.0,0.0,0.0,0.0,0.0,0.0,0.0,0.0,0.0,0.0,0.0,0.0,0.0,0.0,0.0,0.0,0.0,0.0,0.0,0.0,0.0,0.0,0.0,0.0,0.0,0.0,0.0,0.0,0.0,0.0,0.0,0.0,0.0,0.0,0.0,0.0,0.0,0.0,0.0,0.0,0.0,0.0,0.0,0.0,0.0,0.0,0.0,0.0,0.0,0.0,0.0,0.0,0.0,0.0,0.0,0.0,0.0,0.0,0.0,0.0,0.0,0.0,0.0,0.0,0.0,0.0,0.0,0.0,0.0,0.0,0.0,0.0,0.0,0.0,0.0,0.0,0.0,0.0,0.0,0.0,0.0,0.0,0.0,0.0,0.0,0.0,0.0,0.0,0.0,0.0,0.0,0.0,0.0,0.0,0.0,0.0,0.0,0.0,0.0,0.0,0.0,0.0,0.0,0.0,0.0,0.0,0.0,0.0,0.0,0.0,0.0,0.0,0.0,0.0,0.0,0.0,0.0,0.0,0.0,0.0,0.0,0.0,0.0,0
LGsdsDQznio,0.0,0.0,0.0,0.0,0.0,0.0,0.0,0.0,0.0,0.0,0.0,0.0,0.0,0.0,0.0,0.0,0.0,0.0,0.0,0.0,0.0,0.0,0.0,0.0,0.0,0.0,0.0,0.0,0.0,0.0,0.0,0.0,0.0,0.0,0.0,0.0,0.0,0.0,0.0,0.0,0.0,0.0,0.0,0.0,0.0,0.0,0.0,0.0,0.0,0.0,0.0,0.0,0.0,0.0,0.0,0.0,0.0,0.0,0.0,0.0,0.0,0.0,0.0,0.0,0.0,0.0,0.0,0.0,0.0,0.0,0.0,0.0,0.0,0.0,0.0,0.0,0.0,0.0,0.0,0.0,0.0,0.0,0.0,0.0,0.0,0.0,0.0,0.0,0.0,0.0,0.0,0.0,0.0,0.0,0.0,0.0,0.0,0.0,0.0,0.0,0.0,0.0,0.0,0.0,0.0,0.0,0.0,0.0,0.0,0.0,0.0,0.0,0.0,0.0,0.0,0.0,0.0,0.0,0.0,0.0,0.0,0.0,0.0,0.0,0.0,0
0w_GymG3kbc,2095.0,2099.0,2107.0,2111.0,2115.0,2115.0,2115.0,2116.0,2119.0,2124.0,2129.0,2130.0,2129.0,2128.0,2131.0,2137.0,2135.0,2136.0,2134.0,2135.0,2135.0,2138.0,2140.0,2141.0,2146.0,2150.0,2152.0,2152.0,2153.0,2155.0,2155.0,2158.0,2159.0,2155.0,2157.0,2160.0,2160.0,2161.0,2163.0,2162.0,2165.0,2166.0,2168.0,2164.0,2168.0,2168.0,2176.0,2178.0,2182.0,2180.0,2182.0,2183.0,2183.0,2185.0,2189.0,2193.0,2193.0,2195.0,2195.0,2196.0,2199.0,2203.0,2204.0,2207.0,2211.0,2211.0,2211.0,2216.0,2218.0,2218.0,2219.0,2220.0,2222.0,2222.0,2224.0,2226.0,2228.0,2229.0,2233.0,2234.0,2234.0,2236.0,2237.0,2237.0,2237.0,2237.0,2240.0,2240.0,2240.0,2240.0,2242.0,2241.0,2242.0,2243.0,2243.0,2243.0,2244.0,2244.0,2245.0,2226.0,2226.0,2227.0,2227.0,2227.0,2227.0,2227.0,2228.0,2226.0,2226.0,2226.0,2226.0,2229.0,2229.0,2226.0,2227.0,2227.0,2227.0,2227.0,2227.0,2227.0,2168.0,2168.0,2168.0,2168.0,2169.0,2170
fLi0EJfi_vg,31123.0,31134.0,31139.0,31143.0,31160.0,31160.0,31179.0,31186.0,31193.0,31203.0,31212.0,31216.0,31226.0,31234.0,31241.0,31252.0,31255.0,31270.0,31283.0,31305.0,31307.0,31314.0,31307.0,31311.0,31297.0,31304.0,31313.0,31316.0,31326.0,31330.0,31335.0,31342.0,31344.0,31345.0,31353.0,31353.0,31364.0,31377.0,31384.0,31390.0,31381.0,31390.0,31394.0,31389.0,31397.0,31400.0,31408.0,31416.0,31431.0,31436.0,31452.0,31457.0,31458.0,31465.0,31473.0,31475.0,31483.0,31488.0,31496.0,31506.0,31519.0,31516.0,31523.0,31528.0,31534.0,31540.0,31547.0,31553.0,31551.0,31556.0,31569.0,31580.0,31580.0,31586.0,31599.0,31612.0,31621.0,31618.0,31624.0,31627.0,31630.0,31633.0,31630.0,31638.0,31645.0,31643.0,31649.0,31660.0,31665.0,31673.0,31677.0,31679.0,31683.0,31685.0,31691.0,31697.0,31700.0,31706.0,31707.0,31712.0,31715.0,31717.0,31719.0,31728.0,31728.0,31731.0,31736.0,31742.0,31726.0,31731.0,31735.0,31738.0,31746.0,31752.0,31765.0,31778.0,31787.0,31804.0,31811.0,31814.0,31821.0,31815.0,31825.0,31834.0,31835.0,31839
IPkjwbS8VYk,0.0,0.0,0.0,0.0,0.0,0.0,0.0,0.0,0.0,0.0,0.0,0.0,0.0,0.0,0.0,0.0,0.0,0.0,0.0,0.0,0.0,0.0,0.0,0.0,0.0,0.0,0.0,0.0,0.0,0.0,0.0,0.0,0.0,0.0,0.0,0.0,0.0,0.0,0.0,0.0,0.0,0.0,0.0,0.0,0.0,0.0,0.0,0.0,0.0,0.0,0.0,0.0,0.0,0.0,0.0,0.0,0.0,0.0,0.0,0.0,0.0,0.0,0.0,0.0,0.0,0.0,0.0,0.0,0.0,0.0,0.0,0.0,0.0,0.0,0.0,0.0,0.0,0.0,0.0,0.0,0.0,0.0,0.0,0.0,0.0,0.0,0.0,0.0,0.0,0.0,0.0,0.0,0.0,0.0,0.0,0.0,0.0,0.0,0.0,0.0,0.0,0.0,0.0,0.0,0.0,0.0,0.0,0.0,0.0,0.0,0.0,0.0,0.0,0.0,0.0,0.0,0.0,0.0,0.0,0.0,0.0,0.0,0.0,0.0,0.0,0
IAnuBDe1g0M,0.0,0.0,0.0,0.0,0.0,0.0,0.0,0.0,0.0,0.0,0.0,0.0,0.0,0.0,0.0,0.0,0.0,0.0,0.0,0.0,0.0,0.0,0.0,0.0,0.0,0.0,0.0,0.0,0.0,0.0,0.0,0.0,0.0,0.0,0.0,0.0,0.0,0.0,0.0,0.0,0.0,0.0,0.0,0.0,0.0,0.0,0.0,0.0,0.0,0.0,0.0,0.0,0.0,0.0,0.0,0.0,0.0,0.0,0.0,0.0,0.0,0.0,0.0,0.0,0.0,0.0,0.0,0.0,0.0,0.0,0.0,0.0,0.0,0.0,0.0,0.0,0.0,0.0,0.0,0.0,0.0,0.0,0.0,0.0,0.0,0.0,0.0,0.0,0.0,0.0,0.0,0.0,0.0,0.0,0.0,0.0,0.0,0.0,0.0,0.0,0.0,0.0,0.0,0.0,0.0,0.0,0.0,0.0,0.0,0.0,0.0,0.0,0.0,0.0,0.0,0.0,0.0,0.0,0.0,0.0,0.0,0.0,0.0,0.0,0.0,0
M06MikdBQ1Q,0.0,0.0,0.0,0.0,0.0,0.0,0.0,0.0,0.0,0.0,0.0,0.0,0.0,0.0,0.0,0.0,0.0,0.0,0.0,0.0,0.0,0.0,0.0,0.0,0.0,0.0,0.0,0.0,0.0,0.0,0.0,0.0,0.0,0.0,0.0,0.0,0.0,0.0,0.0,0.0,0.0,0.0,0.0,0.0,0.0,0.0,0.0,0.0,0.0,0.0,0.0,0.0,0.0,0.0,0.0,0.0,0.0,0.0,0.0,0.0,0.0,0.0,0.0,0.0,0.0,0.0,0.0,0.0,0.0,0.0,0.0,0.0,0.0,0.0,0.0,0.0,0.0,0.0,0.0,0.0,0.0,0.0,0.0,0.0,0.0,0.0,0.0,0.0,0.0,0.0,0.0,0.0,0.0,0.0,0.0,0.0,0.0,0.0,0.0,0.0,0.0,0.0,0.0,0.0,0.0,0.0,0.0,0.0,0.0,0.0,0.0,0.0,0.0,0.0,0.0,0.0,0.0,0.0,0.0,0.0,0.0,0.0,0.0,0.0,0.0,0
Gh3y9b7S8ZE,0.0,0.0,0.0,0.0,0.0,0.0,0.0,0.0,0.0,0.0,0.0,0.0,0.0,0.0,0.0,0.0,0.0,0.0,0.0,0.0,0.0,0.0,0.0,0.0,0.0,0.0,0.0,0.0,0.0,0.0,0.0,0.0,0.0,0.0,0.0,0.0,0.0,0.0,0.0,0.0,0.0,0.0,0.0,0.0,0.0,0.0,0.0,0.0,0.0,0.0,0.0,0.0,0.0,0.0,0.0,0.0,0.0,0.0,0.0,0.0,0.0,0.0,0.0,0.0,0.0,0.0,0.0,0.0,0.0,0.0,0.0,0.0,0.0,0.0,0.0,0.0,0.0,0.0,0.0,0.0,0.0,0.0,0.0,0.0,0.0,0.0,0.0,0.0,0.0,0.0,0.0,0.0,0.0,0.0,0.0,0.0,0.0,0.0,0.0,0.0,0.0,0.0,0.0,0.0,0.0,0.0,0.0,0.0,0.0,0.0,0.0,0.0,0.0,0.0,0.0,0.0,0.0,0.0,0.0,0.0,0.0,0.0,0.0,0.0,0.0,0
3rkQkpXIYh4,51.0,51.0,51.0,51.0,51.0,51.0,51.0,51.0,51.0,52.0,52.0,52.0,52.0,52.0,52.0,52.0,52.0,52.0,52.0,53.0,53.0,53.0,53.0,53.0,53.0,53.0,53.0,53.0,53.0,53.0,53.0,53.0,53.0,53.0,53.0,53.0,53.0,53.0,53.0,53.0,53.0,53.0,53.0,53.0,53.0,53.0,53.0,53.0,53.0,53.0,53.0,53.0,53.0,53.0,53.0,53.0,53.0,53.0,53.0,53.0,53.0,53.0,53.0,53.0,53.0,53.0,53.0,53.0,53.0,53.0,53.0,53.0,53.0,53.0,53.0,53.0,53.0,53.0,53.0,53.0,53.0,53.0,53.0,53.0,53.0,53.0,53.0,53.0,53.0,53.0,53.0,53.0,53.0,53.0,53.0,53.0,53.0,53.0,53.0,53.0,53.0,53.0,53.0,53.0,53.0,53.0,53.0,53.0,53.0,53.0,53.0,53.0,53.0,53.0,53.0,53.0,53.0,53.0,53.0,53.0,53.0,53.0,53.0,53.0,53.0,53
DLmtaIlOlcI,442.0,442.0,442.0,442.0,442.0,442.0,442.0,442.0,442.0,442.0,442.0,442.0,442.0,442.0,442.0,442.0,442.0,442.0,442.0,442.0,442.0,442.0,442.0,442.0,442.0,442.0,442.0,442.0,442.0,443.0,443.0,443.0,443.0,443.0,443.0,443.0,444.0,444.0,444.0,444.0,444.0,444.0,446.0,446.0,446.0,446.0,446.0,446.0,446.0,446.0,446.0,446.0,446.0,446.0,446.0,446.0,446.0,446.0,446.0,446.0,446.0,446.0,446.0,446.0,446.0,446.0,447.0,447.0,447.0,447.0,447.0,447.0,447.0,448.0,448.0,448.0,448.0,448.0,448.0,448.0,448.0,448.0,448.0,448.0,448.0,448.0,448.0,448.0,449.0,449.0,449.0,449.0,449.0,449.0,449.0,450.0,450.0,450.0,453.0,453.0,453.0,453.0,453.0,453.0,453.0,454.0,454.0,454.0,454.0,454.0,455.0,455.0,455.0,455.0,455.0,455.0,455.0,455.0,456.0,456.0,456.0,459.0,463.0,469.0,469.0,469
07g_tnrD-sY,847.0,848.0,848.0,849.0,849.0,850.0,850.0,851.0,852.0,852.0,852.0,852.0,852.0,852.0,852.0,854.0,854.0,854.0,854.0,855.0,855.0,856.0,856.0,858.0,858.0,858.0,858.0,859.0,859.0,859.0,859.0,859.0,859.0,859.0,859.0,858.0,859.0,861.0,861.0,861.0,861.0,861.0,862.0,862.0,862.0,862.0,862.0,863.0,865.0,865.0,865.0,865.0,865.0,864.0,863.0,863.0,863.0,863.0,863.0,863.0,863.0,863.0,864.0,864.0,864.0,864.0,864.0,865.0,865.0,865.0,865.0,865.0,865.0,865.0,869.0,869.0,869.0,869.0,871.0,872.0,872.0,872.0,873.0,873.0,873.0,873.0,873.0,873.0,873.0,874.0,874.0,874.0,874.0,874.0,875.0,876.0,878.0,878.0,879.0,879.0,879.0,883.0,883.0,885.0,886.0,887.0,888.0,888.0,890.0,890.0,891.0,891.0,893.0,896.0,897.0,900.0,901.0,904.0,904.0,904.0,903.0,903.0,903.0,903.0,903.0,904
q5RUiHemQTc,140.0,140.0,140.0,140.0,140.0,140.0,140.0,140.0,140.0,140.0,140.0,140.0,140.0,140.0,140.0,140.0,137.0,137.0,137.0,137.0,137.0,137.0,137.0,137.0,137.0,137.0,137.0,137.0,138.0,138.0,138.0,138.0,138.0,138.0,138.0,138.0,138.0,138.0,138.0,138.0,138.0,138.0,138.0,138.0,138.0,138.0,138.0,138.0,138.0,138.0,138.0,138.0,138.0,138.0,138.0,139.0,139.0,139.0,139.0,139.0,139.0,139.0,139.0,139.0,139.0,139.0,139.0,139.0,139.0,139.0,139.0,139.0,140.0,140.0,140.0,140.0,140.0,140.0,140.0,140.0,140.0,140.0,140.0,140.0,140.0,140.0,140.0,140.0,140.0,140.0,140.0,140.0,140.0,140.0,140.0,140.0,140.0,140.0,140.0,140.0,140.0,140.0,140.0,140.0,140.0,140.0,140.0,140.0,140.0,140.0,140.0,140.0,140.0,140.0,140.0,140.0,140.0,140.0,140.0,140.0,140.0,140.0,140.0,140.0,140.0,140
SURoiKxZBfE,305.0,305.0,305.0,306.0,308.0,309.0,311.0,312.0,312.0,312.0,312.0,314.0,314.0,314.0,315.0,315.0,315.0,317.0,317.0,318.0,318.0,318.0,318.0,318.0,318.0,318.0,318.0,318.0,318.0,318.0,320.0,320.0,320.0,321.0,321.0,321.0,321.0,321.0,321.0,321.0,322.0,323.0,323.0,323.0,323.0,323.0,324.0,324.0,324.0,324.0,324.0,324.0,324.0,324.0,324.0,324.0,324.0,324.0,324.0,325.0,325.0,325.0,325.0,325.0,325.0,325.0,325.0,325.0,325.0,325.0,325.0,325.0,325.0,325.0,325.0,325.0,325.0,325.0,325.0,325.0,325.0,325.0,325.0,325.0,325.0,325.0,325.0,325.0,325.0,325.0,325.0,325.0,325.0,325.0,325.0,325.0,325.0,325.0,325.0,325.0,325.0,325.0,325.0,325.0,325.0,325.0,325.0,325.0,325.0,325.0,325.0,325.0,325.0,325.0,325.0,325.0,325.0,325.0,325.0,325.0,325.0,326.0,326.0,326.0,326.0,326
XvKK2Fbo0Cc,41.0,41.0,41.0,41.0,41.0,41.0,41.0,41.0,41.0,41.0,41.0,41.0,41.0,41.0,41.0,41.0,41.0,41.0,41.0,41.0,41.0,41.0,41.0,41.0,41.0,41.0,41.0,41.0,41.0,41.0,41.0,42.0,42.0,42.0,42.0,42.0,42.0,42.0,42.0,42.0,42.0,42.0,42.0,42.0,42.0,42.0,42.0,42.0,42.0,42.0,42.0,42.0,42.0,42.0,42.0,42.0,42.0,42.0,42.0,42.0,42.0,42.0,42.0,42.0,42.0,42.0,42.0,42.0,42.0,42.0,42.0,42.0,42.0,42.0,42.0,42.0,42.0,42.0,42.0,43.0,43.0,43.0,43.0,43.0,43.0,43.0,43.0,43.0,43.0,43.0,43.0,43.0,43.0,43.0,43.0,43.0,44.0,44.0,43.0,43.0,43.0,43.0,43.0,43.0,43.0,43.0,43.0,43.0,43.0,43.0,43.0,43.0,43.0,43.0,43.0,43.0,43.0,43.0,43.0,43.0,44.0,44.0,44.0,44.0,44.0,44
_0f5FjEQzsg,14080.0,14079.0,14083.0,14085.0,14118.0,14139.0,14090.0,14091.0,14095.0,14095.0,14103.0,14118.0,14138.0,14145.0,14156.0,14164.0,14163.0,14170.0,14173.0,14170.0,14168.0,14180.0,14191.0,14180.0,14189.0,14198.0,14210.0,14225.0,14230.0,14239.0,14231.0,14233.0,14240.0,14258.0,14274.0,14286.0,14290.0,14308.0,14319.0,14341.0,14356.0,14380.0,14397.0,14405.0,14420.0,14428.0,14403.0,14420.0,14422.0,14438.0,14446.0,14459.0,14467.0,14475.0,14487.0,14498.0,14505.0,14522.0,14538.0,14561.0,14576.0,14611.0,14607.0,14620.0,14633.0,14638.0,14653.0,14664.0,14674.0,14684.0,14702.0,14717.0,14734.0,14740.0,14747.0,14755.0,14764.0,14777.0,14740.0,14749.0,14754.0,14768.0,14778.0,14784.0,14792.0,14795.0,14801.0,14806.0,14788.0,14781.0,14785.0,14787.0,14794.0,14801.0,14807.0,14807.0,14803.0,14809.0,14812.0,14815.0,14822.0,14820.0,14825.0,14823.0,14829.0,14836.0,14845.0,14847.0,14847.0,14853.0,14858.0,14864.0,14867.0,14870.0,14875.0,14880.0,14883.0,14887.0,14893.0,14897.0,14909.0,14916.0,14919.0,14937.0,14955.0,14963
RJcPTkW1DiQ,201.0,201.0,201.0,201.0,201.0,201.0,201.0,201.0,201.0,202.0,202.0,201.0,201.0,201.0,201.0,201.0,201.0,201.0,201.0,201.0,201.0,201.0,201.0,201.0,202.0,202.0,202.0,202.0,201.0,201.0,201.0,201.0,202.0,202.0,202.0,202.0,202.0,202.0,202.0,202.0,202.0,202.0,202.0,203.0,203.0,204.0,205.0,205.0,205.0,204.0,204.0,204.0,204.0,204.0,204.0,204.0,204.0,204.0,206.0,206.0,208.0,209.0,211.0,212.0,212.0,213.0,213.0,214.0,214.0,215.0,215.0,215.0,215.0,214.0,214.0,216.0,216.0,216.0,216.0,216.0,216.0,216.0,216.0,216.0,216.0,217.0,217.0,216.0,216.0,217.0,217.0,217.0,217.0,217.0,217.0,217.0,215.0,215.0,215.0,215.0,216.0,217.0,218.0,218.0,218.0,218.0,218.0,219.0,219.0,219.0,219.0,220.0,220.0,220.0,220.0,220.0,220.0,220.0,221.0,221.0,221.0,221.0,221.0,222.0,222.0,222
IPkbuxQdDHs,90.0,91.0,91.0,91.0,91.0,91.0,92.0,92.0,92.0,91.0,91.0,91.0,91.0,91.0,91.0,91.0,91.0,92.0,92.0,92.0,92.0,92.0,92.0,92.0,92.0,92.0,92.0,92.0,92.0,92.0,92.0,92.0,92.0,92.0,92.0,92.0,92.0,92.0,92.0,92.0,92.0,92.0,92.0,92.0,92.0,92.0,92.0,92.0,92.0,92.0,92.0,92.0,91.0,92.0,92.0,92.0,92.0,92.0,92.0,92.0,92.0,92.0,92.0,92.0,92.0,92.0,92.0,92.0,92.0,92.0,92.0,92.0,92.0,92.0,91.0,91.0,91.0,91.0,91.0,91.0,91.0,91.0,91.0,91.0,91.0,91.0,91.0,91.0,91.0,91.0,91.0,91.0,91.0,91.0,91.0,91.0,91.0,91.0,91.0,91.0,91.0,91.0,91.0,91.0,91.0,91.0,91.0,91.0,91.0,91.0,91.0,91.0,91.0,91.0,91.0,91.0,91.0,91.0,91.0,91.0,91.0,91.0,91.0,91.0,91.0,91
F6Ix6V2Cx-w,11973.0,12000.0,12012.0,12027.0,12044.0,12044.0,12051.0,12052.0,12065.0,12069.0,12078.0,12080.0,12080.0,12081.0,12088.0,12092.0,12096.0,12100.0,12110.0,12110.0,12110.0,12115.0,12122.0,12126.0,12129.0,12134.0,12142.0,12145.0,12154.0,12161.0,12165.0,12170.0,12171.0,12171.0,12174.0,12174.0,12182.0,12185.0,12190.0,12195.0,12196.0,12203.0,12203.0,12203.0,12205.0,12215.0,12218.0,12228.0,12228.0,12237.0,12242.0,12245.0,12247.0,12248.0,12250.0,12254.0,12263.0,12263.0,12263.0,12266.0,12267.0,12268.0,12269.0,12266.0,12269.0,12272.0,12273.0,12278.0,12279.0,12278.0,12280.0,12286.0,12287.0,12290.0,12291.0,12294.0,12296.0,12297.0,12298.0,12301.0,12303.0,12308.0,12310.0,12312.0,12313.0,12311.0,12313.0,12316.0,12323.0,12321.0,12322.0,12325.0,12325.0,12328.0,12330.0,12329.0,12332.0,12334.0,12335.0,12336.0,12339.0,12338.0,12340.0,12339.0,12339.0,12341.0,12342.0,12342.0,12344.0,12345.0,12347.0,12355.0,12353.0,12353.0,12357.0,12363.0,12368.0,12369.0,12370.0,12370.0,12372.0,12370.0,12374.0,12375.0,12374.0,12380
wlPCQFYWRFo,5190.0,5192.0,5192.0,5193.0,5193.0,5193.0,5193.0,5193.0,5198.0,5199.0,5200.0,5201.0,5201.0,5203.0,5206.0,5207.0,5207.0,5209.0,5208.0,5206.0,5207.0,5208.0,5208.0,5209.0,5208.0,5210.0,5210.0,5207.0,5207.0,5207.0,5207.0,5206.0,5206.0,5205.0,5206.0,5207.0,5208.0,5209.0,5210.0,5208.0,5207.0,5206.0,5209.0,5210.0,5209.0,5209.0,5207.0,5208.0,5207.0,5210.0,5214.0,5215.0,5213.0,5212.0,5214.0,5215.0,5217.0,5219.0,5220.0,5222.0,5222.0,5223.0,5225.0,5225.0,5226.0,5209.0,5208.0,5208.0,5209.0,5209.0,5209.0,5208.0,5208.0,5207.0,5206.0,5207.0,5207.0,5207.0,5207.0,5208.0,5209.0,5210.0,5211.0,5213.0,5211.0,5213.0,5214.0,5214.0,5216.0,5217.0,5218.0,5219.0,5219.0,5219.0,5219.0,5217.0,5215.0,5217.0,5218.0,5216.0,5215.0,5215.0,5213.0,5217.0,5217.0,5217.0,5217.0,5219.0,5221.0,5223.0,5225.0,5225.0,5224.0,5224.0,5223.0,5222.0,5223.0,5221.0,5222.0,5223.0,5223.0,5222.0,5223.0,5224.0,5225.0,5225
nSCBqBGkRCI,0.0,0.0,0.0,0.0,0.0,0.0,0.0,0.0,0.0,0.0,0.0,0.0,0.0,0.0,0.0,0.0,0.0,0.0,0.0,0.0,0.0,0.0,0.0,0.0,0.0,0.0,0.0,0.0,0.0,0.0,0.0,0.0,0.0,0.0,0.0,0.0,0.0,0.0,0.0,0.0,0.0,0.0,0.0,0.0,0.0,0.0,0.0,0.0,0.0,0.0,0.0,0.0,0.0,0.0,0.0,0.0,0.0,0.0,0.0,0.0,0.0,0.0,0.0,0.0,0.0,0.0,0.0,0.0,0.0,0.0,0.0,0.0,0.0,0.0,0.0,0.0,0.0,0.0,0.0,0.0,0.0,0.0,0.0,0.0,0.0,0.0,0.0,0.0,0.0,0.0,0.0,0.0,0.0,0.0,0.0,0.0,0.0,0.0,0.0,0.0,0.0,0.0,0.0,0.0,0.0,0.0,0.0,0.0,0.0,0.0,0.0,0.0,0.0,0.0,0.0,0.0,0.0,0.0,0.0,0.0,0.0,0.0,0.0,0.0,0.0,0
oEiypM6zs24,0.0,0.0,0.0,0.0,0.0,0.0,0.0,0.0,0.0,0.0,0.0,0.0,0.0,0.0,0.0,0.0,0.0,0.0,0.0,0.0,0.0,0.0,0.0,0.0,0.0,0.0,0.0,0.0,0.0,0.0,0.0,0.0,0.0,0.0,0.0,0.0,0.0,0.0,0.0,0.0,0.0,0.0,0.0,0.0,0.0,0.0,0.0,0.0,0.0,0.0,0.0,0.0,0.0,0.0,0.0,0.0,0.0,0.0,0.0,0.0,0.0,0.0,0.0,0.0,0.0,0.0,0.0,0.0,0.0,0.0,0.0,0.0,0.0,0.0,0.0,0.0,0.0,0.0,0.0,0.0,0.0,0.0,0.0,0.0,0.0,0.0,0.0,0.0,0.0,0.0,0.0,0.0,0.0,0.0,0.0,0.0,0.0,0.0,0.0,0.0,0.0,0.0,0.0,0.0,0.0,0.0,0.0,0.0,0.0,0.0,0.0,0.0,0.0,0.0,0.0,0.0,0.0,0.0,0.0,0.0,0.0,0.0,0.0,0.0,0.0,0
lC1gcCrkPFs,0.0,0.0,0.0,0.0,0.0,0.0,0.0,0.0,0.0,0.0,0.0,0.0,0.0,0.0,0.0,0.0,0.0,0.0,0.0,0.0,0.0,0.0,0.0,0.0,0.0,0.0,0.0,0.0,0.0,0.0,0.0,0.0,0.0,0.0,0.0,0.0,0.0,0.0,0.0,0.0,0.0,0.0,0.0,0.0,0.0,0.0,0.0,0.0,0.0,0.0,0.0,0.0,0.0,0.0,0.0,0.0,0.0,0.0,0.0,0.0,0.0,0.0,0.0,0.0,0.0,0.0,0.0,0.0,0.0,0.0,0.0,0.0,0.0,0.0,0.0,0.0,0.0,0.0,0.0,0.0,0.0,0.0,0.0,0.0,0.0,0.0,0.0,0.0,0.0,0.0,0.0,0.0,0.0,0.0,0.0,0.0,0.0,0.0,0.0,0.0,0.0,0.0,0.0,0.0,0.0,0.0,0.0,0.0,0.0,0.0,0.0,0.0,0.0,0.0,0.0,0.0,0.0,0.0,0.0,0.0,0.0,0.0,0.0,0.0,0.0,0
m7cckgkfTR4,0.0,0.0,0.0,0.0,0.0,0.0,0.0,0.0,0.0,0.0,0.0,0.0,0.0,0.0,0.0,0.0,0.0,0.0,0.0,0.0,0.0,0.0,0.0,0.0,0.0,0.0,0.0,0.0,0.0,0.0,0.0,0.0,0.0,0.0,0.0,0.0,0.0,0.0,0.0,0.0,0.0,0.0,0.0,0.0,0.0,0.0,0.0,0.0,0.0,0.0,0.0,0.0,0.0,0.0,0.0,0.0,0.0,0.0,0.0,0.0,0.0,0.0,0.0,0.0,0.0,0.0,0.0,0.0,0.0,0.0,0.0,0.0,0.0,0.0,0.0,0.0,0.0,0.0,0.0,0.0,0.0,0.0,0.0,0.0,0.0,0.0,0.0,0.0,0.0,0.0,0.0,0.0,0.0,0.0,0.0,0.0,0.0,0.0,0.0,0.0,0.0,0.0,0.0,0.0,0.0,0.0,0.0,0.0,0.0,0.0,0.0,0.0,0.0,0.0,0.0,0.0,0.0,0.0,0.0,0.0,0.0,0.0,0.0,0.0,0.0,0
4no_auZ_WtY,3846.0,3875.0,3998.0,4058.0,4071.0,4077.0,4079.0,4088.0,4095.0,4106.0,4112.0,4121.0,4123.0,4122.0,4098.0,4074.0,4074.0,4080.0,4087.0,4089.0,4104.0,4102.0,4106.0,4111.0,4116.0,4122.0,4127.0,4131.0,4157.0,4164.0,4169.0,4171.0,4170.0,4173.0,4179.0,4180.0,4185.0,4190.0,4193.0,4195.0,4200.0,4202.0,4210.0,4215.0,4218.0,4221.0,4223.0,4226.0,4226.0,4229.0,4233.0,4237.0,4241.0,4243.0,4246.0,4246.0,4247.0,4251.0,4249.0,4254.0,4258.0,4258.0,4261.0,4261.0,4265.0,4267.0,4273.0,4279.0,4286.0,4293.0,4297.0,4299.0,4304.0,4305.0,4312.0,4313.0,4302.0,4303.0,4304.0,4305.0,4308.0,4314.0,4315.0,4320.0,4324.0,4326.0,4327.0,4327.0,4331.0,4332.0,4335.0,4336.0,4336.0,4338.0,4338.0,4345.0,4236.0,4239.0,4238.0,4239.0,4240.0,4242.0,4213.0,4213.0,4214.0,4220.0,4222.0,4225.0,4230.0,4232.0,4236.0,4241.0,4242.0,4249.0,4249.0,4253.0,4254.0,4254.0,4254.0,4256.0,4260.0,4260.0,4264.0,4264.0,4267.0,4270
MbDoupKadZE,1234.0,1235.0,1234.0,1235.0,1237.0,1237.0,1236.0,1237.0,1237.0,1237.0,1237.0,1237.0,1237.0,1237.0,1237.0,1237.0,1237.0,1237.0,1237.0,1237.0,1237.0,1237.0,1237.0,1237.0,1238.0,1238.0,1238.0,1238.0,1238.0,1241.0,1241.0,1240.0,1240.0,1240.0,1240.0,1240.0,1240.0,1240.0,1240.0,1241.0,1241.0,1241.0,1241.0,1241.0,1241.0,1241.0,1241.0,1241.0,1242.0,1243.0,1243.0,1241.0,1244.0,1244.0,1244.0,1244.0,1244.0,1244.0,1244.0,1245.0,1245.0,1246.0,1247.0,1247.0,1247.0,1248.0,1248.0,1248.0,1248.0,1248.0,1248.0,1248.0,1248.0,1248.0,1248.0,1254.0,1256.0,1256.0,1258.0,1259.0,1259.0,1259.0,1259.0,1259.0,1259.0,1259.0,1259.0,1260.0,1261.0,1263.0,1263.0,1264.0,1264.0,1267.0,1264.0,1264.0,1264.0,1264.0,1264.0,1265.0,1265.0,1265.0,1266.0,1266.0,1267.0,1267.0,1267.0,1268.0,1268.0,1268.0,1268.0,1268.0,1268.0,1268.0,1268.0,1268.0,1268.0,1269.0,1269.0,1269.0,1269.0,1269.0,1269.0,1269.0,1269.0,1269
ZGcgCSmofZk,2808.0,2809.0,2811.0,2811.0,2813.0,2815.0,2820.0,2825.0,2833.0,2834.0,2838.0,2840.0,2851.0,2852.0,2856.0,2860.0,2863.0,2864.0,2867.0,2869.0,2869.0,2872.0,2873.0,2878.0,2877.0,2877.0,2882.0,2883.0,2884.0,2885.0,2887.0,2891.0,2894.0,2896.0,2898.0,2901.0,2905.0,2906.0,2907.0,2908.0,2909.0,2909.0,2910.0,2912.0,2909.0,2909.0,2911.0,2912.0,2913.0,2915.0,2918.0,2920.0,2923.0,2924.0,2925.0,2925.0,2925.0,2927.0,2929.0,2932.0,2932.0,2932.0,2934.0,2936.0,2935.0,2937.0,2938.0,2938.0,2939.0,2941.0,2941.0,2942.0,2943.0,2944.0,2946.0,2947.0,2947.0,2950.0,2953.0,2955.0,2958.0,2962.0,2964.0,2964.0,2966.0,2968.0,2972.0,2976.0,2976.0,2977.0,2979.0,2980.0,2980.0,2982.0,2983.0,2983.0,2983.0,2983.0,2986.0,2986.0,2986.0,2986.0,2985.0,2986.0,2987.0,2987.0,2987.0,2987.0,2987.0,2988.0,2985.0,2986.0,2987.0,2988.0,2988.0,2988.0,2988.0,2988.0,2988.0,2988.0,2987.0,2987.0,2989.0,2988.0,2989.0,2989
zSkLTFz_Pok,816.0,815.0,815.0,815.0,815.0,816.0,816.0,816.0,817.0,817.0,817.0,819.0,820.0,820.0,820.0,820.0,820.0,819.0,819.0,819.0,819.0,819.0,819.0,819.0,819.0,819.0,819.0,819.0,819.0,819.0,819.0,820.0,820.0,820.0,820.0,820.0,820.0,820.0,820.0,821.0,821.0,823.0,823.0,823.0,823.0,822.0,822.0,822.0,824.0,823.0,823.0,823.0,823.0,823.0,823.0,823.0,823.0,824.0,825.0,825.0,825.0,825.0,826.0,826.0,826.0,826.0,826.0,826.0,826.0,827.0,827.0,827.0,827.0,827.0,827.0,827.0,827.0,827.0,827.0,827.0,827.0,827.0,826.0,826.0,826.0,826.0,826.0,826.0,826.0,826.0,826.0,826.0,826.0,826.0,826.0,826.0,826.0,826.0,826.0,826.0,826.0,826.0,826.0,825.0,825.0,825.0,825.0,825.0,825.0,825.0,825.0,825.0,826.0,827.0,827.0,828.0,828.0,828.0,828.0,828.0,828.0,829.0,829.0,829.0,829.0,829
E5JA0k9RVcE,0.0,0.0,0.0,0.0,0.0,0.0,0.0,0.0,0.0,0.0,0.0,0.0,0.0,0.0,0.0,0.0,0.0,0.0,0.0,0.0,0.0,0.0,0.0,0.0,0.0,0.0,0.0,0.0,0.0,0.0,0.0,0.0,0.0,0.0,0.0,0.0,0.0,0.0,0.0,0.0,0.0,0.0,0.0,0.0,0.0,0.0,0.0,0.0,0.0,0.0,0.0,0.0,0.0,0.0,0.0,0.0,0.0,0.0,0.0,0.0,0.0,0.0,0.0,0.0,0.0,0.0,0.0,0.0,0.0,0.0,0.0,0.0,0.0,0.0,0.0,0.0,0.0,0.0,0.0,0.0,0.0,0.0,0.0,0.0,0.0,0.0,0.0,0.0,0.0,0.0,0.0,0.0,0.0,0.0,0.0,0.0,0.0,0.0,0.0,0.0,0.0,0.0,0.0,0.0,0.0,0.0,0.0,0.0,0.0,0.0,0.0,0.0,0.0,0.0,0.0,0.0,0.0,0.0,0.0,0.0,0.0,0.0,0.0,0.0,0.0,0
Jcnywv0-l0A,0.0,0.0,0.0,0.0,0.0,0.0,0.0,0.0,0.0,0.0,0.0,0.0,0.0,0.0,0.0,0.0,0.0,0.0,0.0,0.0,0.0,0.0,0.0,0.0,0.0,0.0,0.0,0.0,0.0,0.0,0.0,0.0,0.0,0.0,0.0,0.0,0.0,0.0,0.0,0.0,0.0,0.0,0.0,0.0,0.0,0.0,0.0,0.0,0.0,0.0,0.0,0.0,0.0,0.0,0.0,0.0,0.0,0.0,0.0,0.0,0.0,0.0,0.0,0.0,0.0,0.0,0.0,0.0,0.0,0.0,0.0,0.0,0.0,0.0,0.0,0.0,0.0,0.0,0.0,0.0,0.0,0.0,0.0,0.0,0.0,0.0,0.0,0.0,0.0,0.0,0.0,0.0,0.0,0.0,0.0,0.0,0.0,0.0,0.0,0.0,0.0,0.0,0.0,0.0,0.0,0.0,0.0,0.0,0.0,0.0,0.0,0.0,0.0,0.0,0.0,0.0,0.0,0.0,0.0,0.0,0.0,0.0,0.0,0.0,0.0,0
5-YiC6bULqc,2.0,2.0,2.0,2.0,2.0,2.0,2.0,2.0,2.0,2.0,2.0,2.0,2.0,2.0,2.0,2.0,2.0,2.0,2.0,2.0,2.0,2.0,2.0,2.0,2.0,2.0,2.0,2.0,2.0,2.0,2.0,2.0,2.0,2.0,2.0,2.0,2.0,2.0,2.0,2.0,2.0,2.0,2.0,2.0,2.0,2.0,2.0,2.0,2.0,2.0,2.0,2.0,2.0,2.0,2.0,2.0,2.0,2.0,2.0,2.0,2.0,2.0,2.0,2.0,2.0,2.0,2.0,2.0,2.0,2.0,2.0,2.0,2.0,2.0,2.0,2.0,2.0,2.0,2.0,2.0,2.0,2.0,2.0,2.0,2.0,2.0,2.0,2.0,2.0,2.0,2.0,2.0,2.0,2.0,2.0,2.0,2.0,2.0,2.0,2.0,2.0,2.0,2.0,2.0,2.0,2.0,2.0,2.0,2.0,2.0,2.0,2.0,2.0,2.0,2.0,2.0,2.0,2.0,2.0,2.0,2.0,2.0,2.0,2.0,2.0,2
kW1e8NtdW90,149578.0,149636.0,149653.0,149702.0,149635.0,149708.0,149745.0,149790.0,150008.0,150135.0,150227.0,150304.0,150388.0,150433.0,150484.0,150531.0,150581.0,150590.0,150596.0,150624.0,150648.0,150677.0,150692.0,150708.0,150713.0,150693.0,150693.0,150708.0,150735.0,150753.0,150763.0,150786.0,150814.0,150836.0,150864.0,150875.0,150897.0,150921.0,150937.0,150949.0,150974.0,150993.0,151024.0,150016.0,150022.0,150055.0,150070.0,150079.0,150097.0,150110.0,150087.0,150109.0,150161.0,150169.0,150191.0,150213.0,150245.0,150261.0,150286.0,150298.0,150313.0,150342.0,150368.0,150378.0,150388.0,150410.0,150421.0,150443.0,150465.0,150501.0,150521.0,150544.0,150591.0,150604.0,150616.0,150638.0,150656.0,150684.0,150591.0,150574.0,150591.0,150594.0,150618.0,150643.0,150656.0,150682.0,150706.0,150727.0,150750.0,150453.0,150465.0,150494.0,150503.0,150521.0,150531.0,150532.0,150554.0,150572.0,150590.0,150596.0,150609.0,150632.0,150662.0,150692.0,150713.0,150734.0,150740.0,150756.0,150789.0,150809.0,150845.0,150857.0,150819.0,150845.0,150770.0,150786.0,150793.0,150792.0,150803.0,150811.0,150657.0,150631.0,150657.0,150669.0,150614.0,150628
kW1e8NtdW90,149578.0,149636.0,149653.0,149702.0,149635.0,149708.0,149745.0,149790.0,150008.0,150135.0,150227.0,150304.0,150388.0,150433.0,150484.0,150531.0,150581.0,150590.0,150596.0,150624.0,150648.0,150677.0,150692.0,150708.0,150713.0,150693.0,150693.0,150708.0,150735.0,150753.0,150763.0,150786.0,150814.0,150836.0,150864.0,150875.0,150897.0,150921.0,150937.0,150949.0,150974.0,150993.0,151024.0,150016.0,150022.0,150055.0,150070.0,150079.0,150097.0,150110.0,150087.0,150109.0,150161.0,150169.0,150191.0,150213.0,150245.0,150261.0,150286.0,150298.0,150313.0,150342.0,150368.0,150378.0,150388.0,150410.0,150421.0,150443.0,150465.0,150501.0,150521.0,150544.0,150591.0,150604.0,150616.0,150638.0,150656.0,150684.0,150591.0,150574.0,150591.0,150594.0,150618.0,150643.0,150656.0,150682.0,150706.0,150727.0,150750.0,150453.0,150465.0,150494.0,150503.0,150521.0,150531.0,150532.0,150554.0,150572.0,150590.0,150596.0,150609.0,150632.0,150662.0,150692.0,150713.0,150734.0,150740.0,150756.0,150789.0,150809.0,150845.0,150857.0,150819.0,150845.0,150770.0,150786.0,150793.0,150792.0,150803.0,150811.0,150657.0,150631.0,150657.0,150669.0,150614.0,150628
ECqGCH1TfLY,133040.0,133180.0,133346.0,133468.0,133555.0,133690.0,133797.0,133953.0,134467.0,134805.0,135055.0,135262.0,135469.0,135590.0,135711.0,135814.0,135891.0,135985.0,136082.0,136147.0,136230.0,136242.0,136295.0,136331.0,136399.0,136432.0,136495.0,136550.0,136612.0,136652.0,136698.0,136742.0,136788.0,136840.0,136883.0,136934.0,136992.0,137056.0,137109.0,137146.0,137193.0,137229.0,137297.0,137318.0,137351.0,137388.0,137436.0,137485.0,137515.0,137556.0,137574.0,137636.0,137650.0,137701.0,137744.0,137803.0,137846.0,137916.0,137987.0,138028.0,138078.0,138112.0,138156.0,138199.0,138231.0,138150.0,138190.0,138242.0,138297.0,138373.0,138466.0,138527.0,138634.0,138711.0,138795.0,138899.0,138968.0,139029.0,139043.0,139098.0,139166.0,139273.0,139355.0,139438.0,139489.0,139552.0,139613.0,139674.0,139728.0,139562.0,139646.0,139738.0,139798.0,139843.0,139880.0,139928.0,139980.0,140029.0,140041.0,140062.0,140102.0,140145.0,140194.0,140258.0,140342.0,140391.0,140457.0,140575.0,140655.0,140697.0,140787.0,140810.0,140844.0,140884.0,140867.0,140883.0,140846.0,140873.0,140892.0,140926.0,140880.0,140899.0,140880.0,140902.0,140915.0,139950
Kp_6iKl_Qtw,3809.0,3810.0,3809.0,3811.0,3810.0,3810.0,3811.0,3813.0,3812.0,3814.0,3814.0,3814.0,3815.0,3815.0,3815.0,3815.0,3815.0,3815.0,3816.0,3816.0,3819.0,3821.0,3821.0,3820.0,3819.0,3818.0,3818.0,3820.0,3820.0,3820.0,3819.0,3819.0,3819.0,3819.0,3818.0,3819.0,3819.0,3819.0,3818.0,3818.0,3819.0,3818.0,3819.0,3818.0,3818.0,3818.0,3819.0,3820.0,3820.0,3822.0,3822.0,3822.0,3819.0,3819.0,3819.0,3819.0,3820.0,3820.0,3820.0,3820.0,3820.0,3820.0,3818.0,3819.0,3819.0,3819.0,3819.0,3819.0,3819.0,3820.0,3820.0,3821.0,3822.0,3822.0,3824.0,3824.0,3825.0,3825.0,3822.0,3821.0,3822.0,3823.0,3824.0,3825.0,3825.0,3822.0,3822.0,3822.0,3822.0,3821.0,3821.0,3820.0,3821.0,3821.0,3821.0,3821.0,3821.0,3822.0,3821.0,3820.0,3819.0,3818.0,3818.0,3818.0,3818.0,3819.0,3819.0,3820.0,3821.0,3821.0,3823.0,3823.0,3824.0,3825.0,3825.0,3826.0,3826.0,3826.0,3826.0,3826.0,3828.0,3828.0,3831.0,3831.0,3831.0,3831
ECqGCH1TfLY,133040.0,133180.0,133346.0,133468.0,133555.0,133690.0,133797.0,133953.0,134467.0,134805.0,135055.0,135262.0,135469.0,135590.0,135711.0,135814.0,135891.0,135985.0,136082.0,136147.0,136230.0,136242.0,136295.0,136331.0,136399.0,136432.0,136495.0,136550.0,136612.0,136652.0,136698.0,136742.0,136788.0,136840.0,136883.0,136934.0,136992.0,137056.0,137109.0,137146.0,137193.0,137229.0,137297.0,137318.0,137351.0,137388.0,137436.0,137485.0,137515.0,137556.0,137574.0,137636.0,137650.0,137701.0,137744.0,137803.0,137846.0,137916.0,137987.0,138028.0,138078.0,138112.0,138156.0,138199.0,138231.0,138150.0,138190.0,138242.0,138297.0,138373.0,138466.0,138527.0,138634.0,138711.0,138795.0,138899.0,138968.0,139029.0,139043.0,139098.0,139166.0,139273.0,139355.0,139438.0,139489.0,139552.0,139613.0,139674.0,139728.0,139562.0,139646.0,139738.0,139798.0,139843.0,139880.0,139928.0,139980.0,140029.0,140041.0,140062.0,140102.0,140145.0,140194.0,140258.0,140342.0,140391.0,140457.0,140575.0,140655.0,140697.0,140787.0,140810.0,140844.0,140884.0,140867.0,140883.0,140846.0,140873.0,140892.0,140926.0,140880.0,140899.0,140880.0,140902.0,140915.0,139950
f2ILvf-JKBY,12614.0,12628.0,12641.0,12650.0,12668.0,12674.0,12678.0,12683.0,12689.0,12697.0,12700.0,12703.0,12709.0,12716.0,12724.0,12745.0,12750.0,12753.0,12756.0,12765.0,12772.0,12776.0,12781.0,12784.0,12786.0,12787.0,12794.0,12801.0,12809.0,12822.0,12828.0,12831.0,12833.0,12837.0,12841.0,12838.0,12846.0,12850.0,12856.0,12862.0,12871.0,12883.0,12890.0,12921.0,12933.0,12952.0,12965.0,12974.0,12989.0,12992.0,13001.0,13008.0,13012.0,13015.0,13017.0,13024.0,13035.0,13038.0,13039.0,13043.0,13046.0,13048.0,13051.0,13055.0,13060.0,13068.0,13069.0,13072.0,13075.0,13077.0,13080.0,13081.0,13082.0,13084.0,13086.0,13089.0,13089.0,13093.0,13096.0,13100.0,13107.0,13108.0,13110.0,13116.0,13125.0,13127.0,13132.0,13135.0,13138.0,13141.0,13142.0,13143.0,13145.0,13146.0,13151.0,13155.0,13165.0,13167.0,13168.0,13171.0,13173.0,13176.0,13177.0,13182.0,13184.0,13185.0,13188.0,13192.0,13195.0,13198.0,13199.0,13201.0,13201.0,13202.0,13206.0,13212.0,13216.0,13219.0,13224.0,13227.0,13228.0,13227.0,13225.0,13227.0,13231.0,13232
zeoRk6dDSFQ,13773.0,13786.0,13798.0,13811.0,13824.0,13303.0,13310.0,13316.0,13329.0,13339.0,13349.0,13362.0,13373.0,13380.0,13387.0,13396.0,13406.0,13414.0,13418.0,13421.0,13424.0,13432.0,13439.0,13445.0,13449.0,13455.0,13464.0,13471.0,13476.0,13479.0,13492.0,13494.0,13500.0,13505.0,13511.0,13519.0,13528.0,13528.0,13531.0,13540.0,13552.0,13565.0,13576.0,13600.0,13621.0,13635.0,13644.0,13649.0,13664.0,13671.0,13677.0,13686.0,13693.0,13695.0,13696.0,13699.0,13704.0,13709.0,13713.0,13718.0,13720.0,13727.0,13735.0,13738.0,13742.0,13748.0,13750.0,13754.0,13764.0,13768.0,13771.0,13775.0,13777.0,13780.0,13786.0,13789.0,13792.0,13796.0,13797.0,13798.0,13799.0,13806.0,13810.0,13816.0,13819.0,13821.0,13821.0,13823.0,13827.0,13835.0,13836.0,13840.0,13845.0,13847.0,13851.0,13856.0,13864.0,13870.0,13873.0,13876.0,13880.0,13884.0,13887.0,13889.0,13891.0,13895.0,13896.0,13899.0,13903.0,13908.0,13913.0,13916.0,13917.0,13923.0,13925.0,13931.0,13936.0,13938.0,13943.0,13945.0,13946.0,13947.0,13949.0,13951.0,13952.0,13961
Gd99jlYIuSc,8704.0,8722.0,8734.0,8746.0,8767.0,8779.0,8796.0,8809.0,8826.0,8837.0,8875.0,8886.0,8895.0,8899.0,8911.0,8918.0,8927.0,8936.0,8945.0,8953.0,8967.0,8977.0,8979.0,8982.0,8989.0,8997.0,9005.0,9012.0,9016.0,9025.0,9033.0,9041.0,9050.0,9051.0,9056.0,9056.0,9061.0,9068.0,9075.0,9083.0,9089.0,9093.0,9100.0,9104.0,9109.0,9113.0,9120.0,9129.0,9133.0,9137.0,9142.0,9147.0,9158.0,9168.0,9170.0,9135.0,9147.0,9152.0,9157.0,9162.0,9170.0,9175.0,9206.0,9221.0,9226.0,9231.0,9233.0,9245.0,9253.0,9262.0,9268.0,9285.0,9295.0,9324.0,9333.0,9337.0,9347.0,9353.0,9358.0,9363.0,9375.0,9383.0,9391.0,9406.0,9413.0,9485.0,9491.0,9498.0,9503.0,9509.0,9530.0,9538.0,9543.0,9555.0,9561.0,9570.0,9575.0,9583.0,9590.0,9594.0,9601.0,9609.0,9619.0,9625.0,9629.0,9636.0,9639.0,9642.0,9645.0,9651.0,9653.0,9657.0,9662.0,9672.0,9679.0,9685.0,9691.0,9695.0,9701.0,9709.0,9712.0,9721.0,9737.0,9745.0,9756.0,9766
3_qLj26nWFk,0.0,0.0,0.0,0.0,0.0,0.0,0.0,0.0,0.0,0.0,0.0,0.0,0.0,0.0,0.0,0.0,0.0,0.0,0.0,0.0,0.0,0.0,0.0,0.0,0.0,0.0,0.0,0.0,0.0,0.0,0.0,0.0,0.0,0.0,0.0,0.0,0.0,0.0,0.0,0.0,0.0,0.0,0.0,0.0,0.0,0.0,0.0,0.0,0.0,0.0,0.0,0.0,0.0,0.0,0.0,0.0,0.0,0.0,0.0,0.0,0.0,0.0,0.0,0.0,0.0,0.0,0.0,0.0,0.0,0.0,0.0,0.0,0.0,0.0,0.0,0.0,0.0,0.0,0.0,0.0,0.0,0.0,0.0,0.0,0.0,0.0,0.0,0.0,0.0,0.0,0.0,0.0,0.0,0.0,0.0,0.0,0.0,0.0,0.0,0.0,0.0,0.0,0.0,0.0,0.0,0.0,0.0,0.0,0.0,0.0,0.0,0.0,0.0,0.0,0.0,0.0,0.0,0.0,0.0,0.0,0.0,0.0,0.0,0.0,0.0,0
622IHoirJ0I,0.0,0.0,0.0,0.0,0.0,0.0,0.0,0.0,0.0,0.0,0.0,0.0,0.0,0.0,0.0,0.0,0.0,0.0,0.0,0.0,0.0,0.0,0.0,0.0,0.0,0.0,0.0,0.0,0.0,0.0,0.0,0.0,0.0,0.0,0.0,0.0,0.0,0.0,0.0,0.0,0.0,0.0,0.0,0.0,0.0,0.0,0.0,0.0,0.0,0.0,0.0,0.0,0.0,0.0,0.0,0.0,0.0,0.0,0.0,0.0,0.0,0.0,0.0,0.0,0.0,0.0,0.0,0.0,0.0,0.0,0.0,0.0,0.0,0.0,0.0,0.0,0.0,0.0,0.0,0.0,0.0,0.0,0.0,0.0,0.0,0.0,0.0,0.0,0.0,0.0,0.0,0.0,0.0,0.0,0.0,0.0,0.0,0.0,0.0,0.0,0.0,0.0,0.0,0.0,0.0,0.0,0.0,0.0,0.0,0.0,0.0,0.0,0.0,0.0,0.0,0.0,0.0,0.0,0.0,0.0,0.0,0.0,0.0,0.0,0.0,0
fyZ9rm1KvHQ,155.0,155.0,155.0,155.0,155.0,155.0,155.0,155.0,155.0,155.0,155.0,155.0,155.0,155.0,155.0,155.0,155.0,155.0,155.0,155.0,155.0,155.0,155.0,155.0,155.0,155.0,155.0,155.0,155.0,155.0,155.0,155.0,155.0,155.0,155.0,155.0,155.0,155.0,155.0,155.0,155.0,155.0,155.0,155.0,155.0,155.0,155.0,155.0,155.0,155.0,155.0,155.0,155.0,155.0,155.0,155.0,155.0,155.0,155.0,155.0,155.0,155.0,155.0,155.0,155.0,155.0,155.0,155.0,155.0,155.0,155.0,155.0,155.0,155.0,155.0,155.0,155.0,155.0,155.0,155.0,155.0,155.0,155.0,155.0,155.0,155.0,155.0,155.0,155.0,155.0,155.0,155.0,155.0,155.0,155.0,155.0,155.0,155.0,155.0,155.0,155.0,155.0,155.0,155.0,155.0,155.0,155.0,155.0,155.0,155.0,155.0,155.0,155.0,155.0,155.0,155.0,155.0,155.0,155.0,155.0,155.0,155.0,155.0,155.0,155.0,155
69r-6AI8VpQ,265.0,265.0,265.0,265.0,265.0,265.0,265.0,265.0,265.0,265.0,265.0,265.0,265.0,265.0,264.0,264.0,264.0,265.0,265.0,265.0,265.0,265.0,265.0,265.0,265.0,265.0,265.0,265.0,265.0,265.0,265.0,265.0,265.0,265.0,266.0,266.0,266.0,266.0,266.0,266.0,266.0,266.0,266.0,266.0,266.0,266.0,266.0,266.0,266.0,266.0,266.0,266.0,266.0,266.0,267.0,267.0,267.0,267.0,267.0,267.0,267.0,267.0,267.0,267.0,267.0,267.0,267.0,267.0,267.0,267.0,267.0,267.0,267.0,267.0,267.0,267.0,267.0,267.0,267.0,267.0,267.0,267.0,267.0,267.0,267.0,267.0,267.0,267.0,267.0,267.0,267.0,267.0,267.0,267.0,267.0,267.0,267.0,267.0,267.0,267.0,267.0,267.0,267.0,267.0,267.0,267.0,267.0,267.0,267.0,267.0,267.0,267.0,267.0,267.0,267.0,267.0,267.0,267.0,267.0,267.0,267.0,267.0,267.0,267.0,267.0,267
cTgn9non-CU,731.0,731.0,732.0,732.0,733.0,733.0,733.0,733.0,733.0,734.0,734.0,734.0,734.0,735.0,734.0,735.0,735.0,735.0,736.0,736.0,736.0,736.0,737.0,737.0,738.0,738.0,738.0,739.0,739.0,739.0,739.0,739.0,739.0,739.0,739.0,738.0,738.0,738.0,739.0,741.0,742.0,744.0,744.0,744.0,744.0,745.0,746.0,746.0,746.0,746.0,746.0,746.0,746.0,746.0,750.0,750.0,750.0,750.0,751.0,751.0,751.0,751.0,751.0,751.0,751.0,751.0,751.0,752.0,752.0,752.0,753.0,753.0,754.0,754.0,754.0,754.0,754.0,754.0,755.0,755.0,756.0,756.0,756.0,757.0,757.0,759.0,760.0,761.0,761.0,759.0,759.0,759.0,760.0,760.0,760.0,760.0,762.0,765.0,765.0,766.0,767.0,767.0,767.0,768.0,768.0,767.0,768.0,768.0,768.0,768.0,769.0,770.0,771.0,772.0,772.0,773.0,773.0,773.0,773.0,774.0,774.0,774.0,774.0,774.0,774.0,774
A-xbIqBWSv8,93.0,93.0,93.0,93.0,93.0,93.0,93.0,93.0,93.0,93.0,93.0,93.0,93.0,93.0,93.0,93.0,93.0,93.0,93.0,93.0,93.0,93.0,93.0,93.0,93.0,93.0,93.0,93.0,93.0,93.0,94.0,94.0,94.0,94.0,94.0,94.0,94.0,94.0,94.0,94.0,94.0,94.0,94.0,94.0,94.0,94.0,94.0,94.0,94.0,94.0,94.0,94.0,94.0,94.0,94.0,94.0,94.0,94.0,94.0,94.0,94.0,94.0,94.0,93.0,93.0,93.0,93.0,93.0,93.0,93.0,93.0,93.0,93.0,93.0,93.0,93.0,93.0,93.0,93.0,93.0,93.0,93.0,93.0,93.0,93.0,93.0,93.0,93.0,93.0,93.0,93.0,93.0,93.0,93.0,93.0,93.0,93.0,93.0,93.0,93.0,93.0,93.0,93.0,93.0,93.0,93.0,93.0,93.0,93.0,93.0,93.0,93.0,93.0,93.0,93.0,93.0,93.0,93.0,93.0,93.0,93.0,93.0,93.0,93.0,93.0,93
dJKPYTCDoCY,522.0,525.0,525.0,525.0,525.0,527.0,527.0,526.0,526.0,526.0,527.0,527.0,528.0,529.0,530.0,530.0,530.0,530.0,530.0,530.0,530.0,529.0,529.0,530.0,531.0,531.0,532.0,532.0,533.0,533.0,533.0,533.0,534.0,534.0,534.0,535.0,535.0,536.0,536.0,536.0,537.0,537.0,532.0,533.0,534.0,534.0,534.0,535.0,535.0,535.0,535.0,535.0,535.0,537.0,537.0,538.0,538.0,539.0,539.0,539.0,539.0,539.0,539.0,540.0,540.0,541.0,542.0,545.0,546.0,546.0,546.0,546.0,547.0,547.0,550.0,550.0,550.0,550.0,550.0,550.0,550.0,551.0,552.0,552.0,552.0,553.0,553.0,553.0,553.0,554.0,555.0,555.0,555.0,555.0,558.0,559.0,562.0,562.0,562.0,562.0,562.0,562.0,563.0,563.0,563.0,563.0,563.0,564.0,564.0,565.0,565.0,566.0,566.0,566.0,566.0,566.0,566.0,566.0,566.0,566.0,565.0,567.0,567.0,568.0,568.0,568
3QZ7HvAkIeg,0.0,0.0,0.0,0.0,0.0,0.0,0.0,0.0,0.0,0.0,0.0,0.0,0.0,0.0,0.0,0.0,0.0,0.0,0.0,0.0,0.0,0.0,0.0,0.0,0.0,0.0,0.0,0.0,0.0,0.0,0.0,0.0,0.0,0.0,0.0,0.0,0.0,0.0,0.0,0.0,0.0,0.0,0.0,0.0,0.0,0.0,0.0,0.0,0.0,0.0,0.0,0.0,0.0,0.0,0.0,0.0,0.0,0.0,0.0,0.0,0.0,0.0,0.0,0.0,0.0,0.0,0.0,0.0,0.0,0.0,0.0,0.0,0.0,0.0,0.0,0.0,0.0,0.0,0.0,0.0,0.0,0.0,0.0,0.0,0.0,0.0,0.0,0.0,0.0,0.0,0.0,0.0,0.0,0.0,0.0,0.0,0.0,0.0,0.0,0.0,0.0,0.0,0.0,0.0,0.0,0.0,0.0,0.0,0.0,0.0,0.0,0.0,0.0,0.0,0.0,0.0,0.0,0.0,0.0,0.0,0.0,0.0,0.0,0.0,0.0,0
8byiytlquEQ,3.0,3.0,3.0,3.0,3.0,3.0,3.0,3.0,3.0,3.0,3.0,3.0,3.0,3.0,3.0,3.0,3.0,3.0,3.0,3.0,3.0,3.0,3.0,3.0,3.0,3.0,3.0,3.0,3.0,3.0,3.0,3.0,3.0,3.0,3.0,3.0,3.0,3.0,3.0,3.0,3.0,3.0,3.0,3.0,3.0,3.0,3.0,3.0,3.0,3.0,3.0,3.0,3.0,3.0,3.0,3.0,3.0,3.0,3.0,3.0,3.0,3.0,3.0,3.0,3.0,3.0,3.0,3.0,3.0,3.0,3.0,3.0,3.0,3.0,3.0,3.0,3.0,3.0,3.0,3.0,3.0,3.0,3.0,3.0,3.0,3.0,3.0,3.0,3.0,3.0,3.0,3.0,3.0,3.0,3.0,3.0,3.0,3.0,3.0,3.0,3.0,3.0,3.0,3.0,3.0,3.0,3.0,3.0,3.0,3.0,3.0,3.0,3.0,3.0,3.0,3.0,3.0,3.0,3.0,3.0,3.0,3.0,3.0,3.0,3.0,3
KDtAlNzAeMY,3188.0,3192.0,3193.0,3194.0,3196.0,3196.0,3199.0,3199.0,3200.0,3202.0,3204.0,3206.0,3206.0,3211.0,3211.0,3212.0,3214.0,3216.0,3217.0,3218.0,3218.0,3219.0,3219.0,3224.0,3225.0,3225.0,3228.0,3228.0,3230.0,3230.0,3232.0,3233.0,3234.0,3233.0,3234.0,3234.0,3236.0,3237.0,3239.0,3240.0,3248.0,3249.0,3251.0,3253.0,3254.0,3254.0,3254.0,3255.0,3257.0,3260.0,3260.0,3260.0,3260.0,3260.0,3262.0,3263.0,3264.0,3265.0,3266.0,3267.0,3267.0,3269.0,3272.0,3274.0,3277.0,3278.0,3278.0,3278.0,3278.0,3278.0,3278.0,3278.0,3278.0,3278.0,3279.0,3280.0,3281.0,3282.0,3283.0,3283.0,3283.0,3283.0,3284.0,3285.0,3285.0,3285.0,3287.0,3289.0,3291.0,3293.0,3294.0,3294.0,3296.0,3297.0,3300.0,3303.0,3302.0,3304.0,3307.0,3310.0,3309.0,3315.0,3318.0,3321.0,3326.0,3329.0,3329.0,3332.0,3335.0,3336.0,3338.0,3340.0,3341.0,3341.0,3343.0,3345.0,3345.0,3346.0,3347.0,3350.0,3352.0,3353.0,3354.0,3356.0,3358.0,3358
GkJWdCGR85w,940.0,940.0,943.0,943.0,943.0,943.0,943.0,943.0,943.0,943.0,942.0,943.0,943.0,941.0,942.0,942.0,942.0,943.0,943.0,942.0,942.0,943.0,942.0,942.0,942.0,942.0,942.0,943.0,943.0,945.0,945.0,945.0,945.0,945.0,945.0,945.0,945.0,945.0,946.0,948.0,948.0,948.0,948.0,948.0,948.0,948.0,948.0,949.0,949.0,951.0,951.0,951.0,951.0,951.0,951.0,951.0,951.0,950.0,950.0,950.0,950.0,950.0,951.0,950.0,952.0,953.0,953.0,953.0,953.0,954.0,955.0,956.0,956.0,956.0,956.0,956.0,956.0,957.0,957.0,957.0,957.0,957.0,957.0,957.0,957.0,957.0,957.0,957.0,957.0,958.0,958.0,958.0,961.0,961.0,961.0,961.0,962.0,962.0,962.0,962.0,962.0,962.0,961.0,962.0,962.0,963.0,963.0,963.0,963.0,963.0,963.0,963.0,963.0,964.0,964.0,964.0,964.0,965.0,965.0,964.0,964.0,965.0,964.0,964.0,964.0,965
cXmYNmQ4BuM,141681.0,141695.0,141706.0,141706.0,141725.0,141726.0,141749.0,141777.0,141812.0,141825.0,141833.0,141861.0,141866.0,141892.0,141928.0,141955.0,141972.0,141968.0,141988.0,142020.0,142024.0,142031.0,142059.0,142059.0,142079.0,142103.0,142128.0,142108.0,142151.0,142186.0,142202.0,142214.0,142246.0,142277.0,142279.0,142313.0,142399.0,142460.0,142490.0,142514.0,142548.0,142569.0,142585.0,142612.0,142631.0,142653.0,142672.0,142678.0,142680.0,142701.0,142714.0,142748.0,142751.0,142743.0,142736.0,142776.0,142787.0,142807.0,142826.0,142849.0,142875.0,142901.0,142951.0,142987.0,143016.0,143017.0,143062.0,143073.0,143118.0,143168.0,143236.0,143263.0,143293.0,143292.0,143313.0,143374.0,143392.0,143422.0,143457.0,143492.0,143535.0,143575.0,143592.0,143604.0,143562.0,143578.0,143604.0,143600.0,143621.0,143642.0,143639.0,143651.0,143672.0,143683.0,143702.0,143731.0,143758.0,143804.0,143839.0,143872.0,143884.0,143901.0,143780.0,143948.0,143963.0,143980.0,143994.0,144005.0,144030.0,144058.0,144076.0,144092.0,144111.0,144124.0,144118.0,144125.0,144130.0,144144.0,144158.0,144141.0,144079.0,144005.0,144001.0,144012.0,144012.0,144036
23urWKmHS6o,104672.0,104691.0,104703.0,104719.0,104743.0,104777.0,104790.0,104829.0,104860.0,104881.0,104912.0,104945.0,104955.0,104982.0,105001.0,105027.0,105043.0,105025.0,105034.0,105057.0,105085.0,105112.0,105149.0,105180.0,105182.0,105227.0,105257.0,105257.0,105289.0,105333.0,105363.0,105371.0,105416.0,105462.0,105498.0,105522.0,105579.0,105624.0,105642.0,105636.0,105659.0,105684.0,105714.0,105723.0,105767.0,105811.0,105856.0,105884.0,105904.0,105924.0,105940.0,105962.0,105980.0,105997.0,106017.0,106038.0,106064.0,106072.0,106098.0,106123.0,106149.0,106179.0,106198.0,106206.0,106227.0,106238.0,106282.0,106299.0,106321.0,106357.0,106379.0,106418.0,106435.0,106441.0,106462.0,106488.0,106517.0,106541.0,106578.0,106614.0,106624.0,106662.0,106655.0,106668.0,106613.0,106622.0,106610.0,106633.0,106653.0,106681.0,106614.0,106635.0,106667.0,106688.0,106712.0,106742.0,106773.0,106800.0,106832.0,106846.0,106858.0,106874.0,106770.0,106915.0,106937.0,106958.0,106972.0,106986.0,107005.0,107024.0,107029.0,107052.0,107063.0,107055.0,107014.0,107022.0,107037.0,107048.0,107063.0,107058.0,107010.0,106986.0,106993.0,106979.0,106976.0,106979
eWAdpUyzCkI,103112.0,103138.0,103177.0,103217.0,103268.0,103313.0,103356.0,103454.0,103496.0,103531.0,103578.0,103638.0,103646.0,103684.0,103732.0,103770.0,103810.0,103829.0,103857.0,103909.0,103928.0,103983.0,104039.0,104042.0,104070.0,104115.0,104168.0,104191.0,104240.0,104279.0,104295.0,104305.0,104353.0,104380.0,104386.0,104413.0,104503.0,104580.0,104633.0,104692.0,104755.0,104789.0,104822.0,104799.0,104864.0,104903.0,104936.0,104965.0,104998.0,105021.0,105060.0,105098.0,105103.0,105131.0,105167.0,105199.0,105223.0,105230.0,105266.0,105284.0,105276.0,105302.0,105332.0,105369.0,105408.0,105449.0,105644.0,105632.0,105664.0,105704.0,105742.0,105801.0,105840.0,105912.0,105963.0,106008.0,106035.0,106058.0,106102.0,106171.0,106201.0,106248.0,106268.0,106272.0,106265.0,106285.0,106313.0,106345.0,106378.0,106380.0,106356.0,106381.0,106409.0,106438.0,106468.0,106506.0,106558.0,106574.0,106634.0,106662.0,106687.0,106717.0,106490.0,106756.0,106782.0,106795.0,106821.0,106847.0,106864.0,106897.0,106897.0,106925.0,106944.0,106971.0,106996.0,107021.0,107031.0,107059.0,107075.0,107086.0,106870.0,106840.0,106853.0,106888.0,106919.0,106947
YQwTOpvcTYU,10704.0,10717.0,10735.0,10753.0,10767.0,10781.0,10786.0,10806.0,10812.0,10826.0,10843.0,10851.0,10854.0,10860.0,10862.0,10868.0,10874.0,10892.0,10898.0,10900.0,10903.0,10911.0,10920.0,10917.0,10924.0,10927.0,10930.0,10934.0,10941.0,10950.0,10955.0,10955.0,10956.0,10956.0,10957.0,10956.0,10972.0,10979.0,10984.0,10980.0,10981.0,10977.0,10977.0,10979.0,10979.0,10980.0,10978.0,10981.0,10979.0,10979.0,10982.0,10985.0,10975.0,10973.0,10974.0,10976.0,10978.0,10978.0,10980.0,10986.0,10987.0,10986.0,10989.0,10988.0,10993.0,10999.0,11001.0,11004.0,11003.0,11005.0,11007.0,11010.0,11012.0,11013.0,11017.0,11018.0,11017.0,11019.0,11029.0,11032.0,11036.0,11042.0,11044.0,11042.0,11040.0,11040.0,11044.0,11045.0,11050.0,11058.0,11053.0,11055.0,11057.0,11055.0,11063.0,11062.0,11066.0,11068.0,11072.0,11079.0,11075.0,11077.0,11076.0,11078.0,11078.0,11077.0,11077.0,11077.0,11079.0,11082.0,11084.0,11087.0,11089.0,11093.0,11095.0,11090.0,11090.0,11091.0,11089.0,11087.0,11088.0,11092.0,11094.0,11092.0,11093.0,11096
NFeI7hJvfeA,19027.0,19037.0,19051.0,19059.0,19065.0,19070.0,19079.0,19087.0,19095.0,19102.0,19111.0,19123.0,19133.0,19148.0,19163.0,19159.0,19166.0,19175.0,19182.0,19191.0,19196.0,19196.0,19210.0,19221.0,19230.0,19239.0,19245.0,19258.0,19267.0,19273.0,19281.0,19286.0,19293.0,19298.0,19304.0,19315.0,19314.0,19326.0,19333.0,19335.0,19344.0,19353.0,19361.0,19361.0,19368.0,19370.0,19374.0,19377.0,19384.0,19387.0,19390.0,19393.0,19403.0,19418.0,19422.0,19428.0,19437.0,19449.0,19453.0,19461.0,19466.0,19470.0,19473.0,19481.0,19483.0,19491.0,19501.0,19505.0,19513.0,19519.0,19525.0,19533.0,19542.0,19549.0,19554.0,19561.0,19565.0,19574.0,19574.0,19576.0,19580.0,19582.0,19585.0,19589.0,19589.0,19596.0,19602.0,19608.0,19612.0,19620.0,19623.0,19625.0,19634.0,19641.0,19644.0,19647.0,19653.0,19655.0,19658.0,19660.0,19664.0,19666.0,19675.0,19676.0,19680.0,19683.0,19686.0,19691.0,19693.0,19698.0,19700.0,19708.0,19709.0,19715.0,19719.0,19720.0,19725.0,19727.0,19728.0,19730.0,19732.0,19739.0,19740.0,19740.0,19748.0,19750
XyN02FY0Cf0,10725.0,10726.0,10725.0,10726.0,10717.0,10719.0,10719.0,10719.0,10723.0,10723.0,10723.0,10722.0,10723.0,10722.0,10723.0,10724.0,10725.0,10724.0,10726.0,10726.0,10727.0,10723.0,10721.0,10721.0,10721.0,10721.0,10721.0,10721.0,10719.0,10719.0,10721.0,10720.0,10719.0,10718.0,10718.0,10719.0,10719.0,10719.0,10719.0,10719.0,10719.0,10719.0,10718.0,10714.0,10714.0,10711.0,10711.0,10712.0,10711.0,10711.0,10711.0,10711.0,10710.0,10710.0,10710.0,10710.0,10708.0,10708.0,10708.0,10708.0,10708.0,10707.0,10707.0,10708.0,10708.0,10365.0,10365.0,10365.0,10364.0,10365.0,10365.0,10364.0,10364.0,10363.0,10363.0,10363.0,10362.0,10364.0,10362.0,10362.0,10363.0,10363.0,10364.0,10365.0,10365.0,10363.0,10363.0,10362.0,10360.0,10360.0,10362.0,10360.0,10359.0,10358.0,10359.0,10359.0,10358.0,10357.0,10358.0,10357.0,10356.0,10354.0,10354.0,10354.0,10354.0,10352.0,10354.0,10355.0,10355.0,10355.0,10355.0,10355.0,10355.0,10355.0,10355.0,10355.0,10353.0,10353.0,10353.0,10353.0,10352.0,10352.0,10352.0,10352.0,10352.0,10352
3TG1-WN5eSo,13.0,13.0,13.0,13.0,13.0,13.0,13.0,13.0,13.0,13.0,13.0,13.0,13.0,13.0,13.0,13.0,13.0,13.0,13.0,13.0,13.0,13.0,13.0,13.0,13.0,13.0,13.0,13.0,13.0,13.0,13.0,13.0,13.0,13.0,13.0,13.0,13.0,13.0,13.0,13.0,13.0,13.0,13.0,13.0,13.0,13.0,13.0,13.0,13.0,13.0,13.0,13.0,13.0,13.0,13.0,13.0,13.0,13.0,13.0,13.0,13.0,13.0,13.0,13.0,13.0,13.0,13.0,13.0,13.0,13.0,13.0,13.0,13.0,13.0,13.0,13.0,13.0,13.0,13.0,13.0,13.0,13.0,13.0,13.0,13.0,13.0,13.0,13.0,13.0,13.0,13.0,13.0,13.0,13.0,13.0,13.0,13.0,13.0,13.0,13.0,13.0,13.0,13.0,13.0,13.0,13.0,13.0,13.0,13.0,13.0,13.0,13.0,13.0,13.0,13.0,13.0,13.0,13.0,13.0,13.0,13.0,13.0,13.0,13.0,13.0,13
zcVEu2bSZas,7.0,7.0,7.0,7.0,7.0,7.0,7.0,7.0,7.0,7.0,7.0,7.0,7.0,7.0,7.0,7.0,7.0,7.0,7.0,7.0,7.0,7.0,7.0,7.0,7.0,7.0,7.0,7.0,7.0,7.0,7.0,7.0,7.0,7.0,7.0,7.0,7.0,8.0,8.0,8.0,8.0,8.0,8.0,8.0,8.0,8.0,8.0,8.0,8.0,8.0,8.0,8.0,8.0,8.0,8.0,8.0,8.0,8.0,8.0,8.0,8.0,8.0,8.0,8.0,8.0,8.0,8.0,8.0,8.0,8.0,8.0,8.0,8.0,8.0,8.0,8.0,8.0,8.0,8.0,8.0,8.0,8.0,8.0,8.0,8.0,8.0,8.0,8.0,8.0,8.0,8.0,8.0,8.0,8.0,8.0,8.0,8.0,8.0,8.0,8.0,8.0,8.0,8.0,8.0,8.0,8.0,8.0,8.0,7.0,7.0,7.0,7.0,7.0,7.0,7.0,7.0,7.0,7.0,7.0,7.0,7.0,7.0,7.0,7.0,7.0,7
TRTt4v38kOM,82.0,82.0,82.0,82.0,82.0,82.0,82.0,82.0,82.0,82.0,82.0,82.0,82.0,82.0,82.0,82.0,82.0,82.0,82.0,82.0,82.0,82.0,82.0,82.0,82.0,82.0,82.0,82.0,82.0,82.0,82.0,82.0,82.0,82.0,82.0,82.0,82.0,82.0,82.0,82.0,82.0,82.0,82.0,82.0,82.0,82.0,82.0,82.0,82.0,82.0,82.0,82.0,82.0,82.0,82.0,82.0,82.0,82.0,82.0,82.0,82.0,82.0,82.0,82.0,82.0,82.0,82.0,82.0,82.0,82.0,82.0,82.0,82.0,82.0,82.0,82.0,82.0,82.0,82.0,82.0,82.0,82.0,82.0,82.0,82.0,82.0,82.0,82.0,82.0,82.0,82.0,82.0,82.0,82.0,82.0,82.0,82.0,82.0,82.0,82.0,82.0,82.0,82.0,82.0,82.0,82.0,82.0,82.0,82.0,82.0,82.0,82.0,82.0,82.0,82.0,82.0,82.0,82.0,82.0,82.0,82.0,82.0,82.0,82.0,82.0,82
2V6lvCUPT8I,171765.0,171891.0,171997.0,172121.0,172226.0,172330.0,172453.0,172584.0,172734.0,172881.0,173083.0,173199.0,173258.0,173308.0,173418.0,173503.0,173602.0,173709.0,173788.0,173882.0,173868.0,173938.0,174028.0,174115.0,174131.0,174222.0,174287.0,174332.0,174423.0,174487.0,174555.0,174614.0,174665.0,174719.0,174763.0,174844.0,175168.0,175453.0,175606.0,175713.0,175851.0,175968.0,176084.0,176269.0,176425.0,176531.0,176580.0,176653.0,176755.0,176824.0,176920.0,176990.0,177006.0,177067.0,177153.0,177259.0,177330.0,177440.0,177506.0,177560.0,177657.0,177721.0,177879.0,178034.0,178134.0,178219.0,178288.0,178423.0,178667.0,178771.0,178895.0,178976.0,179056.0,179121.0,179190.0,179226.0,179282.0,179325.0,179396.0,179127.0,179163.0,179223.0,179258.0,179328.0,179373.0,179416.0,179493.0,179555.0,179613.0,179676.0,179698.0,179730.0,179789.0,179817.0,179871.0,179927.0,179979.0,180041.0,180070.0,180120.0,180177.0,180242.0,180274.0,180326.0,180377.0,180431.0,180461.0,180510.0,180638.0,180671.0,180715.0,180751.0,180780.0,180803.0,180853.0,180812.0,180851.0,180901.0,180931.0,180928.0,180866.0,180890.0,180869.0,180944.0,181035.0,181138
N6yQa4CFfbk,0.0,0.0,0.0,0.0,0.0,0.0,0.0,0.0,0.0,0.0,0.0,0.0,0.0,0.0,0.0,0.0,0.0,0.0,0.0,0.0,0.0,0.0,0.0,0.0,0.0,0.0,0.0,0.0,0.0,0.0,0.0,0.0,0.0,0.0,0.0,0.0,0.0,0.0,0.0,0.0,0.0,0.0,0.0,0.0,0.0,0.0,0.0,0.0,0.0,0.0,0.0,0.0,0.0,0.0,0.0,0.0,0.0,0.0,0.0,0.0,0.0,0.0,0.0,0.0,0.0,0.0,0.0,0.0,0.0,0.0,0.0,0.0,0.0,0.0,0.0,0.0,0.0,0.0,0.0,0.0,0.0,0.0,0.0,0.0,0.0,0.0,0.0,0.0,0.0,0.0,0.0,0.0,0.0,0.0,0.0,0.0,0.0,0.0,0.0,0.0,0.0,0.0,0.0,0.0,0.0,0.0,0.0,0.0,0.0,0.0,0.0,0.0,0.0,0.0,0.0,0.0,0.0,0.0,0.0,0.0,0.0,0.0,0.0,0.0,0.0,0
WxnMeZBGk9k,0.0,0.0,0.0,0.0,0.0,0.0,0.0,0.0,0.0,0.0,0.0,0.0,0.0,0.0,0.0,0.0,0.0,0.0,0.0,0.0,0.0,0.0,0.0,0.0,0.0,0.0,0.0,0.0,0.0,0.0,0.0,0.0,0.0,0.0,0.0,0.0,0.0,0.0,0.0,0.0,0.0,0.0,0.0,0.0,0.0,0.0,0.0,0.0,0.0,0.0,0.0,0.0,0.0,0.0,0.0,0.0,0.0,0.0,0.0,0.0,0.0,0.0,0.0,0.0,0.0,0.0,0.0,0.0,0.0,0.0,0.0,0.0,0.0,0.0,0.0,0.0,0.0,0.0,0.0,0.0,0.0,0.0,0.0,0.0,0.0,0.0,0.0,0.0,0.0,0.0,0.0,0.0,0.0,0.0,0.0,0.0,0.0,0.0,0.0,0.0,0.0,0.0,0.0,0.0,0.0,0.0,0.0,0.0,0.0,0.0,0.0,0.0,0.0,0.0,0.0,0.0,0.0,0.0,0.0,0.0,0.0,0.0,0.0,0.0,0.0,0
y4ao3hDll1A,0.0,0.0,0.0,0.0,0.0,0.0,0.0,0.0,0.0,0.0,0.0,0.0,0.0,0.0,0.0,0.0,0.0,0.0,0.0,0.0,0.0,0.0,0.0,0.0,0.0,0.0,0.0,0.0,0.0,0.0,0.0,0.0,0.0,0.0,0.0,0.0,0.0,0.0,0.0,0.0,0.0,0.0,0.0,0.0,0.0,0.0,0.0,0.0,0.0,0.0,0.0,0.0,0.0,0.0,0.0,0.0,0.0,0.0,0.0,0.0,0.0,0.0,0.0,0.0,0.0,0.0,0.0,0.0,0.0,0.0,0.0,0.0,0.0,0.0,0.0,0.0,0.0,0.0,0.0,0.0,0.0,0.0,0.0,0.0,0.0,0.0,0.0,0.0,0.0,0.0,0.0,0.0,0.0,0.0,0.0,0.0,0.0,0.0,0.0,0.0,0.0,0.0,0.0,0.0,0.0,0.0,0.0,0.0,0.0,0.0,0.0,0.0,0.0,0.0,0.0,0.0,0.0,0.0,0.0,0.0,0.0,0.0,0.0,0.0,0.0,0
oSaz5dJFKQs,0.0,0.0,0.0,0.0,0.0,0.0,0.0,0.0,0.0,0.0,0.0,0.0,0.0,0.0,0.0,0.0,0.0,0.0,0.0,0.0,0.0,0.0,0.0,0.0,0.0,0.0,0.0,0.0,0.0,0.0,0.0,0.0,0.0,0.0,0.0,0.0,0.0,0.0,0.0,0.0,0.0,0.0,0.0,0.0,0.0,0.0,0.0,0.0,0.0,0.0,0.0,0.0,0.0,0.0,0.0,0.0,0.0,0.0,0.0,0.0,0.0,0.0,0.0,0.0,0.0,0.0,0.0,0.0,0.0,0.0,0.0,0.0,0.0,0.0,0.0,0.0,0.0,0.0,0.0,0.0,0.0,0.0,0.0,0.0,0.0,0.0,0.0,0.0,0.0,0.0,0.0,0.0,0.0,0.0,0.0,0.0,0.0,0.0,0.0,0.0,0.0,0.0,0.0,0.0,0.0,0.0,0.0,0.0,0.0,0.0,0.0,0.0,0.0,0.0,0.0,0.0,0.0,0.0,0.0,0.0,0.0,0.0,0.0,0.0,0.0,0
y1bNfSi3UVY,2071.0,2072.0,2072.0,2072.0,2073.0,2075.0,2075.0,2079.0,2082.0,2083.0,2085.0,2087.0,2092.0,2094.0,2096.0,2097.0,2097.0,2097.0,2097.0,2098.0,2098.0,2098.0,2098.0,2098.0,2098.0,2099.0,2099.0,2099.0,2099.0,2099.0,2101.0,2101.0,2103.0,2105.0,2105.0,2106.0,2108.0,2109.0,2109.0,2110.0,2111.0,2113.0,2115.0,2116.0,2116.0,2117.0,2118.0,2119.0,2120.0,2120.0,2120.0,2120.0,2120.0,2121.0,2121.0,2123.0,2123.0,2125.0,2125.0,2125.0,2125.0,2125.0,2125.0,2125.0,2126.0,2125.0,2125.0,2126.0,2126.0,2126.0,2126.0,2126.0,2126.0,2126.0,2127.0,2127.0,2128.0,2129.0,2129.0,2129.0,2129.0,2129.0,2129.0,2129.0,2129.0,2129.0,2129.0,2129.0,2129.0,2130.0,2129.0,2129.0,2129.0,2129.0,2129.0,2129.0,2129.0,2129.0,2129.0,2129.0,2130.0,2130.0,2131.0,2131.0,2132.0,2132.0,2132.0,2132.0,2132.0,2132.0,2132.0,2133.0,2133.0,2133.0,2133.0,2133.0,2133.0,2133.0,2133.0,2134.0,2134.0,2134.0,2135.0,2137.0,2136.0,2136
1b61-ddiufM,0.0,0.0,0.0,0.0,0.0,0.0,0.0,0.0,0.0,0.0,0.0,0.0,0.0,0.0,0.0,0.0,0.0,0.0,0.0,0.0,0.0,0.0,0.0,0.0,0.0,0.0,0.0,0.0,0.0,0.0,0.0,0.0,0.0,0.0,0.0,0.0,0.0,0.0,0.0,0.0,0.0,0.0,0.0,0.0,0.0,0.0,0.0,0.0,0.0,0.0,0.0,0.0,0.0,0.0,0.0,0.0,0.0,0.0,0.0,0.0,0.0,0.0,0.0,0.0,0.0,0.0,0.0,0.0,0.0,0.0,0.0,0.0,0.0,0.0,0.0,0.0,0.0,0.0,0.0,0.0,0.0,0.0,0.0,0.0,0.0,0.0,0.0,0.0,0.0,0.0,0.0,0.0,0.0,0.0,0.0,0.0,0.0,0.0,0.0,0.0,0.0,0.0,0.0,0.0,0.0,0.0,0.0,0.0,0.0,0.0,0.0,0.0,0.0,0.0,0.0,0.0,0.0,0.0,0.0,0.0,0.0,0.0,0.0,0.0,0.0,0
9NaAOD5hET4,158.0,158.0,158.0,158.0,158.0,158.0,158.0,158.0,159.0,159.0,159.0,160.0,161.0,161.0,161.0,161.0,161.0,161.0,161.0,161.0,161.0,161.0,161.0,161.0,161.0,161.0,161.0,161.0,161.0,161.0,161.0,161.0,161.0,161.0,161.0,161.0,161.0,161.0,161.0,161.0,161.0,161.0,161.0,161.0,161.0,161.0,161.0,161.0,161.0,161.0,161.0,162.0,162.0,162.0,162.0,162.0,162.0,162.0,162.0,162.0,162.0,163.0,163.0,163.0,164.0,164.0,164.0,164.0,164.0,164.0,164.0,164.0,164.0,164.0,164.0,164.0,164.0,164.0,164.0,164.0,164.0,164.0,164.0,164.0,164.0,164.0,165.0,165.0,165.0,165.0,163.0,165.0,163.0,163.0,163.0,163.0,163.0,163.0,163.0,163.0,163.0,163.0,163.0,163.0,163.0,163.0,163.0,164.0,164.0,164.0,164.0,164.0,164.0,164.0,164.0,164.0,164.0,164.0,164.0,164.0,164.0,164.0,164.0,164.0,164.0,164
aa6VrglNWYA,6.0,6.0,6.0,6.0,6.0,7.0,7.0,7.0,7.0,7.0,7.0,7.0,8.0,8.0,8.0,8.0,8.0,8.0,8.0,8.0,8.0,8.0,8.0,8.0,8.0,8.0,8.0,8.0,8.0,8.0,8.0,8.0,8.0,8.0,8.0,8.0,8.0,8.0,8.0,8.0,8.0,8.0,8.0,8.0,8.0,8.0,8.0,8.0,8.0,8.0,8.0,8.0,8.0,8.0,8.0,8.0,8.0,8.0,8.0,8.0,8.0,8.0,8.0,8.0,8.0,8.0,8.0,8.0,8.0,8.0,8.0,8.0,9.0,9.0,9.0,9.0,9.0,9.0,9.0,9.0,9.0,9.0,9.0,9.0,9.0,9.0,9.0,9.0,9.0,9.0,9.0,9.0,9.0,9.0,9.0,9.0,9.0,9.0,9.0,9.0,9.0,9.0,9.0,9.0,9.0,9.0,9.0,9.0,9.0,9.0,9.0,9.0,9.0,9.0,9.0,9.0,9.0,9.0,9.0,9.0,9.0,9.0,9.0,9.0,9.0,9
JLqXeMabsEQ,28895.0,28948.0,29005.0,29098.0,29165.0,29142.0,29182.0,29247.0,29303.0,29358.0,29437.0,29503.0,29590.0,29697.0,29749.0,29806.0,29840.0,29870.0,29900.0,29923.0,29966.0,30019.0,30043.0,30083.0,30125.0,30148.0,30203.0,30253.0,30288.0,30332.0,30372.0,30428.0,30455.0,30512.0,30540.0,30606.0,30648.0,30693.0,30731.0,30782.0,30833.0,30899.0,30982.0,31030.0,31071.0,31034.0,31069.0,31105.0,31133.0,31157.0,31157.0,31180.0,31220.0,31197.0,31249.0,31291.0,31309.0,31330.0,31353.0,31371.0,31398.0,31452.0,31495.0,31510.0,31548.0,31560.0,31599.0,31646.0,31666.0,31701.0,31730.0,31739.0,31787.0,31817.0,31888.0,32015.0,32109.0,32147.0,32173.0,32205.0,32414.0,32542.0,32633.0,32695.0,32762.0,32783.0,32851.0,32894.0,32811.0,32838.0,32857.0,32876.0,32885.0,32904.0,32911.0,32947.0,32966.0,32990.0,32998.0,32988.0,33010.0,33032.0,33037.0,33070.0,33081.0,33155.0,33181.0,33185.0,33200.0,33217.0,33238.0,33270.0,33306.0,33328.0,33350.0,33361.0,33375.0,33389.0,33400.0,33402.0,33412.0,33435.0,33425.0,33454.0,33465.0,33472
QqkLnNClpAQ,17512.0,17517.0,17526.0,17533.0,17536.0,17529.0,17530.0,17532.0,17544.0,17547.0,17555.0,17560.0,17569.0,17577.0,17581.0,17585.0,17592.0,17594.0,17600.0,17604.0,17603.0,17610.0,17613.0,17616.0,17619.0,17620.0,17622.0,17626.0,17641.0,17649.0,17663.0,17668.0,17671.0,17694.0,17695.0,17700.0,17705.0,17710.0,17712.0,17716.0,17725.0,17732.0,17736.0,17739.0,17739.0,17666.0,17666.0,17666.0,17673.0,17673.0,17676.0,17680.0,17677.0,17675.0,17676.0,17679.0,17684.0,17687.0,17689.0,17692.0,17697.0,17699.0,17705.0,17707.0,17711.0,17712.0,17713.0,17713.0,17717.0,17718.0,17722.0,17723.0,17725.0,17727.0,17730.0,17734.0,17735.0,17738.0,17740.0,17745.0,17748.0,17758.0,17760.0,17763.0,17763.0,17765.0,17771.0,17771.0,17772.0,17773.0,17777.0,17781.0,17778.0,17780.0,17782.0,17783.0,17786.0,17789.0,17789.0,17794.0,17796.0,17797.0,17798.0,17794.0,17795.0,17798.0,17802.0,17804.0,17809.0,17809.0,17813.0,17815.0,17817.0,17818.0,17820.0,17822.0,17825.0,17827.0,17830.0,17831.0,17831.0,17831.0,17831.0,17832.0,17833.0,17835
vHzmHaO5WHw,2154.0,2155.0,2155.0,2155.0,2156.0,2157.0,2158.0,2160.0,2159.0,2161.0,2162.0,2167.0,2170.0,2171.0,2172.0,2175.0,2175.0,2176.0,2176.0,2176.0,2177.0,2177.0,2180.0,2180.0,2180.0,2180.0,2180.0,2181.0,2181.0,2182.0,2182.0,2182.0,2182.0,2183.0,2183.0,2185.0,2185.0,2185.0,2185.0,2185.0,2185.0,2185.0,2185.0,2185.0,2185.0,2184.0,2184.0,2183.0,2183.0,2183.0,2183.0,2183.0,2184.0,2184.0,2184.0,2184.0,2184.0,2184.0,2184.0,2184.0,2184.0,2184.0,2184.0,2185.0,2186.0,2186.0,2186.0,2186.0,2186.0,2186.0,2186.0,2186.0,2186.0,2186.0,2186.0,2186.0,2186.0,2187.0,2187.0,2187.0,2187.0,2187.0,2186.0,2186.0,2186.0,2186.0,2186.0,2186.0,2185.0,2185.0,2185.0,2186.0,2186.0,2186.0,2186.0,2186.0,2185.0,2186.0,2186.0,2187.0,2187.0,2187.0,2186.0,2187.0,2187.0,2187.0,2187.0,2187.0,2187.0,2187.0,2187.0,2187.0,2187.0,2187.0,2188.0,2188.0,2188.0,2188.0,2188.0,2188.0,2188.0,2188.0,2189.0,2189.0,2189.0,2189
9Zrt94Tu2gU,32.0,32.0,32.0,32.0,32.0,32.0,32.0,32.0,32.0,32.0,32.0,32.0,32.0,32.0,32.0,32.0,32.0,32.0,32.0,32.0,32.0,32.0,32.0,32.0,32.0,32.0,32.0,32.0,32.0,32.0,32.0,32.0,32.0,32.0,32.0,32.0,32.0,32.0,32.0,32.0,32.0,32.0,33.0,33.0,33.0,33.0,33.0,33.0,33.0,33.0,33.0,33.0,33.0,33.0,33.0,33.0,33.0,33.0,33.0,33.0,33.0,33.0,33.0,33.0,33.0,33.0,33.0,33.0,33.0,33.0,32.0,32.0,32.0,32.0,32.0,32.0,32.0,32.0,32.0,32.0,32.0,32.0,32.0,32.0,32.0,32.0,32.0,32.0,32.0,32.0,32.0,32.0,32.0,32.0,32.0,32.0,32.0,32.0,32.0,32.0,32.0,32.0,32.0,32.0,32.0,33.0,33.0,33.0,33.0,33.0,33.0,33.0,33.0,33.0,33.0,33.0,33.0,33.0,33.0,33.0,33.0,33.0,33.0,33.0,33.0,33
NYYcTRFlti4,78.0,78.0,78.0,78.0,78.0,78.0,78.0,78.0,78.0,78.0,78.0,78.0,78.0,78.0,78.0,78.0,78.0,78.0,78.0,78.0,78.0,78.0,78.0,78.0,78.0,78.0,78.0,78.0,78.0,78.0,78.0,78.0,78.0,78.0,78.0,78.0,78.0,78.0,78.0,78.0,78.0,78.0,78.0,78.0,78.0,78.0,78.0,78.0,78.0,78.0,78.0,78.0,78.0,78.0,78.0,78.0,78.0,78.0,78.0,78.0,78.0,78.0,78.0,78.0,78.0,78.0,78.0,78.0,78.0,78.0,78.0,78.0,78.0,78.0,78.0,78.0,78.0,78.0,78.0,78.0,78.0,78.0,78.0,78.0,78.0,78.0,78.0,78.0,78.0,78.0,78.0,78.0,78.0,78.0,79.0,79.0,79.0,79.0,79.0,79.0,79.0,79.0,79.0,79.0,79.0,79.0,79.0,79.0,79.0,80.0,80.0,80.0,80.0,80.0,80.0,80.0,80.0,80.0,80.0,80.0,80.0,80.0,80.0,80.0,80.0,80
HMtJ9MeGty4,0.0,0.0,0.0,0.0,0.0,0.0,0.0,0.0,0.0,0.0,0.0,0.0,0.0,0.0,0.0,0.0,0.0,0.0,0.0,0.0,0.0,0.0,0.0,0.0,0.0,0.0,0.0,0.0,0.0,0.0,0.0,0.0,0.0,0.0,0.0,0.0,0.0,0.0,0.0,0.0,0.0,0.0,0.0,0.0,0.0,0.0,0.0,0.0,0.0,0.0,0.0,0.0,0.0,0.0,0.0,0.0,0.0,0.0,0.0,0.0,0.0,0.0,0.0,0.0,0.0,0.0,0.0,0.0,0.0,0.0,0.0,0.0,0.0,0.0,0.0,0.0,0.0,0.0,0.0,0.0,0.0,0.0,0.0,0.0,0.0,0.0,0.0,0.0,0.0,0.0,0.0,0.0,0.0,0.0,0.0,0.0,0.0,0.0,0.0,0.0,0.0,0.0,0.0,0.0,0.0,0.0,0.0,0.0,0.0,0.0,0.0,0.0,0.0,0.0,0.0,0.0,0.0,0.0,0.0,0.0,0.0,0.0,0.0,0.0,0.0,0
15CBNC4k_t0,1059.0,1061.0,1063.0,1063.0,1063.0,1064.0,1064.0,1065.0,1066.0,1066.0,1068.0,1067.0,1068.0,1068.0,1068.0,1068.0,1068.0,1068.0,1068.0,1068.0,1068.0,1069.0,1069.0,1070.0,1070.0,1070.0,1071.0,1071.0,1072.0,1072.0,1072.0,1072.0,1073.0,1074.0,1076.0,1076.0,1076.0,1076.0,1076.0,1076.0,1076.0,1076.0,1075.0,1075.0,1075.0,1075.0,1075.0,1075.0,1075.0,1075.0,1075.0,1075.0,1075.0,1075.0,1075.0,1075.0,1075.0,1075.0,1075.0,1075.0,1075.0,1075.0,1075.0,1075.0,1075.0,1075.0,1076.0,1076.0,1076.0,1076.0,1076.0,1076.0,1076.0,1076.0,1076.0,1076.0,1077.0,1077.0,1077.0,1077.0,1075.0,1075.0,1075.0,1076.0,1077.0,1077.0,1077.0,1077.0,1077.0,1077.0,1077.0,1077.0,1077.0,1077.0,1077.0,1078.0,1077.0,1077.0,1076.0,1076.0,1076.0,1076.0,1076.0,1076.0,1076.0,1076.0,1076.0,1076.0,1076.0,1076.0,1076.0,1076.0,1076.0,1077.0,1077.0,1076.0,1076.0,1076.0,1076.0,1076.0,1076.0,1076.0,1076.0,1075.0,1075.0,1075
G-wRYVlwSMw,0.0,0.0,0.0,0.0,0.0,0.0,0.0,0.0,0.0,0.0,0.0,0.0,0.0,0.0,0.0,0.0,0.0,0.0,0.0,0.0,0.0,0.0,0.0,0.0,0.0,0.0,0.0,0.0,0.0,0.0,0.0,0.0,0.0,0.0,0.0,0.0,0.0,0.0,0.0,0.0,0.0,0.0,0.0,0.0,0.0,0.0,0.0,0.0,0.0,0.0,0.0,0.0,0.0,0.0,0.0,0.0,0.0,0.0,0.0,0.0,0.0,0.0,0.0,0.0,0.0,0.0,0.0,0.0,0.0,0.0,0.0,0.0,0.0,0.0,0.0,0.0,0.0,0.0,0.0,0.0,0.0,0.0,0.0,0.0,0.0,0.0,0.0,0.0,0.0,0.0,0.0,0.0,0.0,0.0,0.0,0.0,0.0,0.0,0.0,0.0,0.0,0.0,0.0,0.0,0.0,0.0,0.0,0.0,0.0,0.0,0.0,0.0,0.0,0.0,0.0,0.0,0.0,0.0,0.0,0.0,0.0,0.0,0.0,0.0,0.0,0
oV3-zre57mw,0.0,0.0,0.0,0.0,0.0,0.0,0.0,0.0,0.0,0.0,0.0,0.0,0.0,0.0,0.0,0.0,0.0,0.0,0.0,0.0,0.0,0.0,0.0,0.0,0.0,0.0,0.0,0.0,0.0,0.0,0.0,0.0,0.0,0.0,0.0,0.0,0.0,0.0,0.0,0.0,0.0,0.0,0.0,0.0,0.0,0.0,0.0,0.0,0.0,0.0,0.0,0.0,0.0,0.0,0.0,0.0,0.0,0.0,0.0,0.0,0.0,0.0,0.0,0.0,0.0,0.0,0.0,0.0,0.0,0.0,0.0,0.0,0.0,0.0,0.0,0.0,0.0,0.0,0.0,0.0,0.0,0.0,0.0,0.0,0.0,0.0,0.0,0.0,0.0,0.0,0.0,0.0,0.0,0.0,0.0,0.0,0.0,0.0,0.0,0.0,0.0,0.0,0.0,0.0,0.0,0.0,0.0,0.0,0.0,0.0,0.0,0.0,0.0,0.0,0.0,0.0,0.0,0.0,0.0,0.0,0.0,0.0,0.0,0.0,0.0,0
6TrrwyoLKns,272.0,272.0,272.0,272.0,272.0,272.0,273.0,274.0,274.0,274.0,274.0,274.0,274.0,274.0,275.0,275.0,276.0,278.0,280.0,281.0,284.0,287.0,290.0,295.0,297.0,299.0,302.0,306.0,306.0,306.0,308.0,309.0,312.0,312.0,314.0,318.0,320.0,324.0,324.0,326.0,329.0,332.0,331.0,338.0,338.0,341.0,344.0,345.0,346.0,347.0,348.0,350.0,351.0,352.0,352.0,354.0,354.0,354.0,358.0,359.0,360.0,361.0,362.0,363.0,366.0,371.0,372.0,372.0,374.0,375.0,376.0,377.0,377.0,381.0,381.0,383.0,385.0,385.0,386.0,386.0,388.0,388.0,393.0,395.0,394.0,398.0,398.0,399.0,399.0,399.0,399.0,400.0,401.0,401.0,401.0,400.0,400.0,401.0,401.0,402.0,402.0,402.0,402.0,405.0,406.0,406.0,406.0,407.0,409.0,409.0,410.0,410.0,411.0,411.0,411.0,411.0,411.0,412.0,413.0,414.0,415.0,415.0,416.0,417.0,417.0,418
vIyCWMVZwkI,349.0,349.0,349.0,349.0,349.0,350.0,350.0,350.0,350.0,350.0,350.0,351.0,351.0,350.0,351.0,352.0,352.0,352.0,352.0,353.0,353.0,355.0,355.0,355.0,355.0,355.0,355.0,355.0,355.0,356.0,356.0,356.0,356.0,355.0,355.0,356.0,356.0,355.0,356.0,356.0,357.0,357.0,360.0,361.0,364.0,365.0,365.0,365.0,366.0,367.0,368.0,370.0,370.0,370.0,370.0,370.0,370.0,370.0,370.0,371.0,371.0,371.0,371.0,371.0,371.0,371.0,371.0,371.0,371.0,372.0,372.0,372.0,372.0,371.0,369.0,369.0,370.0,370.0,370.0,370.0,370.0,370.0,370.0,371.0,372.0,372.0,372.0,372.0,369.0,369.0,369.0,369.0,370.0,370.0,371.0,371.0,371.0,371.0,371.0,371.0,372.0,373.0,373.0,373.0,373.0,373.0,373.0,373.0,373.0,373.0,373.0,373.0,373.0,373.0,373.0,373.0,373.0,373.0,373.0,373.0,373.0,373.0,373.0,373.0,373.0,373
cELZXGZ6a60,0.0,0.0,0.0,0.0,0.0,0.0,0.0,0.0,0.0,0.0,0.0,0.0,0.0,0.0,0.0,0.0,0.0,0.0,0.0,0.0,0.0,0.0,0.0,0.0,0.0,0.0,0.0,0.0,0.0,0.0,0.0,0.0,0.0,0.0,0.0,0.0,0.0,0.0,0.0,0.0,0.0,0.0,0.0,0.0,0.0,0.0,0.0,0.0,0.0,0.0,0.0,0.0,0.0,0.0,0.0,0.0,0.0,0.0,0.0,0.0,0.0,0.0,0.0,0.0,0.0,0.0,0.0,0.0,0.0,0.0,0.0,0.0,0.0,0.0,0.0,0.0,0.0,0.0,0.0,0.0,0.0,0.0,0.0,0.0,0.0,0.0,0.0,0.0,0.0,0.0,0.0,0.0,0.0,0.0,0.0,0.0,0.0,0.0,0.0,0.0,0.0,0.0,0.0,0.0,0.0,0.0,0.0,0.0,0.0,0.0,0.0,0.0,0.0,0.0,0.0,0.0,0.0,0.0,0.0,0.0,0.0,0.0,0.0,0.0,0.0,0
6gfNVDchPiA,0.0,0.0,0.0,0.0,0.0,0.0,0.0,0.0,0.0,0.0,0.0,0.0,0.0,0.0,0.0,0.0,0.0,0.0,0.0,0.0,0.0,0.0,0.0,0.0,0.0,0.0,0.0,0.0,0.0,0.0,0.0,0.0,0.0,0.0,0.0,0.0,0.0,0.0,0.0,0.0,0.0,0.0,0.0,0.0,0.0,0.0,0.0,0.0,0.0,0.0,0.0,0.0,0.0,0.0,0.0,0.0,0.0,0.0,0.0,0.0,0.0,0.0,0.0,0.0,0.0,0.0,0.0,0.0,0.0,0.0,0.0,0.0,0.0,0.0,0.0,0.0,0.0,0.0,0.0,0.0,0.0,0.0,0.0,0.0,0.0,0.0,0.0,0.0,0.0,0.0,0.0,0.0,0.0,0.0,0.0,0.0,0.0,0.0,0.0,0.0,0.0,0.0,0.0,0.0,0.0,0.0,0.0,0.0,0.0,0.0,0.0,0.0,0.0,0.0,0.0,0.0,0.0,0.0,0.0,0.0,0.0,0.0,0.0,0.0,0.0,0
VXn7C9vGs4k,40.0,40.0,40.0,40.0,40.0,40.0,40.0,40.0,40.0,40.0,40.0,40.0,40.0,40.0,40.0,40.0,40.0,40.0,40.0,40.0,40.0,40.0,40.0,40.0,40.0,40.0,40.0,40.0,40.0,40.0,40.0,40.0,40.0,40.0,40.0,40.0,40.0,40.0,40.0,40.0,40.0,40.0,40.0,40.0,40.0,40.0,40.0,40.0,40.0,40.0,40.0,40.0,40.0,40.0,40.0,40.0,40.0,40.0,40.0,40.0,40.0,40.0,40.0,40.0,40.0,40.0,40.0,40.0,40.0,40.0,40.0,40.0,40.0,40.0,40.0,40.0,40.0,40.0,40.0,40.0,40.0,40.0,40.0,40.0,40.0,40.0,40.0,40.0,40.0,41.0,41.0,41.0,41.0,41.0,41.0,41.0,41.0,41.0,41.0,41.0,41.0,41.0,42.0,42.0,42.0,42.0,42.0,42.0,42.0,42.0,42.0,42.0,42.0,42.0,42.0,42.0,42.0,42.0,42.0,42.0,42.0,42.0,43.0,43.0,43.0,43
OxIcVgtrH0M,0.0,0.0,0.0,0.0,0.0,0.0,0.0,0.0,0.0,0.0,0.0,0.0,0.0,0.0,0.0,0.0,0.0,0.0,0.0,0.0,0.0,0.0,0.0,0.0,0.0,0.0,0.0,0.0,0.0,0.0,0.0,0.0,0.0,0.0,0.0,0.0,0.0,0.0,0.0,0.0,0.0,0.0,0.0,0.0,0.0,0.0,0.0,0.0,0.0,0.0,0.0,0.0,0.0,0.0,0.0,0.0,0.0,0.0,0.0,0.0,0.0,0.0,0.0,0.0,0.0,0.0,0.0,0.0,0.0,0.0,0.0,0.0,0.0,0.0,0.0,0.0,0.0,0.0,0.0,0.0,0.0,0.0,0.0,0.0,0.0,0.0,0.0,0.0,0.0,0.0,0.0,0.0,0.0,0.0,0.0,0.0,0.0,0.0,0.0,0.0,0.0,0.0,0.0,0.0,0.0,0.0,0.0,0.0,0.0,0.0,0.0,0.0,0.0,0.0,0.0,0.0,0.0,0.0,0.0,0.0,0.0,0.0,0.0,0.0,0.0,0
DD4qqoq5Rwk,337.0,337.0,337.0,337.0,337.0,336.0,336.0,336.0,338.0,338.0,338.0,339.0,339.0,339.0,339.0,339.0,339.0,340.0,340.0,340.0,340.0,340.0,341.0,341.0,341.0,341.0,341.0,341.0,341.0,341.0,341.0,341.0,341.0,341.0,341.0,341.0,341.0,342.0,343.0,345.0,351.0,351.0,351.0,352.0,352.0,352.0,352.0,352.0,352.0,352.0,352.0,352.0,352.0,352.0,352.0,353.0,353.0,353.0,353.0,353.0,353.0,353.0,354.0,355.0,355.0,355.0,355.0,355.0,356.0,356.0,358.0,359.0,359.0,359.0,359.0,359.0,359.0,359.0,361.0,361.0,361.0,361.0,361.0,361.0,361.0,361.0,361.0,362.0,362.0,362.0,362.0,362.0,363.0,364.0,365.0,366.0,366.0,366.0,366.0,366.0,366.0,366.0,366.0,366.0,366.0,366.0,367.0,367.0,367.0,366.0,366.0,366.0,366.0,366.0,366.0,366.0,366.0,366.0,367.0,367.0,368.0,368.0,368.0,368.0,368.0,368
vIyCWMVZwkI,349.0,349.0,349.0,349.0,349.0,350.0,350.0,350.0,350.0,350.0,350.0,351.0,351.0,350.0,351.0,352.0,352.0,352.0,352.0,353.0,353.0,355.0,355.0,355.0,355.0,355.0,355.0,355.0,355.0,356.0,356.0,356.0,356.0,355.0,355.0,356.0,356.0,355.0,356.0,356.0,357.0,357.0,360.0,361.0,364.0,365.0,365.0,365.0,366.0,367.0,368.0,370.0,370.0,370.0,370.0,370.0,370.0,370.0,370.0,371.0,371.0,371.0,371.0,371.0,371.0,371.0,371.0,371.0,371.0,372.0,372.0,372.0,372.0,371.0,369.0,369.0,370.0,370.0,370.0,370.0,370.0,370.0,370.0,371.0,372.0,372.0,372.0,372.0,369.0,369.0,369.0,369.0,370.0,370.0,371.0,371.0,371.0,371.0,371.0,371.0,372.0,373.0,373.0,373.0,373.0,373.0,373.0,373.0,373.0,373.0,373.0,373.0,373.0,373.0,373.0,373.0,373.0,373.0,373.0,373.0,373.0,373.0,373.0,373.0,373.0,373
-SsOmTaBClo,97.0,97.0,97.0,97.0,97.0,97.0,97.0,97.0,97.0,97.0,97.0,97.0,97.0,97.0,97.0,97.0,97.0,97.0,97.0,97.0,97.0,97.0,97.0,97.0,97.0,97.0,97.0,97.0,97.0,97.0,97.0,97.0,98.0,98.0,98.0,98.0,98.0,98.0,98.0,98.0,98.0,98.0,98.0,98.0,98.0,98.0,98.0,98.0,98.0,98.0,98.0,98.0,98.0,98.0,98.0,98.0,98.0,98.0,98.0,98.0,98.0,98.0,98.0,98.0,98.0,98.0,98.0,98.0,98.0,98.0,98.0,98.0,98.0,98.0,98.0,98.0,98.0,98.0,98.0,98.0,98.0,98.0,98.0,98.0,98.0,98.0,98.0,98.0,98.0,98.0,98.0,98.0,98.0,98.0,98.0,98.0,98.0,98.0,98.0,98.0,98.0,98.0,97.0,97.0,97.0,97.0,97.0,97.0,97.0,97.0,97.0,97.0,97.0,97.0,97.0,97.0,97.0,97.0,97.0,97.0,97.0,97.0,97.0,97.0,97.0,97
9RBxUt4U1Rc,0.0,0.0,0.0,0.0,0.0,0.0,0.0,0.0,0.0,0.0,0.0,0.0,0.0,0.0,0.0,0.0,0.0,0.0,0.0,0.0,0.0,0.0,0.0,0.0,0.0,0.0,0.0,0.0,0.0,0.0,0.0,0.0,0.0,0.0,0.0,0.0,0.0,0.0,0.0,0.0,0.0,0.0,0.0,0.0,0.0,0.0,0.0,0.0,0.0,0.0,0.0,0.0,0.0,0.0,0.0,0.0,0.0,0.0,0.0,0.0,0.0,0.0,0.0,0.0,0.0,0.0,0.0,0.0,0.0,0.0,0.0,0.0,0.0,0.0,0.0,0.0,0.0,0.0,0.0,0.0,0.0,0.0,0.0,0.0,0.0,0.0,0.0,0.0,0.0,0.0,0.0,0.0,0.0,0.0,0.0,0.0,0.0,0.0,0.0,0.0,0.0,0.0,0.0,0.0,0.0,0.0,0.0,0.0,0.0,0.0,0.0,0.0,0.0,0.0,0.0,0.0,0.0,0.0,0.0,0.0,0.0,0.0,0.0,0.0,0.0,0
0BS2vpw_vrw,59.0,59.0,59.0,59.0,59.0,60.0,60.0,60.0,60.0,60.0,60.0,60.0,60.0,60.0,60.0,60.0,60.0,60.0,60.0,61.0,61.0,61.0,61.0,61.0,61.0,61.0,61.0,61.0,61.0,61.0,61.0,61.0,61.0,61.0,61.0,61.0,61.0,61.0,61.0,61.0,61.0,61.0,61.0,61.0,61.0,61.0,61.0,61.0,61.0,61.0,61.0,61.0,61.0,61.0,61.0,61.0,61.0,61.0,61.0,61.0,61.0,61.0,61.0,62.0,62.0,62.0,62.0,62.0,62.0,62.0,62.0,62.0,62.0,62.0,62.0,62.0,62.0,62.0,62.0,62.0,62.0,62.0,62.0,62.0,62.0,62.0,62.0,62.0,62.0,62.0,62.0,62.0,62.0,62.0,62.0,62.0,62.0,62.0,62.0,62.0,62.0,62.0,62.0,62.0,62.0,62.0,62.0,62.0,62.0,62.0,62.0,62.0,62.0,62.0,62.0,62.0,62.0,62.0,63.0,63.0,63.0,63.0,63.0,63.0,63.0,63
XEalRIYkXng,91.0,91.0,91.0,91.0,91.0,91.0,91.0,91.0,91.0,91.0,91.0,91.0,91.0,91.0,91.0,91.0,91.0,91.0,91.0,91.0,91.0,91.0,91.0,91.0,91.0,91.0,91.0,91.0,91.0,91.0,91.0,91.0,91.0,91.0,91.0,91.0,91.0,91.0,91.0,91.0,91.0,91.0,91.0,91.0,91.0,91.0,91.0,91.0,91.0,91.0,91.0,91.0,91.0,91.0,91.0,91.0,91.0,91.0,91.0,91.0,91.0,91.0,91.0,91.0,91.0,91.0,91.0,91.0,91.0,91.0,91.0,91.0,91.0,91.0,91.0,91.0,91.0,91.0,91.0,91.0,91.0,91.0,91.0,91.0,91.0,91.0,91.0,91.0,91.0,91.0,91.0,91.0,91.0,91.0,91.0,91.0,91.0,91.0,91.0,91.0,91.0,91.0,91.0,91.0,91.0,91.0,91.0,91.0,91.0,91.0,91.0,91.0,91.0,91.0,91.0,91.0,91.0,91.0,91.0,92.0,92.0,92.0,92.0,92.0,92.0,92
sIZ_c3zgr-E,169.0,169.0,169.0,169.0,169.0,169.0,169.0,169.0,169.0,169.0,169.0,169.0,169.0,169.0,169.0,169.0,169.0,169.0,169.0,169.0,170.0,170.0,170.0,170.0,170.0,171.0,171.0,171.0,171.0,171.0,171.0,171.0,171.0,171.0,171.0,171.0,171.0,171.0,171.0,171.0,171.0,171.0,171.0,171.0,171.0,171.0,171.0,171.0,171.0,171.0,171.0,171.0,171.0,171.0,171.0,171.0,171.0,171.0,171.0,171.0,171.0,171.0,171.0,171.0,171.0,171.0,171.0,171.0,171.0,171.0,171.0,171.0,171.0,171.0,171.0,171.0,171.0,171.0,171.0,171.0,171.0,171.0,171.0,171.0,171.0,171.0,171.0,171.0,171.0,171.0,171.0,171.0,171.0,171.0,171.0,171.0,170.0,170.0,170.0,170.0,170.0,170.0,170.0,170.0,170.0,170.0,170.0,170.0,170.0,170.0,170.0,170.0,170.0,170.0,170.0,170.0,170.0,170.0,170.0,170.0,170.0,170.0,170.0,170.0,170.0,170
9jbOtjHis2A,53.0,53.0,53.0,53.0,53.0,53.0,53.0,53.0,53.0,53.0,53.0,53.0,53.0,53.0,53.0,53.0,53.0,53.0,53.0,53.0,53.0,53.0,53.0,53.0,53.0,53.0,53.0,53.0,53.0,53.0,53.0,53.0,53.0,53.0,54.0,54.0,54.0,54.0,54.0,54.0,54.0,54.0,54.0,54.0,54.0,54.0,54.0,54.0,54.0,54.0,54.0,54.0,54.0,54.0,54.0,54.0,54.0,54.0,54.0,54.0,54.0,55.0,55.0,55.0,55.0,55.0,55.0,55.0,55.0,55.0,55.0,55.0,55.0,55.0,55.0,55.0,55.0,55.0,55.0,55.0,55.0,55.0,55.0,55.0,55.0,55.0,55.0,55.0,55.0,56.0,56.0,56.0,56.0,56.0,56.0,56.0,56.0,56.0,56.0,56.0,56.0,56.0,56.0,56.0,56.0,56.0,56.0,56.0,56.0,56.0,56.0,56.0,56.0,56.0,56.0,56.0,56.0,56.0,56.0,56.0,56.0,57.0,57.0,57.0,57.0,57
rX-Qd61a-mA,17.0,17.0,17.0,17.0,17.0,17.0,17.0,17.0,17.0,17.0,17.0,17.0,17.0,17.0,18.0,18.0,18.0,18.0,18.0,18.0,18.0,18.0,18.0,18.0,18.0,18.0,19.0,19.0,19.0,19.0,19.0,19.0,19.0,19.0,19.0,19.0,19.0,19.0,19.0,19.0,19.0,19.0,19.0,19.0,19.0,19.0,19.0,19.0,19.0,19.0,19.0,19.0,19.0,19.0,19.0,19.0,19.0,19.0,19.0,19.0,20.0,20.0,20.0,20.0,20.0,20.0,20.0,20.0,20.0,20.0,20.0,20.0,20.0,20.0,20.0,20.0,20.0,20.0,20.0,20.0,20.0,20.0,20.0,20.0,20.0,20.0,20.0,20.0,20.0,20.0,21.0,21.0,21.0,21.0,21.0,21.0,21.0,21.0,21.0,21.0,21.0,21.0,21.0,21.0,21.0,21.0,21.0,21.0,21.0,21.0,21.0,21.0,21.0,21.0,21.0,21.0,21.0,21.0,21.0,21.0,21.0,21.0,21.0,21.0,21.0,21
YVqqq5HOJdo,74.0,74.0,74.0,74.0,74.0,74.0,74.0,74.0,74.0,74.0,74.0,74.0,74.0,74.0,74.0,74.0,74.0,74.0,74.0,74.0,74.0,74.0,74.0,74.0,74.0,74.0,74.0,74.0,74.0,74.0,74.0,74.0,74.0,74.0,74.0,74.0,74.0,74.0,74.0,74.0,74.0,74.0,74.0,74.0,74.0,74.0,74.0,74.0,74.0,74.0,74.0,74.0,74.0,74.0,74.0,74.0,74.0,74.0,74.0,74.0,74.0,74.0,74.0,74.0,74.0,74.0,74.0,74.0,74.0,74.0,74.0,74.0,74.0,74.0,74.0,74.0,74.0,74.0,74.0,74.0,74.0,74.0,74.0,74.0,74.0,74.0,74.0,74.0,74.0,74.0,74.0,74.0,74.0,74.0,74.0,74.0,74.0,74.0,74.0,74.0,74.0,74.0,74.0,74.0,74.0,74.0,74.0,74.0,74.0,74.0,74.0,74.0,74.0,74.0,74.0,74.0,74.0,74.0,74.0,74.0,74.0,74.0,74.0,74.0,74.0,74
eoy_JgPSin0,102.0,102.0,102.0,102.0,102.0,103.0,103.0,103.0,103.0,103.0,103.0,103.0,103.0,103.0,103.0,103.0,104.0,104.0,104.0,104.0,104.0,104.0,104.0,104.0,104.0,104.0,104.0,104.0,104.0,104.0,104.0,104.0,104.0,104.0,104.0,104.0,104.0,104.0,104.0,104.0,104.0,104.0,104.0,104.0,103.0,103.0,103.0,103.0,103.0,103.0,103.0,103.0,103.0,103.0,103.0,103.0,103.0,103.0,103.0,103.0,103.0,103.0,103.0,103.0,103.0,103.0,103.0,103.0,103.0,103.0,103.0,103.0,103.0,103.0,103.0,103.0,103.0,103.0,103.0,103.0,103.0,103.0,103.0,103.0,103.0,102.0,102.0,102.0,102.0,102.0,102.0,102.0,102.0,102.0,102.0,102.0,102.0,102.0,102.0,102.0,102.0,102.0,102.0,102.0,102.0,102.0,102.0,102.0,102.0,102.0,102.0,102.0,101.0,101.0,101.0,101.0,101.0,101.0,101.0,101.0,101.0,101.0,101.0,101.0,101.0,101
8JfXHCGlBwQ,269.0,269.0,268.0,268.0,270.0,270.0,270.0,270.0,270.0,271.0,271.0,271.0,272.0,272.0,272.0,273.0,274.0,274.0,274.0,274.0,274.0,274.0,276.0,276.0,276.0,276.0,276.0,276.0,276.0,276.0,276.0,276.0,278.0,278.0,278.0,278.0,278.0,278.0,279.0,279.0,279.0,279.0,279.0,279.0,279.0,279.0,279.0,280.0,280.0,280.0,280.0,280.0,280.0,280.0,280.0,280.0,280.0,279.0,279.0,279.0,279.0,279.0,279.0,280.0,280.0,280.0,280.0,280.0,280.0,280.0,280.0,280.0,280.0,280.0,277.0,277.0,277.0,277.0,277.0,273.0,273.0,273.0,273.0,273.0,273.0,272.0,272.0,274.0,274.0,274.0,274.0,274.0,274.0,274.0,274.0,275.0,275.0,275.0,275.0,276.0,276.0,276.0,276.0,276.0,276.0,276.0,275.0,275.0,275.0,275.0,275.0,275.0,275.0,275.0,275.0,275.0,275.0,275.0,275.0,275.0,275.0,275.0,275.0,275.0,275.0,275
D6oSq8vqv3A,111.0,111.0,111.0,111.0,111.0,111.0,111.0,111.0,111.0,111.0,111.0,111.0,111.0,111.0,111.0,111.0,111.0,111.0,111.0,111.0,111.0,111.0,111.0,111.0,111.0,111.0,111.0,111.0,111.0,111.0,111.0,111.0,111.0,111.0,111.0,111.0,111.0,111.0,111.0,111.0,111.0,111.0,111.0,111.0,111.0,111.0,111.0,111.0,111.0,111.0,111.0,111.0,111.0,111.0,111.0,111.0,111.0,111.0,111.0,111.0,111.0,111.0,111.0,111.0,111.0,111.0,111.0,111.0,111.0,111.0,111.0,111.0,111.0,111.0,111.0,111.0,111.0,111.0,111.0,111.0,111.0,111.0,111.0,111.0,111.0,111.0,111.0,111.0,111.0,111.0,111.0,111.0,111.0,111.0,111.0,111.0,111.0,111.0,111.0,111.0,111.0,111.0,111.0,111.0,111.0,111.0,111.0,111.0,111.0,111.0,111.0,111.0,111.0,111.0,111.0,111.0,111.0,111.0,111.0,111.0,110.0,110.0,110.0,110.0,110.0,110
bnFs-d2eGM0,6.0,6.0,6.0,6.0,6.0,6.0,6.0,6.0,6.0,6.0,6.0,6.0,6.0,6.0,6.0,6.0,6.0,6.0,6.0,6.0,6.0,6.0,6.0,6.0,6.0,6.0,6.0,6.0,6.0,6.0,6.0,6.0,6.0,6.0,6.0,6.0,6.0,6.0,6.0,6.0,6.0,6.0,6.0,6.0,6.0,6.0,6.0,6.0,6.0,6.0,6.0,6.0,6.0,6.0,6.0,6.0,6.0,6.0,6.0,6.0,6.0,6.0,6.0,6.0,6.0,6.0,6.0,6.0,6.0,6.0,6.0,6.0,6.0,6.0,6.0,6.0,6.0,6.0,6.0,6.0,6.0,6.0,6.0,6.0,6.0,6.0,6.0,6.0,6.0,6.0,6.0,6.0,6.0,6.0,6.0,6.0,6.0,6.0,6.0,6.0,6.0,6.0,6.0,6.0,6.0,6.0,6.0,6.0,6.0,6.0,6.0,6.0,6.0,6.0,6.0,6.0,6.0,6.0,6.0,6.0,6.0,6.0,6.0,6.0,6.0,6
z5SZ38rhXIc,260.0,260.0,260.0,260.0,260.0,260.0,260.0,260.0,260.0,260.0,260.0,260.0,260.0,260.0,260.0,260.0,264.0,264.0,265.0,264.0,264.0,264.0,264.0,265.0,265.0,265.0,265.0,265.0,265.0,265.0,265.0,266.0,267.0,268.0,267.0,267.0,267.0,268.0,268.0,268.0,268.0,268.0,268.0,268.0,268.0,268.0,268.0,268.0,268.0,269.0,269.0,270.0,270.0,270.0,270.0,270.0,270.0,270.0,270.0,271.0,271.0,271.0,271.0,271.0,271.0,271.0,271.0,271.0,271.0,271.0,272.0,272.0,272.0,272.0,272.0,272.0,272.0,272.0,272.0,272.0,272.0,272.0,272.0,272.0,272.0,272.0,272.0,272.0,272.0,272.0,273.0,273.0,273.0,273.0,274.0,274.0,274.0,274.0,274.0,274.0,274.0,274.0,274.0,274.0,274.0,274.0,274.0,274.0,274.0,274.0,274.0,274.0,274.0,274.0,274.0,274.0,274.0,274.0,274.0,274.0,273.0,273.0,273.0,273.0,273.0,272
yyHJh9Pqz_c,159.0,159.0,159.0,159.0,159.0,159.0,159.0,159.0,159.0,159.0,159.0,159.0,159.0,159.0,159.0,159.0,159.0,159.0,159.0,159.0,159.0,159.0,159.0,159.0,159.0,159.0,159.0,159.0,159.0,159.0,159.0,159.0,159.0,159.0,159.0,159.0,159.0,159.0,159.0,159.0,159.0,159.0,159.0,159.0,159.0,159.0,159.0,159.0,159.0,159.0,159.0,159.0,159.0,159.0,159.0,159.0,159.0,159.0,159.0,159.0,159.0,159.0,159.0,159.0,159.0,159.0,159.0,159.0,159.0,159.0,159.0,159.0,159.0,159.0,159.0,159.0,159.0,159.0,159.0,159.0,159.0,159.0,159.0,159.0,159.0,159.0,159.0,159.0,159.0,159.0,159.0,159.0,159.0,158.0,158.0,158.0,158.0,158.0,158.0,158.0,158.0,158.0,158.0,158.0,158.0,158.0,158.0,158.0,158.0,158.0,158.0,158.0,158.0,158.0,158.0,158.0,158.0,158.0,158.0,158.0,158.0,158.0,158.0,158.0,158.0,158
pdLhVHYhto0,5449.0,5448.0,5449.0,5454.0,5457.0,5459.0,5464.0,5468.0,5472.0,5480.0,5483.0,5484.0,5488.0,5497.0,5503.0,5505.0,5514.0,5514.0,5514.0,5518.0,5519.0,5523.0,5524.0,5525.0,5529.0,5532.0,5534.0,5540.0,5541.0,5544.0,5545.0,5545.0,5546.0,5544.0,5547.0,5546.0,5546.0,5547.0,5547.0,5549.0,5556.0,5557.0,5556.0,5556.0,5557.0,5563.0,5566.0,5567.0,5573.0,5579.0,5584.0,5585.0,5589.0,5596.0,5595.0,5596.0,5603.0,5607.0,5607.0,5607.0,5607.0,5610.0,5616.0,5616.0,5614.0,5624.0,5624.0,5624.0,5628.0,5632.0,5632.0,5634.0,5638.0,5639.0,5640.0,5651.0,5658.0,5658.0,5660.0,5668.0,5680.0,5686.0,5688.0,5693.0,5699.0,5700.0,5708.0,5713.0,5716.0,5725.0,5733.0,5736.0,5740.0,5744.0,5746.0,5747.0,5751.0,5754.0,5754.0,5757.0,5760.0,5758.0,5756.0,5756.0,5757.0,5767.0,5772.0,5775.0,5779.0,5781.0,5783.0,5784.0,5785.0,5789.0,5792.0,5793.0,5797.0,5803.0,5810.0,5803.0,5802.0,5805.0,5818.0,5821.0,5824.0,5831
mQQ7zhlLoWI,0.0,0.0,0.0,0.0,0.0,0.0,0.0,0.0,0.0,0.0,0.0,0.0,0.0,0.0,0.0,0.0,0.0,0.0,0.0,0.0,0.0,0.0,0.0,0.0,0.0,0.0,0.0,0.0,0.0,0.0,0.0,0.0,0.0,0.0,0.0,0.0,0.0,0.0,0.0,0.0,0.0,0.0,0.0,0.0,0.0,0.0,0.0,0.0,0.0,0.0,0.0,0.0,0.0,0.0,0.0,0.0,0.0,0.0,0.0,0.0,0.0,0.0,0.0,0.0,0.0,0.0,0.0,0.0,0.0,0.0,0.0,0.0,0.0,0.0,0.0,0.0,0.0,0.0,0.0,0.0,0.0,0.0,0.0,0.0,0.0,0.0,0.0,0.0,0.0,0.0,0.0,0.0,0.0,0.0,0.0,0.0,0.0,0.0,0.0,0.0,0.0,0.0,0.0,0.0,0.0,0.0,0.0,0.0,0.0,0.0,0.0,0.0,0.0,0.0,0.0,0.0,0.0,0.0,0.0,0.0,0.0,0.0,0.0,0.0,0.0,0
VXn7C9vGs4k,40.0,40.0,40.0,40.0,40.0,40.0,40.0,40.0,40.0,40.0,40.0,40.0,40.0,40.0,40.0,40.0,40.0,40.0,40.0,40.0,40.0,40.0,40.0,40.0,40.0,40.0,40.0,40.0,40.0,40.0,40.0,40.0,40.0,40.0,40.0,40.0,40.0,40.0,40.0,40.0,40.0,40.0,40.0,40.0,40.0,40.0,40.0,40.0,40.0,40.0,40.0,40.0,40.0,40.0,40.0,40.0,40.0,40.0,40.0,40.0,40.0,40.0,40.0,40.0,40.0,40.0,40.0,40.0,40.0,40.0,40.0,40.0,40.0,40.0,40.0,40.0,40.0,40.0,40.0,40.0,40.0,40.0,40.0,40.0,40.0,40.0,40.0,40.0,40.0,41.0,41.0,41.0,41.0,41.0,41.0,41.0,41.0,41.0,41.0,41.0,41.0,41.0,42.0,42.0,42.0,42.0,42.0,42.0,42.0,42.0,42.0,42.0,42.0,42.0,42.0,42.0,42.0,42.0,42.0,42.0,42.0,42.0,43.0,43.0,43.0,43
r4aDVKIPurQ,28.0,28.0,28.0,28.0,28.0,28.0,28.0,28.0,28.0,28.0,28.0,28.0,28.0,28.0,28.0,28.0,28.0,28.0,28.0,28.0,28.0,28.0,28.0,28.0,28.0,28.0,28.0,28.0,28.0,28.0,28.0,28.0,28.0,28.0,28.0,28.0,28.0,28.0,28.0,28.0,28.0,28.0,28.0,28.0,28.0,28.0,28.0,28.0,28.0,28.0,28.0,28.0,28.0,28.0,28.0,28.0,28.0,28.0,28.0,28.0,28.0,28.0,28.0,28.0,28.0,28.0,28.0,28.0,28.0,28.0,28.0,28.0,28.0,28.0,28.0,28.0,28.0,28.0,28.0,28.0,28.0,28.0,28.0,28.0,28.0,28.0,28.0,28.0,28.0,28.0,28.0,28.0,28.0,28.0,28.0,28.0,28.0,28.0,28.0,28.0,28.0,28.0,28.0,28.0,28.0,28.0,28.0,28.0,28.0,28.0,28.0,28.0,28.0,28.0,28.0,28.0,28.0,28.0,28.0,28.0,28.0,28.0,28.0,28.0,28.0,28
OxIcVgtrH0M,0.0,0.0,0.0,0.0,0.0,0.0,0.0,0.0,0.0,0.0,0.0,0.0,0.0,0.0,0.0,0.0,0.0,0.0,0.0,0.0,0.0,0.0,0.0,0.0,0.0,0.0,0.0,0.0,0.0,0.0,0.0,0.0,0.0,0.0,0.0,0.0,0.0,0.0,0.0,0.0,0.0,0.0,0.0,0.0,0.0,0.0,0.0,0.0,0.0,0.0,0.0,0.0,0.0,0.0,0.0,0.0,0.0,0.0,0.0,0.0,0.0,0.0,0.0,0.0,0.0,0.0,0.0,0.0,0.0,0.0,0.0,0.0,0.0,0.0,0.0,0.0,0.0,0.0,0.0,0.0,0.0,0.0,0.0,0.0,0.0,0.0,0.0,0.0,0.0,0.0,0.0,0.0,0.0,0.0,0.0,0.0,0.0,0.0,0.0,0.0,0.0,0.0,0.0,0.0,0.0,0.0,0.0,0.0,0.0,0.0,0.0,0.0,0.0,0.0,0.0,0.0,0.0,0.0,0.0,0.0,0.0,0.0,0.0,0.0,0.0,0
drZOObEtXXg,0.0,0.0,0.0,0.0,0.0,0.0,0.0,0.0,0.0,0.0,0.0,0.0,0.0,0.0,0.0,0.0,0.0,0.0,0.0,0.0,0.0,0.0,0.0,0.0,0.0,0.0,0.0,0.0,0.0,0.0,0.0,0.0,0.0,0.0,0.0,0.0,0.0,0.0,0.0,0.0,0.0,0.0,0.0,0.0,0.0,0.0,0.0,0.0,0.0,0.0,0.0,0.0,0.0,0.0,0.0,0.0,0.0,0.0,0.0,0.0,0.0,0.0,0.0,0.0,0.0,0.0,0.0,0.0,0.0,0.0,0.0,0.0,0.0,0.0,0.0,0.0,0.0,0.0,0.0,0.0,0.0,0.0,0.0,0.0,0.0,0.0,0.0,0.0,0.0,0.0,0.0,0.0,0.0,0.0,0.0,0.0,0.0,0.0,0.0,0.0,0.0,0.0,0.0,0.0,0.0,0.0,0.0,0.0,0.0,0.0,0.0,0.0,0.0,0.0,0.0,0.0,0.0,0.0,0.0,0.0,0.0,0.0,0.0,0.0,0.0,0
x7LGOdRkZTk,18.0,18.0,18.0,18.0,18.0,18.0,18.0,18.0,18.0,18.0,18.0,18.0,18.0,18.0,18.0,18.0,18.0,18.0,18.0,18.0,18.0,18.0,18.0,18.0,18.0,18.0,18.0,18.0,18.0,18.0,18.0,18.0,18.0,18.0,18.0,18.0,18.0,18.0,18.0,18.0,18.0,18.0,18.0,18.0,18.0,18.0,18.0,18.0,18.0,18.0,18.0,18.0,18.0,18.0,18.0,18.0,18.0,18.0,18.0,18.0,18.0,18.0,18.0,18.0,18.0,18.0,18.0,18.0,18.0,18.0,18.0,18.0,18.0,18.0,18.0,18.0,18.0,18.0,18.0,18.0,18.0,18.0,18.0,18.0,18.0,18.0,18.0,18.0,18.0,18.0,18.0,18.0,18.0,18.0,18.0,18.0,18.0,18.0,18.0,18.0,18.0,18.0,18.0,18.0,18.0,18.0,19.0,19.0,19.0,19.0,19.0,19.0,19.0,19.0,19.0,19.0,19.0,19.0,19.0,19.0,19.0,19.0,19.0,20.0,20.0,20
WZWBY8rJSIM,0.0,0.0,0.0,0.0,0.0,0.0,0.0,0.0,0.0,0.0,0.0,0.0,0.0,0.0,0.0,0.0,0.0,0.0,0.0,0.0,0.0,0.0,0.0,0.0,0.0,0.0,0.0,0.0,0.0,0.0,0.0,0.0,0.0,0.0,0.0,0.0,0.0,0.0,0.0,0.0,0.0,0.0,0.0,0.0,0.0,0.0,0.0,0.0,0.0,0.0,0.0,0.0,0.0,0.0,0.0,0.0,0.0,0.0,0.0,0.0,0.0,0.0,0.0,0.0,0.0,0.0,0.0,0.0,0.0,0.0,0.0,0.0,0.0,0.0,0.0,0.0,0.0,0.0,0.0,0.0,0.0,0.0,0.0,0.0,0.0,0.0,0.0,0.0,0.0,0.0,0.0,0.0,0.0,0.0,0.0,0.0,0.0,0.0,0.0,0.0,0.0,0.0,0.0,0.0,0.0,0.0,0.0,0.0,0.0,0.0,0.0,0.0,0.0,0.0,0.0,0.0,0.0,0.0,0.0,0.0,0.0,0.0,0.0,0.0,0.0,0
CgzZd6_BwE8,23.0,23.0,23.0,23.0,23.0,23.0,23.0,23.0,23.0,23.0,23.0,23.0,23.0,23.0,23.0,23.0,23.0,23.0,23.0,23.0,23.0,23.0,23.0,23.0,23.0,23.0,23.0,23.0,23.0,23.0,23.0,23.0,23.0,23.0,24.0,24.0,24.0,24.0,24.0,24.0,24.0,24.0,24.0,24.0,24.0,24.0,24.0,24.0,24.0,24.0,24.0,24.0,24.0,24.0,24.0,24.0,24.0,24.0,24.0,24.0,24.0,24.0,25.0,25.0,25.0,25.0,25.0,25.0,25.0,25.0,25.0,25.0,25.0,25.0,26.0,26.0,26.0,26.0,26.0,26.0,26.0,26.0,26.0,26.0,26.0,26.0,26.0,26.0,26.0,26.0,26.0,26.0,26.0,26.0,26.0,26.0,26.0,26.0,26.0,26.0,26.0,26.0,26.0,26.0,26.0,26.0,26.0,26.0,26.0,26.0,26.0,26.0,26.0,26.0,26.0,26.0,26.0,26.0,26.0,26.0,26.0,26.0,26.0,26.0,26.0,26
1Qb6ETxzM6M,7.0,7.0,7.0,7.0,7.0,7.0,7.0,7.0,7.0,7.0,7.0,7.0,7.0,7.0,7.0,7.0,7.0,7.0,7.0,7.0,7.0,7.0,7.0,7.0,7.0,7.0,7.0,7.0,7.0,7.0,7.0,7.0,7.0,7.0,7.0,7.0,7.0,7.0,7.0,7.0,7.0,7.0,7.0,7.0,7.0,7.0,7.0,7.0,7.0,7.0,7.0,7.0,7.0,7.0,7.0,7.0,7.0,7.0,7.0,7.0,7.0,7.0,7.0,7.0,7.0,7.0,7.0,7.0,7.0,7.0,7.0,7.0,7.0,7.0,7.0,7.0,7.0,7.0,7.0,7.0,7.0,7.0,7.0,7.0,7.0,7.0,7.0,7.0,7.0,7.0,7.0,7.0,7.0,7.0,7.0,7.0,7.0,7.0,7.0,7.0,7.0,7.0,7.0,7.0,7.0,7.0,7.0,7.0,7.0,7.0,7.0,7.0,7.0,7.0,7.0,7.0,7.0,7.0,7.0,7.0,7.0,7.0,7.0,7.0,7.0,7
Euvr1wNLK7M,825.0,827.0,829.0,829.0,829.0,831.0,832.0,832.0,834.0,835.0,835.0,836.0,836.0,836.0,837.0,837.0,837.0,837.0,837.0,837.0,837.0,840.0,840.0,840.0,840.0,840.0,841.0,841.0,843.0,825.0,825.0,828.0,829.0,829.0,830.0,831.0,832.0,832.0,832.0,832.0,832.0,832.0,833.0,833.0,833.0,833.0,833.0,833.0,833.0,833.0,833.0,834.0,834.0,834.0,834.0,834.0,834.0,834.0,834.0,834.0,834.0,836.0,836.0,836.0,837.0,838.0,838.0,838.0,838.0,838.0,838.0,838.0,838.0,837.0,837.0,837.0,838.0,838.0,838.0,838.0,837.0,838.0,838.0,838.0,838.0,838.0,838.0,839.0,839.0,839.0,839.0,840.0,840.0,840.0,841.0,842.0,842.0,842.0,837.0,840.0,840.0,840.0,839.0,839.0,839.0,839.0,839.0,839.0,839.0,839.0,839.0,839.0,839.0,839.0,839.0,839.0,839.0,839.0,839.0,839.0,840.0,840.0,840.0,839.0,840.0,841
AL3FYa2QF9o,0.0,0.0,0.0,0.0,0.0,0.0,0.0,0.0,0.0,0.0,0.0,0.0,0.0,0.0,0.0,0.0,0.0,0.0,0.0,0.0,0.0,0.0,0.0,0.0,0.0,0.0,0.0,0.0,0.0,0.0,0.0,0.0,0.0,0.0,0.0,0.0,0.0,0.0,0.0,0.0,0.0,0.0,0.0,0.0,0.0,0.0,0.0,0.0,0.0,0.0,0.0,0.0,0.0,0.0,0.0,0.0,0.0,0.0,0.0,0.0,0.0,0.0,0.0,0.0,0.0,0.0,0.0,0.0,0.0,0.0,0.0,0.0,0.0,0.0,0.0,0.0,0.0,0.0,0.0,0.0,0.0,0.0,0.0,0.0,0.0,0.0,0.0,0.0,0.0,0.0,0.0,0.0,0.0,0.0,0.0,0.0,0.0,0.0,0.0,0.0,0.0,0.0,0.0,0.0,0.0,0.0,0.0,0.0,0.0,0.0,0.0,0.0,0.0,0.0,0.0,0.0,0.0,0.0,0.0,0.0,0.0,0.0,0.0,0.0,0.0,0
Y2x64p1dOtA,1.0,1.0,1.0,1.0,1.0,1.0,1.0,1.0,1.0,1.0,1.0,1.0,1.0,1.0,1.0,1.0,1.0,1.0,1.0,1.0,1.0,1.0,1.0,1.0,1.0,1.0,1.0,1.0,1.0,1.0,1.0,1.0,1.0,1.0,1.0,1.0,1.0,1.0,1.0,1.0,1.0,1.0,1.0,1.0,1.0,1.0,1.0,1.0,1.0,1.0,1.0,1.0,1.0,1.0,1.0,1.0,1.0,1.0,1.0,1.0,1.0,1.0,1.0,1.0,1.0,1.0,1.0,1.0,1.0,1.0,1.0,1.0,1.0,1.0,1.0,1.0,1.0,1.0,1.0,1.0,1.0,1.0,1.0,1.0,1.0,1.0,1.0,1.0,1.0,1.0,1.0,1.0,1.0,1.0,1.0,1.0,1.0,1.0,1.0,1.0,1.0,1.0,1.0,1.0,1.0,1.0,1.0,1.0,1.0,1.0,1.0,1.0,1.0,1.0,1.0,1.0,1.0,1.0,1.0,1.0,1.0,1.0,1.0,1.0,1.0,1
kbEC-AGr9n0,137766.0,137799.0,137844.0,137893.0,137936.0,137877.0,137868.0,137859.0,137873.0,137898.0,137984.0,138052.0,138078.0,138155.0,138243.0,138357.0,138399.0,138483.0,138556.0,138670.0,138991.0,139148.0,139210.0,139227.0,139273.0,139310.0,139357.0,139387.0,139416.0,139446.0,139463.0,139499.0,139537.0,139568.0,139607.0,139632.0,139708.0,139811.0,139847.0,139855.0,139870.0,139909.0,139945.0,139973.0,140005.0,140027.0,140034.0,140035.0,140067.0,140088.0,140123.0,140121.0,140108.0,140122.0,140154.0,140194.0,140215.0,140188.0,140206.0,140233.0,140255.0,140274.0,140341.0,140365.0,140434.0,140453.0,140488.0,140530.0,140603.0,140637.0,140671.0,140741.0,140789.0,140833.0,140868.0,140902.0,140940.0,140974.0,141005.0,140757.0,140779.0,140794.0,140835.0,140865.0,140872.0,140888.0,140901.0,140930.0,140957.0,140987.0,141013.0,141022.0,141045.0,141065.0,141084.0,141397.0,141671.0,141780.0,141869.0,141939.0,141983.0,142045.0,142050.0,142077.0,142091.0,142105.0,142150.0,142174.0,142213.0,142233.0,142258.0,142259.0,142282.0,142314.0,142347.0,142363.0,142366.0,142374.0,142389.0,142406.0,142350.0,142374.0,142368.0,142398.0,142411.0,142416
kbEC-AGr9n0,137766.0,137799.0,137844.0,137893.0,137936.0,137877.0,137868.0,137859.0,137873.0,137898.0,137984.0,138052.0,138078.0,138155.0,138243.0,138357.0,138399.0,138483.0,138556.0,138670.0,138991.0,139148.0,139210.0,139227.0,139273.0,139310.0,139357.0,139387.0,139416.0,139446.0,139463.0,139499.0,139537.0,139568.0,139607.0,139632.0,139708.0,139811.0,139847.0,139855.0,139870.0,139909.0,139945.0,139973.0,140005.0,140027.0,140034.0,140035.0,140067.0,140088.0,140123.0,140121.0,140108.0,140122.0,140154.0,140194.0,140215.0,140188.0,140206.0,140233.0,140255.0,140274.0,140341.0,140365.0,140434.0,140453.0,140488.0,140530.0,140603.0,140637.0,140671.0,140741.0,140789.0,140833.0,140868.0,140902.0,140940.0,140974.0,141005.0,140757.0,140779.0,140794.0,140835.0,140865.0,140872.0,140888.0,140901.0,140930.0,140957.0,140987.0,141013.0,141022.0,141045.0,141065.0,141084.0,141397.0,141671.0,141780.0,141869.0,141939.0,141983.0,142045.0,142050.0,142077.0,142091.0,142105.0,142150.0,142174.0,142213.0,142233.0,142258.0,142259.0,142282.0,142314.0,142347.0,142363.0,142366.0,142374.0,142389.0,142406.0,142350.0,142374.0,142368.0,142398.0,142411.0,142416
vaGf8fmtBr4,55030.0,55066.0,55093.0,55145.0,55183.0,55215.0,55202.0,55230.0,55261.0,55271.0,55290.0,55315.0,55329.0,55365.0,55407.0,55470.0,55481.0,55503.0,55525.0,55554.0,55606.0,55630.0,55659.0,55689.0,55712.0,55729.0,55742.0,55761.0,55795.0,55806.0,55819.0,55831.0,55844.0,55852.0,55833.0,55862.0,55889.0,55915.0,55941.0,55963.0,55977.0,56000.0,56014.0,56025.0,56034.0,56026.0,56038.0,56054.0,56075.0,56091.0,56114.0,56128.0,56148.0,56157.0,56168.0,56184.0,56192.0,56195.0,56203.0,56216.0,56171.0,56168.0,56186.0,56201.0,56208.0,56213.0,56215.0,56224.0,56233.0,56239.0,56259.0,56286.0,56307.0,56331.0,56341.0,56360.0,56376.0,56387.0,56388.0,56382.0,56405.0,56411.0,56425.0,56422.0,56444.0,56452.0,56457.0,56463.0,56486.0,56498.0,56497.0,56515.0,56529.0,56536.0,56543.0,56545.0,56558.0,56573.0,56590.0,56602.0,56606.0,56616.0,56615.0,56624.0,56627.0,56636.0,56647.0,56661.0,56670.0,56672.0,56685.0,56696.0,56702.0,56719.0,56729.0,56741.0,56746.0,56748.0,56756.0,56755.0,56757.0,56755.0,56757.0,56764.0,56776.0,56786
nhkUPX42wuk,27.0,27.0,27.0,27.0,27.0,27.0,27.0,27.0,27.0,27.0,27.0,27.0,27.0,27.0,27.0,27.0,27.0,27.0,27.0,27.0,27.0,27.0,27.0,27.0,27.0,27.0,27.0,27.0,27.0,27.0,27.0,27.0,27.0,27.0,27.0,27.0,27.0,27.0,27.0,27.0,27.0,27.0,27.0,27.0,27.0,27.0,27.0,27.0,27.0,27.0,27.0,27.0,27.0,27.0,27.0,27.0,27.0,27.0,27.0,27.0,27.0,27.0,27.0,27.0,27.0,27.0,27.0,27.0,27.0,27.0,27.0,27.0,27.0,27.0,27.0,27.0,27.0,27.0,27.0,27.0,27.0,27.0,27.0,27.0,27.0,27.0,27.0,27.0,27.0,27.0,27.0,27.0,27.0,27.0,27.0,27.0,27.0,27.0,27.0,27.0,27.0,27.0,27.0,27.0,27.0,27.0,27.0,27.0,27.0,27.0,27.0,27.0,27.0,27.0,27.0,27.0,27.0,27.0,27.0,27.0,27.0,27.0,27.0,27.0,27.0,27
GYyJUD6tcfk,0.0,0.0,0.0,0.0,0.0,0.0,0.0,0.0,0.0,0.0,0.0,0.0,0.0,0.0,0.0,0.0,0.0,0.0,0.0,0.0,0.0,0.0,0.0,0.0,0.0,0.0,0.0,0.0,0.0,0.0,0.0,0.0,0.0,0.0,0.0,0.0,0.0,0.0,0.0,0.0,0.0,0.0,0.0,0.0,0.0,0.0,0.0,0.0,0.0,0.0,0.0,0.0,0.0,0.0,0.0,0.0,0.0,0.0,0.0,0.0,0.0,0.0,0.0,0.0,0.0,0.0,0.0,0.0,0.0,0.0,0.0,0.0,0.0,0.0,0.0,0.0,0.0,0.0,0.0,0.0,0.0,0.0,0.0,0.0,0.0,0.0,0.0,0.0,0.0,0.0,0.0,0.0,0.0,0.0,0.0,0.0,0.0,0.0,0.0,0.0,0.0,0.0,0.0,0.0,0.0,0.0,0.0,0.0,0.0,0.0,0.0,0.0,0.0,0.0,0.0,0.0,0.0,0.0,0.0,0.0,0.0,0.0,0.0,0.0,0.0,0
dAvDMSPt7BM,19978.0,19979.0,19981.0,19983.0,19987.0,19989.0,19992.0,19993.0,19994.0,19997.0,20000.0,20001.0,20004.0,20006.0,20006.0,20005.0,20010.0,20006.0,20007.0,20008.0,20012.0,20012.0,20013.0,20014.0,20019.0,20020.0,20019.0,20019.0,20021.0,20022.0,20010.0,20011.0,20011.0,20014.0,20018.0,20018.0,20021.0,20024.0,20025.0,20032.0,20038.0,20044.0,20047.0,20048.0,20047.0,20050.0,20052.0,20057.0,20059.0,20061.0,20061.0,20063.0,20063.0,20061.0,20061.0,20064.0,20063.0,20064.0,20067.0,20066.0,20072.0,20072.0,20074.0,20074.0,20080.0,20081.0,20080.0,20081.0,20082.0,20084.0,20084.0,20086.0,20086.0,20088.0,20089.0,20093.0,20095.0,20095.0,20095.0,20095.0,20097.0,20098.0,20095.0,20094.0,20096.0,20097.0,20100.0,20097.0,20097.0,20098.0,20098.0,20098.0,20099.0,20100.0,20101.0,20104.0,20106.0,20108.0,20110.0,20110.0,20113.0,20114.0,20115.0,20114.0,20116.0,20116.0,20115.0,20118.0,20115.0,20115.0,20115.0,20114.0,20114.0,20114.0,20115.0,20115.0,20116.0,20115.0,20117.0,20117.0,20067.0,20067.0,20002.0,20001.0,20001.0,20000
reReODNXKko,51.0,52.0,52.0,52.0,52.0,52.0,52.0,53.0,53.0,53.0,53.0,53.0,53.0,53.0,53.0,53.0,53.0,53.0,53.0,53.0,53.0,53.0,54.0,54.0,54.0,54.0,54.0,55.0,55.0,55.0,55.0,55.0,55.0,55.0,55.0,55.0,55.0,55.0,55.0,56.0,56.0,56.0,56.0,56.0,56.0,56.0,56.0,56.0,56.0,56.0,56.0,56.0,56.0,56.0,56.0,56.0,56.0,56.0,56.0,56.0,56.0,57.0,57.0,57.0,57.0,57.0,57.0,57.0,57.0,57.0,57.0,57.0,57.0,57.0,57.0,57.0,57.0,57.0,57.0,57.0,57.0,57.0,57.0,57.0,57.0,57.0,57.0,57.0,57.0,57.0,57.0,57.0,57.0,57.0,57.0,57.0,57.0,57.0,58.0,58.0,58.0,58.0,58.0,58.0,58.0,58.0,58.0,58.0,58.0,58.0,58.0,58.0,58.0,58.0,58.0,58.0,58.0,58.0,58.0,58.0,58.0,58.0,58.0,58.0,58.0,58
D03wn7WR4w0,,,,,,,,,,,,,,,,,,,,,,,,,,,,,,,,,,,,,,,,,,,,,,,,,,,,,,,,,,,,,,,,,,,,,,,,,,,,,,,,,,,,,,,,,,,,,,,,,,,,,,,,,,,,,,,,,,,,,,,,,,,,,,
7y2F8Tp6eyw,7.0,7.0,7.0,7.0,7.0,7.0,7.0,7.0,7.0,7.0,7.0,7.0,7.0,7.0,7.0,7.0,7.0,7.0,7.0,7.0,7.0,7.0,7.0,7.0,7.0,7.0,7.0,7.0,7.0,7.0,7.0,7.0,7.0,7.0,7.0,7.0,7.0,7.0,7.0,7.0,7.0,7.0,7.0,7.0,7.0,7.0,7.0,7.0,7.0,7.0,7.0,7.0,7.0,7.0,7.0,7.0,7.0,7.0,7.0,7.0,7.0,7.0,7.0,7.0,7.0,7.0,7.0,7.0,7.0,7.0,7.0,7.0,7.0,7.0,7.0,7.0,7.0,7.0,7.0,7.0,7.0,7.0,7.0,7.0,7.0,7.0,7.0,7.0,7.0,7.0,7.0,7.0,7.0,7.0,7.0,7.0,7.0,7.0,7.0,7.0,7.0,7.0,7.0,7.0,7.0,7.0,7.0,7.0,7.0,7.0,7.0,7.0,7.0,7.0,7.0,7.0,7.0,7.0,7.0,7.0,7.0,7.0,7.0,7.0,7.0,7
9hHj7GI6xQU,80.0,80.0,80.0,80.0,80.0,80.0,80.0,80.0,80.0,80.0,80.0,80.0,80.0,80.0,80.0,80.0,80.0,80.0,81.0,81.0,82.0,82.0,82.0,82.0,82.0,82.0,82.0,83.0,83.0,83.0,83.0,83.0,83.0,83.0,83.0,83.0,83.0,83.0,83.0,83.0,83.0,83.0,83.0,83.0,83.0,83.0,83.0,83.0,83.0,82.0,82.0,82.0,82.0,82.0,82.0,82.0,82.0,82.0,82.0,82.0,82.0,82.0,82.0,82.0,82.0,82.0,82.0,82.0,82.0,82.0,82.0,82.0,82.0,82.0,82.0,82.0,82.0,82.0,82.0,82.0,82.0,82.0,82.0,82.0,83.0,82.0,82.0,82.0,82.0,82.0,82.0,82.0,82.0,82.0,82.0,82.0,82.0,82.0,82.0,82.0,82.0,82.0,82.0,82.0,83.0,83.0,83.0,83.0,83.0,83.0,83.0,83.0,83.0,83.0,83.0,83.0,83.0,83.0,83.0,83.0,83.0,83.0,83.0,83.0,83.0,83
yww6-DdwshY,239.0,239.0,240.0,240.0,240.0,240.0,240.0,240.0,240.0,240.0,240.0,240.0,240.0,240.0,240.0,240.0,240.0,240.0,240.0,240.0,240.0,240.0,240.0,241.0,241.0,241.0,241.0,241.0,241.0,241.0,241.0,241.0,241.0,241.0,241.0,241.0,241.0,241.0,241.0,241.0,241.0,241.0,241.0,241.0,241.0,241.0,242.0,242.0,242.0,242.0,242.0,242.0,242.0,242.0,243.0,243.0,243.0,243.0,243.0,243.0,243.0,243.0,243.0,243.0,243.0,243.0,243.0,243.0,243.0,243.0,243.0,243.0,243.0,243.0,243.0,243.0,243.0,244.0,244.0,244.0,245.0,246.0,246.0,249.0,249.0,250.0,250.0,251.0,253.0,254.0,254.0,254.0,254.0,254.0,254.0,254.0,254.0,254.0,254.0,254.0,254.0,254.0,254.0,254.0,254.0,254.0,254.0,254.0,254.0,254.0,254.0,254.0,254.0,254.0,254.0,254.0,254.0,254.0,254.0,254.0,254.0,254.0,254.0,254.0,254.0,254
M3TnAn9uVEI,6227.0,6234.0,6238.0,6242.0,6248.0,6254.0,6261.0,6264.0,6273.0,6284.0,6287.0,6293.0,6302.0,6309.0,6315.0,6318.0,6324.0,6328.0,6329.0,6335.0,6343.0,6345.0,6350.0,6355.0,6358.0,6361.0,6367.0,6379.0,6394.0,6424.0,6433.0,6440.0,6441.0,6444.0,6444.0,6448.0,6459.0,6461.0,6466.0,6469.0,6472.0,6478.0,6479.0,6483.0,6485.0,6486.0,6491.0,6492.0,6493.0,6504.0,6506.0,6506.0,6507.0,6509.0,6511.0,6512.0,6513.0,6514.0,6515.0,6516.0,6518.0,6522.0,6523.0,6527.0,6528.0,6539.0,6544.0,6546.0,6548.0,6550.0,6550.0,6550.0,6550.0,6551.0,6553.0,6554.0,6556.0,6557.0,6557.0,6557.0,6559.0,6560.0,6563.0,6563.0,6565.0,6565.0,6564.0,6564.0,6568.0,6568.0,6569.0,6572.0,6572.0,6572.0,6573.0,6574.0,6575.0,6575.0,6575.0,6575.0,6577.0,6580.0,6579.0,6580.0,6583.0,6583.0,6587.0,6596.0,6600.0,6602.0,6604.0,6605.0,6605.0,6607.0,6613.0,6614.0,6620.0,6621.0,6623.0,6625.0,6627.0,6629.0,6633.0,6636.0,6640.0,6641
8KpvPHcXr1c,21057.0,21059.0,21063.0,21066.0,21073.0,21082.0,21089.0,21089.0,21099.0,21103.0,21107.0,21110.0,21110.0,21114.0,21116.0,21116.0,21122.0,21124.0,21126.0,21130.0,21131.0,21130.0,21114.0,21130.0,21132.0,21135.0,21135.0,21138.0,21142.0,21148.0,21152.0,21157.0,21162.0,21165.0,21166.0,21174.0,21178.0,21177.0,21178.0,21179.0,21183.0,21186.0,21187.0,21186.0,21190.0,21193.0,21198.0,21196.0,21201.0,21205.0,21204.0,21209.0,21212.0,21214.0,21222.0,21225.0,21228.0,21230.0,21234.0,21242.0,21243.0,21242.0,21243.0,21247.0,21251.0,21257.0,21257.0,21258.0,21263.0,21267.0,21273.0,21275.0,21279.0,21281.0,21284.0,21287.0,21291.0,21295.0,21298.0,21299.0,21301.0,21303.0,21305.0,21309.0,21311.0,21314.0,21313.0,21312.0,21313.0,21316.0,21314.0,21314.0,21317.0,21322.0,21324.0,21320.0,21322.0,21327.0,21334.0,21337.0,21339.0,21341.0,21340.0,21344.0,21362.0,21364.0,21368.0,21371.0,21367.0,21370.0,21360.0,21363.0,21353.0,21359.0,21369.0,21381.0,21387.0,21391.0,21396.0,21404.0,21409.0,21412.0,21414.0,21412.0,21416.0,21420
8KpvPHcXr1c,21057.0,21059.0,21063.0,21066.0,21073.0,21082.0,21089.0,21089.0,21099.0,21103.0,21107.0,21110.0,21110.0,21114.0,21116.0,21116.0,21122.0,21124.0,21126.0,21130.0,21131.0,21130.0,21114.0,21130.0,21132.0,21135.0,21135.0,21138.0,21142.0,21148.0,21152.0,21157.0,21162.0,21165.0,21166.0,21174.0,21178.0,21177.0,21178.0,21179.0,21183.0,21186.0,21187.0,21186.0,21190.0,21193.0,21198.0,21196.0,21201.0,21205.0,21204.0,21209.0,21212.0,21214.0,21222.0,21225.0,21228.0,21230.0,21234.0,21242.0,21243.0,21242.0,21243.0,21247.0,21251.0,21257.0,21257.0,21258.0,21263.0,21267.0,21273.0,21275.0,21279.0,21281.0,21284.0,21287.0,21291.0,21295.0,21298.0,21299.0,21301.0,21303.0,21305.0,21309.0,21311.0,21314.0,21313.0,21312.0,21313.0,21316.0,21314.0,21314.0,21317.0,21322.0,21324.0,21320.0,21322.0,21327.0,21334.0,21337.0,21339.0,21341.0,21340.0,21344.0,21362.0,21364.0,21368.0,21371.0,21367.0,21370.0,21360.0,21363.0,21353.0,21359.0,21369.0,21381.0,21387.0,21391.0,21396.0,21404.0,21409.0,21412.0,21414.0,21412.0,21416.0,21420
HpMIJLnckXk,0.0,0.0,0.0,0.0,0.0,0.0,0.0,0.0,0.0,0.0,0.0,0.0,0.0,0.0,0.0,0.0,0.0,0.0,0.0,0.0,0.0,0.0,0.0,0.0,0.0,0.0,0.0,0.0,0.0,0.0,0.0,0.0,0.0,0.0,0.0,0.0,0.0,0.0,0.0,0.0,0.0,0.0,0.0,0.0,0.0,0.0,0.0,0.0,0.0,0.0,0.0,0.0,0.0,0.0,0.0,0.0,0.0,0.0,0.0,0.0,0.0,0.0,0.0,0.0,0.0,0.0,0.0,0.0,0.0,0.0,0.0,0.0,0.0,0.0,0.0,0.0,0.0,0.0,0.0,0.0,0.0,0.0,0.0,0.0,0.0,0.0,0.0,0.0,0.0,0.0,0.0,0.0,0.0,0.0,0.0,0.0,0.0,0.0,0.0,0.0,0.0,0.0,0.0,0.0,0.0,0.0,0.0,0.0,0.0,0.0,0.0,0.0,0.0,0.0,0.0,0.0,0.0,0.0,0.0,0.0,0.0,0.0,0.0,0.0,0.0,0
sTNXFgl-US4,134.0,136.0,136.0,138.0,141.0,141.0,143.0,145.0,147.0,147.0,147.0,149.0,149.0,149.0,149.0,149.0,150.0,150.0,150.0,150.0,150.0,152.0,152.0,152.0,152.0,152.0,152.0,152.0,152.0,152.0,152.0,153.0,153.0,153.0,153.0,154.0,155.0,155.0,156.0,156.0,156.0,156.0,156.0,156.0,156.0,156.0,156.0,156.0,156.0,157.0,159.0,159.0,159.0,159.0,159.0,159.0,159.0,159.0,159.0,160.0,160.0,160.0,160.0,160.0,160.0,160.0,160.0,160.0,160.0,160.0,160.0,160.0,160.0,160.0,160.0,160.0,160.0,161.0,161.0,161.0,161.0,161.0,162.0,162.0,162.0,162.0,162.0,162.0,162.0,162.0,162.0,162.0,162.0,163.0,163.0,163.0,163.0,164.0,164.0,163.0,163.0,163.0,164.0,164.0,164.0,164.0,164.0,164.0,164.0,164.0,165.0,165.0,166.0,167.0,167.0,167.0,167.0,167.0,167.0,167.0,167.0,167.0,167.0,167.0,167.0,167
lclAVNOpCHU,1453.0,1453.0,1453.0,1454.0,1454.0,1455.0,1456.0,1460.0,1462.0,1464.0,1466.0,1468.0,1468.0,1470.0,1470.0,1470.0,1472.0,1472.0,1474.0,1480.0,1486.0,1487.0,1490.0,1490.0,1490.0,1490.0,1490.0,1492.0,1491.0,1493.0,1494.0,1494.0,1495.0,1496.0,1496.0,1496.0,1496.0,1496.0,1496.0,1496.0,1495.0,1498.0,1498.0,1499.0,1500.0,1500.0,1500.0,1500.0,1500.0,1500.0,1502.0,1502.0,1502.0,1502.0,1502.0,1502.0,1504.0,1504.0,1504.0,1504.0,1505.0,1505.0,1506.0,1507.0,1507.0,1507.0,1508.0,1508.0,1508.0,1507.0,1507.0,1508.0,1508.0,1508.0,1508.0,1508.0,1510.0,1512.0,1512.0,1512.0,1512.0,1512.0,1513.0,1513.0,1513.0,1513.0,1513.0,1513.0,1513.0,1513.0,1514.0,1514.0,1514.0,1514.0,1514.0,1514.0,1514.0,1514.0,1514.0,1514.0,1514.0,1514.0,1515.0,1516.0,1516.0,1516.0,1517.0,1517.0,1517.0,1517.0,1517.0,1517.0,1517.0,1517.0,1517.0,1517.0,1517.0,1517.0,1517.0,1517.0,1517.0,1517.0,1517.0,1517.0,1517.0,1517
2zTqOPTg4Ow,258.0,258.0,258.0,258.0,258.0,258.0,258.0,258.0,258.0,259.0,259.0,260.0,260.0,260.0,260.0,260.0,260.0,260.0,260.0,260.0,260.0,260.0,260.0,260.0,260.0,260.0,260.0,260.0,260.0,260.0,260.0,260.0,260.0,261.0,261.0,261.0,262.0,262.0,262.0,262.0,263.0,263.0,263.0,286.0,286.0,286.0,286.0,286.0,286.0,286.0,286.0,287.0,287.0,287.0,287.0,287.0,287.0,287.0,287.0,288.0,288.0,288.0,288.0,288.0,288.0,288.0,286.0,286.0,286.0,286.0,286.0,286.0,286.0,286.0,286.0,286.0,286.0,286.0,286.0,286.0,286.0,286.0,286.0,286.0,286.0,286.0,286.0,286.0,286.0,286.0,286.0,286.0,286.0,286.0,286.0,286.0,286.0,287.0,287.0,287.0,287.0,287.0,287.0,287.0,287.0,287.0,287.0,287.0,287.0,287.0,287.0,287.0,287.0,287.0,287.0,287.0,287.0,287.0,287.0,287.0,287.0,288.0,288.0,288.0,288.0,288
_-atim_5jfY,28.0,28.0,28.0,28.0,28.0,28.0,28.0,28.0,28.0,28.0,28.0,28.0,28.0,28.0,28.0,28.0,28.0,28.0,28.0,28.0,28.0,28.0,28.0,28.0,28.0,28.0,28.0,28.0,28.0,28.0,28.0,28.0,28.0,28.0,28.0,28.0,28.0,28.0,28.0,28.0,28.0,28.0,28.0,28.0,28.0,28.0,28.0,28.0,28.0,28.0,28.0,28.0,28.0,28.0,28.0,28.0,28.0,28.0,28.0,28.0,28.0,28.0,28.0,28.0,28.0,28.0,28.0,28.0,28.0,28.0,28.0,28.0,28.0,28.0,28.0,28.0,28.0,28.0,28.0,28.0,28.0,28.0,28.0,28.0,28.0,28.0,28.0,28.0,28.0,28.0,28.0,28.0,28.0,28.0,28.0,28.0,28.0,28.0,28.0,29.0,29.0,29.0,29.0,29.0,29.0,29.0,29.0,29.0,29.0,29.0,29.0,29.0,29.0,29.0,29.0,29.0,29.0,29.0,29.0,29.0,29.0,29.0,29.0,29.0,30.0,30
eN5I0KsgoMI,0.0,0.0,0.0,0.0,0.0,0.0,0.0,0.0,0.0,0.0,0.0,0.0,0.0,0.0,0.0,0.0,0.0,0.0,0.0,0.0,0.0,0.0,0.0,0.0,0.0,0.0,0.0,0.0,0.0,0.0,0.0,0.0,0.0,0.0,0.0,0.0,0.0,0.0,0.0,0.0,0.0,0.0,0.0,0.0,0.0,0.0,0.0,0.0,0.0,0.0,0.0,0.0,0.0,0.0,0.0,0.0,0.0,0.0,0.0,0.0,0.0,0.0,0.0,0.0,0.0,0.0,0.0,0.0,0.0,0.0,0.0,0.0,0.0,0.0,0.0,0.0,0.0,0.0,0.0,0.0,0.0,0.0,0.0,0.0,0.0,0.0,0.0,0.0,0.0,0.0,0.0,0.0,0.0,0.0,0.0,0.0,0.0,0.0,0.0,0.0,0.0,0.0,0.0,0.0,0.0,0.0,0.0,0.0,0.0,0.0,0.0,0.0,0.0,0.0,0.0,0.0,0.0,0.0,0.0,0.0,0.0,0.0,0.0,0.0,0.0,0
yWE3n8QMgFE,108.0,108.0,108.0,108.0,108.0,108.0,108.0,108.0,108.0,108.0,108.0,108.0,108.0,108.0,108.0,108.0,108.0,108.0,108.0,108.0,108.0,108.0,108.0,108.0,108.0,108.0,108.0,108.0,108.0,108.0,108.0,108.0,108.0,109.0,110.0,110.0,110.0,110.0,110.0,110.0,110.0,110.0,110.0,110.0,110.0,110.0,110.0,110.0,110.0,110.0,110.0,110.0,110.0,111.0,111.0,111.0,111.0,111.0,111.0,111.0,111.0,111.0,111.0,112.0,112.0,112.0,112.0,112.0,112.0,112.0,112.0,112.0,112.0,112.0,112.0,112.0,112.0,112.0,112.0,112.0,112.0,112.0,112.0,112.0,112.0,112.0,112.0,112.0,112.0,112.0,112.0,112.0,112.0,112.0,112.0,112.0,112.0,112.0,112.0,112.0,112.0,112.0,112.0,112.0,113.0,113.0,113.0,113.0,113.0,113.0,113.0,113.0,112.0,112.0,112.0,112.0,112.0,112.0,112.0,112.0,112.0,112.0,112.0,113.0,113.0,113
tS48SnvPFI0,10272.0,10273.0,10279.0,10284.0,10287.0,10292.0,10297.0,10301.0,10305.0,10311.0,10313.0,10321.0,10326.0,10330.0,10334.0,10338.0,10342.0,10347.0,10353.0,10359.0,10363.0,10368.0,10372.0,10377.0,10383.0,10386.0,10389.0,10393.0,10395.0,10399.0,10404.0,10408.0,10412.0,10415.0,10418.0,10422.0,10424.0,10432.0,10434.0,10435.0,10440.0,10446.0,10450.0,10454.0,10458.0,10461.0,10464.0,10469.0,10474.0,10477.0,10483.0,10486.0,10489.0,10493.0,10495.0,10498.0,10501.0,10502.0,10505.0,10507.0,10510.0,10513.0,10516.0,10519.0,10522.0,10524.0,10525.0,10527.0,10528.0,10529.0,10530.0,10538.0,10540.0,10540.0,10544.0,10545.0,10546.0,10540.0,10543.0,10544.0,10545.0,10548.0,10541.0,10543.0,10544.0,10545.0,10546.0,10548.0,10549.0,10550.0,10552.0,10554.0,10556.0,10557.0,10560.0,10564.0,10565.0,10566.0,10568.0,10571.0,10570.0,10571.0,10572.0,10574.0,10577.0,10578.0,10579.0,10581.0,10582.0,10583.0,10584.0,10585.0,10588.0,10588.0,10589.0,10590.0,10591.0,10593.0,10595.0,10595.0,10596.0,10598.0,10599.0,10600.0,10602.0,10603
3P9CtCizIR8,0.0,0.0,0.0,0.0,0.0,0.0,0.0,0.0,0.0,0.0,0.0,0.0,0.0,0.0,0.0,0.0,0.0,0.0,0.0,0.0,0.0,0.0,0.0,0.0,0.0,0.0,0.0,0.0,0.0,0.0,0.0,0.0,0.0,0.0,0.0,0.0,0.0,0.0,0.0,0.0,0.0,0.0,0.0,0.0,0.0,0.0,0.0,0.0,0.0,0.0,0.0,0.0,0.0,0.0,0.0,0.0,0.0,0.0,0.0,0.0,0.0,0.0,0.0,0.0,0.0,0.0,0.0,0.0,0.0,0.0,0.0,0.0,0.0,0.0,0.0,0.0,0.0,0.0,0.0,0.0,0.0,0.0,0.0,0.0,0.0,0.0,0.0,0.0,0.0,0.0,0.0,0.0,0.0,0.0,0.0,0.0,0.0,0.0,0.0,0.0,0.0,0.0,0.0,0.0,0.0,0.0,0.0,0.0,0.0,0.0,0.0,0.0,0.0,0.0,0.0,0.0,0.0,0.0,0.0,0.0,0.0,0.0,0.0,0.0,0.0,0
0dGB3fS0MXg,4585.0,4593.0,4608.0,4618.0,4622.0,4630.0,4636.0,4642.0,4651.0,4653.0,4657.0,4662.0,4668.0,4681.0,4688.0,4692.0,4697.0,4707.0,4708.0,4711.0,4716.0,4722.0,4727.0,4732.0,4734.0,4736.0,4738.0,4742.0,4744.0,4747.0,4749.0,4753.0,4757.0,4761.0,4763.0,4769.0,4771.0,4774.0,4776.0,4777.0,4783.0,4785.0,4789.0,4796.0,4798.0,4801.0,4808.0,4814.0,4819.0,4821.0,4822.0,4825.0,4827.0,4831.0,4833.0,4836.0,4839.0,4844.0,4849.0,4852.0,4855.0,4854.0,4857.0,4859.0,4860.0,4863.0,4865.0,4870.0,4873.0,4874.0,4876.0,4880.0,4882.0,4884.0,4888.0,4890.0,4892.0,4894.0,4898.0,4901.0,4904.0,4906.0,4905.0,4907.0,4912.0,4916.0,4917.0,4920.0,4922.0,4924.0,4925.0,4926.0,4927.0,4930.0,4932.0,4935.0,4936.0,4937.0,4938.0,4939.0,4940.0,4943.0,4944.0,4945.0,4946.0,4949.0,4951.0,4952.0,4954.0,4955.0,4957.0,4958.0,4961.0,4963.0,4966.0,4968.0,4971.0,4975.0,4977.0,4979.0,4980.0,4981.0,4982.0,4987.0,4989.0,4993
B93veLfx3aU,5124.0,5127.0,5128.0,5131.0,5138.0,5141.0,5142.0,5141.0,5147.0,5149.0,5152.0,5156.0,5157.0,5159.0,5163.0,5167.0,5168.0,5168.0,5172.0,5177.0,5178.0,5183.0,5186.0,5186.0,5188.0,5192.0,5196.0,5197.0,5198.0,5198.0,5199.0,5203.0,5203.0,5204.0,5205.0,5207.0,5207.0,5209.0,5210.0,5210.0,5215.0,5217.0,5216.0,5217.0,5217.0,5220.0,5221.0,5222.0,5224.0,5225.0,5227.0,5229.0,5229.0,5232.0,5234.0,5237.0,5242.0,5246.0,5246.0,5252.0,5256.0,5260.0,5261.0,5262.0,5261.0,5255.0,5264.0,5270.0,5270.0,5271.0,5273.0,5277.0,5281.0,5283.0,5285.0,5285.0,5287.0,5287.0,5289.0,5290.0,5290.0,5291.0,5292.0,5294.0,5294.0,5296.0,5297.0,5299.0,5303.0,5304.0,5306.0,5307.0,5307.0,5307.0,5307.0,5308.0,5308.0,5308.0,5308.0,5308.0,5310.0,5309.0,5310.0,5312.0,5313.0,5314.0,5314.0,5316.0,5317.0,5317.0,5318.0,5318.0,5317.0,5317.0,5321.0,5324.0,5326.0,5326.0,5328.0,5323.0,5331.0,5332.0,5331.0,5332.0,5334.0,5334
r1tdMcs-eZ0,747.0,744.0,745.0,745.0,746.0,748.0,752.0,751.0,750.0,750.0,752.0,753.0,753.0,753.0,754.0,756.0,756.0,756.0,756.0,757.0,757.0,757.0,758.0,758.0,759.0,760.0,760.0,761.0,762.0,763.0,765.0,769.0,769.0,770.0,771.0,772.0,772.0,772.0,773.0,774.0,775.0,775.0,776.0,776.0,778.0,779.0,782.0,784.0,788.0,791.0,792.0,792.0,793.0,793.0,794.0,794.0,795.0,796.0,797.0,797.0,797.0,797.0,797.0,798.0,798.0,801.0,802.0,802.0,804.0,804.0,804.0,805.0,806.0,807.0,807.0,808.0,809.0,809.0,809.0,809.0,809.0,811.0,811.0,811.0,811.0,811.0,811.0,811.0,811.0,811.0,812.0,812.0,813.0,813.0,813.0,813.0,813.0,813.0,813.0,814.0,815.0,816.0,816.0,817.0,818.0,819.0,819.0,820.0,820.0,820.0,820.0,820.0,820.0,820.0,820.0,820.0,821.0,821.0,821.0,822.0,822.0,822.0,822.0,822.0,822.0,822
EdoIoUDXPwM,109.0,109.0,109.0,109.0,109.0,109.0,109.0,109.0,109.0,109.0,109.0,109.0,109.0,109.0,109.0,109.0,109.0,109.0,109.0,109.0,109.0,109.0,109.0,109.0,109.0,109.0,109.0,109.0,109.0,109.0,109.0,109.0,109.0,109.0,109.0,109.0,109.0,109.0,109.0,109.0,109.0,109.0,109.0,109.0,109.0,109.0,109.0,109.0,109.0,109.0,109.0,109.0,110.0,111.0,111.0,111.0,111.0,110.0,110.0,110.0,110.0,110.0,110.0,110.0,110.0,110.0,110.0,110.0,110.0,110.0,110.0,110.0,110.0,110.0,110.0,110.0,110.0,110.0,110.0,110.0,110.0,110.0,110.0,110.0,110.0,110.0,110.0,110.0,110.0,110.0,110.0,110.0,110.0,110.0,110.0,110.0,110.0,110.0,110.0,110.0,110.0,110.0,110.0,110.0,110.0,110.0,110.0,110.0,110.0,110.0,110.0,110.0,110.0,110.0,110.0,110.0,110.0,110.0,110.0,110.0,110.0,110.0,110.0,110.0,110.0,110
ddDQUOCx5UA,78.0,78.0,79.0,79.0,79.0,79.0,79.0,78.0,78.0,78.0,78.0,78.0,79.0,79.0,79.0,79.0,79.0,79.0,79.0,80.0,80.0,80.0,80.0,80.0,80.0,80.0,80.0,80.0,80.0,80.0,80.0,80.0,80.0,80.0,80.0,80.0,80.0,79.0,79.0,79.0,79.0,79.0,79.0,79.0,79.0,79.0,79.0,79.0,79.0,80.0,80.0,80.0,80.0,80.0,80.0,80.0,80.0,80.0,80.0,80.0,80.0,81.0,82.0,82.0,82.0,82.0,82.0,82.0,82.0,82.0,82.0,82.0,82.0,82.0,82.0,82.0,82.0,82.0,82.0,82.0,83.0,83.0,83.0,83.0,83.0,83.0,83.0,83.0,83.0,83.0,83.0,83.0,83.0,83.0,83.0,83.0,83.0,83.0,83.0,83.0,83.0,83.0,83.0,83.0,83.0,83.0,83.0,83.0,83.0,83.0,83.0,83.0,83.0,83.0,83.0,83.0,83.0,83.0,83.0,83.0,83.0,83.0,83.0,83.0,83.0,83
j6wcuAcS7QE,2713.0,2719.0,2723.0,2729.0,2733.0,2736.0,2740.0,2744.0,2749.0,2752.0,2754.0,2755.0,2759.0,2764.0,2766.0,2772.0,2776.0,2779.0,2791.0,2793.0,2796.0,2801.0,2804.0,2809.0,2812.0,2815.0,2819.0,2827.0,2829.0,2833.0,2838.0,2840.0,2844.0,2846.0,2847.0,2851.0,2853.0,2855.0,2855.0,2856.0,2857.0,2857.0,2857.0,2857.0,2857.0,2857.0,2857.0,2864.0,2864.0,2864.0,2866.0,2866.0,2866.0,2867.0,2867.0,2867.0,2870.0,2871.0,2872.0,2872.0,2872.0,2874.0,2874.0,2877.0,2877.0,2877.0,2877.0,2877.0,2877.0,2878.0,2878.0,2879.0,2882.0,2884.0,2885.0,2887.0,2891.0,2894.0,2899.0,2902.0,2904.0,2907.0,2912.0,2914.0,2922.0,2924.0,2924.0,2924.0,2926.0,2932.0,2933.0,2933.0,2933.0,2933.0,2933.0,2935.0,2937.0,2938.0,2938.0,2939.0,2940.0,2940.0,2941.0,2941.0,2941.0,2941.0,2943.0,2944.0,2944.0,2945.0,2945.0,2949.0,2950.0,2951.0,2954.0,2954.0,2954.0,2954.0,2955.0,2956.0,2956.0,2956.0,2958.0,2958.0,2961.0,2961
paDBr03iiTc,153.0,153.0,153.0,153.0,153.0,153.0,153.0,153.0,153.0,153.0,153.0,153.0,153.0,153.0,153.0,153.0,153.0,153.0,153.0,153.0,153.0,153.0,153.0,153.0,153.0,153.0,153.0,153.0,153.0,153.0,153.0,153.0,153.0,153.0,153.0,153.0,153.0,153.0,153.0,153.0,153.0,153.0,153.0,153.0,153.0,153.0,153.0,153.0,153.0,153.0,153.0,153.0,153.0,153.0,153.0,153.0,153.0,153.0,153.0,153.0,153.0,153.0,153.0,153.0,153.0,153.0,153.0,153.0,153.0,153.0,153.0,153.0,153.0,153.0,153.0,153.0,153.0,153.0,153.0,153.0,153.0,153.0,153.0,153.0,153.0,153.0,153.0,153.0,153.0,153.0,153.0,153.0,153.0,153.0,153.0,153.0,153.0,153.0,153.0,153.0,153.0,153.0,153.0,153.0,153.0,153.0,153.0,152.0,152.0,152.0,152.0,152.0,152.0,152.0,152.0,152.0,152.0,151.0,151.0,151.0,151.0,151.0,151.0,151.0,151.0,151
i0jE5ybKoxw,21.0,21.0,21.0,21.0,21.0,21.0,21.0,21.0,21.0,21.0,21.0,21.0,21.0,21.0,21.0,21.0,21.0,21.0,21.0,21.0,21.0,21.0,21.0,21.0,21.0,22.0,22.0,22.0,22.0,22.0,22.0,22.0,22.0,22.0,22.0,22.0,22.0,22.0,22.0,22.0,22.0,22.0,22.0,22.0,22.0,22.0,22.0,22.0,22.0,22.0,22.0,22.0,22.0,22.0,22.0,22.0,22.0,22.0,22.0,22.0,22.0,22.0,22.0,22.0,22.0,22.0,22.0,22.0,22.0,22.0,22.0,22.0,22.0,22.0,22.0,22.0,22.0,22.0,22.0,22.0,22.0,22.0,22.0,22.0,22.0,22.0,22.0,22.0,22.0,22.0,22.0,22.0,22.0,22.0,22.0,22.0,22.0,22.0,22.0,22.0,22.0,22.0,22.0,22.0,22.0,22.0,22.0,22.0,22.0,22.0,22.0,22.0,22.0,22.0,22.0,22.0,22.0,22.0,22.0,22.0,22.0,22.0,22.0,22.0,22.0,22
AxCkfMBTlAg,3423.0,3426.0,3432.0,3433.0,3437.0,3441.0,3443.0,3444.0,3448.0,3449.0,3449.0,3453.0,3457.0,3460.0,3460.0,3460.0,3461.0,3462.0,3463.0,3462.0,3462.0,3461.0,3462.0,3463.0,3463.0,3465.0,3465.0,3469.0,3469.0,3469.0,3469.0,3469.0,3469.0,3472.0,3473.0,3473.0,3474.0,3475.0,3476.0,3476.0,3480.0,3485.0,3488.0,3489.0,3491.0,3491.0,3494.0,3503.0,3503.0,3503.0,3504.0,3504.0,3506.0,3507.0,3507.0,3508.0,3508.0,3508.0,3509.0,3511.0,3511.0,3511.0,3511.0,3511.0,3513.0,3513.0,3513.0,3513.0,3515.0,3517.0,3529.0,3538.0,3544.0,3544.0,3548.0,3553.0,3564.0,3570.0,3577.0,3584.0,3591.0,3594.0,3602.0,3607.0,3612.0,3616.0,3623.0,3629.0,3632.0,3634.0,3640.0,3640.0,3644.0,3648.0,3651.0,3654.0,3656.0,3658.0,3659.0,3660.0,3662.0,3667.0,3670.0,3663.0,3663.0,3667.0,3668.0,3673.0,3678.0,3680.0,3683.0,3685.0,3687.0,3689.0,3689.0,3690.0,3694.0,3696.0,3695.0,3695.0,3695.0,3695.0,3703.0,3704.0,3704.0,3705
A8BEQJbuKdo,43.0,43.0,43.0,43.0,43.0,43.0,43.0,43.0,43.0,43.0,43.0,43.0,43.0,43.0,43.0,43.0,43.0,43.0,43.0,43.0,43.0,43.0,43.0,43.0,43.0,43.0,43.0,43.0,43.0,43.0,43.0,43.0,43.0,43.0,43.0,43.0,43.0,43.0,43.0,43.0,43.0,43.0,43.0,43.0,43.0,43.0,43.0,43.0,43.0,43.0,43.0,43.0,43.0,43.0,43.0,43.0,43.0,43.0,43.0,43.0,43.0,43.0,43.0,43.0,43.0,43.0,43.0,43.0,43.0,43.0,43.0,43.0,43.0,43.0,43.0,43.0,43.0,43.0,43.0,43.0,43.0,43.0,43.0,43.0,43.0,43.0,43.0,43.0,43.0,43.0,43.0,43.0,43.0,43.0,43.0,43.0,43.0,43.0,43.0,43.0,43.0,43.0,43.0,43.0,43.0,43.0,43.0,43.0,43.0,43.0,43.0,43.0,43.0,43.0,43.0,43.0,43.0,43.0,43.0,43.0,43.0,43.0,43.0,43.0,43.0,43
P7L4r3x09R8,2118.0,2121.0,2124.0,2125.0,2127.0,2131.0,2132.0,2133.0,2134.0,2134.0,2135.0,2135.0,2135.0,2138.0,2137.0,2138.0,2138.0,2138.0,2139.0,2141.0,2142.0,2143.0,2145.0,2146.0,2147.0,2147.0,2148.0,2150.0,2152.0,2151.0,2152.0,2154.0,2154.0,2154.0,2155.0,2155.0,2153.0,2154.0,2153.0,2153.0,2154.0,2155.0,2155.0,2156.0,2154.0,2154.0,2155.0,2155.0,2158.0,2158.0,2160.0,2162.0,2165.0,2170.0,2171.0,2172.0,2173.0,2173.0,2174.0,2175.0,2175.0,2177.0,2177.0,2180.0,2180.0,2181.0,2181.0,2187.0,2190.0,2191.0,2193.0,2193.0,2194.0,2196.0,2197.0,2197.0,2197.0,2198.0,2198.0,2196.0,2195.0,2206.0,2204.0,2207.0,2209.0,2210.0,2212.0,2213.0,2213.0,2212.0,2218.0,2220.0,2221.0,2222.0,2223.0,2224.0,2223.0,2223.0,2223.0,2223.0,2223.0,2223.0,2222.0,2226.0,2227.0,2228.0,2227.0,2227.0,2227.0,2228.0,2227.0,2227.0,2228.0,2229.0,2229.0,2229.0,2227.0,2227.0,2229.0,2229.0,2231.0,2231.0,2231.0,2231.0,2231.0,2232
mOHtbmf--8I,14.0,14.0,14.0,14.0,14.0,14.0,14.0,14.0,14.0,14.0,14.0,14.0,15.0,15.0,15.0,15.0,15.0,15.0,15.0,15.0,15.0,15.0,15.0,15.0,15.0,15.0,15.0,15.0,15.0,15.0,15.0,15.0,16.0,16.0,16.0,16.0,16.0,16.0,16.0,16.0,16.0,16.0,16.0,16.0,16.0,16.0,16.0,16.0,16.0,16.0,16.0,16.0,16.0,16.0,17.0,17.0,17.0,17.0,17.0,17.0,17.0,17.0,17.0,17.0,17.0,17.0,17.0,17.0,17.0,17.0,17.0,17.0,17.0,17.0,17.0,17.0,17.0,17.0,17.0,17.0,17.0,17.0,17.0,17.0,17.0,17.0,17.0,17.0,17.0,17.0,17.0,17.0,17.0,17.0,17.0,17.0,17.0,17.0,17.0,17.0,17.0,17.0,17.0,17.0,17.0,17.0,17.0,17.0,17.0,17.0,17.0,17.0,17.0,17.0,17.0,17.0,17.0,17.0,17.0,17.0,17.0,17.0,17.0,17.0,17.0,17
Uhsa0oPdIv8,13.0,13.0,13.0,13.0,13.0,13.0,13.0,13.0,13.0,13.0,13.0,13.0,13.0,13.0,13.0,13.0,13.0,13.0,13.0,13.0,13.0,13.0,13.0,13.0,13.0,13.0,13.0,13.0,13.0,13.0,13.0,13.0,13.0,13.0,13.0,13.0,13.0,13.0,13.0,13.0,13.0,13.0,13.0,13.0,13.0,13.0,13.0,13.0,13.0,13.0,13.0,13.0,13.0,13.0,13.0,13.0,13.0,13.0,13.0,13.0,13.0,13.0,13.0,13.0,13.0,13.0,13.0,13.0,13.0,13.0,13.0,13.0,13.0,13.0,13.0,13.0,13.0,13.0,13.0,13.0,13.0,13.0,13.0,13.0,13.0,13.0,13.0,13.0,13.0,13.0,13.0,13.0,13.0,13.0,13.0,13.0,13.0,13.0,13.0,13.0,13.0,13.0,13.0,13.0,13.0,13.0,13.0,13.0,13.0,13.0,13.0,13.0,13.0,13.0,13.0,13.0,13.0,13.0,13.0,13.0,13.0,13.0,13.0,13.0,13.0,13
yILL4huky70,0.0,0.0,0.0,0.0,0.0,0.0,0.0,0.0,0.0,0.0,0.0,0.0,0.0,0.0,0.0,0.0,0.0,0.0,0.0,0.0,0.0,0.0,0.0,0.0,0.0,0.0,0.0,0.0,0.0,0.0,0.0,0.0,0.0,0.0,0.0,0.0,0.0,0.0,0.0,0.0,0.0,0.0,0.0,0.0,0.0,0.0,0.0,0.0,0.0,0.0,0.0,0.0,0.0,0.0,0.0,0.0,0.0,0.0,0.0,0.0,0.0,0.0,0.0,0.0,0.0,0.0,0.0,0.0,0.0,0.0,0.0,0.0,0.0,0.0,0.0,0.0,0.0,0.0,0.0,0.0,0.0,0.0,0.0,0.0,0.0,0.0,0.0,0.0,0.0,0.0,0.0,0.0,0.0,0.0,0.0,0.0,0.0,0.0,0.0,0.0,0.0,0.0,0.0,0.0,0.0,0.0,0.0,0.0,0.0,0.0,0.0,0.0,0.0,0.0,0.0,0.0,0.0,0.0,0.0,0.0,0.0,0.0,0.0,0.0,0.0,0
JMyCargFq_0,1521.0,1522.0,1526.0,1527.0,1527.0,1527.0,1528.0,1528.0,1530.0,1530.0,1531.0,1531.0,1531.0,1533.0,1535.0,1535.0,1537.0,1537.0,1537.0,1538.0,1538.0,1540.0,1540.0,1540.0,1540.0,1540.0,1542.0,1544.0,1546.0,1515.0,1515.0,1517.0,1519.0,1520.0,1521.0,1521.0,1521.0,1523.0,1523.0,1522.0,1523.0,1524.0,1524.0,1525.0,1525.0,1526.0,1527.0,1529.0,1530.0,1531.0,1531.0,1531.0,1531.0,1531.0,1532.0,1535.0,1535.0,1535.0,1535.0,1535.0,1536.0,1536.0,1536.0,1537.0,1537.0,1536.0,1535.0,1535.0,1535.0,1536.0,1536.0,1537.0,1537.0,1538.0,1538.0,1538.0,1539.0,1539.0,1530.0,1531.0,1531.0,1531.0,1530.0,1531.0,1531.0,1530.0,1531.0,1531.0,1532.0,1532.0,1533.0,1534.0,1534.0,1536.0,1536.0,1537.0,1537.0,1537.0,1534.0,1534.0,1534.0,1535.0,1535.0,1535.0,1535.0,1535.0,1535.0,1535.0,1535.0,1536.0,1536.0,1536.0,1536.0,1537.0,1537.0,1537.0,1537.0,1537.0,1538.0,1538.0,1538.0,1538.0,1540.0,1539.0,1539.0,1539
B93veLfx3aU,5124.0,5127.0,5128.0,5131.0,5138.0,5141.0,5142.0,5141.0,5147.0,5149.0,5152.0,5156.0,5157.0,5159.0,5163.0,5167.0,5168.0,5168.0,5172.0,5177.0,5178.0,5183.0,5186.0,5186.0,5188.0,5192.0,5196.0,5197.0,5198.0,5198.0,5199.0,5203.0,5203.0,5204.0,5205.0,5207.0,5207.0,5209.0,5210.0,5210.0,5215.0,5217.0,5216.0,5217.0,5217.0,5220.0,5221.0,5222.0,5224.0,5225.0,5227.0,5229.0,5229.0,5232.0,5234.0,5237.0,5242.0,5246.0,5246.0,5252.0,5256.0,5260.0,5261.0,5262.0,5261.0,5255.0,5264.0,5270.0,5270.0,5271.0,5273.0,5277.0,5281.0,5283.0,5285.0,5285.0,5287.0,5287.0,5289.0,5290.0,5290.0,5291.0,5292.0,5294.0,5294.0,5296.0,5297.0,5299.0,5303.0,5304.0,5306.0,5307.0,5307.0,5307.0,5307.0,5308.0,5308.0,5308.0,5308.0,5308.0,5310.0,5309.0,5310.0,5312.0,5313.0,5314.0,5314.0,5316.0,5317.0,5317.0,5318.0,5318.0,5317.0,5317.0,5321.0,5324.0,5326.0,5326.0,5328.0,5323.0,5331.0,5332.0,5331.0,5332.0,5334.0,5334
PCNlo5g4FRU,109.0,109.0,109.0,109.0,109.0,109.0,109.0,109.0,109.0,109.0,109.0,109.0,109.0,109.0,109.0,109.0,109.0,109.0,109.0,109.0,109.0,109.0,109.0,109.0,109.0,109.0,109.0,109.0,109.0,109.0,109.0,109.0,109.0,109.0,109.0,109.0,109.0,109.0,109.0,109.0,109.0,109.0,109.0,109.0,109.0,109.0,109.0,109.0,109.0,109.0,109.0,109.0,109.0,109.0,109.0,109.0,109.0,109.0,109.0,109.0,109.0,109.0,109.0,109.0,109.0,109.0,109.0,109.0,109.0,109.0,109.0,109.0,109.0,109.0,109.0,109.0,109.0,109.0,109.0,109.0,109.0,109.0,109.0,109.0,109.0,109.0,109.0,109.0,109.0,109.0,109.0,109.0,109.0,109.0,109.0,109.0,109.0,109.0,109.0,109.0,109.0,109.0,109.0,109.0,109.0,109.0,109.0,109.0,109.0,109.0,109.0,109.0,109.0,109.0,109.0,109.0,109.0,109.0,109.0,109.0,109.0,109.0,109.0,109.0,109.0,109
S-VLzICd2FE,11978.0,11986.0,11983.0,11984.0,11988.0,11998.0,12008.0,12013.0,12025.0,12038.0,12044.0,12050.0,12051.0,12054.0,12060.0,12066.0,12073.0,12079.0,12086.0,12089.0,12091.0,12095.0,12100.0,12110.0,12113.0,12114.0,12118.0,12123.0,12135.0,12138.0,12141.0,12141.0,12146.0,12147.0,12152.0,12155.0,12157.0,12141.0,12141.0,12143.0,12148.0,12150.0,12153.0,12153.0,12157.0,12161.0,12161.0,12167.0,12168.0,12172.0,12173.0,12176.0,12176.0,12178.0,12186.0,12192.0,12193.0,12197.0,12204.0,12209.0,12213.0,12217.0,12220.0,12218.0,12224.0,12225.0,12226.0,12230.0,12234.0,12241.0,12243.0,12251.0,12254.0,12259.0,12269.0,12285.0,12291.0,12299.0,12308.0,12316.0,12316.0,12327.0,12329.0,12331.0,12338.0,12348.0,12365.0,12367.0,12371.0,12374.0,12376.0,12386.0,12388.0,12401.0,12406.0,12406.0,12408.0,12416.0,12426.0,12432.0,12440.0,12448.0,12449.0,12451.0,12456.0,12459.0,12460.0,12465.0,12467.0,12471.0,12472.0,12473.0,12475.0,12480.0,12482.0,12484.0,12492.0,12495.0,12500.0,12502.0,12502.0,12502.0,12506.0,12508.0,12509.0,12511
eKUspIkf-GA,0.0,0.0,0.0,0.0,0.0,0.0,0.0,0.0,0.0,0.0,0.0,0.0,0.0,0.0,0.0,0.0,0.0,0.0,0.0,0.0,0.0,0.0,0.0,0.0,0.0,0.0,0.0,0.0,0.0,0.0,0.0,0.0,0.0,0.0,0.0,0.0,0.0,0.0,0.0,0.0,0.0,0.0,0.0,0.0,0.0,0.0,0.0,0.0,0.0,0.0,0.0,0.0,0.0,0.0,0.0,0.0,0.0,0.0,0.0,0.0,0.0,0.0,0.0,0.0,0.0,0.0,0.0,0.0,0.0,0.0,0.0,0.0,0.0,0.0,0.0,0.0,0.0,0.0,0.0,0.0,0.0,0.0,0.0,0.0,0.0,0.0,0.0,0.0,0.0,0.0,0.0,0.0,0.0,0.0,0.0,0.0,0.0,0.0,0.0,0.0,0.0,0.0,0.0,0.0,0.0,0.0,0.0,0.0,0.0,0.0,0.0,0.0,0.0,0.0,0.0,0.0,0.0,0.0,0.0,0.0,0.0,0.0,0.0,0.0,0.0,0
bewXzQ3nlY4,24.0,25.0,25.0,25.0,25.0,25.0,25.0,25.0,25.0,25.0,25.0,25.0,25.0,25.0,25.0,25.0,25.0,25.0,25.0,25.0,25.0,25.0,25.0,25.0,25.0,25.0,25.0,25.0,25.0,25.0,25.0,25.0,25.0,25.0,25.0,25.0,25.0,25.0,25.0,25.0,25.0,25.0,25.0,25.0,25.0,25.0,25.0,25.0,25.0,25.0,25.0,25.0,25.0,25.0,25.0,25.0,25.0,25.0,25.0,25.0,25.0,25.0,25.0,25.0,25.0,25.0,25.0,25.0,25.0,25.0,25.0,25.0,25.0,25.0,25.0,25.0,25.0,25.0,25.0,25.0,25.0,25.0,25.0,25.0,25.0,25.0,25.0,25.0,25.0,25.0,25.0,25.0,25.0,25.0,25.0,25.0,25.0,25.0,25.0,25.0,25.0,25.0,25.0,25.0,25.0,25.0,25.0,25.0,25.0,25.0,25.0,25.0,25.0,25.0,25.0,25.0,25.0,25.0,25.0,25.0,25.0,25.0,25.0,25.0,25.0,25
-DBuQz_sEZ4,8.0,8.0,8.0,8.0,8.0,8.0,8.0,8.0,8.0,8.0,8.0,8.0,8.0,8.0,8.0,8.0,8.0,8.0,8.0,8.0,8.0,8.0,8.0,8.0,8.0,8.0,8.0,8.0,8.0,8.0,8.0,8.0,8.0,8.0,8.0,8.0,8.0,8.0,8.0,8.0,8.0,8.0,8.0,8.0,8.0,8.0,8.0,8.0,8.0,8.0,8.0,8.0,8.0,8.0,8.0,8.0,8.0,8.0,8.0,8.0,8.0,8.0,8.0,8.0,8.0,8.0,8.0,8.0,8.0,8.0,8.0,8.0,8.0,8.0,8.0,8.0,8.0,8.0,8.0,9.0,9.0,9.0,9.0,9.0,9.0,9.0,9.0,9.0,9.0,9.0,9.0,9.0,9.0,9.0,9.0,9.0,9.0,9.0,9.0,9.0,9.0,9.0,9.0,9.0,9.0,9.0,9.0,9.0,9.0,9.0,9.0,9.0,9.0,9.0,9.0,9.0,9.0,9.0,9.0,9.0,9.0,9.0,9.0,9.0,9.0,9
x7LGOdRkZTk,18.0,18.0,18.0,18.0,18.0,18.0,18.0,18.0,18.0,18.0,18.0,18.0,18.0,18.0,18.0,18.0,18.0,18.0,18.0,18.0,18.0,18.0,18.0,18.0,18.0,18.0,18.0,18.0,18.0,18.0,18.0,18.0,18.0,18.0,18.0,18.0,18.0,18.0,18.0,18.0,18.0,18.0,18.0,18.0,18.0,18.0,18.0,18.0,18.0,18.0,18.0,18.0,18.0,18.0,18.0,18.0,18.0,18.0,18.0,18.0,18.0,18.0,18.0,18.0,18.0,18.0,18.0,18.0,18.0,18.0,18.0,18.0,18.0,18.0,18.0,18.0,18.0,18.0,18.0,18.0,18.0,18.0,18.0,18.0,18.0,18.0,18.0,18.0,18.0,18.0,18.0,18.0,18.0,18.0,18.0,18.0,18.0,18.0,18.0,18.0,18.0,18.0,18.0,18.0,18.0,18.0,19.0,19.0,19.0,19.0,19.0,19.0,19.0,19.0,19.0,19.0,19.0,19.0,19.0,19.0,19.0,19.0,19.0,20.0,20.0,20
r4aDVKIPurQ,28.0,28.0,28.0,28.0,28.0,28.0,28.0,28.0,28.0,28.0,28.0,28.0,28.0,28.0,28.0,28.0,28.0,28.0,28.0,28.0,28.0,28.0,28.0,28.0,28.0,28.0,28.0,28.0,28.0,28.0,28.0,28.0,28.0,28.0,28.0,28.0,28.0,28.0,28.0,28.0,28.0,28.0,28.0,28.0,28.0,28.0,28.0,28.0,28.0,28.0,28.0,28.0,28.0,28.0,28.0,28.0,28.0,28.0,28.0,28.0,28.0,28.0,28.0,28.0,28.0,28.0,28.0,28.0,28.0,28.0,28.0,28.0,28.0,28.0,28.0,28.0,28.0,28.0,28.0,28.0,28.0,28.0,28.0,28.0,28.0,28.0,28.0,28.0,28.0,28.0,28.0,28.0,28.0,28.0,28.0,28.0,28.0,28.0,28.0,28.0,28.0,28.0,28.0,28.0,28.0,28.0,28.0,28.0,28.0,28.0,28.0,28.0,28.0,28.0,28.0,28.0,28.0,28.0,28.0,28.0,28.0,28.0,28.0,28.0,28.0,28
OxIcVgtrH0M,0.0,0.0,0.0,0.0,0.0,0.0,0.0,0.0,0.0,0.0,0.0,0.0,0.0,0.0,0.0,0.0,0.0,0.0,0.0,0.0,0.0,0.0,0.0,0.0,0.0,0.0,0.0,0.0,0.0,0.0,0.0,0.0,0.0,0.0,0.0,0.0,0.0,0.0,0.0,0.0,0.0,0.0,0.0,0.0,0.0,0.0,0.0,0.0,0.0,0.0,0.0,0.0,0.0,0.0,0.0,0.0,0.0,0.0,0.0,0.0,0.0,0.0,0.0,0.0,0.0,0.0,0.0,0.0,0.0,0.0,0.0,0.0,0.0,0.0,0.0,0.0,0.0,0.0,0.0,0.0,0.0,0.0,0.0,0.0,0.0,0.0,0.0,0.0,0.0,0.0,0.0,0.0,0.0,0.0,0.0,0.0,0.0,0.0,0.0,0.0,0.0,0.0,0.0,0.0,0.0,0.0,0.0,0.0,0.0,0.0,0.0,0.0,0.0,0.0,0.0,0.0,0.0,0.0,0.0,0.0,0.0,0.0,0.0,0.0,0.0,0
FF7_YRh4Jyw,101.0,101.0,101.0,101.0,101.0,101.0,101.0,101.0,101.0,101.0,101.0,101.0,101.0,101.0,101.0,101.0,101.0,102.0,102.0,102.0,102.0,102.0,103.0,103.0,103.0,103.0,103.0,103.0,103.0,103.0,103.0,103.0,103.0,103.0,103.0,103.0,103.0,103.0,103.0,103.0,103.0,103.0,103.0,103.0,103.0,103.0,103.0,103.0,103.0,103.0,103.0,103.0,103.0,103.0,103.0,103.0,103.0,103.0,103.0,103.0,103.0,103.0,103.0,103.0,103.0,103.0,103.0,103.0,103.0,103.0,103.0,103.0,103.0,103.0,103.0,103.0,103.0,103.0,103.0,103.0,103.0,103.0,103.0,103.0,103.0,103.0,103.0,103.0,103.0,103.0,103.0,103.0,103.0,103.0,103.0,103.0,103.0,103.0,103.0,104.0,104.0,104.0,104.0,104.0,104.0,104.0,104.0,104.0,104.0,104.0,104.0,104.0,104.0,104.0,104.0,104.0,104.0,104.0,104.0,104.0,104.0,104.0,104.0,104.0,104.0,104
11L1XQ9eZzM,69.0,69.0,69.0,69.0,69.0,69.0,69.0,69.0,69.0,69.0,69.0,69.0,69.0,69.0,69.0,69.0,69.0,69.0,69.0,69.0,69.0,69.0,69.0,69.0,69.0,69.0,69.0,69.0,69.0,69.0,69.0,69.0,69.0,69.0,69.0,69.0,69.0,69.0,69.0,69.0,69.0,69.0,69.0,69.0,69.0,69.0,69.0,70.0,70.0,70.0,70.0,70.0,70.0,70.0,70.0,70.0,70.0,70.0,70.0,70.0,70.0,70.0,70.0,70.0,70.0,70.0,70.0,70.0,70.0,70.0,70.0,70.0,70.0,70.0,70.0,70.0,70.0,70.0,70.0,70.0,70.0,70.0,70.0,70.0,70.0,70.0,70.0,70.0,70.0,70.0,70.0,70.0,70.0,70.0,70.0,70.0,70.0,70.0,70.0,70.0,70.0,70.0,70.0,70.0,70.0,70.0,70.0,70.0,70.0,70.0,70.0,70.0,70.0,70.0,70.0,70.0,70.0,70.0,70.0,70.0,70.0,70.0,70.0,70.0,70.0,70
e-FVN-RQOGo,3456.0,3458.0,3458.0,3458.0,3461.0,3464.0,3472.0,3475.0,3478.0,3479.0,3483.0,3484.0,3489.0,3492.0,3496.0,3496.0,3497.0,3496.0,3497.0,3498.0,3502.0,3504.0,3500.0,3503.0,3503.0,3504.0,3505.0,3508.0,3510.0,3510.0,3511.0,3513.0,3514.0,3513.0,3515.0,3515.0,3517.0,3519.0,3520.0,3523.0,3524.0,3525.0,3525.0,3528.0,3528.0,3529.0,3530.0,3532.0,3533.0,3533.0,3533.0,3533.0,3533.0,3534.0,3534.0,3535.0,3544.0,3544.0,3544.0,3545.0,3548.0,3548.0,3548.0,3548.0,3547.0,3547.0,3542.0,3543.0,3542.0,3544.0,3545.0,3545.0,3546.0,3546.0,3546.0,3549.0,3548.0,3548.0,3549.0,3550.0,3549.0,3550.0,3550.0,3550.0,3550.0,3550.0,3551.0,3552.0,3552.0,3552.0,3552.0,3552.0,3553.0,3554.0,3556.0,3556.0,3556.0,3556.0,3556.0,3556.0,3556.0,3558.0,3558.0,3558.0,3558.0,3558.0,3558.0,3558.0,3558.0,3557.0,3557.0,3557.0,3556.0,3556.0,3557.0,3558.0,3558.0,3558.0,3558.0,3558.0,3558.0,3559.0,3559.0,3563.0,3564.0,3564
-bG79y0_x8M,65.0,65.0,65.0,65.0,65.0,65.0,65.0,65.0,65.0,65.0,65.0,65.0,65.0,65.0,65.0,65.0,65.0,65.0,65.0,65.0,65.0,65.0,65.0,65.0,65.0,65.0,65.0,65.0,65.0,65.0,65.0,65.0,65.0,65.0,65.0,65.0,65.0,65.0,65.0,65.0,65.0,65.0,65.0,65.0,65.0,65.0,65.0,65.0,65.0,65.0,65.0,65.0,65.0,65.0,65.0,65.0,65.0,65.0,65.0,65.0,65.0,65.0,65.0,65.0,65.0,65.0,65.0,65.0,65.0,65.0,65.0,65.0,65.0,65.0,65.0,65.0,65.0,65.0,65.0,65.0,65.0,65.0,65.0,65.0,65.0,65.0,65.0,65.0,65.0,65.0,65.0,65.0,65.0,65.0,65.0,65.0,65.0,65.0,65.0,65.0,65.0,65.0,65.0,65.0,65.0,65.0,65.0,65.0,65.0,65.0,65.0,65.0,65.0,65.0,65.0,65.0,65.0,65.0,65.0,65.0,65.0,65.0,65.0,65.0,65.0,65
VNeiFeUa4kw,11674.0,11674.0,11674.0,11676.0,11663.0,11664.0,11664.0,11664.0,11666.0,11667.0,11664.0,11663.0,11664.0,11665.0,11665.0,11665.0,11665.0,11666.0,11669.0,11666.0,11666.0,11666.0,11667.0,11668.0,11668.0,11668.0,11670.0,11670.0,11671.0,11671.0,11672.0,11673.0,11672.0,11672.0,11673.0,11674.0,11674.0,11674.0,11674.0,11675.0,11676.0,11676.0,11676.0,11677.0,11679.0,11680.0,11680.0,11680.0,11682.0,11683.0,11684.0,11685.0,11686.0,11686.0,11686.0,11687.0,11687.0,11687.0,11687.0,11688.0,11688.0,11689.0,11689.0,11689.0,11687.0,11688.0,11689.0,11688.0,11688.0,11688.0,11688.0,11691.0,11690.0,11694.0,11694.0,11695.0,11696.0,11696.0,11696.0,11696.0,11697.0,11698.0,11699.0,11700.0,11700.0,11699.0,11700.0,11701.0,11701.0,11702.0,11702.0,11704.0,11705.0,11703.0,11608.0,11591.0,11591.0,11591.0,11591.0,11593.0,11596.0,11599.0,11599.0,11600.0,11603.0,11603.0,11603.0,11603.0,11603.0,11603.0,11603.0,11603.0,11599.0,11599.0,11600.0,11600.0,11600.0,11600.0,11600.0,11602.0,11603.0,11604.0,11604.0,11604.0,11604.0,11604
uDNDIhXZoVs,22.0,22.0,22.0,22.0,22.0,22.0,22.0,22.0,22.0,22.0,22.0,22.0,22.0,22.0,22.0,22.0,22.0,22.0,22.0,22.0,22.0,22.0,22.0,22.0,22.0,22.0,22.0,22.0,22.0,22.0,22.0,22.0,22.0,22.0,22.0,22.0,22.0,22.0,22.0,22.0,22.0,22.0,22.0,22.0,22.0,22.0,22.0,22.0,22.0,22.0,22.0,22.0,23.0,23.0,23.0,23.0,23.0,23.0,23.0,23.0,23.0,23.0,23.0,23.0,23.0,23.0,23.0,23.0,23.0,23.0,23.0,23.0,23.0,23.0,23.0,23.0,23.0,23.0,23.0,23.0,23.0,23.0,23.0,23.0,23.0,23.0,23.0,23.0,23.0,23.0,23.0,23.0,23.0,23.0,23.0,23.0,23.0,23.0,23.0,23.0,23.0,23.0,23.0,23.0,23.0,23.0,23.0,23.0,23.0,23.0,23.0,23.0,23.0,23.0,23.0,23.0,23.0,23.0,23.0,23.0,23.0,23.0,23.0,23.0,23.0,23
bgAsczH4-ps,129.0,129.0,129.0,129.0,129.0,129.0,129.0,129.0,129.0,129.0,129.0,129.0,129.0,129.0,129.0,129.0,129.0,129.0,129.0,129.0,129.0,129.0,129.0,129.0,129.0,129.0,129.0,129.0,129.0,129.0,129.0,129.0,129.0,129.0,129.0,129.0,129.0,129.0,129.0,129.0,129.0,129.0,129.0,129.0,129.0,129.0,129.0,129.0,129.0,129.0,129.0,129.0,129.0,129.0,129.0,129.0,129.0,129.0,129.0,129.0,129.0,129.0,129.0,129.0,129.0,129.0,129.0,129.0,129.0,129.0,129.0,129.0,129.0,129.0,129.0,129.0,129.0,129.0,129.0,129.0,129.0,129.0,129.0,129.0,129.0,129.0,129.0,129.0,129.0,129.0,129.0,129.0,129.0,129.0,129.0,129.0,129.0,129.0,129.0,129.0,129.0,129.0,129.0,129.0,129.0,129.0,129.0,129.0,129.0,129.0,129.0,129.0,129.0,129.0,129.0,129.0,129.0,129.0,129.0,129.0,129.0,129.0,129.0,129.0,129.0,129
kXG-oD12g0U,354.0,354.0,354.0,354.0,354.0,354.0,354.0,355.0,355.0,355.0,356.0,357.0,357.0,357.0,357.0,357.0,357.0,357.0,357.0,357.0,357.0,357.0,357.0,358.0,358.0,358.0,358.0,358.0,358.0,358.0,358.0,358.0,358.0,358.0,359.0,359.0,359.0,359.0,360.0,361.0,361.0,362.0,363.0,363.0,362.0,362.0,362.0,362.0,362.0,362.0,362.0,362.0,362.0,362.0,362.0,362.0,362.0,365.0,365.0,365.0,365.0,365.0,365.0,365.0,365.0,365.0,365.0,365.0,365.0,365.0,365.0,365.0,365.0,365.0,365.0,365.0,365.0,365.0,365.0,365.0,365.0,365.0,365.0,365.0,365.0,365.0,365.0,365.0,365.0,365.0,365.0,365.0,365.0,365.0,364.0,364.0,364.0,364.0,364.0,364.0,364.0,364.0,364.0,364.0,364.0,364.0,364.0,365.0,365.0,365.0,365.0,365.0,365.0,365.0,365.0,365.0,365.0,365.0,365.0,365.0,365.0,365.0,365.0,365.0,365.0,365
x7LfHZ5ohb4,9.0,9.0,9.0,9.0,9.0,9.0,9.0,9.0,9.0,9.0,9.0,9.0,9.0,9.0,9.0,9.0,9.0,9.0,9.0,9.0,9.0,9.0,9.0,9.0,9.0,9.0,9.0,9.0,9.0,9.0,9.0,9.0,9.0,9.0,9.0,9.0,9.0,9.0,9.0,9.0,9.0,9.0,9.0,9.0,9.0,9.0,9.0,9.0,9.0,9.0,9.0,10.0,10.0,10.0,10.0,10.0,10.0,10.0,10.0,10.0,10.0,10.0,10.0,10.0,10.0,10.0,10.0,10.0,10.0,10.0,10.0,10.0,10.0,10.0,10.0,10.0,10.0,10.0,10.0,10.0,10.0,10.0,10.0,10.0,10.0,10.0,10.0,10.0,10.0,10.0,10.0,10.0,10.0,10.0,10.0,10.0,10.0,10.0,10.0,10.0,10.0,10.0,10.0,10.0,10.0,10.0,10.0,10.0,11.0,11.0,11.0,11.0,11.0,11.0,11.0,11.0,11.0,11.0,11.0,11.0,11.0,11.0,11.0,11.0,11.0,11
VeVMxJfMcLk,4.0,4.0,4.0,4.0,4.0,4.0,4.0,4.0,4.0,4.0,4.0,4.0,4.0,4.0,4.0,4.0,4.0,4.0,4.0,4.0,4.0,4.0,4.0,4.0,4.0,4.0,4.0,4.0,4.0,4.0,4.0,4.0,4.0,4.0,4.0,4.0,4.0,4.0,4.0,4.0,4.0,4.0,4.0,4.0,4.0,4.0,4.0,4.0,4.0,4.0,4.0,4.0,4.0,4.0,4.0,4.0,4.0,4.0,4.0,4.0,4.0,4.0,4.0,4.0,4.0,4.0,4.0,4.0,4.0,4.0,4.0,4.0,4.0,4.0,4.0,4.0,4.0,4.0,4.0,4.0,4.0,4.0,4.0,4.0,4.0,4.0,4.0,4.0,4.0,4.0,4.0,4.0,4.0,5.0,5.0,5.0,5.0,5.0,5.0,5.0,5.0,5.0,5.0,5.0,5.0,5.0,5.0,5.0,5.0,5.0,5.0,5.0,5.0,5.0,5.0,5.0,5.0,5.0,5.0,5.0,5.0,5.0,5.0,5.0,5.0,5
4YHDorf7Wss,1008.0,1012.0,1014.0,1018.0,1024.0,1029.0,1033.0,1041.0,1045.0,1050.0,1051.0,1056.0,1060.0,1068.0,1074.0,1081.0,1084.0,1087.0,1089.0,1089.0,1089.0,1090.0,1092.0,1092.0,1094.0,1094.0,1098.0,1099.0,1099.0,1101.0,1101.0,1102.0,1103.0,1103.0,1104.0,1106.0,1107.0,1108.0,1111.0,1115.0,1117.0,1117.0,1118.0,1118.0,1120.0,1118.0,1118.0,1119.0,1120.0,1120.0,1120.0,1120.0,1120.0,1120.0,1123.0,1123.0,1123.0,1123.0,1124.0,1124.0,1125.0,1125.0,1125.0,1125.0,1125.0,1126.0,1127.0,1127.0,1128.0,1129.0,1129.0,1130.0,1130.0,1130.0,1130.0,1130.0,1132.0,1132.0,1133.0,1133.0,1134.0,1134.0,1133.0,1135.0,1135.0,1136.0,1137.0,1135.0,1135.0,1136.0,1136.0,1136.0,1136.0,1136.0,1137.0,1137.0,1138.0,1138.0,1136.0,1135.0,1135.0,1135.0,1135.0,1135.0,1138.0,1138.0,1138.0,1139.0,1139.0,1139.0,1140.0,1139.0,1140.0,1140.0,1141.0,1141.0,1141.0,1141.0,1141.0,1141.0,1141.0,1143.0,1143.0,1143.0,1143.0,1144
0x3gZRV_w3Q,2066.0,2066.0,2066.0,2067.0,2067.0,2067.0,2069.0,2069.0,2069.0,2069.0,2069.0,2069.0,2068.0,2068.0,2068.0,2068.0,2068.0,2068.0,2068.0,2068.0,2068.0,2068.0,2068.0,2068.0,2069.0,2069.0,2069.0,2069.0,2069.0,2071.0,2071.0,2070.0,2070.0,2070.0,2070.0,2070.0,2071.0,2071.0,2071.0,2068.0,2068.0,2068.0,2070.0,2070.0,2070.0,2072.0,2072.0,2073.0,2073.0,2073.0,2076.0,2076.0,2077.0,2078.0,2078.0,2080.0,2081.0,2081.0,2081.0,2081.0,2081.0,2081.0,2081.0,2082.0,2082.0,2082.0,2082.0,2082.0,2082.0,2084.0,2084.0,2084.0,2084.0,2084.0,2084.0,2084.0,2084.0,2080.0,2080.0,2080.0,2079.0,2079.0,2079.0,2079.0,2079.0,2079.0,2079.0,2079.0,2079.0,2079.0,2079.0,2079.0,2079.0,2081.0,2081.0,2080.0,2080.0,2084.0,2084.0,2084.0,2084.0,2084.0,2084.0,2084.0,2084.0,2084.0,2084.0,2084.0,2084.0,2083.0,2083.0,2084.0,2084.0,2085.0,2085.0,2085.0,2084.0,2084.0,2084.0,2084.0,2083.0,2083.0,2084.0,2084.0,2084.0,2085
yBBJS-R0wcI,6489.0,6489.0,6490.0,6491.0,6493.0,6495.0,6495.0,6497.0,6497.0,6498.0,6499.0,6502.0,6504.0,6511.0,6511.0,6507.0,6509.0,6507.0,6512.0,6518.0,6519.0,6523.0,6525.0,6526.0,6526.0,6528.0,6528.0,6529.0,6529.0,6529.0,6528.0,6524.0,6526.0,6527.0,6526.0,6527.0,6527.0,6526.0,6519.0,6521.0,6522.0,6522.0,6524.0,6523.0,6523.0,6523.0,6525.0,6526.0,6526.0,6527.0,6529.0,6529.0,6527.0,6526.0,6529.0,6528.0,6526.0,6524.0,6525.0,6526.0,6526.0,6529.0,6529.0,6530.0,6531.0,6533.0,6533.0,6532.0,6532.0,6531.0,6532.0,6532.0,6536.0,6534.0,6558.0,6559.0,6559.0,6540.0,6539.0,6539.0,6540.0,6541.0,6541.0,6542.0,6540.0,6540.0,6542.0,6543.0,6543.0,6547.0,6547.0,6547.0,6546.0,6548.0,6547.0,6548.0,6546.0,6544.0,6544.0,6545.0,6545.0,6544.0,6544.0,6544.0,6544.0,6543.0,6543.0,6542.0,6541.0,6540.0,6540.0,6541.0,0.0,0.0,0.0,0.0,0.0,0.0,0.0,0.0,0.0,0.0,0.0,0.0,0.0,0
YWH_Hv16d-o,0.0,0.0,0.0,0.0,0.0,0.0,0.0,0.0,0.0,0.0,0.0,0.0,0.0,0.0,0.0,0.0,0.0,0.0,0.0,0.0,0.0,0.0,0.0,0.0,0.0,0.0,0.0,0.0,0.0,0.0,0.0,0.0,0.0,0.0,0.0,0.0,0.0,0.0,0.0,0.0,0.0,0.0,0.0,0.0,0.0,0.0,0.0,0.0,0.0,0.0,0.0,0.0,0.0,0.0,0.0,0.0,0.0,0.0,0.0,0.0,0.0,0.0,0.0,0.0,0.0,0.0,0.0,0.0,0.0,0.0,0.0,0.0,0.0,0.0,0.0,0.0,0.0,0.0,0.0,0.0,0.0,0.0,0.0,0.0,0.0,0.0,0.0,0.0,0.0,0.0,0.0,0.0,0.0,0.0,0.0,0.0,0.0,0.0,0.0,0.0,0.0,0.0,0.0,0.0,0.0,0.0,0.0,0.0,0.0,0.0,0.0,0.0,0.0,0.0,0.0,0.0,0.0,0.0,0.0,0.0,0.0,0.0,0.0,0.0,0.0,0
ZXAcTToLy_Y,44003.0,44104.0,44198.0,44306.0,44358.0,44437.0,44512.0,44616.0,44814.0,44939.0,45021.0,45127.0,45201.0,45265.0,45343.0,45408.0,45579.0,45613.0,45669.0,45709.0,45748.0,45790.0,45803.0,45823.0,45851.0,45884.0,45900.0,45928.0,45963.0,45997.0,46009.0,46027.0,46055.0,46084.0,46107.0,46147.0,46150.0,46186.0,46197.0,46218.0,46244.0,46265.0,46284.0,46298.0,46319.0,46335.0,46362.0,46375.0,46391.0,46416.0,46437.0,46465.0,46487.0,46505.0,46524.0,46552.0,46574.0,46597.0,46634.0,46663.0,46687.0,46723.0,46747.0,46770.0,46786.0,46807.0,46832.0,46843.0,46851.0,46876.0,46915.0,46932.0,46982.0,46990.0,47021.0,47050.0,47070.0,47098.0,47109.0,47131.0,47163.0,47181.0,47209.0,47243.0,47274.0,47335.0,47355.0,47376.0,47396.0,47393.0,47425.0,47448.0,47473.0,47492.0,47508.0,47516.0,47538.0,47548.0,47557.0,47591.0,47621.0,47645.0,47653.0,47665.0,47677.0,47685.0,47697.0,47708.0,47720.0,47733.0,47741.0,47750.0,47752.0,47754.0,47763.0,47761.0,47760.0,47763.0,47775.0,47778.0,47782.0,47790.0,47799.0,47807.0,47820.0,47830
FvSvoZatrtw,7.0,7.0,7.0,7.0,7.0,7.0,7.0,7.0,7.0,7.0,7.0,7.0,7.0,7.0,7.0,7.0,7.0,7.0,7.0,7.0,7.0,7.0,7.0,7.0,7.0,7.0,7.0,7.0,7.0,7.0,7.0,7.0,7.0,7.0,7.0,7.0,7.0,7.0,7.0,7.0,7.0,7.0,7.0,7.0,7.0,7.0,7.0,7.0,7.0,7.0,7.0,7.0,7.0,7.0,7.0,7.0,7.0,7.0,7.0,7.0,7.0,7.0,7.0,7.0,7.0,7.0,7.0,7.0,7.0,7.0,7.0,7.0,7.0,7.0,7.0,7.0,7.0,7.0,7.0,7.0,7.0,7.0,7.0,7.0,7.0,7.0,7.0,7.0,7.0,7.0,7.0,7.0,7.0,7.0,7.0,7.0,7.0,7.0,7.0,7.0,7.0,7.0,7.0,7.0,7.0,7.0,7.0,7.0,7.0,7.0,7.0,7.0,7.0,7.0,7.0,7.0,7.0,7.0,7.0,7.0,7.0,7.0,7.0,7.0,7.0,7
srD07LVWxBw,3.0,3.0,3.0,3.0,3.0,3.0,3.0,3.0,3.0,3.0,3.0,3.0,3.0,3.0,3.0,3.0,3.0,3.0,3.0,3.0,3.0,3.0,3.0,3.0,3.0,3.0,3.0,3.0,3.0,3.0,3.0,3.0,3.0,3.0,3.0,3.0,3.0,3.0,3.0,3.0,3.0,3.0,3.0,3.0,3.0,3.0,3.0,3.0,3.0,3.0,3.0,3.0,3.0,3.0,3.0,3.0,3.0,3.0,3.0,3.0,3.0,3.0,3.0,3.0,3.0,3.0,3.0,3.0,3.0,3.0,3.0,3.0,3.0,3.0,3.0,3.0,3.0,3.0,3.0,3.0,3.0,3.0,3.0,3.0,3.0,3.0,3.0,3.0,3.0,3.0,3.0,3.0,3.0,3.0,3.0,3.0,3.0,3.0,3.0,3.0,3.0,3.0,3.0,3.0,3.0,3.0,3.0,3.0,3.0,3.0,3.0,3.0,3.0,3.0,3.0,3.0,3.0,3.0,3.0,3.0,3.0,3.0,3.0,3.0,3.0,3
LfoIQZf9Hqs,13690.0,13702.0,13705.0,13717.0,13725.0,13743.0,13755.0,13766.0,13772.0,13783.0,13791.0,13800.0,13816.0,13825.0,13827.0,13837.0,13855.0,13864.0,13875.0,13886.0,13895.0,13903.0,13918.0,13929.0,13933.0,13943.0,13960.0,13972.0,13986.0,13992.0,14005.0,14011.0,14021.0,14031.0,14038.0,14045.0,14053.0,14062.0,14077.0,14090.0,14096.0,14108.0,14110.0,14134.0,14148.0,14157.0,14169.0,14181.0,14189.0,14202.0,14211.0,14221.0,14235.0,14245.0,14253.0,14260.0,14269.0,14280.0,14292.0,14304.0,14314.0,14323.0,14327.0,14331.0,14335.0,14342.0,14350.0,14370.0,14378.0,14380.0,14388.0,14396.0,14400.0,14407.0,14411.0,14417.0,14425.0,14432.0,14437.0,14444.0,14451.0,14456.0,14461.0,14469.0,14471.0,14477.0,14484.0,14488.0,14496.0,14506.0,14512.0,14523.0,14525.0,14531.0,14534.0,14547.0,14563.0,14583.0,14596.0,14613.0,14622.0,14627.0,14637.0,14638.0,14641.0,14645.0,14656.0,14664.0,14670.0,14677.0,14681.0,14688.0,14694.0,14696.0,14704.0,14710.0,14714.0,14716.0,14719.0,14726.0,14729.0,14737.0,14747.0,14750.0,14755.0,14764
a33CCHb86co,0.0,0.0,0.0,0.0,0.0,0.0,0.0,0.0,0.0,0.0,0.0,0.0,0.0,0.0,0.0,0.0,0.0,0.0,0.0,0.0,0.0,0.0,0.0,0.0,0.0,0.0,0.0,0.0,0.0,0.0,0.0,0.0,0.0,0.0,0.0,0.0,0.0,0.0,0.0,0.0,0.0,0.0,0.0,0.0,0.0,0.0,0.0,0.0,0.0,0.0,0.0,0.0,0.0,0.0,0.0,0.0,0.0,0.0,0.0,0.0,0.0,0.0,0.0,0.0,0.0,0.0,0.0,0.0,0.0,0.0,0.0,0.0,0.0,0.0,0.0,0.0,0.0,0.0,0.0,0.0,0.0,0.0,0.0,0.0,0.0,0.0,0.0,0.0,0.0,0.0,0.0,0.0,0.0,0.0,0.0,0.0,0.0,0.0,0.0,0.0,0.0,0.0,0.0,0.0,0.0,0.0,0.0,0.0,0.0,0.0,0.0,0.0,0.0,0.0,0.0,0.0,0.0,0.0,0.0,0.0,0.0,0.0,0.0,0.0,0.0,0
rbeLnRZAiI4,297.0,300.0,300.0,300.0,300.0,303.0,303.0,302.0,306.0,307.0,307.0,307.0,308.0,308.0,309.0,311.0,311.0,311.0,311.0,311.0,312.0,313.0,315.0,316.0,316.0,316.0,319.0,320.0,322.0,323.0,324.0,324.0,326.0,328.0,331.0,332.0,333.0,334.0,335.0,336.0,336.0,336.0,338.0,338.0,338.0,338.0,339.0,340.0,340.0,341.0,341.0,343.0,343.0,344.0,344.0,344.0,345.0,345.0,346.0,347.0,349.0,349.0,350.0,350.0,351.0,352.0,352.0,352.0,352.0,352.0,354.0,355.0,355.0,355.0,355.0,356.0,359.0,359.0,360.0,359.0,359.0,360.0,360.0,361.0,361.0,362.0,363.0,365.0,365.0,365.0,365.0,368.0,368.0,369.0,369.0,368.0,368.0,368.0,368.0,368.0,369.0,369.0,369.0,370.0,371.0,371.0,371.0,371.0,371.0,372.0,373.0,373.0,373.0,375.0,378.0,381.0,383.0,383.0,383.0,386.0,386.0,386.0,386.0,386.0,386.0,386
DCKT1OSGegc,65.0,65.0,65.0,65.0,65.0,65.0,65.0,65.0,66.0,66.0,66.0,66.0,66.0,66.0,66.0,66.0,66.0,66.0,66.0,66.0,66.0,66.0,66.0,66.0,66.0,66.0,66.0,66.0,66.0,66.0,66.0,66.0,66.0,66.0,66.0,66.0,66.0,66.0,66.0,66.0,66.0,66.0,66.0,66.0,66.0,66.0,66.0,66.0,66.0,66.0,66.0,66.0,66.0,66.0,66.0,66.0,66.0,66.0,66.0,66.0,66.0,66.0,66.0,66.0,66.0,66.0,66.0,66.0,66.0,66.0,66.0,66.0,66.0,66.0,66.0,66.0,66.0,66.0,66.0,66.0,66.0,66.0,66.0,66.0,66.0,66.0,66.0,66.0,66.0,66.0,66.0,66.0,66.0,66.0,66.0,66.0,66.0,66.0,66.0,66.0,66.0,66.0,66.0,66.0,66.0,66.0,66.0,66.0,66.0,66.0,66.0,66.0,66.0,66.0,66.0,66.0,66.0,66.0,66.0,66.0,66.0,66.0,66.0,66.0,66.0,66
l0FN57qRc3I,424.0,424.0,427.0,429.0,429.0,429.0,431.0,434.0,437.0,437.0,439.0,440.0,441.0,442.0,446.0,447.0,447.0,448.0,449.0,450.0,450.0,451.0,453.0,454.0,455.0,456.0,457.0,459.0,460.0,461.0,461.0,461.0,461.0,462.0,462.0,463.0,469.0,471.0,475.0,475.0,476.0,477.0,480.0,480.0,480.0,482.0,482.0,482.0,483.0,482.0,483.0,486.0,486.0,487.0,487.0,489.0,490.0,491.0,491.0,491.0,491.0,493.0,493.0,494.0,497.0,497.0,497.0,497.0,497.0,497.0,498.0,499.0,499.0,499.0,499.0,500.0,500.0,499.0,499.0,501.0,501.0,502.0,502.0,503.0,503.0,504.0,501.0,501.0,501.0,501.0,501.0,501.0,501.0,503.0,501.0,501.0,502.0,502.0,502.0,502.0,502.0,503.0,504.0,505.0,506.0,506.0,506.0,507.0,507.0,507.0,507.0,507.0,508.0,509.0,510.0,513.0,514.0,514.0,514.0,514.0,515.0,516.0,516.0,516.0,516.0,515
IozC1HHvkRk,9.0,9.0,9.0,9.0,9.0,9.0,9.0,9.0,9.0,9.0,9.0,9.0,9.0,9.0,9.0,9.0,9.0,9.0,9.0,9.0,9.0,9.0,9.0,9.0,9.0,9.0,9.0,9.0,9.0,9.0,9.0,9.0,9.0,9.0,9.0,9.0,9.0,9.0,9.0,9.0,9.0,9.0,9.0,9.0,9.0,9.0,9.0,9.0,9.0,9.0,9.0,9.0,9.0,9.0,9.0,9.0,9.0,9.0,9.0,9.0,9.0,9.0,9.0,9.0,9.0,9.0,9.0,9.0,9.0,9.0,9.0,9.0,9.0,9.0,9.0,9.0,9.0,9.0,9.0,9.0,9.0,9.0,9.0,9.0,9.0,9.0,9.0,9.0,9.0,9.0,9.0,9.0,9.0,9.0,9.0,9.0,9.0,9.0,9.0,9.0,9.0,9.0,9.0,9.0,9.0,9.0,9.0,9.0,9.0,9.0,9.0,9.0,9.0,9.0,9.0,9.0,9.0,9.0,9.0,9.0,9.0,9.0,9.0,9.0,9.0,9
7f-huvfmPWo,0.0,0.0,0.0,0.0,0.0,0.0,0.0,0.0,0.0,0.0,0.0,0.0,0.0,0.0,0.0,0.0,0.0,0.0,0.0,0.0,0.0,0.0,0.0,0.0,0.0,0.0,0.0,0.0,0.0,0.0,0.0,0.0,0.0,0.0,0.0,0.0,0.0,0.0,0.0,0.0,0.0,0.0,0.0,0.0,0.0,0.0,0.0,0.0,0.0,0.0,0.0,0.0,0.0,0.0,0.0,0.0,0.0,0.0,0.0,0.0,0.0,0.0,0.0,0.0,0.0,0.0,0.0,0.0,0.0,0.0,0.0,0.0,0.0,0.0,0.0,0.0,0.0,0.0,0.0,0.0,0.0,0.0,0.0,0.0,0.0,0.0,0.0,0.0,0.0,0.0,0.0,0.0,0.0,0.0,0.0,0.0,0.0,0.0,0.0,0.0,0.0,0.0,0.0,0.0,0.0,0.0,0.0,0.0,0.0,0.0,0.0,0.0,0.0,0.0,0.0,0.0,0.0,0.0,0.0,0.0,0.0,0.0,0.0,0.0,0.0,0
1AhQGtlTqiE,5335.0,5333.0,5333.0,5333.0,5334.0,5336.0,5336.0,5336.0,5336.0,5336.0,5336.0,5335.0,5335.0,5335.0,5335.0,5334.0,5334.0,5334.0,5334.0,5334.0,5334.0,5334.0,5335.0,5335.0,5334.0,5334.0,5334.0,5334.0,5334.0,5334.0,5334.0,5333.0,5334.0,5334.0,5334.0,5332.0,5332.0,5332.0,5332.0,5332.0,5332.0,5332.0,5332.0,5332.0,5332.0,5333.0,5333.0,5334.0,5338.0,5338.0,5338.0,5341.0,5341.0,5341.0,5341.0,5341.0,5341.0,5341.0,5341.0,5340.0,5341.0,5339.0,5339.0,5339.0,5338.0,5338.0,5338.0,5338.0,5336.0,5336.0,5336.0,5336.0,5336.0,5336.0,5335.0,5335.0,5335.0,5335.0,5335.0,5334.0,5334.0,5334.0,5330.0,5330.0,5330.0,5329.0,5329.0,5329.0,5329.0,5329.0,5328.0,5327.0,5327.0,5328.0,5328.0,5327.0,5327.0,5327.0,5326.0,5326.0,5324.0,5323.0,5323.0,5323.0,5323.0,5323.0,5322.0,5322.0,5322.0,5322.0,5322.0,5322.0,5322.0,5322.0,5322.0,5322.0,5322.0,5322.0,5322.0,5322.0,5323.0,5323.0,5322.0,5320.0,5320.0,5320
AwBog8QqYyw,328.0,328.0,328.0,328.0,328.0,328.0,328.0,328.0,328.0,328.0,328.0,328.0,328.0,328.0,328.0,328.0,328.0,329.0,329.0,329.0,329.0,329.0,329.0,329.0,329.0,329.0,329.0,329.0,329.0,329.0,329.0,329.0,329.0,329.0,329.0,329.0,329.0,329.0,329.0,329.0,329.0,329.0,329.0,329.0,329.0,329.0,329.0,329.0,329.0,329.0,329.0,329.0,329.0,329.0,330.0,330.0,330.0,330.0,330.0,330.0,330.0,330.0,330.0,330.0,330.0,330.0,330.0,330.0,330.0,330.0,330.0,330.0,330.0,330.0,330.0,330.0,330.0,330.0,330.0,330.0,330.0,330.0,330.0,330.0,330.0,330.0,330.0,330.0,330.0,330.0,330.0,330.0,330.0,330.0,330.0,330.0,330.0,330.0,330.0,330.0,330.0,330.0,330.0,330.0,330.0,330.0,330.0,330.0,330.0,330.0,330.0,330.0,330.0,330.0,330.0,330.0,330.0,330.0,330.0,330.0,330.0,330.0,330.0,330.0,330.0,330
faPzDGLwD6M,513.0,513.0,513.0,513.0,513.0,514.0,514.0,514.0,516.0,516.0,516.0,516.0,517.0,518.0,518.0,520.0,520.0,521.0,521.0,521.0,521.0,521.0,520.0,521.0,521.0,521.0,522.0,522.0,522.0,527.0,527.0,528.0,530.0,530.0,530.0,530.0,531.0,531.0,533.0,533.0,533.0,533.0,533.0,533.0,533.0,534.0,534.0,535.0,535.0,535.0,534.0,534.0,533.0,533.0,533.0,533.0,534.0,534.0,534.0,534.0,534.0,535.0,536.0,536.0,536.0,536.0,536.0,536.0,536.0,536.0,538.0,539.0,539.0,539.0,539.0,539.0,539.0,539.0,540.0,540.0,540.0,540.0,540.0,540.0,540.0,540.0,539.0,539.0,539.0,539.0,539.0,539.0,539.0,539.0,539.0,539.0,539.0,539.0,539.0,539.0,539.0,539.0,539.0,540.0,540.0,540.0,540.0,540.0,540.0,540.0,540.0,540.0,540.0,540.0,540.0,540.0,540.0,540.0,540.0,540.0,540.0,540.0,540.0,540.0,540.0,540
hfLc4cePnFA,4.0,4.0,4.0,4.0,4.0,4.0,4.0,4.0,4.0,4.0,4.0,4.0,4.0,4.0,4.0,4.0,5.0,5.0,5.0,5.0,5.0,5.0,5.0,5.0,5.0,5.0,5.0,5.0,5.0,5.0,5.0,5.0,5.0,5.0,5.0,5.0,5.0,5.0,5.0,5.0,5.0,5.0,5.0,5.0,5.0,5.0,5.0,5.0,5.0,5.0,5.0,5.0,5.0,5.0,5.0,5.0,5.0,5.0,5.0,5.0,5.0,5.0,5.0,5.0,5.0,5.0,5.0,5.0,5.0,5.0,5.0,5.0,5.0,5.0,5.0,5.0,5.0,5.0,5.0,5.0,5.0,5.0,5.0,5.0,5.0,5.0,5.0,5.0,5.0,5.0,5.0,5.0,5.0,5.0,5.0,5.0,5.0,5.0,5.0,5.0,5.0,5.0,5.0,5.0,5.0,5.0,5.0,5.0,5.0,5.0,5.0,5.0,5.0,5.0,5.0,5.0,5.0,5.0,5.0,5.0,5.0,5.0,5.0,5.0,5.0,5
A-EcTULDu8Q,399.0,400.0,400.0,400.0,400.0,400.0,400.0,400.0,400.0,400.0,400.0,400.0,400.0,400.0,401.0,401.0,401.0,402.0,402.0,402.0,402.0,402.0,402.0,402.0,403.0,403.0,403.0,403.0,403.0,403.0,403.0,404.0,404.0,404.0,404.0,404.0,404.0,404.0,404.0,404.0,404.0,404.0,404.0,404.0,404.0,404.0,404.0,404.0,405.0,405.0,405.0,405.0,405.0,405.0,403.0,403.0,403.0,403.0,403.0,403.0,403.0,403.0,403.0,403.0,403.0,403.0,403.0,403.0,403.0,403.0,403.0,403.0,403.0,404.0,404.0,404.0,404.0,404.0,404.0,404.0,404.0,404.0,404.0,404.0,404.0,404.0,404.0,404.0,404.0,404.0,404.0,404.0,405.0,405.0,405.0,405.0,405.0,405.0,406.0,406.0,406.0,406.0,406.0,406.0,406.0,406.0,406.0,406.0,406.0,405.0,405.0,405.0,405.0,405.0,405.0,405.0,405.0,405.0,405.0,405.0,405.0,405.0,405.0,405.0,405.0,406
yZVaz1LbC28,7217.0,7223.0,7224.0,7232.0,7245.0,7259.0,7263.0,7272.0,7276.0,7280.0,7287.0,7296.0,7299.0,7301.0,7308.0,7312.0,7316.0,7316.0,7318.0,7321.0,7321.0,7321.0,7321.0,7321.0,7320.0,7320.0,7321.0,7321.0,7321.0,7336.0,7336.0,7337.0,7340.0,7340.0,7340.0,7340.0,7340.0,7342.0,7343.0,7347.0,7358.0,7366.0,7366.0,7366.0,7366.0,7365.0,7365.0,7363.0,7363.0,7363.0,7364.0,7365.0,7366.0,7364.0,7364.0,7367.0,7365.0,7365.0,7365.0,7366.0,7366.0,7365.0,7365.0,7365.0,7365.0,7365.0,7364.0,7364.0,7364.0,7364.0,7364.0,7364.0,7364.0,7363.0,7362.0,7361.0,7361.0,7361.0,7361.0,7361.0,7361.0,7360.0,7354.0,7353.0,7353.0,7353.0,7352.0,7352.0,7352.0,7352.0,7352.0,7346.0,7346.0,7346.0,7346.0,7343.0,7343.0,7344.0,7343.0,7342.0,7342.0,7342.0,7343.0,7343.0,7343.0,7343.0,7343.0,7342.0,7342.0,7341.0,7341.0,7341.0,7340.0,7340.0,7340.0,7340.0,7339.0,7344.0,7354.0,7355.0,7355.0,7355.0,7355.0,7354.0,7354.0,7354
q84KnMzsM5E,274.0,274.0,274.0,274.0,274.0,274.0,274.0,275.0,275.0,275.0,275.0,275.0,275.0,275.0,275.0,275.0,275.0,275.0,276.0,276.0,276.0,276.0,276.0,277.0,277.0,277.0,277.0,277.0,277.0,277.0,277.0,277.0,277.0,277.0,277.0,277.0,277.0,277.0,277.0,277.0,277.0,277.0,277.0,277.0,277.0,277.0,277.0,277.0,277.0,277.0,277.0,277.0,277.0,277.0,277.0,277.0,277.0,277.0,277.0,277.0,278.0,278.0,278.0,278.0,278.0,278.0,278.0,278.0,278.0,278.0,278.0,278.0,278.0,278.0,278.0,278.0,278.0,278.0,278.0,278.0,278.0,278.0,278.0,278.0,278.0,278.0,278.0,278.0,278.0,278.0,277.0,277.0,277.0,277.0,277.0,277.0,277.0,277.0,277.0,277.0,277.0,277.0,277.0,277.0,277.0,277.0,277.0,277.0,277.0,277.0,277.0,277.0,277.0,277.0,277.0,277.0,277.0,277.0,277.0,277.0,277.0,277.0,277.0,277.0,277.0,277
vjHn_9fybAE,87.0,87.0,87.0,87.0,87.0,87.0,87.0,87.0,87.0,87.0,87.0,87.0,87.0,87.0,87.0,87.0,87.0,87.0,87.0,87.0,87.0,87.0,87.0,87.0,87.0,87.0,87.0,87.0,87.0,87.0,87.0,87.0,87.0,87.0,88.0,88.0,88.0,88.0,88.0,88.0,88.0,88.0,88.0,88.0,88.0,88.0,88.0,88.0,88.0,88.0,88.0,89.0,90.0,90.0,90.0,90.0,90.0,90.0,90.0,90.0,91.0,91.0,91.0,91.0,91.0,91.0,91.0,91.0,91.0,91.0,91.0,91.0,91.0,91.0,91.0,91.0,91.0,91.0,91.0,91.0,91.0,91.0,91.0,91.0,91.0,91.0,91.0,91.0,91.0,91.0,91.0,91.0,91.0,91.0,91.0,91.0,91.0,91.0,91.0,91.0,91.0,91.0,91.0,91.0,91.0,91.0,91.0,91.0,91.0,91.0,91.0,91.0,91.0,91.0,91.0,91.0,91.0,91.0,91.0,91.0,91.0,91.0,92.0,92.0,92.0,92
HdJYRz0AL4c,9065.0,9070.0,9074.0,9077.0,9080.0,9090.0,9104.0,9109.0,9114.0,9122.0,9129.0,9139.0,9144.0,9145.0,9147.0,9149.0,9151.0,9153.0,9153.0,9157.0,9158.0,9159.0,9164.0,9168.0,9172.0,9227.0,9244.0,9277.0,9300.0,9314.0,9318.0,9373.0,9399.0,9427.0,9436.0,9450.0,9560.0,9600.0,9620.0,9644.0,9675.0,9688.0,9697.0,9705.0,9716.0,9724.0,9732.0,9741.0,9747.0,9751.0,9763.0,9766.0,9772.0,9775.0,9784.0,9787.0,9792.0,9795.0,9797.0,9800.0,9802.0,9805.0,9811.0,9818.0,9820.0,9826.0,9835.0,9840.0,9844.0,9848.0,9853.0,9864.0,9875.0,9877.0,9887.0,9890.0,9893.0,9896.0,9899.0,9902.0,9906.0,9909.0,9902.0,9905.0,9909.0,9911.0,9910.0,9913.0,9918.0,9923.0,9927.0,9933.0,9937.0,9943.0,9946.0,9946.0,9950.0,9951.0,9952.0,9952.0,9957.0,9961.0,9964.0,9964.0,9966.0,9971.0,9985.0,9991.0,9996.0,10005.0,10007.0,10015.0,10021.0,10024.0,10027.0,10028.0,10032.0,10032.0,10036.0,10038.0,10047.0,10063.0,10066.0,10068.0,10071.0,10074
e3qk4rsA3j4,485.0,489.0,493.0,494.0,495.0,495.0,496.0,497.0,497.0,497.0,497.0,497.0,498.0,499.0,501.0,503.0,505.0,505.0,505.0,506.0,508.0,509.0,509.0,509.0,509.0,509.0,509.0,509.0,511.0,512.0,513.0,513.0,514.0,514.0,515.0,515.0,515.0,515.0,515.0,516.0,516.0,516.0,517.0,517.0,522.0,522.0,523.0,523.0,523.0,523.0,523.0,523.0,525.0,526.0,526.0,527.0,528.0,528.0,528.0,529.0,529.0,529.0,529.0,529.0,529.0,529.0,529.0,529.0,530.0,531.0,531.0,532.0,532.0,532.0,532.0,532.0,534.0,535.0,535.0,535.0,535.0,537.0,537.0,537.0,539.0,539.0,540.0,540.0,540.0,540.0,540.0,540.0,540.0,540.0,540.0,540.0,540.0,540.0,540.0,540.0,540.0,540.0,540.0,540.0,540.0,540.0,541.0,541.0,541.0,541.0,541.0,541.0,541.0,542.0,543.0,543.0,543.0,543.0,543.0,543.0,543.0,543.0,543.0,542.0,542.0,542
q7m-FB1WJEk,0.0,0.0,0.0,0.0,0.0,0.0,0.0,2.0,3.0,3.0,3.0,3.0,3.0,3.0,3.0,3.0,4.0,4.0,5.0,5.0,5.0,5.0,6.0,6.0,6.0,6.0,7.0,7.0,7.0,7.0,7.0,7.0,7.0,7.0,7.0,7.0,7.0,7.0,7.0,7.0,7.0,7.0,7.0,7.0,7.0,7.0,7.0,7.0,7.0,7.0,7.0,7.0,8.0,8.0,8.0,8.0,8.0,8.0,8.0,8.0,8.0,8.0,8.0,8.0,8.0,8.0,8.0,8.0,8.0,8.0,8.0,8.0,8.0,8.0,8.0,8.0,8.0,8.0,9.0,9.0,9.0,9.0,10.0,10.0,10.0,11.0,11.0,11.0,11.0,11.0,11.0,12.0,12.0,12.0,12.0,12.0,12.0,12.0,12.0,12.0,12.0,12.0,12.0,12.0,12.0,13.0,13.0,13.0,13.0,13.0,13.0,13.0,14.0,15.0,15.0,15.0,15.0,15.0,15.0,15.0,15.0,15.0,15.0,15.0,15.0,15
mWlOZ78kxJc,165.0,165.0,165.0,165.0,165.0,166.0,166.0,166.0,166.0,166.0,166.0,166.0,166.0,166.0,166.0,166.0,166.0,166.0,166.0,167.0,167.0,167.0,169.0,170.0,170.0,171.0,171.0,171.0,171.0,171.0,171.0,171.0,171.0,171.0,171.0,172.0,173.0,173.0,173.0,173.0,173.0,173.0,173.0,173.0,174.0,174.0,174.0,174.0,174.0,174.0,174.0,175.0,174.0,174.0,174.0,174.0,174.0,174.0,174.0,174.0,175.0,175.0,175.0,175.0,175.0,175.0,175.0,175.0,176.0,176.0,176.0,176.0,176.0,176.0,176.0,176.0,176.0,176.0,176.0,176.0,176.0,176.0,176.0,175.0,175.0,175.0,175.0,175.0,175.0,175.0,175.0,175.0,175.0,175.0,175.0,175.0,175.0,176.0,176.0,176.0,177.0,177.0,177.0,177.0,177.0,177.0,177.0,177.0,177.0,177.0,177.0,177.0,177.0,177.0,177.0,178.0,178.0,178.0,178.0,178.0,178.0,178.0,178.0,178.0,178.0,178
TjV5DBGcWOM,21.0,21.0,21.0,21.0,21.0,21.0,21.0,21.0,21.0,21.0,21.0,21.0,21.0,21.0,21.0,21.0,21.0,21.0,21.0,21.0,21.0,21.0,21.0,21.0,21.0,21.0,21.0,21.0,21.0,21.0,21.0,21.0,21.0,21.0,21.0,21.0,21.0,21.0,21.0,21.0,21.0,21.0,21.0,21.0,21.0,21.0,21.0,21.0,21.0,21.0,21.0,21.0,21.0,21.0,21.0,21.0,21.0,21.0,21.0,21.0,21.0,21.0,21.0,21.0,21.0,21.0,21.0,21.0,21.0,21.0,21.0,21.0,21.0,21.0,21.0,21.0,21.0,21.0,21.0,21.0,21.0,21.0,21.0,21.0,21.0,21.0,21.0,21.0,21.0,21.0,21.0,21.0,21.0,21.0,21.0,21.0,21.0,21.0,21.0,21.0,21.0,21.0,21.0,21.0,21.0,21.0,21.0,21.0,21.0,21.0,21.0,21.0,21.0,21.0,15.0,16.0,23.0,23.0,23.0,23.0,23.0,23.0,23.0,23.0,23.0,23
EtzrSHUkFVg,18.0,18.0,18.0,18.0,18.0,18.0,18.0,18.0,18.0,18.0,18.0,18.0,18.0,18.0,18.0,18.0,18.0,18.0,18.0,18.0,18.0,18.0,18.0,18.0,18.0,18.0,19.0,19.0,19.0,19.0,19.0,19.0,19.0,19.0,19.0,19.0,19.0,19.0,19.0,19.0,19.0,19.0,19.0,19.0,19.0,19.0,19.0,19.0,19.0,19.0,19.0,19.0,19.0,19.0,19.0,19.0,19.0,19.0,19.0,19.0,19.0,19.0,19.0,19.0,19.0,19.0,19.0,19.0,19.0,19.0,19.0,19.0,19.0,19.0,19.0,19.0,19.0,19.0,19.0,19.0,19.0,19.0,19.0,19.0,19.0,19.0,19.0,19.0,19.0,19.0,19.0,19.0,19.0,19.0,19.0,19.0,19.0,19.0,19.0,19.0,19.0,19.0,19.0,19.0,19.0,19.0,19.0,19.0,19.0,19.0,19.0,19.0,19.0,19.0,19.0,19.0,19.0,19.0,19.0,19.0,19.0,19.0,19.0,19.0,19.0,19
0cxShBAycgw,0.0,0.0,0.0,0.0,0.0,0.0,0.0,0.0,0.0,0.0,0.0,0.0,0.0,0.0,0.0,0.0,0.0,0.0,0.0,0.0,0.0,0.0,0.0,0.0,0.0,0.0,0.0,0.0,0.0,0.0,0.0,0.0,0.0,0.0,0.0,0.0,0.0,0.0,0.0,0.0,0.0,0.0,0.0,0.0,0.0,0.0,0.0,0.0,0.0,0.0,0.0,0.0,0.0,0.0,0.0,0.0,0.0,0.0,0.0,0.0,0.0,0.0,0.0,0.0,0.0,0.0,0.0,0.0,0.0,0.0,0.0,0.0,0.0,0.0,0.0,0.0,0.0,0.0,0.0,0.0,0.0,0.0,0.0,0.0,0.0,0.0,0.0,0.0,0.0,0.0,0.0,0.0,0.0,0.0,0.0,0.0,0.0,0.0,0.0,0.0,0.0,0.0,0.0,0.0,0.0,0.0,0.0,0.0,0.0,0.0,0.0,0.0,0.0,0.0,0.0,0.0,0.0,0.0,0.0,0.0,0.0,0.0,0.0,0.0,0.0,0
LYyrCJTBc9w,19.0,19.0,19.0,19.0,19.0,19.0,19.0,19.0,19.0,19.0,19.0,19.0,19.0,19.0,19.0,20.0,20.0,20.0,20.0,20.0,20.0,20.0,20.0,20.0,20.0,20.0,20.0,20.0,20.0,20.0,20.0,20.0,20.0,20.0,20.0,20.0,20.0,20.0,20.0,20.0,20.0,20.0,20.0,20.0,20.0,20.0,20.0,20.0,20.0,20.0,20.0,20.0,20.0,20.0,20.0,20.0,20.0,20.0,20.0,20.0,20.0,20.0,20.0,20.0,20.0,20.0,20.0,20.0,20.0,20.0,20.0,20.0,20.0,20.0,20.0,20.0,20.0,20.0,20.0,20.0,20.0,20.0,20.0,20.0,20.0,20.0,20.0,20.0,20.0,20.0,20.0,20.0,20.0,20.0,20.0,20.0,20.0,20.0,20.0,20.0,20.0,20.0,20.0,20.0,20.0,20.0,20.0,20.0,20.0,20.0,20.0,20.0,20.0,20.0,20.0,20.0,20.0,20.0,20.0,20.0,20.0,20.0,20.0,20.0,20.0,20
Q26G1oYmokU,0.0,0.0,0.0,0.0,0.0,0.0,0.0,0.0,0.0,0.0,0.0,0.0,0.0,0.0,0.0,0.0,0.0,0.0,0.0,0.0,0.0,0.0,0.0,0.0,0.0,0.0,0.0,0.0,0.0,0.0,0.0,0.0,0.0,0.0,0.0,0.0,0.0,0.0,0.0,0.0,0.0,0.0,0.0,0.0,0.0,0.0,0.0,0.0,0.0,0.0,0.0,0.0,0.0,0.0,0.0,0.0,0.0,0.0,0.0,0.0,0.0,0.0,0.0,0.0,0.0,0.0,0.0,0.0,0.0,0.0,0.0,0.0,0.0,0.0,0.0,0.0,0.0,0.0,0.0,0.0,0.0,0.0,0.0,0.0,0.0,0.0,0.0,0.0,0.0,0.0,0.0,0.0,0.0,0.0,0.0,0.0,0.0,0.0,0.0,0.0,0.0,0.0,0.0,0.0,0.0,0.0,0.0,0.0,0.0,0.0,0.0,0.0,0.0,0.0,0.0,0.0,0.0,0.0,0.0,0.0,0.0,0.0,0.0,0.0,0.0,0
ZI6yioD546w,57.0,57.0,57.0,57.0,57.0,57.0,57.0,57.0,57.0,57.0,57.0,57.0,57.0,57.0,57.0,57.0,58.0,58.0,58.0,58.0,58.0,58.0,58.0,58.0,58.0,58.0,58.0,58.0,58.0,58.0,58.0,58.0,58.0,58.0,58.0,58.0,58.0,58.0,58.0,58.0,58.0,58.0,58.0,58.0,58.0,58.0,58.0,58.0,58.0,58.0,58.0,58.0,58.0,58.0,58.0,58.0,58.0,58.0,58.0,58.0,58.0,58.0,58.0,58.0,58.0,58.0,58.0,58.0,58.0,58.0,58.0,58.0,58.0,58.0,58.0,58.0,58.0,58.0,58.0,58.0,58.0,58.0,58.0,58.0,58.0,58.0,58.0,58.0,58.0,58.0,58.0,58.0,58.0,58.0,58.0,58.0,58.0,58.0,58.0,58.0,58.0,58.0,58.0,58.0,58.0,58.0,58.0,58.0,58.0,58.0,58.0,58.0,58.0,58.0,58.0,58.0,58.0,58.0,58.0,58.0,58.0,58.0,58.0,58.0,58.0,58
TamDOXponnM,43868.0,43935.0,44003.0,44065.0,44191.0,44309.0,44386.0,44462.0,44523.0,44563.0,44605.0,44634.0,44652.0,44684.0,44698.0,44715.0,44741.0,44763.0,44798.0,44836.0,44865.0,44901.0,44952.0,44993.0,45023.0,45048.0,45087.0,45088.0,45109.0,45145.0,45166.0,45189.0,45218.0,45260.0,45299.0,45351.0,45412.0,45494.0,45535.0,45625.0,45684.0,45770.0,45812.0,45869.0,45898.0,45953.0,45986.0,46036.0,46063.0,46104.0,46150.0,46176.0,46190.0,46236.0,46273.0,46309.0,46327.0,46357.0,46419.0,46478.0,46537.0,46570.0,46598.0,46617.0,46663.0,46696.0,46721.0,46770.0,46797.0,46829.0,46891.0,46949.0,47012.0,47060.0,47093.0,47119.0,47148.0,47183.0,47224.0,47263.0,47325.0,47364.0,47396.0,47409.0,47428.0,47450.0,47500.0,47513.0,47556.0,47572.0,47592.0,47611.0,47633.0,47651.0,47665.0,47710.0,47730.0,47775.0,47800.0,47830.0,47859.0,47890.0,47912.0,47747.0,47756.0,47777.0,47793.0,47814.0,47833.0,47847.0,47851.0,47856.0,47875.0,47883.0,47907.0,47915.0,47922.0,47935.0,47939.0,47946.0,47926.0,47946.0,47960.0,47975.0,47982.0,46998
VKO0n5YXoas,0.0,0.0,0.0,0.0,0.0,0.0,0.0,0.0,0.0,0.0,0.0,0.0,0.0,0.0,0.0,0.0,0.0,0.0,0.0,0.0,0.0,0.0,0.0,0.0,0.0,0.0,0.0,0.0,0.0,0.0,0.0,0.0,0.0,0.0,0.0,0.0,0.0,0.0,0.0,0.0,0.0,0.0,0.0,0.0,0.0,0.0,0.0,0.0,0.0,0.0,0.0,0.0,0.0,0.0,0.0,0.0,0.0,0.0,0.0,0.0,0.0,0.0,0.0,0.0,0.0,0.0,0.0,0.0,0.0,0.0,0.0,0.0,0.0,0.0,0.0,0.0,0.0,0.0,0.0,0.0,0.0,0.0,0.0,0.0,0.0,0.0,0.0,0.0,0.0,0.0,0.0,0.0,0.0,0.0,0.0,0.0,0.0,0.0,0.0,0.0,0.0,0.0,0.0,0.0,0.0,0.0,0.0,0.0,0.0,0.0,0.0,0.0,0.0,0.0,0.0,0.0,0.0,0.0,0.0,0.0,0.0,0.0,0.0,0.0,0.0,0
XdILxfXVPBE,25.0,25.0,25.0,25.0,25.0,25.0,25.0,25.0,25.0,25.0,25.0,25.0,25.0,25.0,25.0,25.0,25.0,25.0,25.0,25.0,25.0,25.0,25.0,25.0,25.0,25.0,25.0,25.0,25.0,25.0,25.0,25.0,25.0,25.0,25.0,25.0,25.0,25.0,25.0,25.0,25.0,25.0,25.0,25.0,25.0,25.0,25.0,25.0,25.0,25.0,25.0,25.0,25.0,25.0,25.0,25.0,25.0,25.0,25.0,25.0,25.0,25.0,25.0,25.0,25.0,25.0,25.0,25.0,25.0,25.0,25.0,25.0,25.0,25.0,25.0,25.0,25.0,25.0,25.0,25.0,25.0,25.0,25.0,25.0,25.0,25.0,25.0,25.0,25.0,25.0,25.0,25.0,25.0,25.0,25.0,25.0,25.0,25.0,25.0,25.0,25.0,25.0,25.0,25.0,25.0,25.0,25.0,25.0,25.0,25.0,25.0,25.0,25.0,25.0,25.0,25.0,25.0,25.0,25.0,25.0,25.0,25.0,25.0,25.0,25.0,25
Muk8F3K8uCE,0.0,0.0,0.0,0.0,0.0,0.0,0.0,0.0,0.0,0.0,0.0,0.0,0.0,0.0,0.0,0.0,0.0,0.0,0.0,0.0,0.0,0.0,0.0,0.0,0.0,0.0,0.0,0.0,0.0,0.0,0.0,0.0,0.0,0.0,0.0,0.0,0.0,0.0,0.0,0.0,0.0,0.0,0.0,0.0,0.0,0.0,0.0,0.0,0.0,0.0,0.0,0.0,0.0,0.0,0.0,0.0,0.0,0.0,0.0,0.0,0.0,0.0,0.0,0.0,0.0,0.0,0.0,0.0,0.0,0.0,0.0,0.0,0.0,0.0,0.0,0.0,0.0,0.0,0.0,0.0,0.0,0.0,0.0,0.0,0.0,0.0,0.0,0.0,0.0,0.0,0.0,0.0,0.0,0.0,0.0,0.0,0.0,0.0,0.0,0.0,0.0,0.0,0.0,0.0,0.0,0.0,0.0,0.0,0.0,0.0,0.0,0.0,0.0,0.0,0.0,0.0,0.0,0.0,0.0,0.0,0.0,0.0,0.0,0.0,0.0,0
g90DxFzbtDE,48.0,48.0,48.0,48.0,48.0,48.0,48.0,48.0,48.0,48.0,48.0,48.0,49.0,49.0,49.0,49.0,49.0,49.0,49.0,49.0,49.0,49.0,49.0,49.0,49.0,49.0,49.0,49.0,49.0,49.0,49.0,49.0,49.0,49.0,49.0,49.0,50.0,50.0,50.0,50.0,50.0,50.0,50.0,51.0,51.0,51.0,51.0,51.0,51.0,51.0,51.0,51.0,51.0,51.0,51.0,51.0,51.0,51.0,51.0,51.0,51.0,51.0,51.0,51.0,51.0,51.0,51.0,51.0,51.0,51.0,51.0,51.0,51.0,51.0,51.0,51.0,51.0,51.0,51.0,51.0,51.0,51.0,51.0,51.0,51.0,51.0,51.0,52.0,52.0,52.0,52.0,52.0,52.0,52.0,52.0,52.0,52.0,52.0,52.0,52.0,52.0,52.0,52.0,52.0,52.0,52.0,52.0,52.0,52.0,52.0,53.0,53.0,53.0,53.0,53.0,53.0,53.0,53.0,53.0,53.0,53.0,53.0,53.0,53.0,53.0,53
WWaFTtsYcy4,0.0,0.0,0.0,0.0,0.0,0.0,0.0,0.0,0.0,0.0,0.0,0.0,0.0,0.0,0.0,0.0,0.0,0.0,0.0,0.0,0.0,0.0,0.0,0.0,0.0,0.0,0.0,0.0,0.0,0.0,0.0,0.0,0.0,0.0,0.0,0.0,0.0,0.0,0.0,0.0,0.0,0.0,0.0,0.0,0.0,0.0,0.0,0.0,0.0,0.0,0.0,0.0,0.0,0.0,0.0,0.0,0.0,0.0,0.0,0.0,0.0,0.0,0.0,0.0,0.0,0.0,0.0,0.0,0.0,0.0,0.0,0.0,0.0,0.0,0.0,0.0,0.0,0.0,0.0,0.0,0.0,0.0,0.0,0.0,0.0,0.0,0.0,0.0,0.0,0.0,0.0,0.0,0.0,0.0,0.0,0.0,0.0,0.0,0.0,0.0,0.0,0.0,0.0,0.0,0.0,0.0,0.0,0.0,0.0,0.0,0.0,0.0,0.0,0.0,0.0,0.0,0.0,0.0,0.0,0.0,0.0,0.0,0.0,0.0,0.0,0
wfi1NY5hejg,0.0,0.0,0.0,0.0,0.0,0.0,0.0,0.0,0.0,0.0,0.0,0.0,0.0,0.0,0.0,0.0,0.0,0.0,0.0,0.0,0.0,0.0,0.0,0.0,0.0,0.0,0.0,0.0,0.0,0.0,0.0,0.0,0.0,0.0,0.0,0.0,0.0,0.0,0.0,0.0,0.0,0.0,0.0,0.0,0.0,0.0,0.0,0.0,0.0,0.0,0.0,0.0,0.0,0.0,0.0,0.0,0.0,0.0,0.0,0.0,0.0,0.0,0.0,0.0,0.0,0.0,0.0,0.0,0.0,0.0,0.0,0.0,0.0,0.0,0.0,0.0,0.0,0.0,0.0,0.0,0.0,0.0,0.0,0.0,0.0,0.0,0.0,0.0,0.0,0.0,0.0,0.0,0.0,0.0,0.0,0.0,0.0,0.0,0.0,0.0,0.0,0.0,0.0,0.0,0.0,0.0,0.0,0.0,0.0,0.0,0.0,0.0,0.0,0.0,0.0,0.0,0.0,0.0,0.0,0.0,0.0,0.0,0.0,0.0,0.0,0
ho2fFgQ4mNY,28.0,28.0,28.0,28.0,28.0,28.0,28.0,28.0,28.0,28.0,28.0,28.0,28.0,28.0,28.0,28.0,28.0,28.0,28.0,28.0,28.0,28.0,28.0,28.0,28.0,28.0,28.0,28.0,28.0,28.0,28.0,28.0,28.0,28.0,28.0,28.0,28.0,28.0,28.0,28.0,28.0,28.0,28.0,28.0,28.0,28.0,28.0,28.0,28.0,28.0,28.0,28.0,28.0,28.0,28.0,28.0,28.0,28.0,28.0,28.0,28.0,28.0,28.0,28.0,28.0,28.0,28.0,28.0,28.0,28.0,28.0,28.0,28.0,28.0,28.0,28.0,28.0,28.0,28.0,28.0,28.0,28.0,28.0,28.0,28.0,28.0,28.0,28.0,28.0,28.0,28.0,28.0,28.0,28.0,28.0,28.0,28.0,28.0,28.0,28.0,28.0,28.0,28.0,28.0,28.0,28.0,28.0,28.0,28.0,28.0,28.0,28.0,28.0,28.0,28.0,28.0,28.0,28.0,28.0,28.0,28.0,28.0,28.0,28.0,28.0,28
JPUtMj-U4rw,409.0,409.0,409.0,411.0,413.0,413.0,414.0,414.0,414.0,414.0,414.0,415.0,415.0,415.0,415.0,415.0,417.0,418.0,419.0,421.0,422.0,422.0,422.0,422.0,422.0,424.0,424.0,424.0,425.0,425.0,426.0,427.0,427.0,427.0,427.0,428.0,428.0,430.0,430.0,430.0,430.0,431.0,431.0,431.0,431.0,431.0,431.0,431.0,431.0,431.0,431.0,432.0,432.0,432.0,432.0,432.0,432.0,432.0,432.0,432.0,433.0,433.0,433.0,433.0,433.0,433.0,433.0,433.0,433.0,434.0,434.0,434.0,434.0,434.0,434.0,434.0,434.0,435.0,435.0,435.0,435.0,435.0,435.0,435.0,435.0,435.0,435.0,436.0,436.0,436.0,436.0,436.0,436.0,436.0,436.0,436.0,436.0,436.0,436.0,435.0,435.0,435.0,435.0,435.0,436.0,436.0,436.0,434.0,434.0,434.0,434.0,434.0,434.0,434.0,434.0,434.0,434.0,434.0,434.0,434.0,434.0,434.0,434.0,434.0,434.0,434
uHNZvTItgi0,31.0,31.0,31.0,31.0,31.0,31.0,31.0,31.0,31.0,31.0,31.0,31.0,31.0,31.0,31.0,31.0,31.0,31.0,31.0,31.0,32.0,32.0,32.0,32.0,32.0,32.0,32.0,32.0,32.0,32.0,32.0,32.0,32.0,32.0,32.0,32.0,32.0,32.0,32.0,32.0,32.0,32.0,32.0,32.0,32.0,32.0,32.0,32.0,32.0,32.0,32.0,32.0,32.0,32.0,32.0,32.0,32.0,32.0,32.0,32.0,32.0,32.0,32.0,32.0,32.0,32.0,32.0,32.0,32.0,32.0,32.0,32.0,32.0,32.0,32.0,32.0,32.0,32.0,32.0,32.0,32.0,32.0,32.0,32.0,32.0,32.0,32.0,32.0,32.0,32.0,32.0,32.0,32.0,32.0,32.0,32.0,32.0,32.0,32.0,32.0,32.0,32.0,32.0,32.0,32.0,32.0,32.0,32.0,34.0,34.0,34.0,34.0,34.0,34.0,34.0,34.0,34.0,34.0,34.0,34.0,34.0,34.0,34.0,35.0,35.0,35
rkOymL7H63E,20.0,20.0,20.0,20.0,20.0,20.0,20.0,20.0,20.0,20.0,20.0,20.0,20.0,20.0,20.0,20.0,20.0,20.0,20.0,20.0,20.0,20.0,20.0,20.0,20.0,20.0,20.0,20.0,20.0,20.0,20.0,20.0,20.0,20.0,20.0,20.0,20.0,20.0,20.0,20.0,20.0,20.0,20.0,20.0,20.0,20.0,20.0,20.0,20.0,20.0,22.0,22.0,22.0,22.0,22.0,22.0,22.0,22.0,23.0,23.0,23.0,23.0,23.0,23.0,23.0,23.0,23.0,24.0,24.0,26.0,26.0,26.0,26.0,26.0,26.0,26.0,26.0,26.0,26.0,26.0,26.0,26.0,26.0,26.0,26.0,26.0,26.0,26.0,26.0,26.0,26.0,26.0,26.0,26.0,26.0,26.0,26.0,26.0,26.0,26.0,26.0,26.0,26.0,26.0,26.0,26.0,26.0,26.0,26.0,26.0,26.0,26.0,26.0,26.0,26.0,26.0,26.0,26.0,26.0,26.0,26.0,26.0,26.0,26.0,26.0,26
i4sgBpuC5lk,52.0,52.0,52.0,52.0,52.0,52.0,52.0,52.0,52.0,52.0,52.0,52.0,52.0,52.0,52.0,52.0,52.0,52.0,52.0,52.0,52.0,52.0,52.0,52.0,52.0,52.0,51.0,51.0,51.0,51.0,51.0,49.0,49.0,49.0,49.0,49.0,49.0,49.0,49.0,49.0,50.0,50.0,50.0,50.0,50.0,50.0,50.0,50.0,50.0,50.0,50.0,50.0,50.0,50.0,50.0,50.0,50.0,50.0,50.0,50.0,50.0,50.0,50.0,50.0,51.0,51.0,51.0,51.0,51.0,51.0,51.0,51.0,51.0,51.0,51.0,51.0,51.0,51.0,51.0,51.0,51.0,51.0,51.0,51.0,51.0,51.0,51.0,51.0,51.0,51.0,51.0,51.0,51.0,51.0,51.0,51.0,51.0,51.0,51.0,51.0,51.0,51.0,51.0,51.0,51.0,51.0,51.0,51.0,51.0,51.0,51.0,51.0,51.0,51.0,51.0,51.0,51.0,51.0,51.0,51.0,51.0,51.0,51.0,51.0,51.0,51
s0jkEgYXSjo,283.0,283.0,283.0,283.0,282.0,282.0,282.0,282.0,283.0,283.0,283.0,283.0,283.0,283.0,283.0,283.0,285.0,285.0,285.0,285.0,285.0,286.0,286.0,286.0,286.0,286.0,286.0,286.0,286.0,286.0,286.0,286.0,287.0,287.0,288.0,288.0,288.0,289.0,289.0,289.0,289.0,289.0,289.0,289.0,290.0,290.0,291.0,291.0,291.0,291.0,292.0,292.0,292.0,292.0,290.0,289.0,289.0,289.0,289.0,289.0,289.0,289.0,287.0,287.0,287.0,287.0,287.0,287.0,287.0,287.0,287.0,287.0,287.0,287.0,287.0,287.0,287.0,287.0,287.0,287.0,287.0,287.0,286.0,286.0,286.0,285.0,285.0,285.0,285.0,285.0,286.0,286.0,286.0,286.0,286.0,286.0,286.0,286.0,286.0,286.0,286.0,286.0,286.0,286.0,286.0,286.0,286.0,286.0,287.0,287.0,287.0,287.0,287.0,287.0,287.0,287.0,287.0,287.0,287.0,288.0,289.0,289.0,289.0,289.0,289.0,289
Ubz6C2t_FFM,10165.0,10166.0,10168.0,10168.0,10168.0,10168.0,10170.0,10173.0,10172.0,10175.0,10179.0,10183.0,10184.0,10187.0,10188.0,10189.0,10192.0,10194.0,10199.0,10201.0,10205.0,10206.0,10206.0,10210.0,10212.0,10216.0,10218.0,10219.0,10224.0,10226.0,10230.0,10232.0,10232.0,10235.0,10233.0,10232.0,10236.0,10240.0,10238.0,10237.0,10237.0,10242.0,10247.0,10252.0,10256.0,10258.0,10261.0,10263.0,10265.0,10267.0,10268.0,10270.0,10270.0,10272.0,10277.0,10281.0,10280.0,10284.0,10285.0,10289.0,10291.0,10298.0,10299.0,10305.0,10308.0,10311.0,10315.0,10314.0,10315.0,10318.0,10322.0,10320.0,10325.0,10325.0,10343.0,10347.0,10349.0,10351.0,10366.0,10367.0,10371.0,10395.0,10401.0,10402.0,10401.0,10402.0,10402.0,10404.0,10405.0,10406.0,10409.0,10414.0,10416.0,10417.0,10417.0,10421.0,10420.0,10421.0,10422.0,10421.0,10422.0,10425.0,10429.0,10433.0,10436.0,10442.0,10445.0,10448.0,10453.0,10456.0,10464.0,10460.0,10462.0,10463.0,10467.0,10469.0,10475.0,10477.0,10479.0,10481.0,10485.0,10480.0,10482.0,10484.0,10478.0,10479
_UwS-Iox8gw,0.0,0.0,0.0,0.0,0.0,0.0,0.0,0.0,0.0,0.0,0.0,0.0,0.0,0.0,0.0,0.0,0.0,0.0,0.0,0.0,0.0,0.0,0.0,0.0,0.0,0.0,0.0,0.0,0.0,0.0,0.0,0.0,0.0,0.0,0.0,0.0,0.0,0.0,0.0,0.0,0.0,0.0,0.0,0.0,0.0,0.0,0.0,0.0,0.0,0.0,0.0,0.0,0.0,0.0,0.0,0.0,0.0,0.0,0.0,0.0,0.0,0.0,0.0,0.0,0.0,0.0,0.0,0.0,0.0,0.0,0.0,0.0,0.0,0.0,0.0,0.0,0.0,0.0,0.0,0.0,0.0,0.0,0.0,0.0,0.0,0.0,0.0,0.0,0.0,0.0,0.0,0.0,0.0,0.0,0.0,0.0,0.0,0.0,0.0,0.0,0.0,0.0,0.0,0.0,0.0,0.0,0.0,0.0,0.0,0.0,0.0,0.0,0.0,0.0,0.0,0.0,0.0,0.0,0.0,0.0,0.0,0.0,0.0,0.0,0.0,0
U4xXdtFFNck,163.0,163.0,163.0,163.0,163.0,163.0,165.0,165.0,165.0,165.0,165.0,166.0,166.0,166.0,166.0,166.0,166.0,166.0,166.0,166.0,166.0,167.0,168.0,168.0,168.0,168.0,168.0,168.0,168.0,169.0,169.0,169.0,169.0,170.0,170.0,171.0,171.0,172.0,172.0,172.0,172.0,172.0,172.0,172.0,172.0,172.0,172.0,172.0,172.0,172.0,173.0,173.0,173.0,173.0,173.0,173.0,173.0,173.0,173.0,173.0,173.0,173.0,174.0,174.0,174.0,174.0,174.0,174.0,174.0,175.0,175.0,175.0,175.0,176.0,176.0,176.0,176.0,175.0,175.0,175.0,175.0,175.0,175.0,175.0,175.0,175.0,175.0,175.0,175.0,175.0,175.0,175.0,175.0,175.0,175.0,175.0,175.0,175.0,175.0,175.0,175.0,175.0,175.0,175.0,175.0,175.0,175.0,175.0,176.0,176.0,176.0,176.0,176.0,176.0,176.0,176.0,176.0,176.0,176.0,176.0,176.0,176.0,176.0,176.0,176.0,176
qtTs8OtiN38,,,,,,,,,,,,,,,,,,,,,,,,,,,,,,,,,,,,,,,,,,,,,,,,,,,,,,,,,,,,,,,,,,,,,,,,,,,,,,,,,,,,,,,,,,,,,,,,,,,,,,,,,,,,,,,,,,,,,,,,,,,,,,
zO3Xqbwpt8w,28.0,28.0,28.0,28.0,28.0,28.0,28.0,28.0,28.0,28.0,28.0,28.0,28.0,29.0,29.0,29.0,29.0,29.0,29.0,29.0,29.0,29.0,29.0,29.0,29.0,30.0,30.0,30.0,30.0,30.0,30.0,30.0,30.0,30.0,30.0,30.0,30.0,30.0,30.0,30.0,31.0,31.0,31.0,31.0,31.0,31.0,31.0,31.0,31.0,31.0,31.0,31.0,31.0,31.0,31.0,31.0,31.0,31.0,31.0,31.0,31.0,31.0,31.0,31.0,31.0,31.0,31.0,31.0,31.0,32.0,32.0,32.0,32.0,32.0,32.0,32.0,32.0,32.0,32.0,32.0,32.0,32.0,32.0,32.0,32.0,32.0,32.0,32.0,32.0,32.0,32.0,32.0,32.0,32.0,32.0,32.0,32.0,32.0,32.0,33.0,33.0,33.0,33.0,33.0,33.0,33.0,33.0,33.0,33.0,33.0,33.0,33.0,33.0,33.0,33.0,33.0,33.0,33.0,33.0,33.0,33.0,33.0,33.0,34.0,34.0,34
SKXEWMMOb2c,4.0,4.0,4.0,4.0,4.0,4.0,4.0,4.0,4.0,4.0,4.0,4.0,4.0,4.0,4.0,4.0,4.0,4.0,4.0,4.0,4.0,4.0,4.0,4.0,4.0,4.0,4.0,4.0,4.0,4.0,4.0,4.0,4.0,4.0,4.0,4.0,4.0,4.0,4.0,4.0,4.0,4.0,4.0,4.0,4.0,4.0,4.0,4.0,4.0,4.0,4.0,4.0,4.0,4.0,4.0,4.0,4.0,4.0,4.0,4.0,4.0,4.0,4.0,4.0,4.0,4.0,4.0,4.0,4.0,4.0,4.0,4.0,4.0,4.0,4.0,4.0,4.0,4.0,4.0,4.0,4.0,4.0,4.0,4.0,4.0,4.0,4.0,4.0,4.0,4.0,4.0,4.0,4.0,4.0,4.0,4.0,4.0,4.0,4.0,4.0,4.0,4.0,4.0,4.0,4.0,4.0,4.0,4.0,4.0,4.0,4.0,4.0,4.0,4.0,4.0,4.0,4.0,4.0,4.0,4.0,4.0,4.0,4.0,4.0,4.0,4
oDk8qWwGsHM,26.0,26.0,26.0,26.0,26.0,26.0,26.0,26.0,26.0,26.0,26.0,26.0,26.0,26.0,26.0,26.0,25.0,25.0,25.0,25.0,26.0,26.0,26.0,26.0,26.0,26.0,26.0,26.0,26.0,26.0,26.0,26.0,26.0,26.0,26.0,26.0,26.0,26.0,26.0,26.0,26.0,26.0,26.0,27.0,27.0,27.0,27.0,27.0,27.0,27.0,27.0,27.0,27.0,27.0,27.0,27.0,27.0,27.0,27.0,27.0,27.0,27.0,27.0,27.0,27.0,27.0,28.0,28.0,28.0,28.0,28.0,28.0,28.0,28.0,28.0,28.0,28.0,28.0,28.0,28.0,28.0,28.0,28.0,28.0,28.0,28.0,28.0,28.0,28.0,28.0,28.0,28.0,28.0,28.0,28.0,28.0,28.0,28.0,28.0,28.0,28.0,28.0,28.0,28.0,27.0,27.0,27.0,27.0,27.0,27.0,27.0,27.0,27.0,27.0,27.0,27.0,27.0,27.0,27.0,27.0,27.0,27.0,27.0,27.0,27.0,27
ahEVtg_2DiA,21.0,21.0,20.0,21.0,21.0,21.0,21.0,21.0,21.0,21.0,21.0,21.0,21.0,21.0,21.0,21.0,21.0,21.0,21.0,21.0,21.0,21.0,22.0,22.0,22.0,22.0,22.0,23.0,23.0,23.0,23.0,25.0,25.0,26.0,26.0,26.0,26.0,26.0,26.0,26.0,26.0,26.0,26.0,26.0,26.0,26.0,26.0,27.0,27.0,27.0,27.0,27.0,27.0,27.0,27.0,27.0,28.0,28.0,28.0,28.0,28.0,28.0,28.0,28.0,28.0,28.0,28.0,28.0,28.0,28.0,28.0,28.0,28.0,28.0,28.0,28.0,28.0,28.0,28.0,29.0,29.0,29.0,29.0,29.0,29.0,29.0,29.0,29.0,29.0,29.0,30.0,30.0,30.0,30.0,30.0,30.0,30.0,30.0,30.0,30.0,31.0,31.0,31.0,31.0,31.0,31.0,31.0,31.0,31.0,31.0,31.0,31.0,31.0,31.0,31.0,31.0,31.0,31.0,31.0,31.0,31.0,31.0,31.0,31.0,31.0,31
vHJRU06ago4,3.0,3.0,3.0,3.0,3.0,3.0,3.0,3.0,3.0,3.0,3.0,3.0,3.0,3.0,3.0,3.0,3.0,3.0,3.0,3.0,3.0,3.0,3.0,3.0,3.0,3.0,3.0,3.0,3.0,3.0,3.0,3.0,3.0,3.0,3.0,3.0,3.0,3.0,3.0,3.0,3.0,3.0,3.0,3.0,3.0,3.0,3.0,3.0,3.0,3.0,3.0,3.0,3.0,3.0,3.0,3.0,3.0,3.0,3.0,3.0,3.0,3.0,3.0,3.0,3.0,3.0,3.0,3.0,3.0,4.0,4.0,4.0,4.0,4.0,4.0,4.0,4.0,4.0,4.0,4.0,4.0,4.0,4.0,4.0,4.0,4.0,4.0,5.0,5.0,5.0,5.0,5.0,5.0,5.0,5.0,5.0,5.0,5.0,5.0,5.0,5.0,5.0,5.0,5.0,5.0,5.0,5.0,6.0,6.0,6.0,6.0,6.0,6.0,6.0,6.0,6.0,6.0,6.0,6.0,6.0,6.0,6.0,6.0,6.0,6.0,6
ZlQGxT4OYx0,129.0,129.0,129.0,129.0,129.0,129.0,129.0,129.0,129.0,129.0,129.0,129.0,129.0,129.0,129.0,129.0,129.0,129.0,129.0,129.0,129.0,129.0,129.0,129.0,129.0,129.0,129.0,129.0,129.0,129.0,129.0,129.0,129.0,129.0,129.0,129.0,129.0,129.0,129.0,129.0,129.0,129.0,129.0,129.0,129.0,129.0,129.0,129.0,129.0,129.0,129.0,129.0,129.0,129.0,129.0,129.0,129.0,129.0,129.0,130.0,130.0,131.0,131.0,130.0,130.0,130.0,130.0,131.0,131.0,131.0,131.0,131.0,131.0,131.0,131.0,131.0,131.0,131.0,131.0,131.0,131.0,131.0,131.0,131.0,131.0,131.0,131.0,131.0,131.0,131.0,131.0,131.0,131.0,131.0,131.0,131.0,131.0,131.0,131.0,131.0,131.0,131.0,131.0,131.0,131.0,131.0,131.0,131.0,131.0,131.0,131.0,131.0,131.0,131.0,131.0,131.0,131.0,131.0,131.0,131.0,131.0,131.0,131.0,131.0,132.0,132
VMYDoWj59qo,7.0,7.0,7.0,7.0,7.0,7.0,7.0,7.0,7.0,7.0,7.0,7.0,7.0,7.0,7.0,7.0,7.0,7.0,7.0,7.0,7.0,7.0,7.0,7.0,7.0,7.0,7.0,7.0,7.0,7.0,7.0,7.0,7.0,7.0,7.0,7.0,7.0,7.0,7.0,7.0,7.0,7.0,7.0,7.0,7.0,7.0,7.0,7.0,7.0,7.0,7.0,7.0,7.0,7.0,7.0,7.0,7.0,7.0,7.0,7.0,7.0,7.0,7.0,7.0,7.0,7.0,7.0,7.0,7.0,7.0,7.0,7.0,7.0,7.0,7.0,7.0,7.0,7.0,7.0,7.0,7.0,7.0,7.0,7.0,7.0,7.0,7.0,7.0,7.0,7.0,7.0,7.0,7.0,7.0,7.0,7.0,7.0,7.0,7.0,7.0,7.0,7.0,7.0,7.0,7.0,7.0,7.0,7.0,7.0,7.0,7.0,7.0,7.0,7.0,7.0,7.0,7.0,7.0,7.0,7.0,7.0,7.0,7.0,7.0,7.0,7
QBf1XRP0Lqg,54.0,54.0,54.0,54.0,54.0,54.0,54.0,54.0,54.0,54.0,54.0,54.0,54.0,54.0,54.0,54.0,54.0,54.0,54.0,55.0,55.0,55.0,55.0,55.0,55.0,55.0,55.0,55.0,55.0,55.0,55.0,55.0,55.0,55.0,55.0,55.0,55.0,55.0,55.0,55.0,55.0,55.0,55.0,55.0,55.0,55.0,55.0,55.0,55.0,55.0,55.0,55.0,55.0,55.0,55.0,55.0,55.0,55.0,55.0,55.0,55.0,56.0,56.0,56.0,56.0,57.0,57.0,57.0,57.0,57.0,57.0,57.0,57.0,57.0,57.0,57.0,57.0,57.0,57.0,57.0,57.0,57.0,57.0,57.0,57.0,57.0,57.0,57.0,57.0,57.0,57.0,57.0,57.0,57.0,57.0,57.0,57.0,57.0,57.0,57.0,57.0,57.0,57.0,57.0,57.0,57.0,57.0,57.0,57.0,57.0,57.0,57.0,57.0,57.0,57.0,57.0,57.0,57.0,57.0,57.0,57.0,57.0,57.0,57.0,57.0,57
bY2JgNSFEG0,1935.0,1941.0,1942.0,1945.0,1950.0,1953.0,1953.0,1953.0,1955.0,1956.0,1957.0,1962.0,1965.0,1967.0,1968.0,1970.0,1969.0,1967.0,1969.0,1969.0,1971.0,1972.0,1975.0,1975.0,1976.0,1974.0,1976.0,1976.0,1976.0,1976.0,1976.0,1978.0,1977.0,1978.0,1978.0,1978.0,1978.0,1980.0,1982.0,1983.0,1984.0,1984.0,1985.0,1985.0,1985.0,1987.0,1989.0,1990.0,1990.0,1993.0,1993.0,1993.0,1993.0,1993.0,1993.0,1992.0,1993.0,1993.0,1995.0,1994.0,1996.0,1994.0,1994.0,1996.0,1998.0,2000.0,2000.0,2000.0,2000.0,2000.0,2001.0,2001.0,2004.0,2004.0,2004.0,2003.0,2003.0,2004.0,2002.0,2003.0,2004.0,2004.0,2004.0,2005.0,2005.0,2006.0,2005.0,2005.0,2005.0,2007.0,2007.0,2009.0,2010.0,2010.0,2010.0,2010.0,2010.0,2010.0,2010.0,2010.0,2010.0,2011.0,2012.0,2012.0,2012.0,2013.0,2014.0,2014.0,2015.0,2015.0,2015.0,2015.0,2015.0,2014.0,2014.0,2015.0,2015.0,2016.0,2016.0,2017.0,2020.0,2020.0,2021.0,2021.0,2023.0,2023
ir9hOiVn768,1.0,1.0,1.0,1.0,1.0,1.0,1.0,1.0,1.0,1.0,1.0,1.0,1.0,1.0,1.0,1.0,1.0,1.0,1.0,1.0,1.0,1.0,1.0,1.0,1.0,1.0,1.0,1.0,1.0,1.0,1.0,1.0,1.0,1.0,1.0,1.0,1.0,1.0,1.0,1.0,1.0,1.0,1.0,1.0,1.0,1.0,1.0,1.0,1.0,1.0,1.0,1.0,1.0,1.0,1.0,1.0,1.0,1.0,1.0,1.0,1.0,1.0,1.0,1.0,1.0,1.0,1.0,1.0,1.0,1.0,1.0,1.0,1.0,1.0,1.0,1.0,1.0,1.0,1.0,1.0,1.0,1.0,1.0,1.0,1.0,1.0,1.0,1.0,1.0,1.0,1.0,1.0,1.0,1.0,1.0,1.0,1.0,1.0,1.0,1.0,1.0,1.0,1.0,1.0,1.0,1.0,1.0,1.0,1.0,1.0,1.0,1.0,1.0,1.0,1.0,1.0,1.0,1.0,1.0,1.0,1.0,1.0,1.0,1.0,1.0,1
NV_FhT9P4N4,0.0,0.0,0.0,0.0,0.0,0.0,0.0,0.0,0.0,0.0,0.0,0.0,0.0,0.0,0.0,0.0,0.0,0.0,0.0,0.0,0.0,0.0,0.0,0.0,0.0,0.0,0.0,0.0,0.0,0.0,0.0,0.0,0.0,0.0,0.0,0.0,0.0,0.0,0.0,0.0,0.0,0.0,0.0,0.0,0.0,0.0,0.0,0.0,0.0,0.0,0.0,0.0,0.0,0.0,0.0,0.0,0.0,0.0,0.0,0.0,0.0,0.0,0.0,0.0,0.0,0.0,0.0,0.0,0.0,0.0,0.0,0.0,0.0,0.0,0.0,0.0,0.0,0.0,0.0,0.0,0.0,0.0,0.0,0.0,0.0,0.0,0.0,0.0,0.0,0.0,0.0,0.0,0.0,0.0,0.0,0.0,0.0,0.0,0.0,0.0,0.0,0.0,0.0,0.0,0.0,0.0,0.0,0.0,0.0,0.0,0.0,0.0,0.0,0.0,0.0,0.0,0.0,0.0,0.0,0.0,0.0,0.0,0.0,0.0,0.0,0
kkx_S5PH5zw,3832.0,3772.0,3781.0,3706.0,3716.0,3738.0,3753.0,3775.0,3797.0,3809.0,3826.0,3832.0,3837.0,3845.0,3857.0,3869.0,3874.0,3898.0,3907.0,3919.0,3933.0,3936.0,3959.0,3978.0,3997.0,4008.0,4016.0,4036.0,4050.0,3964.0,3977.0,3980.0,3990.0,4004.0,4019.0,4041.0,4051.0,4059.0,4069.0,4079.0,4088.0,4102.0,4115.0,4129.0,4134.0,4146.0,4158.0,4167.0,4174.0,4188.0,4197.0,4202.0,4208.0,4208.0,4211.0,4224.0,4231.0,4219.0,4237.0,4248.0,4260.0,4271.0,4276.0,4284.0,4291.0,4296.0,4301.0,4309.0,4313.0,4320.0,4325.0,4331.0,4335.0,4343.0,4543.0,4714.0,4847.0,4944.0,5036.0,5112.0,5196.0,5291.0,5371.0,5449.0,5520.0,5587.0,5667.0,5702.0,5710.0,5713.0,5726.0,5734.0,5743.0,5750.0,5756.0,5765.0,5774.0,5781.0,5787.0,5792.0,5795.0,5801.0,5807.0,5819.0,5834.0,5840.0,5846.0,5847.0,5847.0,5848.0,5850.0,5852.0,5853.0,5855.0,5855.0,5856.0,5859.0,5861.0,5862.0,5863.0,5863.0,5863.0,5863.0,5864.0,5864.0,5863
Lo8pkle6Nnw,34.0,34.0,34.0,34.0,34.0,34.0,34.0,34.0,34.0,34.0,34.0,34.0,34.0,34.0,34.0,34.0,34.0,34.0,34.0,34.0,34.0,34.0,34.0,34.0,34.0,34.0,34.0,34.0,34.0,34.0,34.0,34.0,34.0,34.0,34.0,34.0,34.0,34.0,34.0,34.0,34.0,34.0,34.0,34.0,34.0,34.0,34.0,34.0,34.0,34.0,34.0,34.0,34.0,34.0,34.0,34.0,34.0,34.0,34.0,34.0,34.0,34.0,34.0,34.0,34.0,34.0,34.0,34.0,34.0,34.0,34.0,34.0,34.0,34.0,34.0,34.0,34.0,34.0,34.0,34.0,34.0,34.0,35.0,35.0,35.0,35.0,35.0,35.0,35.0,35.0,35.0,35.0,35.0,35.0,35.0,35.0,35.0,35.0,36.0,36.0,36.0,36.0,36.0,36.0,36.0,36.0,36.0,36.0,36.0,37.0,37.0,37.0,37.0,37.0,37.0,37.0,37.0,37.0,37.0,37.0,37.0,37.0,37.0,37.0,37.0,37
oZJ3qBZtkUE,236.0,236.0,236.0,236.0,236.0,236.0,237.0,237.0,237.0,237.0,237.0,237.0,236.0,236.0,236.0,236.0,236.0,236.0,236.0,236.0,236.0,237.0,237.0,237.0,237.0,237.0,237.0,237.0,237.0,237.0,237.0,237.0,237.0,237.0,237.0,238.0,238.0,238.0,238.0,238.0,238.0,238.0,238.0,238.0,238.0,239.0,239.0,242.0,242.0,242.0,242.0,242.0,243.0,243.0,244.0,244.0,244.0,245.0,245.0,245.0,245.0,245.0,245.0,245.0,245.0,245.0,245.0,245.0,245.0,245.0,245.0,245.0,245.0,245.0,245.0,245.0,245.0,245.0,245.0,245.0,245.0,245.0,245.0,245.0,245.0,245.0,245.0,245.0,245.0,245.0,245.0,246.0,246.0,246.0,246.0,246.0,246.0,246.0,246.0,246.0,246.0,246.0,246.0,246.0,246.0,246.0,246.0,246.0,246.0,246.0,246.0,246.0,246.0,246.0,246.0,246.0,246.0,246.0,246.0,246.0,246.0,246.0,246.0,246.0,246.0,246
ZDBZijxwnzg,0.0,0.0,0.0,0.0,0.0,0.0,0.0,0.0,0.0,0.0,0.0,0.0,0.0,0.0,0.0,0.0,0.0,0.0,0.0,0.0,0.0,0.0,0.0,0.0,0.0,0.0,,,,,,,,,,,,,,,,,,,,,,,,,,,,,,,,,,,,,,,,,,,,,,,,,,,,,,,,,,,,,,,,,,,,,,,,,,,,,,,,,,,,,,,,,,,,,,,,,,,,
nJNR51KfaPE,272.0,274.0,273.0,273.0,273.0,273.0,273.0,275.0,275.0,275.0,275.0,275.0,277.0,277.0,277.0,278.0,280.0,281.0,281.0,281.0,282.0,283.0,283.0,283.0,284.0,283.0,283.0,283.0,283.0,283.0,283.0,283.0,283.0,284.0,284.0,284.0,284.0,284.0,285.0,285.0,285.0,285.0,285.0,285.0,285.0,285.0,285.0,285.0,285.0,285.0,285.0,285.0,285.0,286.0,286.0,286.0,286.0,286.0,286.0,286.0,286.0,286.0,286.0,286.0,286.0,286.0,286.0,286.0,286.0,286.0,286.0,287.0,287.0,286.0,286.0,287.0,287.0,287.0,287.0,287.0,288.0,288.0,288.0,288.0,288.0,288.0,288.0,288.0,288.0,288.0,288.0,288.0,288.0,288.0,288.0,288.0,288.0,288.0,288.0,288.0,288.0,289.0,289.0,289.0,289.0,289.0,289.0,290.0,291.0,291.0,291.0,291.0,291.0,291.0,292.0,292.0,293.0,293.0,293.0,293.0,293.0,293.0,293.0,293.0,293.0,293
IUaBNUpiIsM,40.0,40.0,40.0,40.0,40.0,40.0,40.0,40.0,40.0,40.0,40.0,40.0,40.0,40.0,40.0,40.0,40.0,40.0,40.0,40.0,40.0,40.0,40.0,40.0,40.0,40.0,40.0,40.0,40.0,40.0,40.0,40.0,40.0,40.0,40.0,40.0,40.0,40.0,40.0,40.0,41.0,41.0,41.0,41.0,41.0,41.0,41.0,41.0,41.0,41.0,41.0,41.0,41.0,41.0,42.0,42.0,42.0,42.0,42.0,42.0,42.0,42.0,42.0,42.0,42.0,42.0,42.0,42.0,42.0,42.0,42.0,42.0,42.0,42.0,42.0,42.0,42.0,42.0,42.0,42.0,42.0,42.0,42.0,42.0,42.0,42.0,42.0,42.0,42.0,42.0,42.0,42.0,42.0,42.0,42.0,42.0,42.0,42.0,42.0,42.0,42.0,42.0,42.0,42.0,42.0,42.0,42.0,42.0,42.0,42.0,42.0,42.0,42.0,42.0,42.0,42.0,42.0,42.0,42.0,42.0,42.0,42.0,42.0,42.0,42.0,42
eeiutFQZ5ho,314.0,314.0,314.0,314.0,314.0,314.0,314.0,314.0,314.0,314.0,314.0,314.0,314.0,314.0,314.0,314.0,314.0,314.0,314.0,314.0,314.0,314.0,314.0,314.0,314.0,314.0,314.0,314.0,314.0,314.0,314.0,314.0,314.0,314.0,314.0,314.0,314.0,314.0,314.0,314.0,314.0,314.0,314.0,314.0,313.0,313.0,313.0,313.0,313.0,313.0,313.0,313.0,313.0,313.0,313.0,313.0,313.0,313.0,313.0,313.0,313.0,313.0,313.0,313.0,313.0,313.0,313.0,313.0,313.0,313.0,313.0,313.0,313.0,313.0,313.0,313.0,313.0,313.0,313.0,313.0,313.0,313.0,312.0,312.0,312.0,312.0,312.0,312.0,312.0,312.0,312.0,312.0,312.0,312.0,312.0,312.0,312.0,312.0,312.0,312.0,312.0,312.0,312.0,312.0,312.0,312.0,312.0,312.0,312.0,312.0,313.0,313.0,313.0,313.0,313.0,313.0,313.0,313.0,313.0,313.0,313.0,313.0,313.0,313.0,313.0,313
8YnbkzmpDqk,894.0,894.0,894.0,894.0,895.0,895.0,895.0,895.0,895.0,895.0,895.0,895.0,895.0,895.0,895.0,895.0,896.0,896.0,896.0,896.0,896.0,896.0,896.0,896.0,896.0,896.0,896.0,896.0,897.0,897.0,897.0,897.0,897.0,898.0,898.0,898.0,898.0,899.0,899.0,899.0,900.0,900.0,900.0,900.0,900.0,900.0,902.0,902.0,902.0,902.0,902.0,902.0,902.0,901.0,901.0,902.0,902.0,902.0,902.0,902.0,902.0,902.0,902.0,902.0,902.0,902.0,902.0,902.0,902.0,902.0,902.0,902.0,902.0,901.0,901.0,901.0,901.0,901.0,901.0,900.0,900.0,900.0,899.0,900.0,900.0,900.0,900.0,899.0,899.0,899.0,899.0,900.0,900.0,900.0,900.0,900.0,900.0,900.0,900.0,900.0,900.0,900.0,900.0,900.0,901.0,901.0,901.0,901.0,901.0,901.0,901.0,901.0,901.0,901.0,901.0,900.0,900.0,900.0,900.0,900.0,900.0,900.0,900.0,900.0,900.0,900
V99KzVltcDY,20.0,20.0,20.0,20.0,20.0,20.0,20.0,20.0,20.0,20.0,20.0,20.0,20.0,20.0,20.0,20.0,20.0,20.0,20.0,20.0,20.0,20.0,20.0,20.0,20.0,20.0,20.0,20.0,20.0,20.0,20.0,20.0,20.0,20.0,20.0,20.0,20.0,20.0,20.0,20.0,20.0,20.0,20.0,20.0,20.0,20.0,20.0,20.0,20.0,20.0,21.0,21.0,21.0,21.0,22.0,22.0,22.0,22.0,22.0,22.0,22.0,22.0,22.0,22.0,22.0,22.0,22.0,22.0,22.0,22.0,22.0,22.0,22.0,22.0,22.0,22.0,22.0,22.0,22.0,22.0,22.0,22.0,22.0,22.0,22.0,22.0,22.0,22.0,22.0,22.0,22.0,22.0,22.0,22.0,22.0,22.0,22.0,22.0,22.0,22.0,23.0,23.0,23.0,23.0,23.0,23.0,23.0,23.0,23.0,23.0,23.0,23.0,23.0,23.0,23.0,23.0,23.0,23.0,23.0,23.0,23.0,23.0,23.0,23.0,23.0,23
CKfsUNKMy7I,1174.0,1176.0,1177.0,1178.0,1178.0,1179.0,1180.0,1180.0,1180.0,1181.0,1182.0,1182.0,1183.0,1182.0,1181.0,1181.0,1184.0,1183.0,1183.0,1182.0,1184.0,1184.0,1184.0,1184.0,1184.0,1186.0,1187.0,1188.0,1189.0,1189.0,1189.0,1190.0,1190.0,1192.0,1192.0,1192.0,1192.0,1193.0,1194.0,1194.0,1195.0,1196.0,1200.0,1201.0,1200.0,1200.0,1202.0,1203.0,1203.0,1206.0,1208.0,1214.0,1214.0,1215.0,1217.0,1218.0,1221.0,1221.0,1221.0,1222.0,1222.0,1223.0,1224.0,1220.0,1220.0,1222.0,1225.0,1225.0,1226.0,1227.0,1228.0,1229.0,1230.0,1230.0,1230.0,1230.0,1230.0,1231.0,1231.0,1231.0,1232.0,1232.0,1232.0,1233.0,1233.0,1234.0,1234.0,1235.0,1235.0,1235.0,1237.0,1237.0,1237.0,1237.0,1237.0,1237.0,1237.0,1237.0,1237.0,1237.0,1237.0,1236.0,1236.0,1236.0,1236.0,1237.0,1238.0,1239.0,1238.0,1242.0,1242.0,1242.0,1242.0,1243.0,1243.0,1244.0,1244.0,1244.0,1244.0,1244.0,1244.0,1244.0,1244.0,1244.0,1244.0,1245
zsUiginWJXM,167.0,171.0,173.0,183.0,204.0,229.0,230.0,247.0,260.0,263.0,264.0,271.0,294.0,318.0,337.0,351.0,365.0,380.0,392.0,399.0,409.0,420.0,427.0,436.0,451.0,455.0,457.0,457.0,457.0,457.0,457.0,457.0,457.0,457.0,457.0,457.0,457.0,457.0,457.0,457.0,457.0,457.0,457.0,457.0,457.0,457.0,457.0,457.0,457.0,457.0,457.0,457.0,457.0,456.0,456.0,456.0,456.0,456.0,456.0,456.0,456.0,456.0,456.0,456.0,456.0,456.0,456.0,456.0,456.0,456.0,456.0,456.0,456.0,456.0,456.0,455.0,455.0,455.0,455.0,455.0,455.0,455.0,455.0,455.0,455.0,455.0,455.0,455.0,455.0,455.0,455.0,455.0,455.0,455.0,455.0,455.0,455.0,455.0,455.0,455.0,455.0,455.0,455.0,455.0,455.0,455.0,455.0,455.0,455.0,455.0,455.0,455.0,455.0,455.0,455.0,455.0,455.0,455.0,455.0,455.0,455.0,455.0,455.0,455.0,455.0,455
zA0kX7V5x30,948.0,948.0,948.0,948.0,948.0,948.0,949.0,949.0,949.0,949.0,950.0,950.0,950.0,950.0,950.0,950.0,950.0,950.0,951.0,950.0,950.0,950.0,950.0,950.0,950.0,950.0,950.0,950.0,950.0,950.0,950.0,950.0,950.0,950.0,951.0,952.0,952.0,952.0,952.0,952.0,952.0,953.0,953.0,953.0,953.0,953.0,953.0,954.0,954.0,954.0,954.0,954.0,954.0,954.0,954.0,955.0,955.0,955.0,955.0,956.0,956.0,956.0,955.0,955.0,955.0,955.0,955.0,955.0,955.0,955.0,955.0,956.0,956.0,956.0,956.0,957.0,957.0,957.0,957.0,957.0,957.0,958.0,958.0,960.0,960.0,960.0,960.0,961.0,962.0,962.0,962.0,963.0,963.0,963.0,963.0,963.0,963.0,963.0,963.0,965.0,965.0,965.0,965.0,965.0,965.0,966.0,968.0,968.0,968.0,968.0,968.0,968.0,968.0,968.0,968.0,968.0,968.0,968.0,968.0,968.0,968.0,968.0,968.0,968.0,968.0,968
BKOiJ6Cxoy8,1487.0,1493.0,1496.0,1509.0,1530.0,1559.0,1564.0,1565.0,1566.0,1570.0,1571.0,1589.0,1611.0,1627.0,1642.0,1668.0,1687.0,1701.0,1722.0,1735.0,1750.0,1757.0,1764.0,1771.0,1785.0,1793.0,1795.0,1796.0,1796.0,1796.0,1796.0,1796.0,1796.0,1800.0,1804.0,1805.0,1807.0,1807.0,1808.0,1808.0,1811.0,1813.0,1813.0,1815.0,1816.0,1819.0,1819.0,1820.0,1820.0,1814.0,1814.0,1815.0,1815.0,1815.0,1815.0,1813.0,1816.0,1816.0,1816.0,1816.0,1816.0,1816.0,1816.0,1815.0,1818.0,1819.0,1820.0,1823.0,1826.0,1823.0,1825.0,1826.0,1826.0,1826.0,1826.0,1826.0,1827.0,1827.0,1827.0,1828.0,1829.0,1829.0,1830.0,1830.0,1830.0,1832.0,1832.0,1834.0,1834.0,1834.0,1835.0,1835.0,1835.0,1835.0,1835.0,1835.0,1835.0,1836.0,1836.0,1836.0,1836.0,1836.0,1836.0,1837.0,1839.0,1839.0,1841.0,1841.0,1841.0,1841.0,1841.0,1844.0,1844.0,1844.0,1844.0,1844.0,1844.0,1845.0,1846.0,1846.0,1846.0,1847.0,1847.0,1847.0,1847.0,1847
iE8YIT5xx1Y,81.0,81.0,81.0,81.0,81.0,81.0,81.0,81.0,81.0,81.0,81.0,81.0,81.0,81.0,81.0,81.0,81.0,81.0,82.0,82.0,82.0,82.0,82.0,82.0,82.0,82.0,82.0,82.0,82.0,82.0,82.0,82.0,82.0,82.0,82.0,82.0,82.0,82.0,82.0,82.0,82.0,82.0,82.0,82.0,82.0,82.0,82.0,82.0,82.0,82.0,82.0,82.0,82.0,82.0,82.0,82.0,82.0,82.0,82.0,82.0,82.0,82.0,82.0,82.0,82.0,82.0,82.0,82.0,82.0,82.0,82.0,82.0,82.0,82.0,82.0,82.0,82.0,82.0,82.0,82.0,82.0,82.0,82.0,82.0,82.0,82.0,82.0,82.0,82.0,82.0,82.0,82.0,82.0,82.0,82.0,82.0,82.0,82.0,82.0,82.0,82.0,82.0,82.0,82.0,82.0,82.0,82.0,82.0,82.0,82.0,82.0,82.0,82.0,82.0,82.0,82.0,82.0,82.0,82.0,82.0,82.0,82.0,82.0,82.0,82.0,82
S7ehuBG-OP4,9731.0,9736.0,9746.0,9752.0,9762.0,9771.0,9780.0,9784.0,9785.0,9787.0,9790.0,9792.0,9804.0,9814.0,9820.0,9839.0,9846.0,9854.0,9864.0,9871.0,9878.0,9891.0,9893.0,9903.0,9909.0,9919.0,9928.0,9939.0,9951.0,9966.0,9976.0,9983.0,9997.0,10004.0,10018.0,10026.0,10038.0,10046.0,10052.0,10066.0,10077.0,10085.0,10094.0,10106.0,10134.0,10143.0,10154.0,10165.0,10174.0,10178.0,10185.0,10193.0,10201.0,10209.0,10217.0,10228.0,10234.0,10238.0,10241.0,10253.0,10256.0,10258.0,10270.0,10274.0,10284.0,10291.0,10294.0,10299.0,10304.0,10310.0,10329.0,10359.0,10369.0,10373.0,10374.0,10379.0,10380.0,10380.0,10381.0,10381.0,10381.0,10381.0,10384.0,10385.0,10387.0,10389.0,10390.0,10394.0,10394.0,10396.0,10396.0,10398.0,10400.0,10400.0,10402.0,10402.0,10404.0,10404.0,10405.0,10404.0,10406.0,10404.0,10403.0,10387.0,10388.0,10389.0,10389.0,10390.0,10390.0,10392.0,10393.0,10393.0,10396.0,10397.0,10398.0,10398.0,10396.0,10398.0,10398.0,10397.0,10397.0,10398.0,10399.0,10398.0,10399.0,10402
UUFJlUy5aA4,31051.0,31060.0,31079.0,31087.0,31102.0,31113.0,31120.0,31132.0,31142.0,31155.0,31162.0,31166.0,31169.0,31177.0,31186.0,31192.0,31201.0,31221.0,31236.0,31242.0,31250.0,31254.0,31242.0,31250.0,31254.0,31264.0,31271.0,31281.0,31293.0,31301.0,31305.0,31309.0,31311.0,31316.0,31320.0,31322.0,31326.0,31329.0,31330.0,31341.0,31345.0,31351.0,31358.0,31377.0,31378.0,31386.0,31389.0,31391.0,31399.0,31399.0,31400.0,31409.0,31406.0,31409.0,31419.0,31435.0,31448.0,31451.0,31456.0,31444.0,31455.0,31466.0,31467.0,31467.0,31472.0,31475.0,31476.0,31480.0,31489.0,31492.0,31502.0,31511.0,31521.0,31533.0,31536.0,31535.0,31541.0,31546.0,31549.0,31552.0,31560.0,31559.0,31555.0,31561.0,31564.0,31569.0,31571.0,31571.0,31570.0,31577.0,31577.0,31586.0,31591.0,31597.0,31599.0,31604.0,31615.0,31620.0,31624.0,31626.0,31629.0,31629.0,31633.0,31627.0,31627.0,31630.0,31633.0,31637.0,31641.0,31646.0,31652.0,31653.0,31656.0,31664.0,31666.0,31672.0,31673.0,31682.0,31684.0,31685.0,31687.0,31681.0,31686.0,31688.0,31696.0,31703
Gim17pWLWRs,1834.0,1836.0,1845.0,1851.0,1854.0,1854.0,1855.0,1859.0,1863.0,1862.0,1864.0,1864.0,1864.0,1868.0,1870.0,1870.0,1870.0,1871.0,1871.0,1871.0,1870.0,1871.0,1873.0,1876.0,1877.0,1879.0,1881.0,1882.0,1882.0,1881.0,1881.0,1882.0,1884.0,1884.0,1885.0,1885.0,1886.0,1908.0,1910.0,1906.0,1907.0,1915.0,1917.0,1920.0,1921.0,1921.0,1922.0,,1927.0,1929.0,1933.0,1933.0,1934.0,1933.0,1936.0,1936.0,1937.0,1938.0,1940.0,1942.0,1945.0,1946.0,1947.0,1950.0,1959.0,1963.0,1964.0,1967.0,1968.0,1973.0,1975.0,1989.0,1993.0,1997.0,1998.0,2004.0,2005.0,2007.0,2008.0,2013.0,2020.0,2025.0,2026.0,2027.0,2028.0,2029.0,2029.0,2030.0,2030.0,2034.0,2034.0,2035.0,2035.0,2036.0,2036.0,2036.0,2036.0,2036.0,2037.0,2038.0,2039.0,2039.0,2039.0,2039.0,2041.0,2041.0,2042.0,2042.0,2043.0,2043.0,2043.0,2046.0,2042.0,2042.0,2043.0,2044.0,2044.0,2044.0,2044.0,2044.0,2044.0,2043.0,2042.0,2042.0,2043.0,2044
ctEuMgQYulQ,108.0,108.0,108.0,108.0,108.0,108.0,108.0,108.0,108.0,108.0,108.0,108.0,108.0,108.0,108.0,108.0,108.0,108.0,108.0,108.0,108.0,108.0,108.0,108.0,108.0,109.0,109.0,109.0,109.0,109.0,109.0,109.0,109.0,109.0,109.0,109.0,109.0,109.0,109.0,109.0,110.0,110.0,110.0,110.0,110.0,110.0,110.0,110.0,110.0,110.0,110.0,110.0,110.0,110.0,110.0,111.0,112.0,112.0,112.0,112.0,112.0,112.0,112.0,112.0,112.0,112.0,112.0,112.0,112.0,112.0,112.0,112.0,113.0,113.0,113.0,113.0,113.0,113.0,113.0,113.0,113.0,113.0,113.0,113.0,113.0,114.0,114.0,114.0,114.0,114.0,114.0,114.0,114.0,114.0,114.0,114.0,114.0,114.0,114.0,114.0,114.0,114.0,114.0,114.0,114.0,114.0,114.0,114.0,114.0,114.0,114.0,114.0,114.0,114.0,114.0,114.0,114.0,114.0,114.0,114.0,114.0,114.0,114.0,114.0,114.0,114
3pL6ryHF0pI,65.0,65.0,65.0,65.0,65.0,65.0,65.0,66.0,66.0,66.0,66.0,66.0,66.0,66.0,66.0,66.0,66.0,66.0,66.0,66.0,66.0,66.0,66.0,66.0,66.0,66.0,66.0,66.0,66.0,66.0,66.0,66.0,66.0,66.0,66.0,66.0,66.0,66.0,66.0,66.0,66.0,66.0,66.0,65.0,65.0,65.0,66.0,66.0,66.0,67.0,67.0,67.0,67.0,67.0,67.0,67.0,67.0,68.0,68.0,68.0,68.0,68.0,69.0,69.0,69.0,69.0,69.0,69.0,69.0,69.0,69.0,69.0,69.0,69.0,69.0,69.0,69.0,69.0,69.0,69.0,70.0,70.0,70.0,70.0,70.0,70.0,70.0,70.0,70.0,70.0,70.0,70.0,70.0,70.0,70.0,70.0,70.0,70.0,71.0,71.0,71.0,71.0,71.0,71.0,71.0,71.0,71.0,71.0,71.0,71.0,71.0,71.0,71.0,71.0,71.0,71.0,71.0,71.0,71.0,71.0,71.0,71.0,71.0,71.0,71.0,71
OawX90ELl0A,237.0,237.0,237.0,237.0,237.0,237.0,237.0,237.0,237.0,237.0,237.0,237.0,237.0,237.0,237.0,237.0,237.0,237.0,237.0,238.0,238.0,238.0,238.0,238.0,238.0,238.0,238.0,238.0,238.0,238.0,238.0,238.0,238.0,238.0,238.0,238.0,238.0,238.0,238.0,238.0,238.0,238.0,238.0,238.0,238.0,238.0,238.0,238.0,238.0,238.0,238.0,238.0,238.0,238.0,238.0,238.0,238.0,238.0,238.0,238.0,238.0,238.0,238.0,238.0,238.0,238.0,238.0,238.0,238.0,238.0,238.0,238.0,238.0,238.0,238.0,238.0,238.0,238.0,238.0,238.0,238.0,238.0,238.0,238.0,238.0,238.0,238.0,238.0,238.0,238.0,238.0,238.0,238.0,238.0,238.0,238.0,239.0,239.0,239.0,239.0,239.0,239.0,239.0,239.0,240.0,240.0,240.0,240.0,240.0,240.0,240.0,240.0,240.0,240.0,240.0,241.0,242.0,242.0,242.0,242.0,242.0,242.0,242.0,242.0,242.0,242
X2blHAOzTYg,0.0,0.0,0.0,0.0,0.0,0.0,0.0,0.0,0.0,0.0,0.0,0.0,0.0,0.0,0.0,0.0,0.0,0.0,0.0,0.0,0.0,0.0,0.0,0.0,0.0,0.0,0.0,0.0,0.0,0.0,0.0,0.0,0.0,0.0,0.0,0.0,0.0,0.0,0.0,0.0,0.0,0.0,0.0,0.0,0.0,0.0,0.0,0.0,0.0,0.0,0.0,0.0,0.0,0.0,0.0,0.0,0.0,0.0,0.0,0.0,0.0,0.0,0.0,0.0,0.0,0.0,0.0,0.0,0.0,0.0,0.0,0.0,0.0,0.0,0.0,0.0,0.0,0.0,0.0,0.0,0.0,0.0,0.0,0.0,0.0,0.0,0.0,0.0,0.0,0.0,0.0,0.0,0.0,0.0,0.0,0.0,0.0,0.0,0.0,0.0,0.0,0.0,0.0,0.0,0.0,0.0,0.0,0.0,0.0,0.0,0.0,0.0,0.0,0.0,0.0,0.0,0.0,0.0,0.0,0.0,0.0,0.0,0.0,0.0,0.0,0
Ss9HjaT_oMs,0.0,0.0,0.0,0.0,0.0,0.0,0.0,0.0,0.0,0.0,0.0,0.0,0.0,0.0,0.0,0.0,0.0,0.0,0.0,0.0,0.0,0.0,0.0,0.0,0.0,0.0,0.0,0.0,0.0,0.0,0.0,0.0,0.0,0.0,0.0,0.0,0.0,0.0,0.0,0.0,0.0,0.0,0.0,0.0,0.0,0.0,0.0,0.0,0.0,0.0,0.0,0.0,0.0,0.0,0.0,0.0,0.0,0.0,0.0,0.0,0.0,0.0,0.0,0.0,0.0,0.0,0.0,0.0,0.0,0.0,0.0,0.0,0.0,0.0,0.0,0.0,0.0,0.0,0.0,0.0,0.0,0.0,0.0,0.0,0.0,0.0,0.0,0.0,0.0,0.0,0.0,0.0,0.0,0.0,0.0,0.0,0.0,0.0,0.0,0.0,0.0,0.0,0.0,0.0,0.0,0.0,0.0,0.0,0.0,0.0,0.0,0.0,0.0,0.0,0.0,0.0,0.0,0.0,0.0,0.0,0.0,0.0,0.0,0.0,0.0,0
4yskOyyQuZg,0.0,0.0,0.0,0.0,0.0,0.0,0.0,0.0,0.0,0.0,0.0,0.0,0.0,0.0,0.0,0.0,0.0,0.0,0.0,0.0,0.0,0.0,0.0,0.0,0.0,0.0,0.0,0.0,0.0,0.0,0.0,0.0,0.0,0.0,0.0,0.0,0.0,0.0,0.0,0.0,0.0,0.0,0.0,0.0,0.0,0.0,0.0,0.0,0.0,0.0,0.0,0.0,0.0,0.0,0.0,0.0,0.0,0.0,0.0,0.0,0.0,0.0,0.0,0.0,0.0,0.0,0.0,0.0,0.0,0.0,0.0,0.0,0.0,0.0,0.0,0.0,0.0,0.0,0.0,0.0,0.0,0.0,0.0,0.0,0.0,0.0,0.0,0.0,0.0,0.0,0.0,0.0,0.0,0.0,0.0,0.0,0.0,0.0,0.0,0.0,0.0,0.0,0.0,0.0,0.0,0.0,0.0,0.0,0.0,0.0,0.0,0.0,0.0,0.0,0.0,0.0,0.0,0.0,0.0,0.0,0.0,0.0,0.0,0.0,0.0,0
a_0oh_RoGcw,4060.0,4059.0,4061.0,4063.0,4063.0,4063.0,4064.0,4065.0,4067.0,4067.0,4067.0,4067.0,4069.0,4069.0,4070.0,4070.0,4070.0,4071.0,4071.0,4070.0,4069.0,4067.0,4069.0,4063.0,4063.0,4063.0,4063.0,4063.0,4061.0,4061.0,4061.0,4059.0,4059.0,4059.0,4059.0,4059.0,4061.0,4060.0,4061.0,4063.0,4063.0,4063.0,4063.0,4063.0,4065.0,4065.0,4065.0,4068.0,4069.0,4070.0,4070.0,4070.0,4070.0,4071.0,4071.0,4072.0,4074.0,4074.0,4074.0,4074.0,4074.0,4076.0,4077.0,4074.0,4078.0,4078.0,4079.0,4078.0,4078.0,4080.0,4081.0,4082.0,4082.0,4082.0,4082.0,4084.0,4085.0,4086.0,4087.0,4087.0,4087.0,4087.0,4088.0,4091.0,4091.0,4090.0,4090.0,4090.0,4090.0,4092.0,4091.0,4091.0,4091.0,4090.0,4089.0,4089.0,4089.0,4089.0,4089.0,4090.0,4089.0,4089.0,4088.0,4077.0,4077.0,4076.0,4077.0,4076.0,4077.0,4077.0,4082.0,4082.0,4081.0,4080.0,4080.0,4082.0,4082.0,4080.0,4080.0,4080.0,4080.0,4080.0,4082.0,4082.0,4083.0,4083
DiLtjUIDzSU,1164.0,1165.0,1165.0,1165.0,1165.0,1166.0,1166.0,1166.0,1167.0,1167.0,1168.0,1168.0,1169.0,1169.0,1169.0,1170.0,1170.0,1170.0,1170.0,1170.0,1170.0,1171.0,1171.0,1171.0,1171.0,1173.0,1173.0,1175.0,1176.0,1179.0,1179.0,1179.0,1180.0,1181.0,1181.0,1181.0,1181.0,1181.0,1181.0,1182.0,1182.0,1184.0,1184.0,1184.0,1184.0,1184.0,1186.0,1188.0,1189.0,1190.0,1190.0,1190.0,1190.0,1190.0,1190.0,1190.0,1190.0,1190.0,1190.0,1191.0,1191.0,1194.0,1196.0,1198.0,1199.0,1199.0,1199.0,1199.0,1199.0,1199.0,1199.0,1199.0,1200.0,1200.0,1200.0,1200.0,1200.0,1200.0,1200.0,1200.0,1202.0,1204.0,1204.0,1204.0,1205.0,1205.0,1205.0,1205.0,1205.0,1205.0,1205.0,1205.0,1206.0,1208.0,1208.0,1208.0,1210.0,1210.0,1211.0,1211.0,1211.0,1212.0,1212.0,1212.0,1212.0,1212.0,1212.0,1213.0,1213.0,1213.0,1215.0,1215.0,1215.0,1215.0,1215.0,1217.0,1217.0,1217.0,1217.0,1218.0,1218.0,1218.0,1218.0,1218.0,1218.0,1218
yHFc4BMmcIU,112.0,112.0,112.0,112.0,112.0,113.0,114.0,114.0,116.0,116.0,116.0,117.0,117.0,117.0,117.0,117.0,117.0,117.0,117.0,117.0,117.0,117.0,119.0,119.0,118.0,118.0,118.0,118.0,118.0,118.0,118.0,118.0,118.0,118.0,119.0,119.0,119.0,119.0,119.0,119.0,119.0,119.0,119.0,119.0,119.0,119.0,119.0,119.0,119.0,119.0,119.0,119.0,120.0,120.0,120.0,120.0,120.0,120.0,120.0,120.0,120.0,120.0,120.0,120.0,119.0,119.0,119.0,119.0,119.0,119.0,119.0,119.0,119.0,119.0,119.0,119.0,118.0,118.0,118.0,118.0,118.0,118.0,119.0,119.0,119.0,119.0,119.0,119.0,119.0,119.0,119.0,119.0,119.0,119.0,119.0,119.0,119.0,119.0,119.0,119.0,119.0,119.0,119.0,119.0,119.0,119.0,118.0,118.0,118.0,118.0,118.0,118.0,118.0,118.0,118.0,118.0,118.0,118.0,118.0,118.0,118.0,118.0,118.0,118.0,118.0,118
YJOJ-TcAjzA,246.0,246.0,246.0,246.0,246.0,246.0,247.0,247.0,248.0,248.0,248.0,248.0,248.0,248.0,247.0,247.0,247.0,247.0,247.0,247.0,248.0,248.0,249.0,249.0,249.0,249.0,249.0,249.0,249.0,249.0,249.0,250.0,250.0,251.0,251.0,251.0,251.0,251.0,251.0,251.0,251.0,251.0,251.0,251.0,251.0,251.0,251.0,250.0,250.0,249.0,249.0,249.0,249.0,249.0,249.0,249.0,249.0,249.0,249.0,249.0,249.0,249.0,249.0,249.0,249.0,249.0,249.0,249.0,249.0,249.0,249.0,249.0,249.0,249.0,249.0,249.0,247.0,247.0,247.0,247.0,247.0,247.0,249.0,251.0,251.0,251.0,251.0,251.0,251.0,251.0,251.0,251.0,251.0,251.0,251.0,251.0,251.0,251.0,251.0,251.0,251.0,251.0,251.0,251.0,251.0,251.0,249.0,249.0,249.0,249.0,249.0,249.0,249.0,249.0,249.0,249.0,249.0,249.0,249.0,250.0,250.0,250.0,250.0,250.0,250.0,250
DIT8hUXiQas,318.0,319.0,319.0,319.0,319.0,319.0,321.0,321.0,322.0,324.0,324.0,324.0,324.0,324.0,324.0,324.0,324.0,325.0,327.0,327.0,327.0,328.0,328.0,328.0,328.0,328.0,328.0,328.0,328.0,328.0,328.0,329.0,329.0,329.0,329.0,329.0,330.0,330.0,330.0,330.0,330.0,330.0,330.0,330.0,330.0,330.0,330.0,329.0,329.0,329.0,329.0,329.0,329.0,329.0,329.0,329.0,330.0,331.0,331.0,331.0,331.0,331.0,331.0,331.0,331.0,331.0,331.0,331.0,331.0,332.0,333.0,333.0,333.0,333.0,333.0,333.0,333.0,333.0,333.0,333.0,333.0,333.0,333.0,333.0,333.0,333.0,333.0,333.0,333.0,335.0,335.0,335.0,335.0,336.0,337.0,337.0,337.0,337.0,337.0,337.0,337.0,337.0,325.0,326.0,326.0,326.0,326.0,326.0,327.0,327.0,326.0,327.0,328.0,328.0,328.0,329.0,329.0,329.0,329.0,329.0,329.0,329.0,329.0,329.0,329.0,329
DIT8hUXiQas,318.0,319.0,319.0,319.0,319.0,319.0,321.0,321.0,322.0,324.0,324.0,324.0,324.0,324.0,324.0,324.0,324.0,325.0,327.0,327.0,327.0,328.0,328.0,328.0,328.0,328.0,328.0,328.0,328.0,328.0,328.0,329.0,329.0,329.0,329.0,329.0,330.0,330.0,330.0,330.0,330.0,330.0,330.0,330.0,330.0,330.0,330.0,329.0,329.0,329.0,329.0,329.0,329.0,329.0,329.0,329.0,330.0,331.0,331.0,331.0,331.0,331.0,331.0,331.0,331.0,331.0,331.0,331.0,331.0,332.0,333.0,333.0,333.0,333.0,333.0,333.0,333.0,333.0,333.0,333.0,333.0,333.0,333.0,333.0,333.0,333.0,333.0,333.0,333.0,335.0,335.0,335.0,335.0,336.0,337.0,337.0,337.0,337.0,337.0,337.0,337.0,337.0,325.0,326.0,326.0,326.0,326.0,326.0,327.0,327.0,326.0,327.0,328.0,328.0,328.0,329.0,329.0,329.0,329.0,329.0,329.0,329.0,329.0,329.0,329.0,329
B4mLKcVIERs,17884.0,17889.0,17895.0,17910.0,17934.0,17920.0,17928.0,17932.0,17937.0,17960.0,17959.0,17963.0,17941.0,17946.0,17954.0,17957.0,17965.0,17972.0,17971.0,17973.0,17976.0,17981.0,17978.0,17982.0,17981.0,17985.0,17986.0,17988.0,17987.0,17988.0,17988.0,17990.0,17998.0,18002.0,18028.0,18033.0,18033.0,18039.0,18044.0,18047.0,18050.0,18052.0,18053.0,18054.0,18059.0,18061.0,18072.0,18076.0,18081.0,18083.0,18085.0,18089.0,18086.0,18093.0,18103.0,18105.0,18107.0,18104.0,18110.0,18115.0,18113.0,18115.0,18120.0,18123.0,18128.0,18126.0,18127.0,18125.0,18132.0,18133.0,18138.0,18143.0,18143.0,18150.0,18155.0,18159.0,18160.0,18161.0,18165.0,18166.0,18169.0,18174.0,18160.0,18165.0,18166.0,18167.0,18171.0,18175.0,18175.0,18176.0,18179.0,18179.0,18179.0,18184.0,18187.0,18188.0,18190.0,18194.0,18194.0,18196.0,18197.0,18202.0,18203.0,18209.0,18213.0,18215.0,18213.0,18219.0,18221.0,18223.0,18227.0,18229.0,18232.0,18232.0,18231.0,18230.0,18233.0,18235.0,18234.0,18236.0,18242.0,18245.0,18247.0,18246.0,18241.0,18246
qTtDGGJ5pQY,1101.0,1101.0,1101.0,1101.0,1101.0,1100.0,1101.0,1101.0,1101.0,1102.0,1102.0,1102.0,1101.0,1101.0,1100.0,1100.0,1100.0,1100.0,1100.0,1100.0,1100.0,1100.0,1100.0,1100.0,1100.0,1100.0,1100.0,1100.0,1100.0,1100.0,1099.0,1099.0,1099.0,1099.0,1100.0,1100.0,1100.0,1101.0,1101.0,1101.0,1101.0,1101.0,1099.0,1099.0,1099.0,1098.0,1098.0,1098.0,1097.0,1097.0,1097.0,1097.0,1097.0,1097.0,1097.0,1097.0,1097.0,1097.0,1096.0,1096.0,1096.0,1096.0,1096.0,1096.0,1096.0,1096.0,1096.0,1097.0,1097.0,1097.0,1097.0,1097.0,1097.0,1097.0,1097.0,1097.0,1097.0,1097.0,1097.0,1097.0,1097.0,1097.0,1094.0,1094.0,1094.0,1093.0,1093.0,1093.0,1093.0,1093.0,1093.0,1093.0,1093.0,1093.0,1093.0,1093.0,1093.0,1093.0,1093.0,1093.0,1093.0,1093.0,1093.0,1093.0,1093.0,1093.0,1093.0,1093.0,1093.0,1093.0,1093.0,1093.0,1093.0,1093.0,1093.0,1091.0,1091.0,1091.0,1087.0,1087.0,1087.0,1087.0,1087.0,1087.0,1087.0,1087
5YaMkFDDpF0,4188.0,4187.0,4185.0,4184.0,4182.0,4182.0,4183.0,4182.0,4182.0,4183.0,4183.0,4182.0,4181.0,4179.0,4179.0,4179.0,4179.0,4176.0,4176.0,4174.0,4172.0,4172.0,4171.0,4171.0,4170.0,4170.0,4170.0,4170.0,4169.0,4167.0,4166.0,4165.0,4165.0,4165.0,4164.0,4164.0,4164.0,4164.0,4165.0,4165.0,4165.0,4165.0,4166.0,4167.0,4167.0,4167.0,4165.0,4165.0,4165.0,4165.0,4165.0,4163.0,4163.0,4162.0,4162.0,4161.0,4161.0,4160.0,4160.0,4160.0,4160.0,4159.0,4159.0,4158.0,4157.0,4126.0,4126.0,4123.0,4122.0,4122.0,4122.0,4122.0,4121.0,4121.0,4121.0,4122.0,4121.0,4120.0,4119.0,4118.0,4117.0,4116.0,4111.0,4110.0,4110.0,4110.0,4111.0,4110.0,4110.0,4111.0,4111.0,4111.0,4111.0,4111.0,4112.0,4111.0,4111.0,4111.0,4111.0,4111.0,4108.0,4108.0,4105.0,4104.0,4104.0,4104.0,4105.0,4106.0,4106.0,4106.0,4106.0,4106.0,4106.0,4106.0,4106.0,4106.0,4106.0,4104.0,4104.0,4103.0,4103.0,4103.0,4102.0,4102.0,4103.0,4098
Mt9SBZam4X4,33946.0,33951.0,33953.0,33962.0,33965.0,33956.0,33959.0,33960.0,33926.0,33931.0,33934.0,33936.0,33935.0,33935.0,33940.0,33941.0,33944.0,33944.0,33947.0,33956.0,33961.0,33964.0,33972.0,33977.0,33986.0,33995.0,33999.0,34004.0,34010.0,34017.0,34023.0,34032.0,34035.0,34043.0,34049.0,34039.0,34042.0,34051.0,34055.0,34051.0,34052.0,34052.0,34057.0,34063.0,34067.0,34073.0,34086.0,34090.0,34093.0,34095.0,34094.0,34096.0,34104.0,34105.0,34106.0,34100.0,34104.0,34101.0,34106.0,34109.0,34112.0,34112.0,34115.0,34118.0,34118.0,34120.0,34118.0,34123.0,34124.0,34126.0,34126.0,34129.0,34130.0,34133.0,34137.0,34139.0,34148.0,34151.0,34154.0,34161.0,34159.0,34162.0,34156.0,34163.0,34165.0,34167.0,34172.0,34176.0,34182.0,34180.0,34166.0,34176.0,34179.0,34184.0,34188.0,34189.0,34194.0,34199.0,34201.0,34202.0,34205.0,34207.0,34210.0,34211.0,34217.0,34224.0,34232.0,34235.0,34239.0,34240.0,34242.0,34245.0,34249.0,34251.0,34252.0,34255.0,34259.0,34265.0,34268.0,34271.0,34276.0,34282.0,34283.0,34285.0,34284.0,34287
8LFBHvukzN4,2787.0,2787.0,2787.0,2787.0,2787.0,2787.0,2787.0,2788.0,2788.0,2789.0,2789.0,2789.0,2789.0,2789.0,2789.0,2789.0,2789.0,2790.0,2789.0,2790.0,2791.0,2791.0,2791.0,2791.0,2788.0,2788.0,2788.0,2788.0,2788.0,2788.0,2788.0,2787.0,2787.0,2787.0,2787.0,2787.0,2787.0,2787.0,2787.0,2787.0,2787.0,2787.0,2788.0,2788.0,2789.0,2788.0,2787.0,2787.0,2788.0,2789.0,2789.0,2789.0,2785.0,2787.0,2787.0,2787.0,2787.0,2787.0,2787.0,2787.0,2787.0,2787.0,2787.0,2787.0,2787.0,2787.0,2787.0,2787.0,2787.0,2787.0,2787.0,2787.0,2786.0,2786.0,2785.0,2786.0,2786.0,2786.0,2786.0,2786.0,2786.0,2786.0,2783.0,2783.0,2783.0,2783.0,2782.0,2782.0,2782.0,2782.0,2782.0,2783.0,2782.0,2781.0,2781.0,2781.0,2781.0,2781.0,2781.0,2781.0,2781.0,2781.0,2781.0,2781.0,2781.0,2781.0,2781.0,2781.0,2781.0,2781.0,2781.0,2781.0,2780.0,2780.0,2780.0,2779.0,2779.0,2779.0,2779.0,2779.0,2779.0,2777.0,2777.0,2777.0,2778.0,2778
F8eK4IO_wnI,0.0,0.0,0.0,0.0,0.0,0.0,0.0,0.0,0.0,0.0,0.0,0.0,0.0,0.0,0.0,0.0,0.0,0.0,0.0,0.0,0.0,0.0,0.0,0.0,0.0,0.0,0.0,0.0,0.0,0.0,0.0,0.0,0.0,0.0,0.0,0.0,0.0,0.0,0.0,0.0,0.0,0.0,0.0,0.0,0.0,0.0,0.0,0.0,0.0,0.0,0.0,2.0,2.0,2.0,2.0,2.0,2.0,2.0,2.0,2.0,2.0,2.0,2.0,2.0,2.0,2.0,2.0,2.0,2.0,2.0,2.0,2.0,2.0,2.0,2.0,2.0,2.0,2.0,2.0,2.0,2.0,2.0,2.0,2.0,2.0,2.0,2.0,2.0,2.0,2.0,2.0,2.0,2.0,2.0,2.0,2.0,2.0,2.0,2.0,2.0,2.0,2.0,2.0,2.0,2.0,2.0,2.0,2.0,2.0,2.0,2.0,2.0,2.0,2.0,2.0,2.0,2.0,2.0,2.0,2.0,2.0,2.0,2.0,2.0,2.0,2
paEEpiy816Y,276.0,276.0,276.0,276.0,277.0,277.0,277.0,276.0,276.0,276.0,276.0,276.0,276.0,277.0,277.0,278.0,278.0,278.0,278.0,278.0,278.0,279.0,279.0,279.0,280.0,280.0,280.0,280.0,280.0,280.0,280.0,280.0,280.0,280.0,280.0,280.0,280.0,280.0,280.0,280.0,280.0,280.0,280.0,280.0,280.0,280.0,280.0,280.0,280.0,280.0,280.0,280.0,280.0,280.0,280.0,280.0,280.0,280.0,279.0,279.0,279.0,279.0,279.0,280.0,280.0,280.0,280.0,280.0,280.0,279.0,279.0,279.0,279.0,279.0,279.0,279.0,279.0,279.0,279.0,279.0,279.0,279.0,279.0,279.0,279.0,279.0,279.0,279.0,279.0,279.0,279.0,279.0,279.0,279.0,279.0,279.0,279.0,279.0,279.0,279.0,279.0,279.0,279.0,279.0,279.0,279.0,279.0,279.0,279.0,279.0,279.0,279.0,279.0,279.0,279.0,280.0,280.0,280.0,280.0,280.0,280.0,280.0,280.0,280.0,280.0,280
mS_ol5Wa8Ac,983.0,1008.0,1035.0,1048.0,1058.0,1074.0,1113.0,1130.0,1145.0,1155.0,1174.0,1174.0,1192.0,1213.0,1230.0,1245.0,1256.0,1271.0,1282.0,1283.0,1288.0,1290.0,1292.0,1293.0,1294.0,1295.0,1296.0,1320.0,1338.0,1357.0,1359.0,1359.0,1371.0,1378.0,1381.0,1382.0,1386.0,1395.0,1403.0,1407.0,1416.0,1433.0,1438.0,1452.0,1462.0,1470.0,1480.0,1490.0,1514.0,1534.0,1555.0,1588.0,1620.0,1654.0,1679.0,1709.0,1725.0,1738.0,1756.0,1765.0,1771.0,1786.0,1801.0,1824.0,1837.0,1838.0,1838.0,1838.0,1839.0,1840.0,1840.0,1842.0,1842.0,1843.0,1843.0,1845.0,1846.0,1846.0,1848.0,1848.0,1849.0,1849.0,1848.0,1849.0,1850.0,1850.0,1850.0,1850.0,1846.0,1846.0,1846.0,1846.0,1846.0,1846.0,1846.0,1849.0,1849.0,1850.0,1850.0,1850.0,1850.0,1850.0,1852.0,1859.0,1860.0,1860.0,1860.0,1858.0,1859.0,1859.0,1859.0,1860.0,1858.0,1860.0,1860.0,1860.0,1860.0,1860.0,1860.0,1860.0,1860.0,1860.0,1860.0,1860.0,1860.0,1859
B7_GataAI80,139.0,139.0,139.0,139.0,139.0,139.0,139.0,139.0,139.0,139.0,139.0,139.0,139.0,139.0,139.0,139.0,139.0,139.0,139.0,139.0,139.0,139.0,139.0,139.0,139.0,139.0,139.0,139.0,139.0,139.0,139.0,139.0,139.0,139.0,140.0,140.0,140.0,140.0,139.0,139.0,139.0,139.0,139.0,139.0,139.0,139.0,139.0,139.0,139.0,139.0,139.0,139.0,139.0,139.0,139.0,139.0,139.0,139.0,139.0,139.0,139.0,139.0,139.0,139.0,139.0,139.0,139.0,139.0,139.0,139.0,139.0,139.0,139.0,139.0,139.0,139.0,139.0,139.0,139.0,139.0,139.0,139.0,139.0,139.0,139.0,139.0,139.0,139.0,139.0,139.0,139.0,139.0,139.0,139.0,139.0,139.0,139.0,139.0,139.0,139.0,139.0,139.0,139.0,139.0,139.0,139.0,139.0,139.0,139.0,139.0,139.0,139.0,139.0,139.0,139.0,139.0,139.0,139.0,139.0,139.0,139.0,139.0,139.0,139.0,139.0,139
4OgcZEHVV8A,156.0,160.0,162.0,171.0,194.0,214.0,214.0,214.0,221.0,230.0,233.0,244.0,256.0,262.0,280.0,300.0,324.0,338.0,355.0,355.0,355.0,355.0,355.0,354.0,354.0,355.0,355.0,355.0,355.0,355.0,355.0,355.0,364.0,377.0,381.0,384.0,386.0,391.0,392.0,397.0,402.0,411.0,411.0,415.0,419.0,420.0,424.0,433.0,464.0,496.0,524.0,560.0,599.0,633.0,665.0,691.0,716.0,739.0,766.0,778.0,797.0,812.0,826.0,836.0,853.0,865.0,886.0,892.0,892.0,892.0,892.0,892.0,892.0,892.0,892.0,892.0,892.0,892.0,892.0,892.0,892.0,892.0,892.0,892.0,892.0,892.0,892.0,892.0,892.0,892.0,892.0,892.0,892.0,892.0,892.0,892.0,892.0,892.0,892.0,892.0,892.0,892.0,892.0,892.0,892.0,892.0,892.0,892.0,892.0,892.0,892.0,892.0,892.0,892.0,892.0,892.0,892.0,892.0,892.0,892.0,892.0,892.0,892.0,892.0,892.0,892
FBMQy2l-mw8,38.0,38.0,38.0,38.0,38.0,38.0,38.0,38.0,38.0,38.0,38.0,38.0,38.0,38.0,38.0,38.0,38.0,38.0,38.0,38.0,38.0,38.0,38.0,38.0,38.0,38.0,38.0,38.0,38.0,38.0,38.0,38.0,38.0,38.0,38.0,38.0,38.0,38.0,38.0,38.0,38.0,38.0,38.0,38.0,38.0,38.0,38.0,38.0,38.0,38.0,38.0,38.0,38.0,38.0,38.0,38.0,38.0,38.0,38.0,38.0,38.0,39.0,39.0,39.0,39.0,39.0,39.0,39.0,39.0,39.0,39.0,39.0,39.0,39.0,39.0,39.0,39.0,39.0,39.0,39.0,39.0,39.0,39.0,39.0,39.0,39.0,39.0,39.0,39.0,39.0,39.0,39.0,39.0,39.0,39.0,39.0,39.0,39.0,39.0,39.0,39.0,39.0,40.0,40.0,40.0,40.0,40.0,40.0,40.0,40.0,40.0,40.0,40.0,40.0,40.0,40.0,40.0,40.0,40.0,40.0,40.0,40.0,40.0,40.0,40.0,40
ua7-3khdsJ0,80.0,82.0,82.0,82.0,82.0,82.0,82.0,82.0,83.0,84.0,84.0,84.0,85.0,86.0,86.0,86.0,86.0,87.0,87.0,88.0,89.0,89.0,89.0,91.0,91.0,91.0,91.0,91.0,92.0,93.0,93.0,93.0,93.0,94.0,96.0,97.0,100.0,102.0,104.0,104.0,104.0,108.0,108.0,108.0,109.0,109.0,111.0,111.0,111.0,112.0,112.0,112.0,112.0,113.0,115.0,115.0,115.0,115.0,115.0,115.0,115.0,115.0,115.0,115.0,115.0,115.0,115.0,116.0,117.0,117.0,117.0,118.0,118.0,118.0,118.0,118.0,118.0,118.0,118.0,119.0,119.0,119.0,120.0,120.0,120.0,120.0,121.0,121.0,121.0,122.0,122.0,122.0,122.0,122.0,122.0,122.0,124.0,124.0,125.0,125.0,125.0,125.0,125.0,125.0,125.0,126.0,126.0,127.0,127.0,127.0,127.0,127.0,128.0,128.0,128.0,128.0,128.0,128.0,128.0,128.0,128.0,128.0,129.0,129.0,129.0,129
gFr4TyKsZwM,2451.0,2460.0,2465.0,2471.0,2474.0,2478.0,2478.0,2481.0,2484.0,2492.0,2496.0,2499.0,2500.0,2502.0,2503.0,2504.0,2505.0,2507.0,2510.0,2513.0,2514.0,2516.0,2518.0,2517.0,2520.0,2522.0,2525.0,2527.0,2527.0,2528.0,2532.0,2535.0,2537.0,2538.0,2539.0,2540.0,2542.0,2543.0,2543.0,2544.0,2547.0,2546.0,2547.0,2548.0,2549.0,2551.0,2555.0,2556.0,2560.0,2563.0,2564.0,2564.0,2565.0,2568.0,2569.0,2571.0,2570.0,2571.0,2570.0,2570.0,2571.0,2572.0,2573.0,2573.0,2575.0,2575.0,2575.0,2573.0,2574.0,2574.0,2574.0,2575.0,2575.0,2575.0,2575.0,2575.0,2575.0,2575.0,2575.0,2576.0,2576.0,2576.0,2576.0,2577.0,2578.0,2578.0,2577.0,2577.0,2577.0,2577.0,2577.0,2577.0,2576.0,2577.0,2578.0,2580.0,2580.0,2581.0,2582.0,2580.0,2582.0,2582.0,2583.0,2583.0,2585.0,2586.0,2586.0,2586.0,2585.0,2585.0,2583.0,2583.0,2583.0,2585.0,2585.0,2585.0,2585.0,2585.0,2586.0,2579.0,2573.0,2573.0,2576.0,2578.0,2578.0,2578
_Cd3thaEG7E,31.0,31.0,31.0,31.0,31.0,31.0,31.0,31.0,31.0,31.0,31.0,31.0,30.0,30.0,30.0,30.0,30.0,30.0,30.0,30.0,30.0,30.0,30.0,30.0,30.0,30.0,30.0,30.0,30.0,30.0,30.0,30.0,30.0,30.0,30.0,30.0,30.0,30.0,30.0,30.0,30.0,30.0,30.0,30.0,30.0,30.0,30.0,30.0,30.0,30.0,30.0,30.0,30.0,30.0,30.0,30.0,30.0,30.0,30.0,30.0,30.0,30.0,30.0,30.0,30.0,30.0,30.0,30.0,30.0,30.0,30.0,30.0,30.0,30.0,30.0,30.0,30.0,30.0,30.0,30.0,30.0,30.0,30.0,30.0,30.0,30.0,30.0,30.0,30.0,30.0,30.0,30.0,30.0,30.0,30.0,30.0,30.0,30.0,30.0,30.0,30.0,30.0,30.0,30.0,30.0,30.0,30.0,30.0,30.0,30.0,30.0,30.0,30.0,30.0,30.0,30.0,30.0,30.0,30.0,30.0,30.0,30.0,30.0,30.0,30.0,30
jRBCLqFZM0s,310.0,310.0,312.0,314.0,315.0,315.0,315.0,315.0,315.0,316.0,316.0,319.0,319.0,321.0,321.0,322.0,323.0,323.0,325.0,327.0,329.0,330.0,331.0,331.0,331.0,331.0,331.0,331.0,331.0,331.0,331.0,331.0,331.0,331.0,331.0,331.0,331.0,331.0,331.0,331.0,331.0,331.0,332.0,332.0,332.0,332.0,332.0,332.0,332.0,332.0,332.0,332.0,332.0,332.0,332.0,332.0,332.0,332.0,332.0,332.0,332.0,332.0,332.0,332.0,332.0,332.0,332.0,333.0,333.0,333.0,333.0,333.0,334.0,334.0,334.0,334.0,334.0,335.0,335.0,335.0,335.0,335.0,335.0,335.0,335.0,335.0,335.0,335.0,335.0,335.0,335.0,335.0,335.0,335.0,335.0,335.0,335.0,335.0,335.0,335.0,335.0,335.0,335.0,335.0,335.0,335.0,335.0,335.0,335.0,335.0,335.0,335.0,335.0,335.0,335.0,335.0,335.0,336.0,336.0,336.0,336.0,336.0,336.0,336.0,336.0,336
0fyZqS0N19o,4081.0,4088.0,4092.0,4095.0,4099.0,4102.0,4102.0,4106.0,4111.0,4114.0,4117.0,4115.0,4117.0,4123.0,4128.0,4129.0,4130.0,4133.0,4137.0,4139.0,4142.0,4143.0,4142.0,4143.0,4144.0,4144.0,4146.0,4148.0,4149.0,4143.0,4144.0,4144.0,4144.0,4147.0,4151.0,4152.0,4155.0,4156.0,4157.0,4157.0,4157.0,4158.0,4158.0,4159.0,4159.0,4160.0,4163.0,4163.0,4164.0,4164.0,4165.0,4166.0,4170.0,4170.0,4172.0,4170.0,4170.0,4170.0,4170.0,4175.0,4176.0,4177.0,4177.0,4178.0,4179.0,4179.0,4179.0,4179.0,4180.0,4180.0,4180.0,4181.0,4180.0,4190.0,4191.0,4190.0,4190.0,4190.0,4190.0,4190.0,4190.0,4191.0,4189.0,4189.0,4189.0,4189.0,4190.0,4191.0,4192.0,4194.0,4193.0,4193.0,4195.0,4195.0,4196.0,4198.0,4200.0,4201.0,4197.0,4197.0,4200.0,4201.0,4201.0,4201.0,4203.0,4202.0,4202.0,4202.0,4200.0,4202.0,4203.0,4204.0,4205.0,4205.0,4205.0,4205.0,4205.0,4205.0,4205.0,4205.0,4205.0,4205.0,4204.0,4204.0,4206.0,4204
FuOiJC3RyAM,487.0,487.0,487.0,486.0,485.0,480.0,481.0,481.0,481.0,481.0,481.0,481.0,483.0,483.0,484.0,484.0,484.0,484.0,484.0,507.0,518.0,536.0,548.0,560.0,585.0,602.0,617.0,619.0,625.0,635.0,646.0,655.0,665.0,676.0,677.0,679.0,686.0,695.0,698.0,700.0,705.0,717.0,727.0,735.0,742.0,745.0,752.0,775.0,794.0,801.0,808.0,826.0,850.0,880.0,923.0,956.0,1010.0,1038.0,1064.0,1079.0,1090.0,1106.0,1123.0,1159.0,1190.0,1237.0,1272.0,1290.0,1314.0,1341.0,1343.0,1343.0,1342.0,1342.0,1342.0,1342.0,1342.0,1342.0,1342.0,1342.0,1342.0,1342.0,1341.0,1341.0,1341.0,1341.0,1342.0,1342.0,1342.0,1342.0,1342.0,1342.0,1341.0,1341.0,1341.0,1341.0,1341.0,1342.0,1342.0,1342.0,1342.0,1342.0,1342.0,1342.0,1342.0,1342.0,1342.0,1342.0,1342.0,1342.0,1342.0,1342.0,1342.0,1342.0,1342.0,1342.0,1342.0,1342.0,1342.0,1342.0,1342.0,1342.0,1343.0,1343.0,1343.0,1342
a577rVki9VM,7.0,7.0,7.0,7.0,7.0,7.0,7.0,7.0,7.0,7.0,7.0,7.0,7.0,7.0,7.0,7.0,7.0,7.0,7.0,7.0,7.0,7.0,7.0,7.0,7.0,7.0,7.0,7.0,7.0,7.0,7.0,7.0,7.0,7.0,7.0,7.0,7.0,7.0,7.0,7.0,7.0,7.0,7.0,7.0,7.0,7.0,7.0,7.0,7.0,7.0,7.0,7.0,7.0,7.0,7.0,7.0,7.0,7.0,7.0,7.0,7.0,7.0,7.0,7.0,7.0,7.0,7.0,7.0,7.0,7.0,7.0,7.0,7.0,7.0,7.0,7.0,7.0,7.0,7.0,7.0,7.0,7.0,7.0,7.0,7.0,7.0,7.0,7.0,7.0,7.0,7.0,7.0,7.0,7.0,7.0,7.0,7.0,7.0,7.0,7.0,7.0,7.0,7.0,7.0,7.0,7.0,7.0,7.0,7.0,7.0,7.0,7.0,7.0,7.0,7.0,7.0,7.0,7.0,7.0,7.0,7.0,7.0,7.0,7.0,7.0,7
bBkX2hCQXEM,2362.0,2366.0,2372.0,2374.0,2374.0,2375.0,2376.0,2374.0,2372.0,2372.0,2373.0,2373.0,2373.0,2374.0,2374.0,2374.0,2372.0,2371.0,2371.0,2372.0,2372.0,2374.0,2378.0,2378.0,2377.0,2379.0,2381.0,2380.0,2384.0,2390.0,2391.0,2392.0,2390.0,2388.0,2391.0,2392.0,2392.0,2394.0,2394.0,2394.0,2395.0,2396.0,2397.0,2400.0,2400.0,2400.0,2401.0,2402.0,2402.0,2401.0,2402.0,2403.0,2400.0,2400.0,2400.0,2400.0,2399.0,2399.0,2399.0,2399.0,2400.0,2399.0,2399.0,2399.0,2399.0,2400.0,2401.0,2401.0,2401.0,2400.0,2400.0,2400.0,2400.0,2400.0,2400.0,2400.0,2403.0,2404.0,2404.0,2404.0,2404.0,2405.0,2405.0,2405.0,2403.0,2404.0,2404.0,2406.0,2406.0,2406.0,2407.0,2407.0,2407.0,2407.0,2408.0,2409.0,2410.0,2410.0,2407.0,2407.0,2406.0,2406.0,2406.0,2404.0,2406.0,2407.0,2409.0,2409.0,2410.0,2411.0,2411.0,2412.0,2412.0,2412.0,2412.0,2414.0,2414.0,2414.0,2414.0,2413.0,2412.0,2412.0,2412.0,2408.0,2408.0,2408
QKHe-iYaEKg,4808.0,4805.0,4804.0,4804.0,4804.0,4804.0,4804.0,4804.0,4804.0,4804.0,4804.0,4804.0,4804.0,4804.0,4803.0,4802.0,4802.0,4802.0,4802.0,4801.0,4801.0,4801.0,4801.0,4801.0,4801.0,4801.0,4800.0,4800.0,4800.0,4800.0,4800.0,4799.0,4799.0,4799.0,4799.0,4798.0,4798.0,4798.0,4798.0,4798.0,4797.0,4797.0,4797.0,4797.0,4797.0,4797.0,4797.0,4797.0,4797.0,4797.0,4797.0,4796.0,4796.0,4796.0,4796.0,4796.0,4796.0,4796.0,4796.0,4796.0,4796.0,4796.0,4796.0,4796.0,4796.0,4796.0,4795.0,4795.0,4794.0,4794.0,4794.0,4794.0,4794.0,4794.0,4793.0,4793.0,4793.0,4793.0,4793.0,4792.0,4792.0,4792.0,4787.0,4787.0,4787.0,4786.0,4786.0,4786.0,4786.0,4786.0,4786.0,4786.0,4786.0,4786.0,4786.0,4784.0,4784.0,4784.0,4782.0,4782.0,4779.0,4779.0,4779.0,4779.0,4779.0,4779.0,4779.0,4779.0,4778.0,4778.0,4778.0,4778.0,4777.0,4777.0,4777.0,4776.0,4776.0,4776.0,4776.0,4776.0,4776.0,4776.0,4776.0,4775.0,4776.0,4776
yY34DOWXSzg,26.0,26.0,26.0,26.0,26.0,26.0,26.0,26.0,26.0,26.0,26.0,26.0,26.0,26.0,26.0,26.0,26.0,27.0,27.0,27.0,27.0,27.0,27.0,27.0,27.0,27.0,27.0,27.0,27.0,27.0,27.0,27.0,27.0,27.0,27.0,28.0,28.0,28.0,28.0,28.0,28.0,28.0,28.0,28.0,28.0,28.0,28.0,28.0,28.0,28.0,28.0,28.0,28.0,28.0,28.0,28.0,28.0,28.0,28.0,28.0,28.0,28.0,28.0,28.0,28.0,28.0,28.0,28.0,28.0,28.0,28.0,28.0,28.0,28.0,28.0,28.0,28.0,28.0,28.0,28.0,28.0,28.0,28.0,28.0,28.0,28.0,28.0,28.0,28.0,28.0,28.0,28.0,28.0,28.0,28.0,28.0,28.0,28.0,28.0,28.0,28.0,28.0,28.0,28.0,28.0,28.0,28.0,28.0,28.0,28.0,28.0,28.0,28.0,28.0,28.0,28.0,28.0,28.0,28.0,28.0,28.0,28.0,28.0,28.0,28.0,28
Lt8zfb4Mqr0,259.0,259.0,259.0,259.0,260.0,260.0,260.0,260.0,260.0,260.0,260.0,260.0,261.0,261.0,262.0,262.0,262.0,262.0,263.0,263.0,263.0,263.0,264.0,264.0,264.0,264.0,264.0,264.0,264.0,264.0,264.0,264.0,264.0,264.0,264.0,264.0,264.0,264.0,264.0,265.0,266.0,266.0,266.0,266.0,266.0,266.0,266.0,266.0,266.0,266.0,266.0,266.0,266.0,266.0,266.0,267.0,267.0,267.0,267.0,267.0,268.0,268.0,268.0,269.0,269.0,269.0,269.0,270.0,270.0,270.0,270.0,270.0,270.0,270.0,270.0,270.0,270.0,271.0,271.0,271.0,271.0,272.0,272.0,272.0,272.0,272.0,272.0,272.0,272.0,272.0,272.0,272.0,272.0,272.0,272.0,272.0,272.0,272.0,272.0,272.0,272.0,272.0,272.0,272.0,272.0,272.0,272.0,272.0,272.0,272.0,272.0,272.0,272.0,272.0,272.0,273.0,273.0,273.0,273.0,273.0,273.0,273.0,273.0,273.0,273.0,272
Li6POmFRAdQ,34.0,34.0,34.0,34.0,34.0,34.0,34.0,34.0,34.0,34.0,34.0,34.0,34.0,34.0,34.0,34.0,34.0,34.0,34.0,34.0,34.0,34.0,34.0,34.0,34.0,34.0,34.0,34.0,35.0,35.0,35.0,35.0,35.0,35.0,35.0,35.0,35.0,35.0,35.0,35.0,35.0,35.0,35.0,35.0,35.0,35.0,35.0,35.0,35.0,35.0,35.0,35.0,35.0,35.0,35.0,35.0,34.0,34.0,34.0,34.0,34.0,34.0,34.0,34.0,34.0,34.0,34.0,34.0,34.0,34.0,34.0,34.0,36.0,36.0,36.0,36.0,36.0,36.0,36.0,36.0,36.0,36.0,36.0,36.0,36.0,36.0,36.0,36.0,36.0,36.0,36.0,36.0,36.0,36.0,36.0,36.0,36.0,36.0,36.0,36.0,36.0,36.0,36.0,36.0,36.0,36.0,36.0,36.0,36.0,36.0,36.0,36.0,36.0,36.0,36.0,36.0,36.0,36.0,36.0,36.0,36.0,36.0,36.0,36.0,36.0,36
Ure5mY64aog,12.0,12.0,12.0,12.0,12.0,12.0,12.0,12.0,12.0,12.0,12.0,12.0,12.0,12.0,12.0,12.0,12.0,12.0,12.0,12.0,12.0,12.0,12.0,12.0,12.0,12.0,12.0,12.0,12.0,12.0,12.0,12.0,12.0,12.0,12.0,12.0,12.0,12.0,12.0,12.0,12.0,12.0,12.0,12.0,12.0,12.0,12.0,12.0,12.0,12.0,12.0,12.0,12.0,12.0,12.0,12.0,12.0,12.0,12.0,12.0,12.0,12.0,12.0,12.0,12.0,12.0,12.0,12.0,12.0,12.0,12.0,12.0,12.0,12.0,12.0,12.0,12.0,12.0,12.0,12.0,12.0,12.0,12.0,12.0,12.0,12.0,12.0,12.0,12.0,12.0,12.0,12.0,12.0,12.0,12.0,12.0,12.0,12.0,12.0,12.0,12.0,12.0,12.0,12.0,12.0,12.0,12.0,12.0,12.0,12.0,12.0,12.0,12.0,12.0,12.0,12.0,12.0,12.0,12.0,12.0,12.0,12.0,12.0,12.0,12.0,12
uK5E1q3lxdk,803.0,807.0,809.0,818.0,824.0,830.0,832.0,836.0,838.0,847.0,851.0,851.0,851.0,852.0,852.0,853.0,854.0,856.0,856.0,857.0,859.0,862.0,863.0,863.0,863.0,864.0,866.0,867.0,867.0,867.0,869.0,871.0,871.0,872.0,872.0,873.0,874.0,875.0,875.0,875.0,875.0,876.0,876.0,876.0,878.0,878.0,878.0,878.0,878.0,878.0,878.0,879.0,879.0,879.0,879.0,879.0,879.0,879.0,879.0,880.0,880.0,880.0,880.0,880.0,880.0,880.0,880.0,880.0,880.0,880.0,880.0,880.0,881.0,881.0,881.0,881.0,881.0,881.0,881.0,882.0,882.0,882.0,883.0,883.0,883.0,884.0,884.0,884.0,884.0,884.0,885.0,886.0,886.0,886.0,886.0,886.0,886.0,886.0,888.0,888.0,888.0,888.0,888.0,888.0,888.0,888.0,888.0,888.0,888.0,888.0,888.0,888.0,888.0,888.0,888.0,889.0,890.0,890.0,891.0,891.0,891.0,891.0,891.0,891.0,891.0,891
WEHat15GwLY,143.0,144.0,145.0,145.0,145.0,145.0,145.0,145.0,145.0,145.0,145.0,145.0,145.0,145.0,144.0,144.0,144.0,144.0,144.0,144.0,144.0,144.0,144.0,144.0,144.0,144.0,144.0,144.0,144.0,144.0,144.0,144.0,144.0,144.0,145.0,145.0,145.0,145.0,145.0,145.0,144.0,144.0,144.0,143.0,144.0,144.0,144.0,144.0,144.0,144.0,144.0,144.0,144.0,145.0,145.0,146.0,146.0,146.0,146.0,146.0,146.0,146.0,146.0,146.0,146.0,146.0,147.0,147.0,147.0,147.0,147.0,147.0,147.0,147.0,147.0,147.0,147.0,147.0,147.0,147.0,147.0,147.0,147.0,147.0,148.0,148.0,148.0,148.0,148.0,148.0,148.0,148.0,148.0,148.0,148.0,148.0,148.0,148.0,148.0,148.0,148.0,148.0,148.0,148.0,148.0,148.0,148.0,148.0,148.0,148.0,148.0,148.0,148.0,148.0,148.0,148.0,148.0,148.0,148.0,148.0,148.0,148.0,148.0,148.0,148.0,148
QP9oFkAHLw4,39.0,39.0,39.0,39.0,39.0,39.0,39.0,39.0,39.0,39.0,39.0,39.0,39.0,39.0,39.0,39.0,39.0,39.0,39.0,39.0,39.0,39.0,39.0,39.0,39.0,39.0,39.0,39.0,39.0,39.0,39.0,39.0,39.0,39.0,39.0,39.0,39.0,39.0,39.0,39.0,39.0,39.0,39.0,39.0,39.0,39.0,39.0,39.0,39.0,39.0,39.0,39.0,39.0,39.0,39.0,39.0,39.0,39.0,39.0,39.0,39.0,39.0,39.0,39.0,39.0,39.0,39.0,39.0,39.0,39.0,39.0,39.0,39.0,39.0,39.0,39.0,39.0,39.0,39.0,39.0,39.0,39.0,39.0,39.0,39.0,39.0,39.0,39.0,39.0,39.0,39.0,39.0,39.0,39.0,39.0,39.0,39.0,39.0,39.0,39.0,39.0,39.0,39.0,39.0,39.0,39.0,39.0,39.0,39.0,39.0,39.0,39.0,39.0,39.0,39.0,39.0,39.0,39.0,39.0,39.0,39.0,39.0,39.0,39.0,39.0,39
qr4oH_06IZM,24566.0,24602.0,24621.0,24646.0,24649.0,24650.0,24662.0,24670.0,24680.0,24681.0,24683.0,24677.0,24673.0,24670.0,24670.0,24669.0,24672.0,24674.0,24679.0,24677.0,24680.0,24680.0,24677.0,24676.0,24677.0,24677.0,24677.0,24670.0,24671.0,24654.0,24652.0,24651.0,24654.0,24651.0,24650.0,24652.0,24653.0,24653.0,24657.0,24660.0,24664.0,24665.0,24665.0,24667.0,24671.0,24671.0,24669.0,24669.0,24671.0,24671.0,24671.0,24672.0,24670.0,24672.0,24670.0,24671.0,24671.0,24670.0,24662.0,24661.0,24662.0,24663.0,24664.0,24662.0,24662.0,24662.0,24664.0,24664.0,24664.0,24662.0,24661.0,24659.0,24661.0,24661.0,24660.0,24657.0,24658.0,24656.0,24658.0,24656.0,24656.0,24658.0,24659.0,24659.0,24660.0,24659.0,24658.0,24658.0,24658.0,24658.0,24659.0,24659.0,24661.0,24664.0,24663.0,24662.0,24662.0,24665.0,24652.0,24652.0,24652.0,24643.0,24634.0,24646.0,24648.0,24647.0,24647.0,24647.0,24655.0,24656.0,24656.0,24655.0,24655.0,24651.0,24648.0,24646.0,24644.0,24645.0,24643.0,24642.0,24629.0,24619.0,24621.0,24607.0,24605.0,24603
Kp5TFvtiB7k,7261.0,7261.0,7260.0,7261.0,7263.0,7263.0,7262.0,7261.0,7261.0,7261.0,7261.0,7262.0,7261.0,7261.0,7261.0,7261.0,7260.0,7260.0,7260.0,7259.0,7257.0,7258.0,7258.0,7258.0,7257.0,7256.0,7258.0,7256.0,7256.0,7255.0,7255.0,7255.0,7255.0,7254.0,7254.0,7254.0,7254.0,7253.0,7253.0,7253.0,7253.0,7253.0,7253.0,7253.0,7253.0,7247.0,7247.0,7247.0,7245.0,7245.0,7244.0,7244.0,7243.0,7241.0,7241.0,7241.0,7240.0,7239.0,7239.0,7237.0,7236.0,7236.0,7236.0,7234.0,7234.0,7167.0,7169.0,7169.0,7167.0,7167.0,7167.0,7167.0,7166.0,7166.0,7166.0,7166.0,7166.0,7168.0,7168.0,7167.0,7166.0,7166.0,7165.0,7165.0,7164.0,7163.0,7163.0,7162.0,7162.0,7162.0,7161.0,7161.0,7163.0,7163.0,7163.0,7162.0,7162.0,7163.0,7162.0,7162.0,7162.0,7162.0,7161.0,7162.0,7162.0,7161.0,7161.0,7161.0,7162.0,7162.0,7162.0,7162.0,7160.0,7160.0,7160.0,7158.0,7157.0,7157.0,7157.0,7151.0,7151.0,7151.0,7149.0,7149.0,7149.0,7149
dZ3pHHoR2qw,385.0,386.0,387.0,388.0,388.0,389.0,389.0,389.0,389.0,389.0,389.0,389.0,388.0,388.0,388.0,388.0,388.0,389.0,389.0,389.0,389.0,389.0,389.0,389.0,389.0,389.0,389.0,389.0,389.0,389.0,389.0,389.0,389.0,389.0,389.0,389.0,389.0,389.0,389.0,389.0,390.0,390.0,391.0,391.0,388.0,388.0,390.0,390.0,390.0,391.0,391.0,391.0,391.0,391.0,391.0,391.0,391.0,392.0,393.0,393.0,393.0,393.0,393.0,393.0,393.0,393.0,393.0,393.0,393.0,393.0,393.0,393.0,393.0,393.0,393.0,393.0,394.0,394.0,392.0,392.0,392.0,392.0,392.0,392.0,392.0,392.0,392.0,392.0,392.0,392.0,392.0,392.0,392.0,392.0,392.0,392.0,392.0,392.0,392.0,392.0,392.0,392.0,392.0,393.0,393.0,393.0,393.0,393.0,394.0,394.0,394.0,394.0,394.0,394.0,394.0,394.0,394.0,394.0,394.0,394.0,394.0,394.0,394.0,394.0,395.0,395
AWBFEU5MYzA,43.0,43.0,43.0,43.0,43.0,44.0,44.0,44.0,44.0,44.0,44.0,45.0,45.0,45.0,45.0,45.0,46.0,46.0,46.0,46.0,47.0,47.0,47.0,47.0,47.0,47.0,47.0,47.0,47.0,47.0,47.0,47.0,47.0,47.0,47.0,47.0,47.0,47.0,47.0,47.0,47.0,47.0,47.0,47.0,47.0,47.0,48.0,48.0,48.0,48.0,48.0,48.0,48.0,48.0,48.0,48.0,48.0,48.0,48.0,48.0,48.0,48.0,48.0,48.0,48.0,48.0,48.0,48.0,48.0,48.0,48.0,48.0,49.0,49.0,49.0,49.0,49.0,49.0,50.0,50.0,50.0,50.0,50.0,50.0,50.0,50.0,50.0,50.0,50.0,50.0,50.0,51.0,52.0,52.0,52.0,52.0,53.0,53.0,53.0,53.0,53.0,53.0,53.0,53.0,53.0,53.0,53.0,53.0,53.0,53.0,53.0,53.0,53.0,53.0,53.0,55.0,55.0,55.0,55.0,55.0,55.0,55.0,55.0,55.0,55.0,55
kNITt0i55NI,6136.0,6138.0,6138.0,6138.0,6140.0,6141.0,6141.0,6144.0,6147.0,6150.0,6152.0,6156.0,6161.0,6163.0,6164.0,6230.0,6275.0,6306.0,6307.0,6307.0,6308.0,6308.0,6309.0,6309.0,6309.0,6315.0,6315.0,6316.0,6316.0,6318.0,6317.0,6318.0,6319.0,6319.0,6319.0,6319.0,6321.0,6321.0,6323.0,6323.0,6325.0,6325.0,6326.0,6326.0,6326.0,6326.0,6325.0,6325.0,6325.0,6325.0,6325.0,6329.0,6331.0,6331.0,6330.0,6331.0,6331.0,6332.0,6338.0,6339.0,6339.0,6340.0,6343.0,6344.0,6344.0,6346.0,6346.0,6346.0,6346.0,6346.0,6345.0,6345.0,6345.0,6344.0,6346.0,6345.0,6348.0,6348.0,6349.0,6349.0,6351.0,6350.0,6349.0,6350.0,6350.0,6353.0,6354.0,6353.0,6354.0,6354.0,6355.0,6356.0,6356.0,6356.0,6356.0,6356.0,6356.0,6356.0,6357.0,6357.0,6357.0,6357.0,6357.0,6357.0,6357.0,6357.0,6357.0,6357.0,6357.0,6357.0,6357.0,6338.0,6338.0,6338.0,6338.0,6338.0,6338.0,6338.0,6338.0,6338.0,6338.0,6338.0,6338.0,6338.0,6338.0,6338
_OBiS38SJSo,17.0,17.0,17.0,17.0,17.0,17.0,17.0,17.0,17.0,17.0,17.0,17.0,17.0,17.0,17.0,17.0,17.0,17.0,17.0,17.0,17.0,17.0,17.0,17.0,17.0,17.0,17.0,17.0,17.0,17.0,17.0,17.0,17.0,17.0,17.0,17.0,17.0,17.0,17.0,17.0,17.0,17.0,17.0,17.0,17.0,17.0,17.0,17.0,17.0,17.0,17.0,17.0,17.0,17.0,17.0,18.0,18.0,18.0,18.0,18.0,18.0,18.0,18.0,18.0,18.0,18.0,18.0,18.0,18.0,18.0,18.0,18.0,18.0,18.0,18.0,18.0,18.0,0.0,18.0,18.0,18.0,18.0,18.0,18.0,18.0,18.0,18.0,18.0,18.0,18.0,18.0,18.0,18.0,18.0,18.0,18.0,18.0,18.0,18.0,18.0,18.0,18.0,18.0,18.0,18.0,18.0,18.0,18.0,18.0,18.0,18.0,18.0,18.0,18.0,18.0,18.0,18.0,18.0,18.0,18.0,18.0,18.0,18.0,18.0,18.0,18
QZpIWZC64NY,0.0,0.0,0.0,0.0,0.0,0.0,0.0,0.0,0.0,0.0,0.0,0.0,0.0,0.0,0.0,0.0,0.0,0.0,0.0,0.0,0.0,0.0,0.0,0.0,0.0,0.0,0.0,0.0,0.0,0.0,0.0,0.0,0.0,0.0,0.0,0.0,0.0,0.0,0.0,0.0,0.0,0.0,0.0,0.0,0.0,0.0,0.0,0.0,0.0,0.0,0.0,0.0,0.0,0.0,0.0,0.0,0.0,0.0,0.0,0.0,0.0,0.0,0.0,0.0,0.0,0.0,0.0,0.0,0.0,0.0,0.0,0.0,0.0,0.0,0.0,0.0,0.0,0.0,0.0,0.0,0.0,0.0,0.0,0.0,0.0,0.0,0.0,0.0,0.0,0.0,0.0,0.0,0.0,0.0,0.0,0.0,0.0,0.0,0.0,0.0,0.0,0.0,0.0,0.0,0.0,0.0,0.0,0.0,0.0,0.0,0.0,0.0,0.0,0.0,0.0,0.0,0.0,0.0,0.0,0.0,0.0,0.0,0.0,0.0,0.0,0
EtNu7SrOH1k,1730.0,1731.0,1732.0,1731.0,1734.0,1734.0,1737.0,1733.0,1734.0,1734.0,1734.0,1735.0,1735.0,1735.0,1735.0,1737.0,1738.0,1740.0,1741.0,1742.0,1743.0,1743.0,1743.0,1743.0,1747.0,1749.0,1725.0,1674.0,1674.0,1674.0,1674.0,1674.0,1674.0,1675.0,1675.0,1676.0,1676.0,1673.0,1676.0,1677.0,1677.0,1679.0,1679.0,1680.0,1681.0,1681.0,1682.0,1683.0,1684.0,1684.0,1684.0,1685.0,1685.0,1685.0,1685.0,1685.0,1685.0,1684.0,1684.0,1684.0,1684.0,1684.0,1685.0,1686.0,1687.0,1687.0,1688.0,1688.0,1688.0,1688.0,1688.0,1689.0,1689.0,1689.0,1689.0,1689.0,1689.0,1693.0,1693.0,1695.0,1696.0,1696.0,1696.0,1697.0,1697.0,1697.0,1697.0,1697.0,1699.0,1700.0,1700.0,1700.0,1701.0,1701.0,1701.0,1701.0,1701.0,1701.0,1701.0,1701.0,1701.0,1701.0,1701.0,1701.0,1702.0,1705.0,1705.0,1705.0,1705.0,1705.0,1706.0,1706.0,1706.0,1708.0,1708.0,1708.0,1708.0,1708.0,1708.0,1708.0,1707.0,1706.0,1706.0,1706.0,1706.0,1707
kYzX8dvFkdw,216.0,216.0,216.0,216.0,216.0,216.0,216.0,216.0,216.0,216.0,216.0,216.0,216.0,216.0,216.0,216.0,216.0,216.0,216.0,216.0,217.0,217.0,217.0,217.0,217.0,217.0,217.0,217.0,217.0,218.0,218.0,218.0,218.0,218.0,217.0,217.0,217.0,217.0,217.0,217.0,217.0,217.0,217.0,217.0,217.0,215.0,215.0,215.0,217.0,217.0,217.0,217.0,217.0,217.0,217.0,217.0,217.0,217.0,217.0,217.0,218.0,218.0,218.0,218.0,218.0,218.0,218.0,218.0,218.0,218.0,218.0,218.0,218.0,218.0,218.0,218.0,219.0,219.0,219.0,219.0,219.0,219.0,219.0,219.0,219.0,219.0,219.0,219.0,219.0,219.0,219.0,219.0,219.0,219.0,219.0,219.0,219.0,219.0,219.0,222.0,221.0,221.0,221.0,221.0,221.0,221.0,221.0,221.0,221.0,221.0,221.0,221.0,221.0,221.0,221.0,221.0,221.0,221.0,221.0,221.0,221.0,221.0,221.0,221.0,221.0,221
JfH_Jb8_BOk,4295.0,4295.0,4296.0,4297.0,4299.0,4304.0,4305.0,4306.0,4307.0,4307.0,4308.0,4310.0,4310.0,4311.0,4303.0,4304.0,4306.0,4307.0,4308.0,4309.0,4311.0,4312.0,4315.0,4317.0,4319.0,4321.0,4324.0,4326.0,4329.0,4330.0,4331.0,4330.0,4332.0,4333.0,4335.0,4336.0,4339.0,4341.0,4342.0,4343.0,4345.0,4334.0,4335.0,4337.0,4339.0,4341.0,4341.0,4341.0,4342.0,4344.0,4347.0,4348.0,4344.0,4345.0,4346.0,4348.0,4349.0,4348.0,4349.0,4349.0,4350.0,4352.0,4330.0,4330.0,4331.0,4332.0,4334.0,4337.0,4339.0,4339.0,4341.0,4342.0,4344.0,4345.0,4346.0,4347.0,4349.0,4351.0,4354.0,4355.0,4356.0,4355.0,4356.0,4357.0,4359.0,4361.0,4362.0,4362.0,4364.0,4365.0,4366.0,4367.0,4368.0,4369.0,4370.0,4371.0,4373.0,4374.0,4375.0,4377.0,4379.0,4380.0,4381.0,4383.0,4386.0,4387.0,4389.0,4390.0,4391.0,4392.0,4393.0,4396.0,4398.0,4398.0,4400.0,4403.0,4404.0,4405.0,4406.0,4405.0,4405.0,4406.0,4407.0,4408.0,4409.0,4411
1ZX1vEDTfY4,20044.0,20147.0,20238.0,20276.0,20344.0,20420.0,20450.0,20495.0,20554.0,20657.0,20793.0,20855.0,20915.0,21009.0,20931.0,20986.0,21041.0,21099.0,21175.0,21218.0,21258.0,21365.0,21502.0,21561.0,21632.0,21700.0,21774.0,21843.0,21907.0,21998.0,22047.0,22091.0,22187.0,22235.0,22322.0,22384.0,22418.0,22470.0,22525.0,22578.0,22690.0,22135.0,22163.0,22223.0,22291.0,22341.0,22376.0,22328.0,22301.0,22353.0,22410.0,22440.0,22494.0,22460.0,22506.0,22552.0,22580.0,22504.0,22540.0,22567.0,22582.0,22572.0,22514.0,22517.0,22542.0,22554.0,22571.0,22592.0,22623.0,22636.0,22650.0,22676.0,22692.0,22701.0,22715.0,22728.0,22752.0,22775.0,22804.0,22820.0,22839.0,22845.0,22868.0,22883.0,22907.0,22932.0,22944.0,22941.0,22989.0,23008.0,23021.0,23032.0,23055.0,23063.0,23089.0,23100.0,23115.0,23127.0,23142.0,23156.0,23112.0,23129.0,23129.0,23141.0,23157.0,23156.0,23185.0,23203.0,23213.0,23225.0,23234.0,23244.0,23233.0,23238.0,23243.0,23261.0,23272.0,23287.0,23308.0,23332.0,23337.0,23341.0,23343.0,23351.0,23350.0,23354
ivtsWSkxkgo,159.0,160.0,160.0,160.0,160.0,160.0,161.0,161.0,161.0,161.0,162.0,162.0,162.0,162.0,162.0,164.0,164.0,164.0,164.0,164.0,164.0,164.0,164.0,164.0,164.0,164.0,163.0,163.0,163.0,163.0,163.0,163.0,163.0,163.0,163.0,163.0,163.0,163.0,163.0,163.0,163.0,163.0,163.0,163.0,163.0,164.0,164.0,164.0,164.0,164.0,164.0,164.0,164.0,164.0,164.0,164.0,164.0,164.0,164.0,164.0,164.0,164.0,164.0,164.0,164.0,165.0,165.0,165.0,165.0,165.0,165.0,165.0,165.0,165.0,165.0,166.0,166.0,166.0,166.0,166.0,166.0,167.0,167.0,167.0,167.0,167.0,167.0,167.0,167.0,167.0,167.0,167.0,167.0,167.0,167.0,167.0,167.0,167.0,167.0,167.0,169.0,170.0,170.0,170.0,170.0,170.0,170.0,170.0,170.0,169.0,169.0,169.0,169.0,169.0,169.0,169.0,169.0,169.0,170.0,170.0,170.0,170.0,170.0,171.0,171.0,171
69QCKEYOAZs,3473.0,3475.0,3476.0,3476.0,3476.0,3477.0,3477.0,3504.0,3504.0,3504.0,3504.0,3504.0,3506.0,3508.0,3507.0,3507.0,3507.0,3507.0,3508.0,3508.0,3508.0,3508.0,3508.0,3508.0,3510.0,3510.0,3510.0,3510.0,3509.0,3509.0,3509.0,3510.0,3511.0,3502.0,3502.0,3503.0,3506.0,3507.0,3507.0,3507.0,3510.0,3512.0,3508.0,3508.0,3508.0,3509.0,3509.0,3505.0,3506.0,3507.0,3509.0,3512.0,3514.0,3513.0,3514.0,3518.0,3520.0,3521.0,3521.0,3521.0,3522.0,3522.0,3524.0,3524.0,3525.0,3526.0,3529.0,3530.0,3530.0,3530.0,3534.0,3535.0,3536.0,3538.0,3540.0,3540.0,3541.0,3542.0,3542.0,3539.0,3540.0,3541.0,3541.0,3541.0,3540.0,3483.0,3484.0,3487.0,3487.0,3487.0,3487.0,3487.0,3489.0,3489.0,3490.0,3490.0,3490.0,3490.0,3491.0,3491.0,3491.0,3491.0,3491.0,3494.0,3494.0,3494.0,3494.0,3494.0,3492.0,3493.0,3496.0,3498.0,3498.0,3499.0,3499.0,3501.0,3501.0,3503.0,3504.0,3503.0,3504.0,3504.0,3505.0,3509.0,3509.0,3509
DxMu1pv8b9Y,22657.0,22659.0,22659.0,22664.0,22672.0,22676.0,22678.0,22682.0,22685.0,22681.0,22692.0,22700.0,22707.0,22714.0,22722.0,22733.0,22740.0,22747.0,22752.0,22760.0,22733.0,22735.0,22741.0,22744.0,22746.0,22748.0,22754.0,22762.0,22770.0,22772.0,22776.0,22775.0,22778.0,22783.0,22802.0,22810.0,22819.0,22825.0,22838.0,22841.0,22844.0,22849.0,22852.0,22853.0,22860.0,22863.0,22867.0,22870.0,22870.0,22873.0,22879.0,22885.0,22899.0,22906.0,22921.0,22932.0,22933.0,22939.0,22943.0,22946.0,22950.0,22945.0,22948.0,22952.0,22952.0,22962.0,22966.0,22967.0,22974.0,22980.0,22983.0,22993.0,22995.0,22997.0,22997.0,23000.0,23003.0,23005.0,23010.0,23015.0,23018.0,23019.0,23017.0,23018.0,23022.0,23024.0,23027.0,23031.0,23031.0,23035.0,23037.0,23038.0,23037.0,23040.0,23041.0,23042.0,23044.0,23047.0,23047.0,23050.0,23054.0,23056.0,23058.0,23066.0,23069.0,23073.0,23079.0,23078.0,23077.0,23080.0,23079.0,23079.0,23079.0,23086.0,23087.0,23090.0,23094.0,23096.0,23097.0,23099.0,23102.0,23111.0,23112.0,23113.0,23114.0,23108
DxMu1pv8b9Y,22657.0,22659.0,22659.0,22664.0,22672.0,22676.0,22678.0,22682.0,22685.0,22681.0,22692.0,22700.0,22707.0,22714.0,22722.0,22733.0,22740.0,22747.0,22752.0,22760.0,22733.0,22735.0,22741.0,22744.0,22746.0,22748.0,22754.0,22762.0,22770.0,22772.0,22776.0,22775.0,22778.0,22783.0,22802.0,22810.0,22819.0,22825.0,22838.0,22841.0,22844.0,22849.0,22852.0,22853.0,22860.0,22863.0,22867.0,22870.0,22870.0,22873.0,22879.0,22885.0,22899.0,22906.0,22921.0,22932.0,22933.0,22939.0,22943.0,22946.0,22950.0,22945.0,22948.0,22952.0,22952.0,22962.0,22966.0,22967.0,22974.0,22980.0,22983.0,22993.0,22995.0,22997.0,22997.0,23000.0,23003.0,23005.0,23010.0,23015.0,23018.0,23019.0,23017.0,23018.0,23022.0,23024.0,23027.0,23031.0,23031.0,23035.0,23037.0,23038.0,23037.0,23040.0,23041.0,23042.0,23044.0,23047.0,23047.0,23050.0,23054.0,23056.0,23058.0,23066.0,23069.0,23073.0,23079.0,23078.0,23077.0,23080.0,23079.0,23079.0,23079.0,23086.0,23087.0,23090.0,23094.0,23096.0,23097.0,23099.0,23102.0,23111.0,23112.0,23113.0,23114.0,23108
4d5C_PQl8Tg,84019.0,84090.0,84144.0,84210.0,84227.0,84274.0,84328.0,84383.0,84425.0,84472.0,84522.0,84569.0,84624.0,84673.0,84706.0,84740.0,84776.0,84828.0,84856.0,84906.0,84953.0,84990.0,85012.0,85039.0,85062.0,85079.0,85095.0,85120.0,85152.0,85018.0,85048.0,85074.0,85094.0,85125.0,85150.0,85175.0,85240.0,85306.0,85323.0,85356.0,85391.0,85414.0,85429.0,85450.0,85479.0,85507.0,85522.0,85550.0,85581.0,85611.0,85623.0,85632.0,85656.0,85676.0,85688.0,85704.0,85721.0,85748.0,85758.0,85786.0,85798.0,85812.0,85819.0,85829.0,85842.0,85843.0,85880.0,85900.0,85914.0,85932.0,85950.0,85970.0,85985.0,86005.0,86031.0,86050.0,86072.0,86100.0,86142.0,86171.0,86197.0,86225.0,86235.0,86253.0,86265.0,86284.0,86289.0,86303.0,86322.0,86346.0,86372.0,86397.0,86413.0,86439.0,86464.0,86482.0,86500.0,86525.0,86539.0,86557.0,86593.0,86643.0,86658.0,86672.0,86696.0,86728.0,86747.0,86767.0,86789.0,86808.0,86828.0,86852.0,86861.0,86873.0,86883.0,86900.0,86920.0,86928.0,86950.0,86965.0,86959.0,86904.0,86907.0,86919.0,86928.0,86936
AWqCMnJw1Tw,212.0,212.0,212.0,212.0,212.0,212.0,212.0,212.0,212.0,212.0,212.0,212.0,212.0,212.0,212.0,211.0,211.0,212.0,212.0,212.0,212.0,212.0,212.0,212.0,212.0,212.0,212.0,212.0,212.0,212.0,212.0,212.0,212.0,214.0,214.0,214.0,214.0,214.0,214.0,214.0,214.0,214.0,214.0,214.0,213.0,213.0,214.0,214.0,214.0,214.0,214.0,214.0,214.0,214.0,214.0,214.0,214.0,214.0,216.0,216.0,216.0,216.0,216.0,216.0,216.0,216.0,216.0,216.0,216.0,216.0,216.0,216.0,217.0,217.0,217.0,217.0,217.0,217.0,217.0,217.0,219.0,219.0,219.0,219.0,219.0,219.0,219.0,219.0,219.0,219.0,219.0,220.0,221.0,221.0,221.0,221.0,221.0,221.0,221.0,221.0,221.0,221.0,221.0,221.0,221.0,221.0,221.0,221.0,222.0,222.0,222.0,222.0,222.0,223.0,223.0,223.0,223.0,223.0,223.0,223.0,223.0,222.0,222.0,222.0,222.0,222
CY0_asTdF8c,123.0,123.0,122.0,122.0,122.0,122.0,122.0,122.0,122.0,122.0,122.0,122.0,122.0,122.0,122.0,122.0,122.0,122.0,122.0,122.0,122.0,122.0,122.0,122.0,122.0,122.0,122.0,122.0,122.0,122.0,122.0,122.0,122.0,122.0,122.0,122.0,122.0,122.0,122.0,122.0,122.0,122.0,122.0,122.0,122.0,122.0,122.0,122.0,122.0,122.0,122.0,122.0,122.0,122.0,122.0,122.0,122.0,122.0,122.0,122.0,122.0,122.0,122.0,122.0,122.0,122.0,122.0,122.0,122.0,122.0,122.0,122.0,122.0,122.0,122.0,122.0,122.0,122.0,122.0,122.0,122.0,122.0,122.0,122.0,122.0,122.0,122.0,122.0,122.0,122.0,122.0,122.0,122.0,122.0,122.0,122.0,122.0,122.0,122.0,122.0,122.0,122.0,122.0,122.0,122.0,122.0,122.0,122.0,122.0,122.0,122.0,122.0,122.0,122.0,122.0,122.0,122.0,122.0,122.0,122.0,122.0,119.0,119.0,119.0,119.0,119
SXW7vtDDSWs,204.0,205.0,205.0,205.0,206.0,206.0,206.0,207.0,207.0,207.0,207.0,207.0,207.0,209.0,210.0,210.0,210.0,210.0,211.0,211.0,211.0,211.0,211.0,211.0,211.0,211.0,211.0,212.0,212.0,212.0,213.0,213.0,213.0,213.0,214.0,214.0,214.0,214.0,214.0,214.0,214.0,215.0,215.0,215.0,215.0,215.0,215.0,215.0,215.0,215.0,215.0,215.0,215.0,215.0,215.0,213.0,213.0,213.0,213.0,213.0,213.0,213.0,213.0,215.0,215.0,216.0,216.0,216.0,216.0,216.0,217.0,217.0,217.0,217.0,217.0,217.0,217.0,217.0,217.0,217.0,217.0,217.0,217.0,217.0,217.0,217.0,217.0,217.0,217.0,217.0,217.0,217.0,217.0,217.0,217.0,218.0,218.0,218.0,218.0,218.0,218.0,218.0,218.0,218.0,218.0,218.0,218.0,217.0,217.0,217.0,217.0,217.0,217.0,217.0,217.0,217.0,217.0,217.0,217.0,217.0,217.0,216.0,216.0,216.0,216.0,216
r139uUveYbk,121.0,121.0,121.0,121.0,121.0,121.0,121.0,121.0,121.0,120.0,120.0,120.0,120.0,121.0,121.0,121.0,121.0,121.0,122.0,122.0,122.0,122.0,122.0,122.0,122.0,122.0,122.0,122.0,122.0,123.0,123.0,123.0,123.0,123.0,123.0,124.0,124.0,125.0,125.0,125.0,125.0,125.0,125.0,125.0,127.0,127.0,128.0,128.0,129.0,129.0,130.0,130.0,130.0,130.0,130.0,130.0,130.0,130.0,130.0,130.0,130.0,130.0,130.0,130.0,131.0,131.0,131.0,131.0,131.0,131.0,131.0,132.0,132.0,132.0,132.0,132.0,132.0,133.0,133.0,133.0,133.0,133.0,133.0,133.0,133.0,134.0,134.0,134.0,134.0,134.0,134.0,135.0,135.0,135.0,135.0,135.0,135.0,135.0,135.0,135.0,135.0,135.0,135.0,135.0,135.0,135.0,136.0,136.0,136.0,136.0,136.0,136.0,136.0,137.0,137.0,137.0,137.0,137.0,137.0,137.0,137.0,136.0,136.0,136.0,136.0,136
kxUA2wwYiME,67374.0,67424.0,67510.0,67664.0,67800.0,67935.0,68113.0,68166.0,68216.0,68296.0,68355.0,68429.0,68486.0,68615.0,68714.0,68786.0,68825.0,68854.0,68870.0,68880.0,68913.0,68951.0,69029.0,69077.0,69106.0,69154.0,69179.0,69185.0,69243.0,69275.0,69268.0,69269.0,69285.0,69320.0,69342.0,69363.0,69385.0,69421.0,69445.0,69473.0,69484.0,69529.0,69549.0,69576.0,69620.0,69643.0,69654.0,69673.0,69687.0,69706.0,69735.0,69745.0,69750.0,69760.0,69769.0,69783.0,69805.0,69814.0,69840.0,69859.0,69880.0,69891.0,69825.0,69854.0,69878.0,69903.0,69923.0,69949.0,69986.0,70001.0,70008.0,70020.0,70036.0,70059.0,70070.0,70092.0,70108.0,70123.0,70127.0,70140.0,70147.0,70166.0,70183.0,70195.0,70201.0,70222.0,70237.0,70241.0,70268.0,70277.0,70290.0,70306.0,70327.0,70344.0,70354.0,70370.0,70374.0,70385.0,70397.0,70414.0,70429.0,70445.0,70455.0,70466.0,70467.0,70474.0,70492.0,70491.0,70517.0,70556.0,70557.0,70581.0,70606.0,70624.0,70642.0,70666.0,70678.0,70689.0,70636.0,70651.0,70662.0,70669.0,70679.0,70686.0,70692.0,70705
3kfhoikVzUc,3959.0,3961.0,3961.0,3965.0,3967.0,3971.0,3974.0,3975.0,3978.0,3978.0,3981.0,3984.0,3984.0,3987.0,3991.0,3992.0,3996.0,3999.0,4003.0,4003.0,4003.0,4002.0,4003.0,4004.0,4008.0,4009.0,4013.0,4016.0,4017.0,4008.0,4009.0,4009.0,4009.0,4010.0,4014.0,4017.0,4017.0,4018.0,4021.0,4022.0,4022.0,4024.0,4025.0,4025.0,4024.0,4027.0,4027.0,4027.0,4029.0,4032.0,4029.0,4036.0,4034.0,4035.0,4036.0,4043.0,4041.0,4043.0,4044.0,4046.0,4046.0,4049.0,4051.0,4035.0,4035.0,4036.0,4036.0,4037.0,4039.0,4040.0,4040.0,4041.0,4043.0,4044.0,4043.0,4043.0,4044.0,4047.0,4047.0,4048.0,4048.0,4049.0,4051.0,4051.0,4052.0,4052.0,4052.0,4053.0,4055.0,4056.0,4054.0,4053.0,4055.0,4056.0,4058.0,4061.0,4062.0,4062.0,4061.0,4061.0,4063.0,4062.0,4062.0,4064.0,4064.0,4065.0,4065.0,4067.0,4069.0,4069.0,4070.0,4071.0,4072.0,4073.0,4073.0,4074.0,4076.0,4078.0,4078.0,4080.0,4081.0,4082.0,4083.0,4085.0,4085.0,4086
RTTVWPXcd8A,1685.0,1685.0,1686.0,1687.0,1687.0,1687.0,1687.0,1687.0,1687.0,1687.0,1686.0,1687.0,1687.0,1687.0,1687.0,1686.0,1687.0,1686.0,1686.0,1686.0,1686.0,1685.0,1685.0,1685.0,1685.0,1685.0,1684.0,1684.0,1684.0,1683.0,1683.0,1683.0,1683.0,1683.0,1683.0,1683.0,1683.0,1683.0,1683.0,1683.0,1683.0,1683.0,1683.0,1683.0,1683.0,1683.0,1683.0,1684.0,1684.0,1684.0,1683.0,1683.0,1683.0,1683.0,1683.0,1683.0,1682.0,1682.0,1682.0,1682.0,1682.0,1682.0,1682.0,1682.0,1682.0,1682.0,1682.0,1682.0,1682.0,1682.0,1683.0,1685.0,1685.0,1685.0,1686.0,1686.0,1686.0,1686.0,1686.0,1685.0,1686.0,1686.0,1687.0,1687.0,1687.0,1687.0,1687.0,1687.0,1687.0,1687.0,1687.0,1687.0,1687.0,1687.0,1687.0,1687.0,1687.0,1688.0,1688.0,1688.0,1688.0,1687.0,1687.0,1687.0,1687.0,1687.0,1687.0,1687.0,1687.0,1687.0,1688.0,1688.0,1688.0,1688.0,1688.0,1688.0,1688.0,1688.0,1687.0,1688.0,1688.0,1688.0,1688.0,1688.0,1688.0,1688
y438mzlXS4c,1861.0,1868.0,1876.0,1882.0,1889.0,1894.0,1894.0,1898.0,1900.0,1906.0,1906.0,1907.0,1905.0,1903.0,1905.0,1907.0,1911.0,1912.0,1913.0,1917.0,1917.0,1918.0,1920.0,1921.0,1921.0,1922.0,1926.0,1927.0,1927.0,1929.0,1929.0,1931.0,1936.0,1939.0,1944.0,1945.0,1947.0,1919.0,1920.0,1921.0,1921.0,1924.0,1925.0,1924.0,1930.0,1932.0,1935.0,1937.0,1942.0,1946.0,1946.0,1947.0,1949.0,1949.0,1946.0,1946.0,1935.0,1934.0,1933.0,1934.0,1935.0,1937.0,1937.0,1938.0,1939.0,1939.0,1935.0,1936.0,1936.0,1936.0,1936.0,1936.0,1938.0,1937.0,1937.0,1937.0,1938.0,1941.0,1941.0,1943.0,1943.0,1943.0,1946.0,1948.0,1950.0,1950.0,1949.0,1947.0,1948.0,1948.0,1947.0,1948.0,1948.0,1951.0,1951.0,1952.0,1952.0,1952.0,1952.0,1952.0,1952.0,1952.0,1953.0,1954.0,1954.0,1955.0,1955.0,1957.0,1957.0,1959.0,1957.0,1963.0,1963.0,1966.0,1967.0,1966.0,1966.0,1967.0,1967.0,1967.0,1966.0,1965.0,1965.0,1965.0,1970.0,1973
pjeK4zHCkvE,567.0,570.0,570.0,572.0,573.0,574.0,575.0,576.0,577.0,579.0,582.0,584.0,587.0,590.0,591.0,592.0,595.0,596.0,596.0,597.0,599.0,600.0,602.0,607.0,608.0,608.0,610.0,611.0,612.0,612.0,613.0,613.0,614.0,615.0,615.0,617.0,618.0,619.0,619.0,620.0,621.0,622.0,623.0,624.0,625.0,627.0,628.0,629.0,630.0,631.0,633.0,634.0,634.0,634.0,636.0,639.0,640.0,642.0,643.0,644.0,645.0,646.0,647.0,648.0,651.0,653.0,654.0,654.0,656.0,658.0,659.0,660.0,660.0,661.0,661.0,663.0,664.0,665.0,666.0,666.0,668.0,670.0,671.0,672.0,673.0,674.0,675.0,676.0,677.0,675.0,677.0,679.0,680.0,682.0,682.0,682.0,683.0,684.0,685.0,686.0,687.0,687.0,688.0,689.0,689.0,690.0,690.0,690.0,691.0,692.0,692.0,692.0,693.0,693.0,693.0,693.0,693.0,693.0,693.0,693.0,693.0,695.0,695.0,695.0,696.0,696
6lKNuvZK2oA,6940.0,6947.0,6952.0,6959.0,6964.0,6979.0,6994.0,7005.0,7012.0,7016.0,7021.0,7023.0,7030.0,7018.0,7022.0,7028.0,7032.0,7034.0,7037.0,7042.0,7041.0,7047.0,7054.0,7059.0,7059.0,7065.0,7074.0,7080.0,7091.0,7109.0,7124.0,7132.0,7140.0,7144.0,7148.0,7154.0,7163.0,7166.0,7172.0,7175.0,7178.0,7185.0,7193.0,7197.0,7205.0,7206.0,7208.0,7212.0,7214.0,7227.0,7232.0,7233.0,7236.0,7239.0,7248.0,7254.0,7259.0,7263.0,7265.0,7265.0,7270.0,7273.0,7274.0,7274.0,7284.0,7295.0,7296.0,7300.0,7307.0,7309.0,7313.0,7314.0,7319.0,7321.0,7324.0,7325.0,7331.0,7336.0,7358.0,7366.0,7369.0,7372.0,7375.0,7376.0,7379.0,7382.0,7382.0,7386.0,7386.0,7389.0,7390.0,7391.0,7397.0,7397.0,7401.0,7401.0,7402.0,7407.0,7413.0,7414.0,7419.0,7430.0,7435.0,7436.0,7444.0,7435.0,7435.0,7435.0,7435.0,7436.0,7439.0,7439.0,7434.0,7434.0,7433.0,7433.0,7434.0,7434.0,7436.0,7436.0,7436.0,7436.0,7437.0,7442.0,7445.0,7445
Fpz6woSbpmk,0.0,0.0,0.0,0.0,0.0,0.0,0.0,0.0,0.0,0.0,0.0,0.0,0.0,0.0,0.0,0.0,0.0,0.0,0.0,0.0,0.0,0.0,0.0,0.0,0.0,0.0,0.0,0.0,0.0,0.0,0.0,0.0,0.0,0.0,0.0,0.0,0.0,0.0,0.0,0.0,0.0,0.0,0.0,0.0,0.0,0.0,0.0,0.0,0.0,0.0,0.0,0.0,0.0,0.0,0.0,0.0,0.0,0.0,0.0,0.0,0.0,0.0,0.0,0.0,0.0,0.0,0.0,0.0,0.0,0.0,0.0,0.0,0.0,0.0,0.0,0.0,0.0,0.0,0.0,0.0,0.0,0.0,0.0,0.0,0.0,0.0,0.0,0.0,0.0,0.0,0.0,0.0,0.0,0.0,0.0,0.0,0.0,0.0,0.0,0.0,0.0,0.0,0.0,0.0,0.0,0.0,0.0,0.0,0.0,0.0,0.0,0.0,0.0,0.0,0.0,0.0,0.0,0.0,0.0,0.0,0.0,0.0,0.0,0.0,0.0,0
rxlQ5OgscMo,817.0,819.0,819.0,819.0,818.0,819.0,814.0,806.0,806.0,805.0,805.0,805.0,806.0,806.0,806.0,806.0,806.0,806.0,806.0,806.0,805.0,805.0,803.0,806.0,806.0,807.0,808.0,810.0,810.0,810.0,810.0,810.0,810.0,810.0,810.0,810.0,809.0,809.0,809.0,807.0,807.0,807.0,807.0,807.0,807.0,807.0,807.0,807.0,807.0,807.0,807.0,807.0,807.0,806.0,806.0,806.0,806.0,806.0,806.0,808.0,808.0,808.0,808.0,808.0,808.0,805.0,803.0,803.0,803.0,803.0,803.0,803.0,803.0,804.0,805.0,805.0,805.0,805.0,805.0,806.0,806.0,806.0,806.0,806.0,806.0,806.0,806.0,807.0,807.0,807.0,807.0,807.0,807.0,807.0,806.0,806.0,806.0,806.0,806.0,806.0,806.0,806.0,806.0,806.0,806.0,807.0,807.0,807.0,807.0,807.0,807.0,807.0,807.0,809.0,809.0,809.0,809.0,809.0,809.0,809.0,807.0,807.0,807.0,807.0,807.0,807
8AN66zZYLw8,8274.0,8273.0,8272.0,8272.0,8272.0,8269.0,8270.0,8270.0,8270.0,8272.0,8273.0,8273.0,8273.0,8267.0,8266.0,8269.0,8271.0,8270.0,8269.0,8266.0,8263.0,8264.0,8262.0,8261.0,8260.0,8260.0,8260.0,8261.0,8262.0,8261.0,8259.0,8259.0,8258.0,8258.0,8258.0,8259.0,8259.0,8257.0,8257.0,8257.0,8257.0,8257.0,8257.0,8256.0,8256.0,8255.0,8255.0,8255.0,8255.0,8255.0,8256.0,8256.0,8243.0,8242.0,8242.0,8242.0,8242.0,8243.0,8242.0,8239.0,8237.0,8236.0,8236.0,8235.0,8233.0,8234.0,8233.0,8233.0,8234.0,8234.0,8234.0,8234.0,8234.0,8234.0,8234.0,8233.0,8233.0,8232.0,8231.0,8231.0,8232.0,8232.0,8232.0,8232.0,8232.0,8233.0,8233.0,8234.0,8234.0,8235.0,8234.0,8234.0,8234.0,8234.0,8234.0,8235.0,8234.0,8235.0,8235.0,8235.0,8235.0,8235.0,8234.0,8233.0,8232.0,8232.0,8232.0,8232.0,8232.0,8232.0,8232.0,8233.0,8233.0,8233.0,8232.0,8232.0,8231.0,8231.0,8232.0,8230.0,8226.0,8226.0,8225.0,8225.0,8225.0,8222
nBIJDbijfZQ,1822.0,1823.0,1823.0,1823.0,1823.0,1824.0,1824.0,1824.0,1824.0,1824.0,1824.0,1824.0,1824.0,1825.0,1825.0,1827.0,1828.0,1828.0,1830.0,1835.0,1835.0,1837.0,1837.0,1837.0,1838.0,1838.0,1844.0,1844.0,1844.0,1844.0,1845.0,1846.0,1846.0,1851.0,1851.0,1851.0,1851.0,1851.0,1852.0,1852.0,1852.0,1852.0,1853.0,1852.0,1853.0,1855.0,1855.0,1854.0,1854.0,1855.0,1857.0,1857.0,1859.0,1859.0,1859.0,1857.0,1857.0,1857.0,1857.0,1858.0,1857.0,1860.0,1860.0,1861.0,1863.0,1863.0,1865.0,1864.0,1865.0,1865.0,1866.0,1867.0,1867.0,1867.0,1868.0,1869.0,1870.0,1870.0,1871.0,1873.0,1873.0,1875.0,1877.0,1878.0,1878.0,1878.0,1878.0,1878.0,1855.0,1855.0,1857.0,1858.0,1858.0,1858.0,1861.0,1861.0,1861.0,1861.0,1861.0,1861.0,1860.0,1860.0,1860.0,1860.0,1860.0,1862.0,1862.0,1864.0,1862.0,1862.0,1862.0,1862.0,1863.0,1863.0,1863.0,1863.0,1863.0,1863.0,1863.0,1862.0,1863.0,1863.0,1862.0,1863.0,1862.0,1862
I_msu2-4UAU,17758.0,17759.0,17761.0,17774.0,17781.0,17781.0,17784.0,17789.0,17794.0,17798.0,17799.0,17804.0,17810.0,17814.0,17814.0,17818.0,17820.0,17828.0,17830.0,17830.0,17830.0,17835.0,17836.0,17836.0,17840.0,17836.0,17837.0,17837.0,17842.0,17844.0,17848.0,17848.0,17851.0,17852.0,17854.0,17853.0,17858.0,17859.0,17861.0,17862.0,17863.0,17872.0,17879.0,17883.0,17892.0,17893.0,17899.0,17900.0,17902.0,17901.0,17908.0,17914.0,17915.0,17919.0,17901.0,17902.0,17898.0,17900.0,17904.0,17902.0,17902.0,17903.0,17904.0,17906.0,17908.0,17910.0,17912.0,17914.0,17916.0,17922.0,17924.0,17927.0,17929.0,17928.0,17930.0,17930.0,17930.0,17932.0,17936.0,17938.0,17942.0,17944.0,17935.0,17938.0,17939.0,17936.0,17937.0,17941.0,17941.0,17943.0,17944.0,17943.0,17944.0,17946.0,17949.0,17950.0,17948.0,17948.0,17947.0,17948.0,17948.0,17949.0,17950.0,17950.0,17949.0,17950.0,17950.0,17949.0,17952.0,17952.0,17955.0,17959.0,17959.0,17958.0,17958.0,17959.0,17958.0,17965.0,17970.0,17972.0,17972.0,17973.0,17973.0,17969.0,17969.0,17969
1EEuRx-Zw9c,0.0,0.0,0.0,0.0,0.0,0.0,0.0,0.0,0.0,0.0,0.0,0.0,0.0,0.0,0.0,0.0,0.0,0.0,0.0,0.0,0.0,0.0,0.0,0.0,0.0,0.0,0.0,0.0,0.0,0.0,0.0,0.0,0.0,0.0,0.0,0.0,0.0,0.0,0.0,0.0,0.0,0.0,0.0,0.0,0.0,0.0,0.0,0.0,0.0,0.0,0.0,0.0,0.0,0.0,0.0,0.0,0.0,0.0,0.0,0.0,0.0,0.0,0.0,0.0,0.0,0.0,0.0,0.0,0.0,0.0,0.0,0.0,0.0,0.0,0.0,0.0,0.0,0.0,0.0,0.0,0.0,0.0,0.0,0.0,0.0,0.0,0.0,0.0,0.0,0.0,0.0,0.0,0.0,0.0,0.0,0.0,0.0,0.0,0.0,0.0,0.0,0.0,0.0,0.0,0.0,0.0,0.0,0.0,0.0,0.0,0.0,0.0,0.0,0.0,0.0,0.0,0.0,0.0,0.0,0.0,0.0,0.0,0.0,0.0,0.0,0
RVF5vVgbfEc,27.0,27.0,27.0,27.0,27.0,27.0,27.0,27.0,27.0,27.0,27.0,27.0,,,,,,,,,,,,,,,,,,,,,,,,,,,,,,,,,,,,,,,,,,,,,,,,,,,,,,,,,,,,,,,,,,,,,,,,,,,,,,,,,,,,,,,,,,,,,,,,,,,,,,,,,,,,,,,,,,
qlgEadao-Sk,8879.0,8896.0,8904.0,8913.0,8895.0,8861.0,8867.0,8877.0,8880.0,8886.0,8892.0,8897.0,8903.0,8908.0,8909.0,8920.0,8922.0,8927.0,8933.0,8935.0,8938.0,8936.0,8936.0,8939.0,8943.0,8944.0,8945.0,8949.0,8949.0,8948.0,8950.0,8953.0,8954.0,8962.0,8968.0,8972.0,8973.0,8972.0,8974.0,8975.0,8981.0,8986.0,8988.0,8991.0,8994.0,9004.0,9009.0,9010.0,9013.0,9017.0,9021.0,9022.0,9022.0,9026.0,9026.0,9029.0,9027.0,9031.0,9031.0,9035.0,9041.0,9042.0,9046.0,9050.0,9053.0,9047.0,9050.0,9051.0,9055.0,9057.0,9059.0,9061.0,9063.0,9064.0,9063.0,9065.0,9068.0,9074.0,9075.0,9076.0,9080.0,9086.0,9088.0,9091.0,9091.0,9094.0,9092.0,9095.0,9096.0,9099.0,9099.0,9100.0,9103.0,9103.0,9112.0,9117.0,9127.0,9129.0,9132.0,9133.0,9136.0,9143.0,9144.0,9145.0,9147.0,9149.0,9151.0,9153.0,9157.0,9169.0,9166.0,9168.0,9170.0,9174.0,9177.0,9182.0,9184.0,9189.0,9192.0,9194.0,9195.0,9196.0,9196.0,9195.0,9194.0,9196
qjebIv8FYMI,3550.0,3549.0,3548.0,3552.0,3555.0,3559.0,3559.0,3561.0,3561.0,3564.0,3566.0,3566.0,3570.0,3572.0,3571.0,3573.0,3574.0,3578.0,3579.0,3580.0,3584.0,3573.0,3584.0,3585.0,3586.0,3590.0,3592.0,3593.0,3593.0,3596.0,3595.0,3597.0,3602.0,3606.0,3609.0,3610.0,3609.0,3609.0,3609.0,3611.0,3611.0,3613.0,3614.0,3616.0,3619.0,3621.0,3624.0,3624.0,3625.0,3626.0,3627.0,3630.0,3630.0,3625.0,3626.0,3626.0,3627.0,3630.0,3632.0,3363.0,3365.0,3372.0,3373.0,3374.0,3378.0,3655.0,3658.0,3658.0,3660.0,3663.0,3665.0,3666.0,3667.0,3668.0,3666.0,3667.0,3668.0,3669.0,3668.0,3669.0,3670.0,3669.0,3668.0,3668.0,3668.0,3668.0,3669.0,3668.0,3675.0,3676.0,3679.0,3679.0,3674.0,3673.0,3672.0,3672.0,3673.0,3673.0,3674.0,3677.0,3678.0,3681.0,3681.0,3683.0,3683.0,3684.0,3682.0,3683.0,3687.0,3688.0,3692.0,3694.0,3693.0,3694.0,3696.0,3696.0,3697.0,3700.0,3699.0,3699.0,3703.0,3703.0,3704.0,3706.0,3704.0,3705
z5LtoulbOTQ,3.0,3.0,3.0,3.0,3.0,3.0,3.0,3.0,3.0,3.0,3.0,3.0,3.0,3.0,3.0,3.0,3.0,3.0,3.0,3.0,3.0,3.0,3.0,3.0,3.0,3.0,3.0,3.0,3.0,3.0,3.0,3.0,3.0,3.0,3.0,3.0,3.0,3.0,3.0,3.0,3.0,3.0,3.0,3.0,3.0,3.0,3.0,3.0,3.0,3.0,3.0,3.0,3.0,4.0,4.0,4.0,4.0,4.0,4.0,4.0,4.0,4.0,4.0,4.0,4.0,4.0,4.0,4.0,4.0,4.0,4.0,4.0,4.0,4.0,4.0,4.0,4.0,4.0,4.0,4.0,4.0,4.0,4.0,4.0,4.0,4.0,4.0,4.0,4.0,4.0,4.0,4.0,4.0,4.0,4.0,4.0,4.0,4.0,4.0,4.0,4.0,4.0,4.0,4.0,4.0,4.0,4.0,4.0,3.0,3.0,3.0,3.0,3.0,3.0,3.0,3.0,3.0,3.0,3.0,3.0,3.0,3.0,3.0,3.0,3.0,3
pobuSZAwnVQ,17.0,17.0,17.0,17.0,17.0,17.0,17.0,17.0,17.0,17.0,17.0,17.0,17.0,17.0,17.0,17.0,17.0,17.0,17.0,17.0,17.0,17.0,18.0,18.0,18.0,18.0,18.0,18.0,18.0,18.0,18.0,18.0,18.0,18.0,18.0,18.0,18.0,18.0,18.0,18.0,18.0,18.0,18.0,18.0,18.0,18.0,18.0,18.0,18.0,18.0,18.0,18.0,18.0,18.0,18.0,18.0,18.0,18.0,18.0,18.0,18.0,18.0,18.0,18.0,18.0,18.0,18.0,18.0,18.0,18.0,18.0,18.0,18.0,18.0,18.0,18.0,18.0,18.0,18.0,18.0,18.0,18.0,18.0,18.0,18.0,18.0,18.0,18.0,18.0,18.0,18.0,18.0,18.0,18.0,18.0,18.0,18.0,18.0,18.0,18.0,18.0,18.0,18.0,18.0,18.0,18.0,18.0,18.0,18.0,18.0,18.0,18.0,18.0,18.0,18.0,18.0,18.0,18.0,18.0,18.0,18.0,18.0,18.0,18.0,18.0,18
SpCtbugkdGc,687.0,687.0,686.0,686.0,685.0,685.0,686.0,686.0,690.0,688.0,687.0,687.0,687.0,688.0,690.0,690.0,690.0,690.0,691.0,691.0,691.0,691.0,691.0,692.0,692.0,693.0,693.0,693.0,694.0,694.0,695.0,695.0,695.0,696.0,696.0,696.0,696.0,697.0,697.0,698.0,700.0,700.0,700.0,700.0,700.0,700.0,700.0,704.0,705.0,705.0,704.0,706.0,706.0,707.0,707.0,707.0,708.0,708.0,708.0,708.0,710.0,710.0,711.0,712.0,713.0,714.0,716.0,714.0,712.0,712.0,712.0,713.0,713.0,714.0,712.0,712.0,712.0,713.0,714.0,715.0,715.0,715.0,715.0,718.0,720.0,721.0,720.0,722.0,722.0,725.0,726.0,726.0,726.0,726.0,727.0,728.0,728.0,728.0,728.0,728.0,728.0,728.0,728.0,729.0,729.0,730.0,730.0,730.0,730.0,730.0,730.0,730.0,730.0,730.0,732.0,731.0,731.0,732.0,732.0,732.0,731.0,731.0,733.0,733.0,733.0,734
W3UNdmL0F14,2729.0,2729.0,2729.0,2729.0,2730.0,2730.0,2732.0,2733.0,2734.0,2734.0,2734.0,2734.0,2731.0,2731.0,2733.0,2733.0,2734.0,2734.0,2735.0,2735.0,2736.0,2736.0,2736.0,2736.0,2736.0,2736.0,2736.0,2737.0,2738.0,2738.0,2738.0,2739.0,2739.0,2739.0,2739.0,2739.0,2739.0,2739.0,2739.0,2740.0,2740.0,2740.0,2740.0,2740.0,2740.0,2740.0,2740.0,2740.0,2740.0,2740.0,2744.0,2744.0,2744.0,2745.0,2745.0,2746.0,2738.0,2739.0,2740.0,2740.0,2740.0,2740.0,2739.0,2739.0,2739.0,2739.0,2739.0,2739.0,2739.0,2739.0,2739.0,2739.0,2740.0,2740.0,2740.0,2740.0,2740.0,2740.0,2740.0,2740.0,2742.0,2742.0,2742.0,2742.0,2741.0,2741.0,2741.0,2741.0,2741.0,2741.0,2742.0,2742.0,2742.0,2742.0,2742.0,2742.0,2742.0,2742.0,2742.0,2742.0,2743.0,2743.0,2744.0,2744.0,2745.0,2745.0,2745.0,2745.0,2745.0,2745.0,2746.0,2746.0,2746.0,2746.0,2747.0,2750.0,2751.0,2751.0,2753.0,2753.0,2754.0,2758.0,2758.0,2758.0,2758.0,2758
wTRJLyzhR4U,0.0,0.0,0.0,0.0,0.0,0.0,0.0,0.0,0.0,0.0,0.0,0.0,0.0,0.0,0.0,0.0,0.0,0.0,0.0,0.0,0.0,0.0,0.0,0.0,0.0,0.0,0.0,0.0,0.0,0.0,0.0,0.0,0.0,0.0,0.0,0.0,0.0,0.0,0.0,0.0,0.0,0.0,0.0,0.0,0.0,0.0,0.0,0.0,0.0,0.0,0.0,0.0,0.0,0.0,0.0,0.0,0.0,0.0,0.0,0.0,0.0,0.0,0.0,0.0,0.0,0.0,0.0,0.0,0.0,0.0,0.0,0.0,0.0,0.0,0.0,0.0,0.0,0.0,0.0,0.0,0.0,0.0,0.0,0.0,0.0,0.0,0.0,0.0,0.0,0.0,0.0,0.0,0.0,0.0,0.0,0.0,0.0,0.0,0.0,0.0,0.0,0.0,0.0,0.0,0.0,0.0,0.0,0.0,0.0,0.0,0.0,0.0,0.0,0.0,0.0,0.0,0.0,0.0,0.0,0.0,0.0,0.0,0.0,0.0,0.0,2
DJLa8QYUtmQ,13656.0,13658.0,13657.0,13657.0,13664.0,13673.0,13685.0,13693.0,13691.0,13683.0,13674.0,13670.0,13595.0,13573.0,13588.0,13493.0,13494.0,13500.0,13500.0,13506.0,13516.0,13514.0,13518.0,13516.0,13505.0,13498.0,13491.0,13486.0,13483.0,13473.0,13466.0,13447.0,13441.0,13440.0,13436.0,13439.0,13435.0,13428.0,13426.0,13421.0,13413.0,13411.0,13407.0,13368.0,13367.0,13352.0,13343.0,13339.0,13340.0,13337.0,13338.0,13316.0,13314.0,13314.0,13312.0,13313.0,13314.0,13310.0,13182.0,13170.0,13170.0,13092.0,13082.0,12950.0,12942.0,12931.0,12924.0,12922.0,12915.0,12913.0,12915.0,12916.0,12919.0,12917.0,12908.0,12903.0,12902.0,12891.0,12889.0,12886.0,12880.0,12880.0,12873.0,12871.0,12873.0,12869.0,12865.0,12855.0,12855.0,12858.0,12858.0,12856.0,12847.0,12847.0,12844.0,12841.0,12839.0,12839.0,12839.0,12835.0,12833.0,12833.0,12834.0,12835.0,12833.0,12832.0,12830.0,12831.0,12834.0,12833.0,12832.0,12830.0,12832.0,12827.0,12824.0,12825.0,12814.0,12814.0,12815.0,12816.0,12813.0,12813.0,12815.0,12813.0,12814.0,12815
g36q0ZLvygQ,40088.0,40140.0,40188.0,40197.0,40200.0,40255.0,40260.0,40275.0,40291.0,40284.0,40292.0,40312.0,40318.0,40333.0,40337.0,40348.0,40358.0,40365.0,40377.0,40397.0,40402.0,40412.0,40427.0,40438.0,40460.0,40472.0,40487.0,40499.0,40519.0,40540.0,40553.0,40569.0,40589.0,40607.0,40615.0,40630.0,40662.0,40685.0,40703.0,40737.0,40748.0,40769.0,40787.0,40794.0,40819.0,40839.0,40859.0,40874.0,40889.0,40902.0,40911.0,40931.0,40951.0,40967.0,40988.0,41002.0,41023.0,41029.0,41040.0,41051.0,41068.0,41079.0,41096.0,41123.0,41133.0,41120.0,41142.0,41148.0,41154.0,41176.0,41186.0,41193.0,41209.0,41224.0,41228.0,41232.0,41241.0,41269.0,41275.0,41300.0,41319.0,41339.0,41347.0,41365.0,41383.0,41391.0,41410.0,41423.0,41440.0,41460.0,41477.0,41497.0,41513.0,41538.0,41550.0,41555.0,41568.0,41577.0,41591.0,41605.0,41618.0,41628.0,41649.0,41661.0,41671.0,41682.0,41688.0,41695.0,41685.0,41690.0,41692.0,41693.0,41694.0,41704.0,41714.0,41734.0,41750.0,41759.0,41766.0,41775.0,41777.0,41773.0,41782.0,41784.0,41791.0,41799
g36q0ZLvygQ,40088.0,40140.0,40188.0,40197.0,40200.0,40255.0,40260.0,40275.0,40291.0,40284.0,40292.0,40312.0,40318.0,40333.0,40337.0,40348.0,40358.0,40365.0,40377.0,40397.0,40402.0,40412.0,40427.0,40438.0,40460.0,40472.0,40487.0,40499.0,40519.0,40540.0,40553.0,40569.0,40589.0,40607.0,40615.0,40630.0,40662.0,40685.0,40703.0,40737.0,40748.0,40769.0,40787.0,40794.0,40819.0,40839.0,40859.0,40874.0,40889.0,40902.0,40911.0,40931.0,40951.0,40967.0,40988.0,41002.0,41023.0,41029.0,41040.0,41051.0,41068.0,41079.0,41096.0,41123.0,41133.0,41120.0,41142.0,41148.0,41154.0,41176.0,41186.0,41193.0,41209.0,41224.0,41228.0,41232.0,41241.0,41269.0,41275.0,41300.0,41319.0,41339.0,41347.0,41365.0,41383.0,41391.0,41410.0,41423.0,41440.0,41460.0,41477.0,41497.0,41513.0,41538.0,41550.0,41555.0,41568.0,41577.0,41591.0,41605.0,41618.0,41628.0,41649.0,41661.0,41671.0,41682.0,41688.0,41695.0,41685.0,41690.0,41692.0,41693.0,41694.0,41704.0,41714.0,41734.0,41750.0,41759.0,41766.0,41775.0,41777.0,41773.0,41782.0,41784.0,41791.0,41799
miUMvyymYUc,11.0,11.0,11.0,11.0,11.0,11.0,11.0,11.0,11.0,11.0,11.0,11.0,11.0,11.0,11.0,11.0,11.0,11.0,11.0,11.0,11.0,11.0,11.0,11.0,11.0,11.0,,,,,,,,,,,,,,,,,,,,,,,,,,,,,,,,,,,,,,,,,,,,,,,,,,,,,,,,,,,,,,,,,,,,,,,,,,,,,,,,,,,,,,,,,,,,,,,,,,,,
88GkYKvnvvI,18140.0,18148.0,18156.0,18169.0,18191.0,18201.0,18214.0,18230.0,18238.0,18252.0,18261.0,18279.0,18294.0,18306.0,18314.0,18315.0,18313.0,18319.0,18321.0,18328.0,18335.0,18341.0,18339.0,18342.0,18354.0,18360.0,18365.0,18367.0,18377.0,18376.0,18382.0,18385.0,18391.0,18387.0,18391.0,18395.0,18409.0,18418.0,18425.0,18435.0,18439.0,18452.0,18457.0,18462.0,18471.0,18477.0,18477.0,18490.0,18487.0,18504.0,18506.0,18521.0,18525.0,18521.0,18524.0,18531.0,18537.0,18542.0,18547.0,18549.0,18559.0,18564.0,18568.0,18570.0,18571.0,18581.0,18587.0,18594.0,18599.0,18599.0,18601.0,18607.0,18612.0,18615.0,18619.0,18661.0,18686.0,18703.0,18706.0,18711.0,18635.0,18644.0,18652.0,18663.0,18683.0,18694.0,18698.0,18703.0,18700.0,18701.0,18698.0,18702.0,18704.0,18708.0,18709.0,18709.0,18712.0,18714.0,18718.0,18718.0,18716.0,18719.0,18719.0,18720.0,18719.0,18718.0,18720.0,18726.0,18732.0,18736.0,18742.0,18745.0,18747.0,18751.0,18753.0,18762.0,18769.0,18776.0,18783.0,18785.0,18791.0,18796.0,18802.0,18801.0,18806.0,18816
7r018SxaZO8,80.0,80.0,80.0,80.0,80.0,80.0,80.0,80.0,80.0,80.0,80.0,80.0,80.0,80.0,80.0,80.0,80.0,80.0,80.0,80.0,80.0,80.0,80.0,80.0,80.0,80.0,80.0,80.0,80.0,77.0,80.0,80.0,80.0,80.0,80.0,80.0,80.0,80.0,80.0,80.0,80.0,80.0,80.0,80.0,80.0,80.0,80.0,80.0,80.0,80.0,80.0,80.0,80.0,80.0,80.0,80.0,80.0,80.0,80.0,80.0,80.0,80.0,80.0,80.0,80.0,80.0,80.0,80.0,80.0,80.0,80.0,80.0,80.0,80.0,80.0,80.0,80.0,80.0,80.0,80.0,80.0,80.0,80.0,80.0,80.0,80.0,80.0,80.0,80.0,80.0,80.0,80.0,80.0,80.0,80.0,80.0,80.0,80.0,80.0,80.0,80.0,80.0,80.0,80.0,80.0,80.0,80.0,80.0,80.0,80.0,80.0,80.0,80.0,80.0,80.0,80.0,80.0,80.0,80.0,80.0,80.0,80.0,80.0,80.0,80.0,80
PjhdKY0hyCA,89038.0,89276.0,89532.0,89775.0,90041.0,90307.0,90596.0,90827.0,91065.0,91317.0,91598.0,91996.0,92432.0,92743.0,93090.0,93378.0,93617.0,93864.0,94112.0,94392.0,94728.0,94874.0,95087.0,95307.0,95525.0,95743.0,95991.0,96259.0,96510.0,96757.0,96967.0,97207.0,97442.0,97630.0,97829.0,98067.0,98297.0,98536.0,98708.0,98901.0,99129.0,99322.0,99498.0,99635.0,99801.0,99943.0,100103.0,100261.0,100382.0,100537.0,100702.0,100846.0,100992.0,101141.0,101356.0,101516.0,101660.0,101789.0,101927.0,102102.0,102285.0,102470.0,102608.0,102759.0,102931.0,103103.0,103229.0,103396.0,103526.0,103661.0,103779.0,103903.0,104015.0,104211.0,104354.0,104507.0,104641.0,104786.0,104889.0,105039.0,105181.0,105362.0,105548.0,105702.0,105834.0,105985.0,106143.0,106295.0,106438.0,106587.0,106769.0,106929.0,107099.0,107262.0,107545.0,107745.0,107935.0,108141.0,108323.0,108509.0,108691.0,108844.0,108999.0,109141.0,109311.0,109473.0,109601.0,109738.0,109892.0,110031.0,110203.0,110381.0,110578.0,110717.0,110881.0,111059.0,111209.0,111343.0,111500.0,111646.0,111771.0,111895.0,112004.0,112128.0,112212.0,112331
pJB2sp36FTc,742.0,743.0,743.0,743.0,744.0,745.0,745.0,746.0,746.0,746.0,747.0,747.0,747.0,747.0,747.0,747.0,747.0,747.0,747.0,748.0,748.0,748.0,748.0,748.0,748.0,748.0,748.0,748.0,748.0,748.0,748.0,748.0,748.0,748.0,748.0,748.0,748.0,748.0,748.0,748.0,748.0,748.0,748.0,748.0,748.0,748.0,748.0,748.0,748.0,748.0,748.0,748.0,748.0,748.0,748.0,748.0,748.0,748.0,748.0,748.0,749.0,749.0,749.0,749.0,749.0,749.0,749.0,749.0,749.0,749.0,749.0,749.0,749.0,749.0,749.0,749.0,749.0,749.0,749.0,749.0,749.0,749.0,749.0,750.0,750.0,750.0,750.0,750.0,750.0,750.0,750.0,750.0,750.0,750.0,750.0,750.0,750.0,750.0,750.0,750.0,750.0,750.0,750.0,750.0,750.0,750.0,750.0,750.0,750.0,750.0,750.0,750.0,750.0,750.0,750.0,750.0,750.0,750.0,750.0,750.0,750.0,750.0,750.0,750.0,750.0,750
CIPxgin0hxg,408.0,408.0,408.0,408.0,408.0,408.0,408.0,408.0,408.0,408.0,408.0,408.0,408.0,408.0,408.0,408.0,408.0,408.0,408.0,408.0,408.0,408.0,408.0,408.0,408.0,408.0,408.0,408.0,408.0,408.0,408.0,408.0,409.0,409.0,409.0,409.0,409.0,409.0,409.0,409.0,409.0,409.0,409.0,409.0,409.0,409.0,409.0,409.0,409.0,409.0,409.0,409.0,409.0,409.0,409.0,409.0,409.0,409.0,409.0,409.0,409.0,408.0,408.0,408.0,408.0,408.0,408.0,408.0,408.0,408.0,408.0,408.0,408.0,407.0,407.0,407.0,407.0,408.0,408.0,408.0,408.0,408.0,408.0,408.0,408.0,408.0,408.0,409.0,409.0,409.0,409.0,409.0,410.0,410.0,410.0,410.0,410.0,410.0,410.0,410.0,410.0,411.0,411.0,411.0,411.0,411.0,411.0,411.0,411.0,411.0,411.0,411.0,411.0,411.0,411.0,411.0,411.0,413.0,413.0,413.0,413.0,413.0,413.0,413.0,413.0,413
pLrNvwxjgqA,192.0,192.0,192.0,192.0,192.0,192.0,192.0,192.0,192.0,192.0,192.0,192.0,192.0,192.0,192.0,192.0,192.0,192.0,192.0,192.0,192.0,192.0,192.0,192.0,192.0,192.0,192.0,192.0,193.0,193.0,193.0,193.0,193.0,193.0,193.0,193.0,193.0,193.0,193.0,193.0,193.0,193.0,193.0,193.0,193.0,193.0,193.0,193.0,193.0,192.0,192.0,192.0,192.0,192.0,192.0,192.0,192.0,192.0,192.0,192.0,192.0,192.0,192.0,192.0,192.0,193.0,193.0,193.0,193.0,193.0,193.0,193.0,193.0,192.0,192.0,192.0,192.0,192.0,192.0,192.0,192.0,192.0,190.0,190.0,190.0,190.0,190.0,190.0,190.0,190.0,190.0,190.0,190.0,190.0,190.0,190.0,190.0,190.0,190.0,190.0,190.0,190.0,190.0,190.0,190.0,190.0,190.0,190.0,190.0,190.0,190.0,190.0,190.0,190.0,190.0,190.0,191.0,191.0,191.0,191.0,191.0,191.0,191.0,191.0,191.0,191
fFTTAiryJsw,25.0,25.0,25.0,25.0,25.0,25.0,25.0,25.0,25.0,25.0,25.0,25.0,25.0,25.0,25.0,25.0,25.0,25.0,25.0,25.0,25.0,25.0,25.0,25.0,25.0,25.0,25.0,25.0,25.0,25.0,25.0,25.0,25.0,25.0,25.0,25.0,25.0,25.0,25.0,25.0,25.0,25.0,25.0,25.0,25.0,25.0,25.0,25.0,25.0,25.0,25.0,25.0,25.0,25.0,25.0,25.0,25.0,25.0,25.0,25.0,25.0,25.0,25.0,25.0,25.0,25.0,25.0,25.0,25.0,25.0,25.0,25.0,25.0,25.0,25.0,25.0,25.0,25.0,25.0,25.0,25.0,25.0,24.0,24.0,24.0,24.0,24.0,24.0,24.0,24.0,24.0,24.0,24.0,24.0,24.0,24.0,24.0,24.0,24.0,24.0,24.0,24.0,24.0,24.0,24.0,24.0,24.0,24.0,24.0,24.0,24.0,24.0,24.0,24.0,24.0,24.0,24.0,24.0,24.0,24.0,24.0,24.0,24.0,24.0,24.0,24
S415VVG39lk,7.0,7.0,7.0,7.0,7.0,7.0,7.0,7.0,7.0,7.0,7.0,7.0,7.0,7.0,7.0,7.0,7.0,7.0,7.0,7.0,7.0,7.0,7.0,7.0,7.0,7.0,7.0,7.0,7.0,7.0,7.0,7.0,7.0,7.0,7.0,7.0,7.0,7.0,7.0,7.0,7.0,7.0,7.0,7.0,7.0,7.0,7.0,7.0,7.0,7.0,7.0,7.0,7.0,7.0,7.0,7.0,7.0,7.0,7.0,7.0,7.0,7.0,7.0,7.0,7.0,7.0,7.0,7.0,7.0,7.0,7.0,7.0,7.0,7.0,7.0,7.0,7.0,7.0,7.0,7.0,7.0,7.0,7.0,7.0,7.0,7.0,7.0,7.0,7.0,7.0,7.0,7.0,7.0,7.0,7.0,7.0,7.0,7.0,7.0,7.0,7.0,7.0,7.0,7.0,7.0,7.0,7.0,7.0,7.0,7.0,7.0,7.0,7.0,7.0,7.0,7.0,7.0,7.0,7.0,7.0,7.0,7.0,7.0,7.0,7.0,7
R2-yomhYAj4,76315.0,76548.0,76808.0,77145.0,77401.0,77645.0,77919.0,78133.0,78351.0,78469.0,78670.0,78881.0,79029.0,79247.0,79439.0,79717.0,79922.0,80122.0,80305.0,80488.0,80626.0,80790.0,81003.0,81177.0,81369.0,81568.0,81739.0,81897.0,82099.0,82316.0,82445.0,82577.0,82745.0,82855.0,82947.0,83042.0,83293.0,83505.0,83686.0,83802.0,83946.0,84065.0,84225.0,84388.0,84491.0,84587.0,84672.0,84761.0,84841.0,84958.0,85064.0,85153.0,85228.0,85320.0,85380.0,85477.0,85533.0,85698.0,85857.0,85992.0,86104.0,86190.0,86289.0,86378.0,86481.0,86552.0,86654.0,86684.0,86777.0,86866.0,86953.0,87026.0,87117.0,87211.0,87287.0,87359.0,87448.0,87568.0,87643.0,87711.0,87839.0,87939.0,88014.0,88070.0,88145.0,88278.0,88393.0,88503.0,88613.0,88448.0,88502.0,88585.0,88659.0,88745.0,88824.0,88922.0,89008.0,89123.0,89192.0,89309.0,89369.0,89228.0,89301.0,89416.0,89519.0,89602.0,89690.0,89840.0,89962.0,90063.0,90137.0,90226.0,90305.0,90458.0,90552.0,90648.0,90752.0,90853.0,90953.0,91034.0,91218.0,91376.0,91483.0,91556.0,91635.0,91723
3nMOUzBZ0ZI,9143.0,9161.0,9176.0,9194.0,9222.0,9236.0,9244.0,9250.0,9255.0,9264.0,9278.0,9294.0,9304.0,9309.0,9324.0,9331.0,9339.0,9345.0,9350.0,9354.0,9355.0,9363.0,9366.0,9370.0,9377.0,9393.0,9390.0,9403.0,9407.0,9411.0,9419.0,9427.0,9436.0,9440.0,9443.0,9447.0,9453.0,9463.0,9474.0,9475.0,9480.0,9497.0,9502.0,9508.0,9508.0,9510.0,9519.0,9524.0,9524.0,9530.0,9533.0,9537.0,9541.0,9544.0,9546.0,9549.0,9551.0,9552.0,9556.0,9557.0,9561.0,9563.0,9575.0,9582.0,9585.0,9565.0,9437.0,9438.0,9445.0,9495.0,9499.0,9501.0,9503.0,9504.0,9514.0,9522.0,9548.0,9557.0,9572.0,9577.0,9579.0,9585.0,9585.0,9588.0,9588.0,9588.0,9596.0,9596.0,9595.0,9601.0,9610.0,9611.0,9612.0,9614.0,9616.0,9620.0,9621.0,9623.0,9625.0,9629.0,9632.0,9632.0,9633.0,9634.0,9632.0,9635.0,9636.0,9640.0,9620.0,9620.0,9628.0,9631.0,9630.0,9631.0,9636.0,9638.0,9639.0,9643.0,9644.0,9649.0,9647.0,9650.0,9652.0,9650.0,9651.0,9656
L__ITOj-g8E,19973.0,19975.0,19979.0,19984.0,19987.0,19951.0,19953.0,19953.0,19957.0,19954.0,19957.0,19959.0,19961.0,19963.0,19965.0,19973.0,19973.0,19978.0,19982.0,19982.0,19985.0,19988.0,19994.0,19997.0,19998.0,19997.0,20000.0,20003.0,20005.0,20010.0,20015.0,20015.0,20014.0,20020.0,20017.0,20019.0,20022.0,20030.0,20032.0,20031.0,20030.0,20031.0,20035.0,20038.0,20045.0,20044.0,20041.0,20044.0,20046.0,20048.0,20051.0,20055.0,20056.0,20058.0,20060.0,20063.0,20066.0,20069.0,20072.0,20078.0,20081.0,20084.0,20085.0,20087.0,20087.0,20085.0,20087.0,20088.0,20089.0,20089.0,20091.0,20094.0,20091.0,20091.0,20095.0,20099.0,20103.0,20104.0,20109.0,20111.0,20114.0,20116.0,20114.0,20115.0,20113.0,20115.0,20116.0,20117.0,20121.0,20124.0,20124.0,20125.0,20126.0,20122.0,20128.0,20126.0,20127.0,20130.0,20131.0,20128.0,20128.0,20130.0,20134.0,20134.0,20135.0,20138.0,20139.0,20140.0,20137.0,20138.0,20140.0,20141.0,20140.0,20138.0,20138.0,20138.0,20139.0,20138.0,20114.0,20114.0,20116.0,20120.0,20114.0,20113.0,20114.0,20119
JY0UTOgh8M8,13619.0,13625.0,13628.0,13631.0,13636.0,13637.0,13643.0,13647.0,13653.0,13657.0,13663.0,13671.0,13668.0,13673.0,13681.0,13685.0,13689.0,13689.0,13693.0,13696.0,13696.0,13702.0,13705.0,13708.0,13712.0,13715.0,13720.0,13726.0,13727.0,13730.0,13733.0,13736.0,13739.0,13743.0,13749.0,13741.0,13745.0,13749.0,13752.0,13762.0,13769.0,13774.0,13779.0,13779.0,13781.0,13791.0,13797.0,13798.0,13801.0,13805.0,13808.0,13812.0,13811.0,13814.0,13819.0,13823.0,13826.0,13831.0,13832.0,13822.0,13823.0,13827.0,13828.0,13836.0,13839.0,13839.0,13842.0,13844.0,13852.0,13851.0,13855.0,13857.0,13859.0,13862.0,13868.0,13870.0,13872.0,13875.0,13881.0,13886.0,13890.0,13889.0,13886.0,13892.0,13894.0,13895.0,13896.0,13898.0,13902.0,13909.0,13914.0,13920.0,13923.0,13924.0,13931.0,13932.0,13933.0,13938.0,13940.0,13939.0,13941.0,13947.0,13948.0,13948.0,13951.0,13949.0,13949.0,13953.0,13955.0,13962.0,13963.0,13966.0,13992.0,13990.0,13987.0,13987.0,13987.0,13983.0,13977.0,13978.0,13977.0,13982.0,13982.0,13984.0,13985.0,13987
9qlj3Q4Z4T8,1116.0,1116.0,1116.0,1116.0,1116.0,1117.0,1117.0,1117.0,1117.0,1117.0,1117.0,1117.0,1117.0,1116.0,1116.0,1116.0,1116.0,1116.0,1116.0,1116.0,1116.0,1116.0,1116.0,1116.0,1116.0,1116.0,1117.0,1117.0,1117.0,1117.0,1117.0,1116.0,1116.0,1116.0,1116.0,1116.0,1116.0,1116.0,1116.0,1116.0,1116.0,1116.0,1116.0,1116.0,1116.0,1116.0,1116.0,1116.0,1116.0,1116.0,1116.0,1115.0,1114.0,1114.0,1115.0,1115.0,1115.0,1115.0,1114.0,1114.0,1114.0,1114.0,1114.0,1114.0,1114.0,1114.0,1113.0,1113.0,1113.0,1113.0,1113.0,1112.0,1112.0,1112.0,1112.0,1112.0,1112.0,1112.0,1112.0,1112.0,1114.0,1114.0,1114.0,1114.0,1114.0,1114.0,1114.0,1114.0,1114.0,1114.0,1113.0,1112.0,1111.0,1111.0,1112.0,1112.0,1112.0,1112.0,1112.0,1112.0,1112.0,1112.0,1112.0,1112.0,1112.0,1112.0,1112.0,1112.0,1114.0,1114.0,1114.0,1114.0,1113.0,1113.0,1113.0,1113.0,1113.0,1113.0,1113.0,1113.0,1113.0,1113.0,1113.0,1113.0,1113.0,1113
UAdxlj4Cgjw,7219.0,7218.0,7221.0,7214.0,7214.0,7215.0,7217.0,7218.0,7218.0,7219.0,7217.0,7216.0,7212.0,7213.0,7214.0,7213.0,7213.0,7214.0,7215.0,7216.0,7216.0,7212.0,7216.0,7216.0,7216.0,7215.0,7214.0,7216.0,7215.0,7215.0,7215.0,7210.0,7209.0,7208.0,7209.0,7209.0,7209.0,7208.0,7208.0,7208.0,7209.0,7211.0,7211.0,7210.0,7211.0,7212.0,7212.0,7210.0,7210.0,7210.0,7211.0,7211.0,7209.0,7207.0,7204.0,7205.0,7204.0,7204.0,7201.0,7199.0,7197.0,7197.0,7198.0,7198.0,7195.0,7196.0,7197.0,7197.0,7196.0,7199.0,7199.0,7200.0,7199.0,7199.0,7198.0,7198.0,7198.0,7197.0,7196.0,7196.0,7195.0,7196.0,7199.0,7199.0,7200.0,7205.0,7207.0,7205.0,7204.0,7204.0,7202.0,7202.0,7202.0,7204.0,7201.0,7202.0,7201.0,7201.0,7201.0,7201.0,7199.0,7197.0,7197.0,7197.0,7199.0,7198.0,7197.0,7198.0,7198.0,7198.0,7199.0,7200.0,7200.0,7201.0,7201.0,7202.0,7202.0,7202.0,7203.0,7204.0,7204.0,7206.0,7204.0,7204.0,7203.0,7203
hAEfi_SKTEU,23459.0,23459.0,23465.0,23467.0,23436.0,23439.0,23451.0,23452.0,23468.0,23462.0,23467.0,23470.0,23466.0,23477.0,23482.0,23484.0,23487.0,23494.0,23496.0,23501.0,23505.0,23506.0,23529.0,23532.0,23531.0,23541.0,23539.0,23537.0,23543.0,23544.0,23530.0,23527.0,23531.0,23530.0,23532.0,23537.0,23544.0,23547.0,23537.0,23549.0,23553.0,23555.0,23555.0,23551.0,23550.0,23555.0,23558.0,23564.0,23569.0,23572.0,23573.0,23578.0,23567.0,23562.0,23560.0,23566.0,23567.0,23566.0,23568.0,23570.0,23572.0,23570.0,23583.0,23596.0,23607.0,23599.0,23606.0,23616.0,23614.0,23624.0,23629.0,23619.0,23619.0,23619.0,23626.0,23623.0,23625.0,23626.0,23628.0,23632.0,23630.0,23637.0,23622.0,23638.0,23641.0,23646.0,23647.0,23644.0,23643.0,23640.0,23636.0,23636.0,23640.0,23642.0,23644.0,23649.0,23652.0,23655.0,23655.0,23656.0,23656.0,23663.0,23663.0,23664.0,23669.0,23677.0,23687.0,23692.0,23685.0,23686.0,23694.0,23693.0,23692.0,23693.0,23696.0,23697.0,23698.0,23700.0,23699.0,23704.0,23700.0,23698.0,23689.0,23692.0,23690.0,23690
04AYO2utjJ4,4956.0,4961.0,4979.0,4975.0,4964.0,4968.0,4969.0,4978.0,4981.0,4980.0,4988.0,4988.0,4988.0,4966.0,4905.0,4906.0,4907.0,4912.0,4914.0,4917.0,4915.0,4916.0,4916.0,4912.0,4913.0,4913.0,4913.0,4913.0,4908.0,4911.0,4912.0,4912.0,4913.0,4912.0,4912.0,4914.0,4916.0,4915.0,4915.0,4918.0,4918.0,4918.0,4919.0,4919.0,4920.0,4920.0,4921.0,4921.0,4917.0,4887.0,4886.0,4887.0,4888.0,4888.0,4889.0,4889.0,4889.0,4887.0,4887.0,4888.0,4888.0,4890.0,4891.0,4892.0,4892.0,4892.0,4890.0,4890.0,4890.0,4889.0,4889.0,4888.0,4877.0,4877.0,4877.0,4877.0,4877.0,4877.0,4877.0,4877.0,4877.0,4875.0,4871.0,4871.0,4871.0,4871.0,4871.0,4871.0,4868.0,4866.0,4866.0,4866.0,4866.0,4866.0,4867.0,4864.0,4864.0,4864.0,4865.0,4866.0,4866.0,4867.0,4867.0,4867.0,4868.0,4869.0,4869.0,4869.0,4869.0,4869.0,4869.0,4869.0,4868.0,4869.0,4869.0,4870.0,4870.0,4866.0,4866.0,4866.0,4866.0,4866.0,4742.0,4742.0,4742.0,4743
2Pn-fgHmmB4,887.0,887.0,887.0,887.0,887.0,887.0,887.0,887.0,888.0,888.0,888.0,888.0,889.0,889.0,890.0,891.0,891.0,891.0,891.0,891.0,891.0,890.0,890.0,890.0,890.0,891.0,891.0,892.0,892.0,891.0,891.0,891.0,891.0,891.0,891.0,891.0,890.0,890.0,890.0,890.0,890.0,890.0,890.0,890.0,890.0,891.0,891.0,891.0,891.0,892.0,892.0,892.0,891.0,891.0,890.0,890.0,890.0,889.0,889.0,888.0,888.0,888.0,888.0,889.0,889.0,890.0,890.0,890.0,890.0,890.0,890.0,890.0,890.0,890.0,890.0,890.0,890.0,890.0,890.0,890.0,890.0,890.0,890.0,890.0,890.0,890.0,890.0,890.0,890.0,890.0,890.0,890.0,890.0,890.0,890.0,891.0,891.0,891.0,891.0,891.0,891.0,891.0,891.0,891.0,891.0,891.0,891.0,891.0,891.0,892.0,892.0,892.0,892.0,892.0,892.0,891.0,892.0,890.0,890.0,890.0,889.0,889.0,888.0,888.0,888.0,889
sLMXW_Dij50,3581.0,3583.0,3584.0,3585.0,3589.0,3477.0,3477.0,3480.0,3481.0,3482.0,3486.0,3488.0,3490.0,3488.0,3490.0,3491.0,3494.0,3495.0,3495.0,3493.0,3494.0,3495.0,3497.0,3496.0,3499.0,3501.0,3500.0,3501.0,3501.0,3504.0,3507.0,3507.0,3507.0,3506.0,3511.0,3515.0,3517.0,3523.0,3523.0,3524.0,3525.0,3526.0,3525.0,3529.0,3534.0,3539.0,3540.0,3542.0,3543.0,3544.0,3543.0,3546.0,3548.0,3549.0,3550.0,3551.0,3547.0,3549.0,3551.0,3553.0,3553.0,3553.0,3553.0,3554.0,3554.0,3554.0,3555.0,3556.0,3562.0,3564.0,3565.0,3566.0,3569.0,3571.0,3569.0,3573.0,3576.0,3576.0,3579.0,3582.0,3580.0,3581.0,3583.0,3585.0,3587.0,3588.0,3588.0,3592.0,3594.0,3598.0,3599.0,3600.0,3601.0,3601.0,3601.0,3602.0,3602.0,3592.0,3596.0,3600.0,3600.0,3603.0,3604.0,3604.0,3605.0,3608.0,3611.0,3612.0,3612.0,3612.0,3611.0,3613.0,3610.0,3611.0,3613.0,3613.0,3614.0,3615.0,3617.0,3617.0,3617.0,3617.0,3614.0,3616.0,3616.0,3618
r9AEGPB6qIU,29399.0,29422.0,29440.0,29468.0,29512.0,29525.0,29618.0,29635.0,29660.0,29683.0,29700.0,29736.0,29760.0,29780.0,29817.0,29829.0,29846.0,29853.0,29846.0,29852.0,29852.0,29860.0,29860.0,29866.0,29878.0,29895.0,29903.0,29920.0,29933.0,29943.0,29946.0,29954.0,29965.0,29970.0,29946.0,29955.0,29974.0,29996.0,30007.0,30015.0,30011.0,30019.0,30024.0,30026.0,30024.0,30038.0,30052.0,30059.0,30064.0,30077.0,30084.0,30092.0,30094.0,30107.0,30097.0,30103.0,30116.0,30120.0,30113.0,30119.0,30125.0,30128.0,30140.0,30149.0,30164.0,30174.0,30181.0,30189.0,30196.0,30197.0,30209.0,30216.0,30220.0,30223.0,30226.0,30233.0,30239.0,30241.0,30251.0,30261.0,30263.0,30264.0,30272.0,30276.0,30278.0,30282.0,30286.0,30281.0,30284.0,30287.0,30301.0,30309.0,30321.0,30326.0,30334.0,30340.0,30339.0,30156.0,30162.0,30171.0,30176.0,30185.0,30187.0,30178.0,30182.0,30188.0,30188.0,30195.0,30196.0,30204.0,30190.0,30178.0,30181.0,30188.0,30192.0,30193.0,30193.0,30199.0,30204.0,30210.0,30213.0,30212.0,30208.0,30210.0,30209.0,30211
r9AEGPB6qIU,29399.0,29422.0,29440.0,29468.0,29512.0,29525.0,29618.0,29635.0,29660.0,29683.0,29700.0,29736.0,29760.0,29780.0,29817.0,29829.0,29846.0,29853.0,29846.0,29852.0,29852.0,29860.0,29860.0,29866.0,29878.0,29895.0,29903.0,29920.0,29933.0,29943.0,29946.0,29954.0,29965.0,29970.0,29946.0,29955.0,29974.0,29996.0,30007.0,30015.0,30011.0,30019.0,30024.0,30026.0,30024.0,30038.0,30052.0,30059.0,30064.0,30077.0,30084.0,30092.0,30094.0,30107.0,30097.0,30103.0,30116.0,30120.0,30113.0,30119.0,30125.0,30128.0,30140.0,30149.0,30164.0,30174.0,30181.0,30189.0,30196.0,30197.0,30209.0,30216.0,30220.0,30223.0,30226.0,30233.0,30239.0,30241.0,30251.0,30261.0,30263.0,30264.0,30272.0,30276.0,30278.0,30282.0,30286.0,30281.0,30284.0,30287.0,30301.0,30309.0,30321.0,30326.0,30334.0,30340.0,30339.0,30156.0,30162.0,30171.0,30176.0,30185.0,30187.0,30178.0,30182.0,30188.0,30188.0,30195.0,30196.0,30204.0,30190.0,30178.0,30181.0,30188.0,30192.0,30193.0,30193.0,30199.0,30204.0,30210.0,30213.0,30212.0,30208.0,30210.0,30209.0,30211
OWY-IV0e0Cg,757.0,763.0,767.0,772.0,774.0,774.0,775.0,775.0,775.0,768.0,768.0,768.0,768.0,768.0,768.0,768.0,768.0,768.0,768.0,768.0,768.0,768.0,767.0,767.0,767.0,767.0,767.0,767.0,767.0,767.0,767.0,767.0,767.0,767.0,767.0,767.0,767.0,767.0,767.0,767.0,767.0,765.0,765.0,765.0,765.0,765.0,764.0,764.0,764.0,764.0,764.0,764.0,763.0,763.0,763.0,763.0,763.0,763.0,763.0,763.0,763.0,763.0,763.0,763.0,763.0,763.0,763.0,763.0,763.0,763.0,763.0,763.0,763.0,763.0,763.0,763.0,763.0,763.0,763.0,763.0,763.0,763.0,759.0,759.0,759.0,759.0,759.0,759.0,759.0,759.0,759.0,759.0,759.0,759.0,759.0,759.0,759.0,758.0,758.0,758.0,758.0,758.0,758.0,758.0,758.0,758.0,758.0,758.0,757.0,757.0,757.0,757.0,757.0,757.0,757.0,757.0,757.0,757.0,757.0,757.0,757.0,757.0,757.0,757.0,757.0,757
MMB8Rzqvkac,595.0,598.0,598.0,602.0,603.0,607.0,608.0,609.0,612.0,612.0,613.0,615.0,617.0,622.0,622.0,628.0,628.0,629.0,629.0,641.0,642.0,643.0,646.0,646.0,646.0,646.0,646.0,647.0,647.0,648.0,647.0,646.0,647.0,647.0,647.0,648.0,649.0,649.0,649.0,649.0,649.0,649.0,649.0,649.0,651.0,650.0,650.0,650.0,651.0,651.0,651.0,651.0,653.0,653.0,653.0,653.0,653.0,653.0,653.0,653.0,653.0,653.0,657.0,657.0,657.0,657.0,658.0,663.0,666.0,667.0,669.0,669.0,670.0,670.0,670.0,670.0,671.0,671.0,673.0,675.0,676.0,676.0,677.0,677.0,677.0,679.0,679.0,679.0,679.0,679.0,680.0,680.0,681.0,682.0,682.0,683.0,683.0,684.0,684.0,684.0,684.0,684.0,684.0,686.0,686.0,691.0,692.0,695.0,696.0,698.0,700.0,701.0,701.0,702.0,702.0,702.0,704.0,704.0,704.0,705.0,704.0,704.0,704.0,704.0,704.0,704
lTESlQNkd5I,1168.0,1168.0,1168.0,1168.0,1168.0,1169.0,1169.0,1169.0,1169.0,1169.0,1169.0,1168.0,1165.0,1165.0,1165.0,1165.0,1165.0,1165.0,1165.0,1165.0,1165.0,1165.0,1166.0,1167.0,1167.0,1167.0,1167.0,1167.0,1167.0,1167.0,1167.0,1167.0,1167.0,1168.0,1168.0,1164.0,1164.0,1164.0,1166.0,1167.0,1167.0,1167.0,1167.0,1167.0,1167.0,1167.0,1168.0,1168.0,1168.0,1168.0,1169.0,1169.0,1167.0,1167.0,1167.0,1167.0,1167.0,1167.0,1168.0,1167.0,1167.0,1168.0,1167.0,1168.0,1167.0,1167.0,1167.0,1167.0,1167.0,1167.0,1167.0,1167.0,1167.0,1168.0,1169.0,1169.0,1171.0,1171.0,1171.0,1170.0,1171.0,1169.0,1166.0,1166.0,1166.0,1165.0,1165.0,1165.0,1165.0,1165.0,1166.0,1166.0,1166.0,1166.0,1166.0,1167.0,1167.0,1167.0,1167.0,1167.0,1167.0,1167.0,1167.0,1167.0,1167.0,1167.0,1168.0,1168.0,1168.0,1168.0,1168.0,1169.0,1169.0,1170.0,1171.0,1171.0,1170.0,1170.0,1170.0,1170.0,1170.0,1170.0,1170.0,1170.0,1170.0,1170
lTESlQNkd5I,1168.0,1168.0,1168.0,1168.0,1168.0,1169.0,1169.0,1169.0,1169.0,1169.0,1169.0,1168.0,1165.0,1165.0,1165.0,1165.0,1165.0,1165.0,1165.0,1165.0,1165.0,1165.0,1166.0,1167.0,1167.0,1167.0,1167.0,1167.0,1167.0,1167.0,1167.0,1167.0,1167.0,1168.0,1168.0,1164.0,1164.0,1164.0,1166.0,1167.0,1167.0,1167.0,1167.0,1167.0,1167.0,1167.0,1168.0,1168.0,1168.0,1168.0,1169.0,1169.0,1167.0,1167.0,1167.0,1167.0,1167.0,1167.0,1168.0,1167.0,1167.0,1168.0,1167.0,1168.0,1167.0,1167.0,1167.0,1167.0,1167.0,1167.0,1167.0,1167.0,1167.0,1168.0,1169.0,1169.0,1171.0,1171.0,1171.0,1170.0,1171.0,1169.0,1166.0,1166.0,1166.0,1165.0,1165.0,1165.0,1165.0,1165.0,1166.0,1166.0,1166.0,1166.0,1166.0,1167.0,1167.0,1167.0,1167.0,1167.0,1167.0,1167.0,1167.0,1167.0,1167.0,1167.0,1168.0,1168.0,1168.0,1168.0,1168.0,1169.0,1169.0,1170.0,1171.0,1171.0,1170.0,1170.0,1170.0,1170.0,1170.0,1170.0,1170.0,1170.0,1170.0,1170
Cw7xD50lG-0,15.0,15.0,16.0,15.0,15.0,15.0,15.0,15.0,15.0,15.0,15.0,15.0,15.0,15.0,15.0,15.0,15.0,15.0,15.0,15.0,15.0,15.0,15.0,15.0,15.0,15.0,15.0,15.0,15.0,15.0,15.0,15.0,15.0,15.0,15.0,15.0,15.0,15.0,15.0,15.0,15.0,15.0,15.0,15.0,15.0,15.0,15.0,15.0,15.0,15.0,15.0,15.0,15.0,15.0,15.0,15.0,15.0,15.0,15.0,15.0,15.0,15.0,15.0,15.0,15.0,15.0,15.0,15.0,15.0,15.0,15.0,15.0,15.0,15.0,15.0,15.0,15.0,15.0,15.0,15.0,15.0,15.0,15.0,15.0,15.0,15.0,15.0,15.0,15.0,15.0,15.0,15.0,15.0,15.0,15.0,15.0,15.0,15.0,15.0,15.0,15.0,15.0,15.0,15.0,15.0,15.0,15.0,15.0,15.0,15.0,15.0,15.0,15.0,15.0,15.0,15.0,15.0,15.0,15.0,15.0,15.0,15.0,15.0,15.0,15.0,15
phTLVfMhwEI,1337.0,1337.0,1337.0,1337.0,1338.0,1339.0,1341.0,1341.0,1341.0,1343.0,1344.0,1344.0,1344.0,1344.0,1345.0,1345.0,1345.0,1346.0,1346.0,1346.0,1346.0,1346.0,1347.0,1347.0,1347.0,1349.0,1350.0,1341.0,1341.0,1341.0,1343.0,1343.0,1344.0,1344.0,1343.0,1345.0,1348.0,1348.0,1348.0,1348.0,1350.0,1350.0,1350.0,1350.0,1350.0,1350.0,1350.0,1354.0,1354.0,1354.0,1356.0,1356.0,1356.0,1357.0,1360.0,1362.0,1362.0,1363.0,1364.0,1364.0,1364.0,1364.0,1364.0,1364.0,1364.0,1364.0,1364.0,1365.0,1365.0,1366.0,1368.0,1368.0,1368.0,1368.0,1368.0,1368.0,1369.0,1371.0,1371.0,1371.0,1372.0,1372.0,1370.0,1372.0,1372.0,1372.0,1373.0,1373.0,1377.0,1377.0,1377.0,1377.0,1379.0,1379.0,1380.0,1380.0,1383.0,1385.0,1385.0,1385.0,1388.0,1389.0,1388.0,1389.0,1391.0,1392.0,1390.0,1390.0,1391.0,1392.0,1394.0,1395.0,1397.0,1399.0,1400.0,1399.0,1399.0,1399.0,1399.0,1399.0,1399.0,1399.0,1399.0,1399.0,1400.0,1400
5OS5_KXxvnY,360.0,360.0,360.0,361.0,361.0,362.0,362.0,362.0,362.0,362.0,363.0,363.0,363.0,363.0,362.0,362.0,362.0,363.0,363.0,363.0,363.0,363.0,363.0,363.0,363.0,363.0,363.0,363.0,363.0,363.0,363.0,363.0,363.0,363.0,363.0,363.0,363.0,363.0,363.0,364.0,364.0,364.0,365.0,365.0,365.0,365.0,365.0,366.0,366.0,366.0,366.0,366.0,366.0,366.0,366.0,366.0,366.0,366.0,366.0,366.0,366.0,366.0,366.0,366.0,366.0,366.0,366.0,366.0,366.0,366.0,366.0,366.0,366.0,366.0,366.0,366.0,366.0,366.0,366.0,367.0,367.0,367.0,367.0,367.0,367.0,367.0,367.0,367.0,367.0,367.0,368.0,368.0,368.0,368.0,368.0,368.0,368.0,368.0,368.0,368.0,368.0,369.0,369.0,369.0,369.0,369.0,369.0,369.0,369.0,369.0,369.0,369.0,369.0,369.0,369.0,369.0,369.0,369.0,369.0,369.0,369.0,369.0,369.0,370.0,370.0,370
meF_z30a4Us,401.0,401.0,401.0,401.0,401.0,401.0,401.0,401.0,401.0,401.0,401.0,401.0,401.0,401.0,401.0,401.0,401.0,401.0,401.0,401.0,401.0,401.0,401.0,402.0,403.0,403.0,403.0,404.0,404.0,404.0,404.0,404.0,404.0,404.0,411.0,411.0,421.0,421.0,452.0,473.0,473.0,474.0,474.0,474.0,484.0,484.0,484.0,485.0,485.0,485.0,485.0,485.0,485.0,485.0,485.0,485.0,485.0,486.0,486.0,486.0,487.0,487.0,487.0,487.0,487.0,487.0,487.0,487.0,487.0,487.0,487.0,488.0,487.0,488.0,488.0,488.0,488.0,488.0,488.0,487.0,487.0,487.0,487.0,488.0,488.0,488.0,488.0,488.0,488.0,488.0,488.0,488.0,488.0,488.0,488.0,488.0,488.0,488.0,488.0,488.0,488.0,488.0,488.0,488.0,488.0,488.0,488.0,488.0,488.0,488.0,488.0,488.0,488.0,488.0,488.0,488.0,488.0,488.0,488.0,488.0,489.0,489.0,489.0,489.0,489.0,490
PVbqyKzfAjI,1556.0,1556.0,1556.0,1556.0,1558.0,1559.0,1560.0,1559.0,1559.0,1559.0,1559.0,1559.0,1559.0,1559.0,1559.0,1559.0,1559.0,1559.0,1559.0,1559.0,1559.0,1559.0,1561.0,1561.0,1561.0,1561.0,1562.0,1562.0,1563.0,1563.0,1563.0,1562.0,1562.0,1562.0,1563.0,1563.0,1563.0,1563.0,1563.0,1562.0,1562.0,1562.0,1562.0,1562.0,1562.0,1562.0,1562.0,1562.0,1562.0,1562.0,1563.0,1563.0,1563.0,1563.0,1563.0,1563.0,1564.0,1566.0,1566.0,1566.0,1567.0,1567.0,1568.0,1568.0,1568.0,1568.0,1568.0,1568.0,1568.0,1568.0,1568.0,1569.0,1569.0,1570.0,1571.0,1571.0,1571.0,1571.0,1572.0,1569.0,1570.0,1570.0,1570.0,1570.0,1569.0,1569.0,1569.0,1569.0,1569.0,1568.0,1568.0,1570.0,1570.0,1570.0,1570.0,1570.0,1570.0,1571.0,1571.0,1571.0,1571.0,1571.0,1573.0,1573.0,1573.0,1573.0,1573.0,1573.0,1573.0,1574.0,1574.0,1572.0,1572.0,1572.0,1571.0,1571.0,1571.0,1571.0,1571.0,1571.0,1569.0,1569.0,1570.0,1570.0,1570.0,1570
PVbqyKzfAjI,1556.0,1556.0,1556.0,1556.0,1558.0,1559.0,1560.0,1559.0,1559.0,1559.0,1559.0,1559.0,1559.0,1559.0,1559.0,1559.0,1559.0,1559.0,1559.0,1559.0,1559.0,1559.0,1561.0,1561.0,1561.0,1561.0,1562.0,1562.0,1563.0,1563.0,1563.0,1562.0,1562.0,1562.0,1563.0,1563.0,1563.0,1563.0,1563.0,1562.0,1562.0,1562.0,1562.0,1562.0,1562.0,1562.0,1562.0,1562.0,1562.0,1562.0,1563.0,1563.0,1563.0,1563.0,1563.0,1563.0,1564.0,1566.0,1566.0,1566.0,1567.0,1567.0,1568.0,1568.0,1568.0,1568.0,1568.0,1568.0,1568.0,1568.0,1568.0,1569.0,1569.0,1570.0,1571.0,1571.0,1571.0,1571.0,1572.0,1569.0,1570.0,1570.0,1570.0,1570.0,1569.0,1569.0,1569.0,1569.0,1569.0,1568.0,1568.0,1570.0,1570.0,1570.0,1570.0,1570.0,1570.0,1571.0,1571.0,1571.0,1571.0,1571.0,1573.0,1573.0,1573.0,1573.0,1573.0,1573.0,1573.0,1574.0,1574.0,1572.0,1572.0,1572.0,1571.0,1571.0,1571.0,1571.0,1571.0,1571.0,1569.0,1569.0,1570.0,1570.0,1570.0,1570
zPmSwXMQtRk,31607.0,31620.0,31630.0,31649.0,31657.0,31660.0,31683.0,31659.0,31670.0,31684.0,31708.0,31729.0,31734.0,31744.0,31753.0,31764.0,31772.0,31778.0,31788.0,31799.0,31802.0,31813.0,31813.0,31820.0,31831.0,31832.0,31856.0,31890.0,31910.0,31929.0,31951.0,31964.0,31974.0,31985.0,32008.0,32025.0,32028.0,32038.0,32054.0,32071.0,32083.0,32123.0,32146.0,32165.0,32186.0,32204.0,32221.0,32239.0,32262.0,32281.0,32286.0,32310.0,32313.0,32337.0,32339.0,32353.0,32354.0,32357.0,32366.0,32367.0,32375.0,32380.0,32386.0,32396.0,32402.0,32403.0,32404.0,32407.0,32405.0,32403.0,32400.0,32397.0,32398.0,32399.0,32401.0,32399.0,32399.0,32403.0,32396.0,32394.0,32399.0,32404.0,32406.0,32413.0,32403.0,32402.0,32404.0,32411.0,32374.0,32369.0,32374.0,32378.0,32379.0,32392.0,32396.0,32398.0,32399.0,32400.0,32402.0,32405.0,32408.0,32412.0,32427.0,32450.0,32461.0,32475.0,32486.0,32498.0,32520.0,32558.0,32652.0,32713.0,32777.0,32837.0,32925.0,32970.0,33124.0,33201.0,33296.0,33361.0,33424.0,33511.0,33620.0,33751.0,33843.0,33910
19WOOczMZzA,700.0,700.0,702.0,709.0,717.0,733.0,741.0,756.0,766.0,770.0,774.0,786.0,788.0,794.0,796.0,803.0,805.0,806.0,810.0,818.0,819.0,819.0,819.0,819.0,819.0,819.0,819.0,819.0,819.0,819.0,819.0,819.0,819.0,819.0,819.0,819.0,819.0,819.0,819.0,819.0,819.0,819.0,819.0,819.0,819.0,819.0,819.0,817.0,817.0,817.0,817.0,817.0,817.0,817.0,817.0,817.0,817.0,817.0,817.0,817.0,817.0,817.0,817.0,817.0,817.0,817.0,817.0,817.0,817.0,817.0,817.0,817.0,817.0,817.0,817.0,817.0,817.0,817.0,817.0,817.0,817.0,817.0,816.0,816.0,816.0,816.0,816.0,816.0,816.0,816.0,816.0,816.0,816.0,816.0,816.0,816.0,816.0,816.0,816.0,816.0,816.0,816.0,816.0,816.0,816.0,816.0,816.0,816.0,816.0,816.0,816.0,816.0,816.0,816.0,816.0,816.0,815.0,820.0,828.0,829.0,829.0,829.0,829.0,829.0,829.0,829
sL0pCS6K9bc,22833.0,22874.0,22899.0,22943.0,23047.0,23139.0,23185.0,23228.0,23298.0,23370.0,23428.0,23523.0,23556.0,23626.0,23704.0,23766.0,23826.0,23865.0,23924.0,23978.0,24048.0,24100.0,24141.0,24162.0,24200.0,24249.0,24330.0,24382.0,24439.0,24484.0,24525.0,24562.0,24590.0,24599.0,24621.0,24652.0,24686.0,24714.0,24728.0,24755.0,24764.0,24787.0,24820.0,24836.0,24856.0,24870.0,24892.0,24917.0,24936.0,24953.0,24989.0,25038.0,25072.0,25083.0,25105.0,25128.0,25137.0,25150.0,25166.0,25178.0,25202.0,25224.0,25228.0,25250.0,25262.0,25305.0,25319.0,25345.0,25364.0,25384.0,25394.0,25408.0,25427.0,25457.0,25462.0,25467.0,25476.0,25484.0,25501.0,25516.0,25530.0,25539.0,25554.0,25563.0,25571.0,25580.0,25594.0,25596.0,25608.0,25623.0,25625.0,25637.0,25648.0,25663.0,25670.0,25687.0,25696.0,25705.0,25729.0,25748.0,25754.0,25766.0,25773.0,25777.0,25790.0,25804.0,25817.0,25835.0,25847.0,25852.0,25859.0,25867.0,25875.0,25882.0,25890.0,25896.0,25916.0,25929.0,25940.0,25951.0,25942.0,25935.0,25929.0,25933.0,25938.0,25956
sL0pCS6K9bc,22833.0,22874.0,22899.0,22943.0,23047.0,23139.0,23185.0,23228.0,23298.0,23370.0,23428.0,23523.0,23556.0,23626.0,23704.0,23766.0,23826.0,23865.0,23924.0,23978.0,24048.0,24100.0,24141.0,24162.0,24200.0,24249.0,24330.0,24382.0,24439.0,24484.0,24525.0,24562.0,24590.0,24599.0,24621.0,24652.0,24686.0,24714.0,24728.0,24755.0,24764.0,24787.0,24820.0,24836.0,24856.0,24870.0,24892.0,24917.0,24936.0,24953.0,24989.0,25038.0,25072.0,25083.0,25105.0,25128.0,25137.0,25150.0,25166.0,25178.0,25202.0,25224.0,25228.0,25250.0,25262.0,25305.0,25319.0,25345.0,25364.0,25384.0,25394.0,25408.0,25427.0,25457.0,25462.0,25467.0,25476.0,25484.0,25501.0,25516.0,25530.0,25539.0,25554.0,25563.0,25571.0,25580.0,25594.0,25596.0,25608.0,25623.0,25625.0,25637.0,25648.0,25663.0,25670.0,25687.0,25696.0,25705.0,25729.0,25748.0,25754.0,25766.0,25773.0,25777.0,25790.0,25804.0,25817.0,25835.0,25847.0,25852.0,25859.0,25867.0,25875.0,25882.0,25890.0,25896.0,25916.0,25929.0,25940.0,25951.0,25942.0,25935.0,25929.0,25933.0,25938.0,25956
gTxX2EvHSsM,479.0,479.0,479.0,479.0,479.0,479.0,479.0,479.0,479.0,479.0,479.0,479.0,479.0,479.0,479.0,479.0,479.0,479.0,478.0,478.0,478.0,478.0,478.0,478.0,478.0,478.0,478.0,479.0,479.0,479.0,479.0,479.0,479.0,479.0,479.0,479.0,479.0,479.0,479.0,479.0,479.0,479.0,479.0,479.0,479.0,479.0,479.0,479.0,480.0,480.0,480.0,480.0,480.0,480.0,480.0,480.0,480.0,480.0,480.0,480.0,481.0,481.0,481.0,481.0,481.0,481.0,481.0,481.0,481.0,481.0,481.0,481.0,481.0,481.0,481.0,481.0,481.0,481.0,481.0,481.0,481.0,481.0,481.0,481.0,481.0,481.0,481.0,481.0,481.0,481.0,481.0,482.0,482.0,482.0,482.0,482.0,482.0,482.0,482.0,482.0,482.0,482.0,482.0,482.0,482.0,482.0,482.0,482.0,482.0,482.0,482.0,482.0,482.0,482.0,482.0,482.0,482.0,482.0,482.0,482.0,482.0,482.0,482.0,482.0,482.0,482
0Xw6kkgNbZ8,1558.0,1598.0,1630.0,1643.0,1662.0,1673.0,1673.0,1675.0,1687.0,1698.0,1704.0,1715.0,1725.0,1736.0,1744.0,1769.0,1797.0,1827.0,1840.0,1851.0,1867.0,1876.0,1887.0,1890.0,1902.0,1916.0,1919.0,1919.0,1918.0,1918.0,1918.0,1918.0,1919.0,1918.0,1918.0,1921.0,1921.0,1922.0,1921.0,1921.0,1921.0,1922.0,1923.0,1923.0,1924.0,1925.0,1925.0,1925.0,1925.0,1925.0,1925.0,1925.0,1926.0,1926.0,1927.0,1928.0,1930.0,1931.0,1931.0,1931.0,1932.0,1932.0,1932.0,1932.0,1932.0,1932.0,1933.0,1933.0,1933.0,1933.0,1935.0,1935.0,1935.0,1935.0,1936.0,1936.0,1936.0,1937.0,1937.0,1937.0,1937.0,1938.0,1937.0,1937.0,1937.0,1937.0,1936.0,1937.0,1939.0,1939.0,1939.0,1939.0,1939.0,1940.0,1940.0,1941.0,1941.0,1942.0,1942.0,1943.0,1943.0,1943.0,1943.0,1944.0,1944.0,1944.0,1944.0,1944.0,1944.0,1944.0,1944.0,1944.0,1944.0,1944.0,1944.0,1944.0,1944.0,1944.0,1944.0,1944.0,1943.0,1943.0,1943.0,1943.0,1943.0,1942
lux_eWJ507Y,0.0,0.0,0.0,0.0,0.0,0.0,0.0,0.0,0.0,0.0,0.0,0.0,0.0,0.0,0.0,0.0,0.0,0.0,0.0,0.0,0.0,0.0,1.0,1.0,1.0,1.0,1.0,1.0,1.0,1.0,1.0,1.0,1.0,1.0,1.0,1.0,1.0,1.0,1.0,1.0,1.0,1.0,1.0,1.0,1.0,1.0,1.0,1.0,1.0,1.0,1.0,1.0,1.0,1.0,1.0,1.0,1.0,1.0,1.0,1.0,1.0,1.0,1.0,1.0,1.0,1.0,1.0,1.0,1.0,1.0,1.0,1.0,1.0,1.0,1.0,1.0,1.0,1.0,1.0,1.0,1.0,1.0,1.0,1.0,1.0,1.0,1.0,1.0,1.0,1.0,1.0,1.0,1.0,1.0,1.0,1.0,1.0,1.0,1.0,1.0,1.0,1.0,1.0,1.0,1.0,1.0,1.0,1.0,1.0,1.0,1.0,1.0,1.0,1.0,1.0,1.0,1.0,1.0,1.0,1.0,1.0,1.0,1.0,1.0,1.0,1
R319nIK_P4s,2737.0,2737.0,2737.0,2738.0,2738.0,2738.0,2738.0,2738.0,2737.0,2737.0,2737.0,2737.0,2737.0,2736.0,2736.0,2737.0,2738.0,2738.0,2738.0,2739.0,2740.0,2742.0,2744.0,2745.0,2745.0,2745.0,2746.0,2746.0,2747.0,2746.0,2747.0,2747.0,2749.0,2749.0,2749.0,2749.0,2749.0,2750.0,2749.0,2751.0,2751.0,2751.0,2751.0,2751.0,2751.0,2752.0,2751.0,2750.0,2749.0,2751.0,2751.0,2751.0,2752.0,2752.0,2754.0,2754.0,2755.0,2755.0,2755.0,2755.0,2755.0,2755.0,2757.0,2753.0,2752.0,2751.0,2751.0,2753.0,2755.0,2756.0,2758.0,2758.0,2758.0,2758.0,2758.0,2758.0,2763.0,2764.0,2764.0,2765.0,2765.0,2765.0,2764.0,2764.0,2764.0,2765.0,2765.0,2766.0,2768.0,2770.0,2770.0,2774.0,2772.0,2774.0,2774.0,2775.0,2775.0,2775.0,2775.0,2775.0,2775.0,2776.0,2776.0,2777.0,2777.0,2780.0,2780.0,2780.0,2780.0,2780.0,2781.0,2781.0,2782.0,2781.0,2781.0,2781.0,2781.0,2781.0,2782.0,2782.0,2782.0,2783.0,2783.0,2783.0,2783.0,2783
LNETckymbzk,10262.0,10270.0,10278.0,10288.0,10299.0,10316.0,10322.0,10329.0,10330.0,10341.0,10350.0,10357.0,10366.0,10376.0,10386.0,10390.0,10402.0,10409.0,10413.0,10421.0,10428.0,10441.0,10453.0,10469.0,10472.0,10484.0,10483.0,10492.0,10504.0,10510.0,10517.0,10548.0,10596.0,10629.0,10659.0,10675.0,10687.0,10720.0,10740.0,10760.0,10776.0,10784.0,10794.0,10805.0,10821.0,10838.0,10851.0,10861.0,10873.0,10880.0,10892.0,10899.0,10899.0,10904.0,10917.0,10926.0,10936.0,10946.0,10954.0,10968.0,10978.0,10985.0,10993.0,10990.0,11007.0,11020.0,11030.0,11040.0,11052.0,11073.0,11083.0,11088.0,11093.0,11100.0,11105.0,11121.0,11131.0,11137.0,11134.0,11138.0,11142.0,11141.0,11141.0,11141.0,11141.0,11143.0,11145.0,11148.0,11152.0,11155.0,11158.0,11163.0,11162.0,11165.0,11168.0,11171.0,11170.0,11171.0,11170.0,11170.0,11169.0,11170.0,11169.0,11170.0,11178.0,11180.0,11180.0,11179.0,11177.0,11177.0,11178.0,11179.0,11180.0,11182.0,11185.0,11188.0,11191.0,11191.0,11191.0,11194.0,11195.0,11195.0,11195.0,11194.0,11194.0,11195
ygyxAjRl320,143.0,143.0,143.0,144.0,144.0,144.0,144.0,144.0,144.0,144.0,145.0,145.0,145.0,145.0,145.0,145.0,145.0,145.0,145.0,145.0,145.0,145.0,145.0,145.0,145.0,145.0,145.0,145.0,145.0,145.0,145.0,145.0,145.0,146.0,146.0,146.0,146.0,146.0,146.0,146.0,146.0,146.0,147.0,147.0,147.0,147.0,147.0,147.0,147.0,147.0,147.0,147.0,147.0,147.0,147.0,147.0,147.0,147.0,147.0,147.0,147.0,147.0,147.0,147.0,147.0,147.0,147.0,147.0,147.0,147.0,147.0,147.0,147.0,147.0,147.0,147.0,147.0,147.0,148.0,148.0,148.0,148.0,148.0,148.0,148.0,148.0,148.0,148.0,148.0,148.0,148.0,148.0,148.0,148.0,148.0,148.0,148.0,148.0,148.0,149.0,149.0,149.0,149.0,149.0,149.0,149.0,149.0,149.0,149.0,149.0,149.0,149.0,150.0,150.0,150.0,150.0,150.0,150.0,150.0,150.0,150.0,150.0,151.0,151.0,151.0,151
KNf8Vs1aJJY,0.0,0.0,0.0,0.0,0.0,0.0,0.0,0.0,0.0,0.0,0.0,0.0,0.0,0.0,0.0,0.0,0.0,0.0,0.0,0.0,0.0,0.0,0.0,0.0,0.0,0.0,0.0,0.0,0.0,0.0,0.0,0.0,0.0,0.0,0.0,0.0,0.0,0.0,0.0,0.0,0.0,0.0,0.0,0.0,0.0,0.0,0.0,0.0,0.0,0.0,0.0,0.0,0.0,0.0,0.0,0.0,0.0,0.0,0.0,0.0,0.0,0.0,0.0,0.0,0.0,0.0,0.0,0.0,0.0,0.0,0.0,0.0,0.0,0.0,0.0,0.0,0.0,0.0,0.0,0.0,0.0,0.0,0.0,0.0,0.0,0.0,0.0,0.0,0.0,0.0,0.0,0.0,0.0,0.0,0.0,0.0,0.0,0.0,0.0,0.0,0.0,0.0,0.0,0.0,0.0,0.0,0.0,0.0,0.0,0.0,0.0,0.0,0.0,0.0,0.0,0.0,0.0,0.0,0.0,0.0,0.0,0.0,0.0,0.0,0.0,0
nz9SFMVuEIg,1330.0,1330.0,1330.0,1330.0,1331.0,1330.0,1332.0,1332.0,1332.0,1333.0,1333.0,1333.0,1332.0,1331.0,1331.0,1331.0,1332.0,1332.0,1332.0,1334.0,1334.0,1335.0,1335.0,1335.0,1335.0,1335.0,1335.0,1336.0,1336.0,1335.0,1335.0,1336.0,1336.0,1337.0,1338.0,1339.0,1339.0,1338.0,1341.0,1340.0,1340.0,1342.0,1342.0,1341.0,1341.0,1341.0,1342.0,1342.0,1341.0,1341.0,1341.0,1341.0,1341.0,1341.0,1341.0,1341.0,1342.0,1342.0,1342.0,1341.0,1342.0,1342.0,1343.0,1343.0,1343.0,1344.0,1344.0,1345.0,1345.0,1345.0,1346.0,1346.0,1345.0,1345.0,1345.0,1345.0,1345.0,1346.0,1346.0,1346.0,1346.0,1345.0,1345.0,1345.0,1345.0,1345.0,1345.0,1345.0,1345.0,1345.0,1345.0,1345.0,1346.0,1346.0,1346.0,1348.0,1349.0,1349.0,1348.0,1348.0,1348.0,1348.0,1348.0,1348.0,1348.0,1348.0,1347.0,1347.0,1347.0,1347.0,1347.0,1347.0,1347.0,1347.0,1347.0,1346.0,1346.0,1347.0,1347.0,1348.0,1348.0,1348.0,1348.0,1348.0,1348.0,1348
PUmBzV4v9TI,924.0,924.0,924.0,924.0,924.0,924.0,921.0,921.0,921.0,921.0,921.0,921.0,921.0,921.0,920.0,920.0,920.0,921.0,921.0,921.0,921.0,921.0,921.0,921.0,923.0,924.0,924.0,924.0,924.0,924.0,925.0,925.0,925.0,925.0,925.0,925.0,925.0,925.0,925.0,928.0,928.0,928.0,928.0,926.0,926.0,926.0,928.0,928.0,928.0,928.0,928.0,928.0,928.0,929.0,929.0,929.0,931.0,931.0,930.0,931.0,931.0,932.0,932.0,932.0,933.0,934.0,934.0,934.0,934.0,934.0,934.0,934.0,933.0,933.0,933.0,934.0,934.0,934.0,934.0,934.0,934.0,935.0,932.0,932.0,934.0,934.0,933.0,933.0,933.0,933.0,933.0,933.0,932.0,932.0,932.0,932.0,932.0,932.0,932.0,928.0,928.0,928.0,928.0,928.0,928.0,928.0,928.0,928.0,928.0,927.0,925.0,925.0,925.0,921.0,922.0,922.0,923.0,926.0,926.0,904.0,903.0,904.0,904.0,904.0,904.0,904
El3iHyqa0rE,26.0,26.0,26.0,26.0,26.0,26.0,26.0,26.0,26.0,26.0,26.0,26.0,26.0,26.0,26.0,26.0,26.0,26.0,26.0,26.0,26.0,26.0,26.0,26.0,26.0,26.0,26.0,26.0,26.0,27.0,27.0,27.0,27.0,27.0,27.0,27.0,27.0,27.0,27.0,27.0,27.0,27.0,27.0,26.0,26.0,26.0,27.0,27.0,27.0,27.0,27.0,27.0,27.0,27.0,27.0,27.0,27.0,27.0,27.0,27.0,27.0,27.0,27.0,27.0,27.0,27.0,27.0,27.0,27.0,27.0,27.0,27.0,27.0,27.0,27.0,27.0,27.0,27.0,27.0,27.0,27.0,27.0,27.0,27.0,27.0,27.0,27.0,27.0,27.0,27.0,27.0,27.0,27.0,27.0,27.0,27.0,27.0,27.0,27.0,27.0,27.0,27.0,27.0,27.0,27.0,27.0,27.0,27.0,27.0,27.0,27.0,27.0,27.0,27.0,27.0,27.0,27.0,27.0,27.0,27.0,27.0,27.0,27.0,27.0,27.0,27
624NpugNTi4,27278.0,27391.0,27495.0,27622.0,27660.0,27790.0,27919.0,28009.0,28124.0,28213.0,28310.0,28420.0,28527.0,28637.0,28760.0,28867.0,28991.0,29118.0,29249.0,29408.0,29616.0,29951.0,31222.0,31322.0,31413.0,31486.0,31565.0,31637.0,31709.0,31775.0,31866.0,31944.0,32009.0,32080.0,32156.0,32221.0,32279.0,32350.0,32421.0,32500.0,32594.0,32625.0,32639.0,32662.0,32680.0,32696.0,32701.0,32713.0,32719.0,32726.0,32747.0,32756.0,32758.0,32766.0,32771.0,32774.0,32776.0,32778.0,32783.0,32790.0,32803.0,32816.0,32822.0,32830.0,32835.0,32838.0,32854.0,32856.0,32860.0,32869.0,32871.0,32886.0,32871.0,32880.0,32883.0,32886.0,32894.0,32905.0,32915.0,32924.0,32933.0,32939.0,32942.0,32950.0,32938.0,32944.0,32951.0,32936.0,32943.0,32941.0,32946.0,32955.0,32958.0,32959.0,32963.0,32971.0,32978.0,32985.0,32990.0,32993.0,32994.0,33018.0,33024.0,33034.0,33041.0,33058.0,33067.0,33081.0,33090.0,33099.0,33109.0,33116.0,33117.0,33100.0,33111.0,33121.0,33123.0,33125.0,33115.0,33118.0,33125.0,33129.0,33138.0,33140.0,33143.0,33145
N1qWetE4AV4,12277.0,12280.0,12284.0,12286.0,12289.0,12285.0,12284.0,12287.0,12293.0,12300.0,12303.0,12303.0,12305.0,12308.0,12312.0,12317.0,12321.0,12324.0,12328.0,12330.0,12333.0,12337.0,12340.0,12323.0,12327.0,12348.0,12350.0,12352.0,12352.0,12355.0,12356.0,12358.0,12361.0,12363.0,12363.0,12364.0,12366.0,12370.0,12373.0,12375.0,12378.0,12379.0,12382.0,12384.0,12386.0,12388.0,12391.0,12393.0,12396.0,12399.0,12402.0,12406.0,12409.0,12411.0,12413.0,12414.0,12415.0,12421.0,12424.0,12427.0,12428.0,12427.0,12434.0,12436.0,12437.0,12438.0,12439.0,12440.0,12445.0,12447.0,12448.0,12451.0,12451.0,12454.0,12456.0,12458.0,12461.0,12464.0,12465.0,12466.0,12468.0,12468.0,12470.0,12473.0,12475.0,12471.0,12476.0,12477.0,12479.0,12469.0,12474.0,12473.0,12475.0,12477.0,12478.0,12473.0,12475.0,12477.0,12478.0,12481.0,12484.0,12485.0,12486.0,12490.0,12491.0,12493.0,12495.0,12496.0,12497.0,12498.0,12499.0,12502.0,12504.0,12506.0,12510.0,12512.0,12513.0,12515.0,12518.0,12521.0,12522.0,12524.0,12525.0,12527.0,12529.0,12530
RkPj6AnKm0Y,49749.0,49759.0,49763.0,49785.0,49799.0,49815.0,49757.0,49763.0,49776.0,49783.0,49783.0,49797.0,49806.0,49811.0,49821.0,49834.0,49843.0,49848.0,49854.0,49862.0,49884.0,49902.0,49915.0,49913.0,49923.0,49942.0,49951.0,49962.0,49963.0,49971.0,49979.0,49983.0,49992.0,49998.0,50005.0,50010.0,50018.0,50024.0,50030.0,50037.0,50041.0,50049.0,50061.0,50070.0,50090.0,50099.0,50106.0,50112.0,50115.0,50121.0,50122.0,50126.0,50133.0,50142.0,50148.0,50154.0,50158.0,50167.0,50175.0,50158.0,50162.0,50166.0,50173.0,50175.0,50181.0,50191.0,50179.0,50187.0,50199.0,50205.0,50211.0,50215.0,50222.0,50223.0,50227.0,50230.0,50235.0,50243.0,50245.0,50249.0,50250.0,50255.0,50258.0,50263.0,50268.0,50274.0,50283.0,50289.0,50289.0,50205.0,50208.0,50217.0,50224.0,50232.0,50238.0,50241.0,50243.0,50247.0,50238.0,50240.0,50248.0,50250.0,50252.0,50260.0,50264.0,50259.0,50265.0,50270.0,50279.0,50282.0,50292.0,50299.0,50305.0,50313.0,50320.0,50323.0,50334.0,50339.0,50348.0,50363.0,50378.0,50434.0,50458.0,50464.0,50468.0,50472
jy0qJC6IbgY,476.0,476.0,479.0,480.0,480.0,481.0,481.0,482.0,484.0,489.0,491.0,491.0,491.0,491.0,491.0,493.0,493.0,493.0,493.0,493.0,492.0,495.0,495.0,496.0,496.0,496.0,496.0,497.0,497.0,498.0,498.0,499.0,499.0,500.0,500.0,501.0,501.0,505.0,505.0,505.0,505.0,506.0,506.0,505.0,507.0,507.0,507.0,510.0,512.0,515.0,515.0,516.0,518.0,518.0,519.0,520.0,520.0,520.0,521.0,523.0,523.0,523.0,524.0,524.0,524.0,524.0,524.0,525.0,525.0,525.0,525.0,525.0,525.0,525.0,525.0,526.0,527.0,528.0,528.0,527.0,527.0,527.0,528.0,528.0,530.0,530.0,530.0,530.0,530.0,530.0,531.0,531.0,530.0,530.0,530.0,530.0,531.0,532.0,532.0,532.0,532.0,532.0,532.0,532.0,532.0,532.0,532.0,532.0,533.0,533.0,533.0,534.0,534.0,535.0,535.0,535.0,537.0,538.0,538.0,538.0,538.0,539.0,540.0,541.0,541.0,542
dixyMxnPuoA,1473.0,1474.0,1474.0,1473.0,1473.0,1473.0,1473.0,1473.0,1474.0,1474.0,1474.0,1474.0,1474.0,1475.0,1475.0,1475.0,1475.0,1476.0,1476.0,1476.0,1476.0,1476.0,1473.0,1473.0,1474.0,1473.0,1470.0,1470.0,1470.0,1472.0,1472.0,1472.0,1472.0,1473.0,1473.0,1473.0,1473.0,1473.0,1472.0,1472.0,1472.0,1472.0,1472.0,1472.0,1472.0,1473.0,1473.0,1474.0,1475.0,1476.0,1476.0,1476.0,1476.0,1477.0,1477.0,1477.0,1470.0,1471.0,1471.0,1471.0,1472.0,1472.0,1472.0,1473.0,1473.0,1473.0,1473.0,1473.0,1473.0,1473.0,1473.0,1473.0,1473.0,1474.0,1474.0,1475.0,1475.0,1475.0,1475.0,1475.0,1475.0,1475.0,1474.0,1474.0,1476.0,1476.0,1476.0,1476.0,1475.0,1475.0,1477.0,1477.0,1477.0,1477.0,1477.0,1477.0,1477.0,1477.0,1477.0,1477.0,1478.0,1480.0,1479.0,1479.0,1479.0,1481.0,1482.0,1482.0,1482.0,1482.0,1482.0,1482.0,1482.0,1482.0,1482.0,1482.0,1483.0,1483.0,1483.0,1483.0,1484.0,1484.0,1485.0,1485.0,1485.0,1487
7hdCjdBJzd8,138.0,138.0,138.0,138.0,138.0,138.0,139.0,139.0,139.0,140.0,140.0,140.0,140.0,140.0,139.0,139.0,139.0,139.0,139.0,139.0,139.0,139.0,139.0,139.0,139.0,139.0,139.0,139.0,139.0,139.0,139.0,140.0,140.0,140.0,140.0,140.0,140.0,140.0,141.0,141.0,141.0,141.0,141.0,141.0,141.0,141.0,141.0,141.0,141.0,141.0,141.0,141.0,141.0,141.0,141.0,141.0,141.0,141.0,141.0,141.0,141.0,141.0,141.0,141.0,141.0,141.0,141.0,141.0,141.0,141.0,141.0,141.0,141.0,141.0,141.0,141.0,141.0,141.0,141.0,141.0,141.0,141.0,141.0,141.0,141.0,141.0,141.0,141.0,141.0,141.0,141.0,141.0,141.0,141.0,141.0,141.0,141.0,141.0,141.0,141.0,140.0,140.0,140.0,140.0,140.0,140.0,140.0,140.0,140.0,140.0,140.0,140.0,140.0,140.0,140.0,140.0,140.0,140.0,141.0,141.0,141.0,141.0,141.0,141.0,141.0,141
YfYrnaPWybA,55.0,57.0,57.0,57.0,57.0,57.0,57.0,57.0,57.0,57.0,57.0,57.0,57.0,57.0,56.0,56.0,57.0,57.0,57.0,57.0,57.0,57.0,57.0,57.0,57.0,57.0,57.0,57.0,57.0,57.0,57.0,57.0,57.0,57.0,57.0,57.0,57.0,57.0,57.0,57.0,57.0,57.0,57.0,57.0,57.0,57.0,57.0,57.0,57.0,57.0,57.0,57.0,57.0,57.0,57.0,58.0,58.0,58.0,58.0,58.0,58.0,58.0,58.0,58.0,58.0,58.0,58.0,58.0,58.0,58.0,58.0,58.0,58.0,58.0,58.0,58.0,58.0,58.0,58.0,58.0,58.0,58.0,58.0,58.0,58.0,58.0,58.0,58.0,58.0,58.0,58.0,58.0,58.0,58.0,58.0,58.0,58.0,58.0,58.0,58.0,58.0,58.0,58.0,58.0,58.0,58.0,58.0,58.0,58.0,58.0,58.0,58.0,58.0,58.0,58.0,58.0,58.0,58.0,58.0,58.0,58.0,58.0,58.0,58.0,58.0,58
ZqxQkj9ONZY,0.0,0.0,0.0,0.0,0.0,0.0,0.0,0.0,0.0,0.0,0.0,0.0,0.0,0.0,0.0,0.0,0.0,0.0,0.0,0.0,0.0,0.0,0.0,0.0,0.0,0.0,0.0,0.0,0.0,0.0,0.0,0.0,0.0,0.0,0.0,0.0,0.0,0.0,0.0,0.0,0.0,0.0,0.0,0.0,0.0,0.0,0.0,0.0,0.0,0.0,0.0,0.0,0.0,0.0,0.0,0.0,0.0,0.0,0.0,0.0,0.0,0.0,0.0,0.0,0.0,0.0,0.0,0.0,0.0,0.0,0.0,0.0,0.0,0.0,0.0,0.0,0.0,0.0,0.0,0.0,0.0,0.0,0.0,0.0,0.0,0.0,0.0,0.0,0.0,0.0,0.0,0.0,0.0,0.0,0.0,0.0,0.0,0.0,0.0,0.0,0.0,0.0,0.0,0.0,0.0,0.0,0.0,0.0,0.0,0.0,0.0,0.0,0.0,0.0,0.0,0.0,0.0,0.0,0.0,0.0,0.0,0.0,0.0,0.0,0.0,0
nrcuK_sRJmY,140.0,140.0,140.0,141.0,141.0,141.0,141.0,141.0,141.0,141.0,141.0,141.0,141.0,141.0,141.0,141.0,141.0,141.0,141.0,141.0,141.0,141.0,141.0,141.0,141.0,141.0,141.0,141.0,141.0,141.0,141.0,140.0,140.0,140.0,140.0,140.0,140.0,140.0,140.0,139.0,139.0,139.0,139.0,139.0,139.0,139.0,139.0,139.0,139.0,139.0,139.0,139.0,139.0,139.0,139.0,139.0,139.0,139.0,139.0,139.0,139.0,139.0,139.0,139.0,139.0,139.0,139.0,139.0,139.0,139.0,139.0,139.0,139.0,139.0,139.0,139.0,139.0,139.0,139.0,139.0,139.0,140.0,140.0,140.0,140.0,140.0,140.0,140.0,140.0,141.0,141.0,141.0,141.0,141.0,141.0,141.0,142.0,142.0,142.0,142.0,142.0,142.0,142.0,142.0,142.0,142.0,142.0,142.0,142.0,142.0,142.0,142.0,142.0,142.0,142.0,142.0,142.0,142.0,142.0,142.0,142.0,142.0,142.0,142.0,142.0,142
9IUJZrDGp34,22.0,22.0,22.0,23.0,23.0,23.0,23.0,23.0,23.0,23.0,23.0,23.0,23.0,23.0,23.0,23.0,23.0,23.0,23.0,23.0,23.0,23.0,23.0,23.0,23.0,23.0,23.0,23.0,23.0,23.0,23.0,23.0,24.0,24.0,24.0,24.0,24.0,24.0,25.0,25.0,25.0,25.0,25.0,25.0,25.0,25.0,25.0,25.0,25.0,25.0,25.0,25.0,25.0,25.0,25.0,25.0,25.0,25.0,25.0,25.0,25.0,25.0,25.0,25.0,25.0,25.0,25.0,25.0,25.0,25.0,25.0,25.0,25.0,25.0,25.0,25.0,25.0,25.0,25.0,25.0,25.0,25.0,25.0,25.0,25.0,25.0,25.0,25.0,25.0,25.0,25.0,25.0,25.0,25.0,26.0,26.0,26.0,26.0,26.0,26.0,26.0,26.0,26.0,26.0,26.0,26.0,26.0,26.0,26.0,26.0,26.0,26.0,26.0,26.0,26.0,26.0,26.0,26.0,26.0,26.0,26.0,26.0,26.0,26.0,26.0,26
iKSo8shldrI,2111.0,2111.0,2113.0,2113.0,2116.0,2116.0,2116.0,2117.0,2117.0,2116.0,2118.0,2121.0,2121.0,2122.0,2123.0,2126.0,2126.0,2126.0,2127.0,2129.0,2129.0,2132.0,2133.0,2133.0,2134.0,2137.0,2138.0,2138.0,2138.0,2139.0,2139.0,2140.0,2141.0,2140.0,2140.0,2140.0,2140.0,2141.0,2141.0,2143.0,2144.0,2143.0,2143.0,2143.0,2143.0,2143.0,2143.0,2144.0,2146.0,2147.0,2147.0,2147.0,2147.0,2146.0,2145.0,2149.0,2150.0,2150.0,2151.0,2150.0,2150.0,2151.0,2150.0,2151.0,2151.0,2152.0,2151.0,2152.0,2126.0,2130.0,2131.0,2132.0,2133.0,2133.0,2136.0,2136.0,2140.0,2140.0,2140.0,2140.0,2139.0,2140.0,2140.0,2142.0,2142.0,2143.0,2143.0,2143.0,2144.0,2144.0,2144.0,2144.0,2144.0,2145.0,2145.0,2146.0,2147.0,2149.0,2149.0,2149.0,2149.0,2149.0,2149.0,2149.0,2149.0,2150.0,2150.0,2150.0,2150.0,2150.0,2150.0,2151.0,2151.0,2151.0,2151.0,2151.0,2151.0,2151.0,2150.0,2150.0,2142.0,2140.0,2136.0,2134.0,2134.0,2132
0RlwcgFJKxo,2146.0,2146.0,2147.0,2148.0,2148.0,2150.0,2150.0,2152.0,2157.0,2158.0,2159.0,2161.0,2164.0,2169.0,2170.0,2174.0,2187.0,2188.0,2188.0,2189.0,2190.0,2189.0,2189.0,2189.0,2189.0,2191.0,2192.0,2191.0,2192.0,2193.0,2195.0,2195.0,2198.0,2201.0,2202.0,2207.0,2208.0,2212.0,2212.0,2215.0,2216.0,2216.0,2216.0,2216.0,2216.0,2217.0,2217.0,2219.0,2218.0,2220.0,2222.0,2223.0,2223.0,2223.0,2225.0,2226.0,2226.0,2227.0,2226.0,2226.0,2231.0,2232.0,2234.0,2234.0,2235.0,2235.0,2235.0,2235.0,2241.0,2243.0,2243.0,2244.0,2244.0,2243.0,2243.0,2243.0,2243.0,2245.0,2245.0,2246.0,2247.0,2247.0,2248.0,2249.0,2251.0,2252.0,2253.0,2254.0,2256.0,2259.0,2261.0,2264.0,2265.0,2266.0,2266.0,2267.0,2269.0,2269.0,2269.0,2269.0,2267.0,2268.0,2267.0,2270.0,2269.0,2269.0,2270.0,2269.0,2269.0,2269.0,2269.0,2272.0,2272.0,2272.0,2273.0,2273.0,2274.0,2274.0,2274.0,2268.0,2268.0,2269.0,2271.0,2272.0,2272.0,2273
iH9CRFiYCnw,11.0,11.0,11.0,11.0,11.0,11.0,11.0,11.0,11.0,11.0,11.0,11.0,11.0,11.0,11.0,11.0,11.0,11.0,11.0,11.0,11.0,11.0,11.0,11.0,11.0,11.0,11.0,11.0,11.0,11.0,11.0,11.0,11.0,11.0,11.0,11.0,11.0,11.0,11.0,11.0,11.0,11.0,11.0,11.0,11.0,11.0,11.0,11.0,11.0,11.0,11.0,11.0,11.0,11.0,11.0,11.0,11.0,11.0,11.0,11.0,11.0,11.0,11.0,11.0,11.0,11.0,11.0,11.0,11.0,11.0,11.0,11.0,11.0,11.0,11.0,11.0,11.0,11.0,11.0,11.0,11.0,11.0,11.0,11.0,11.0,12.0,12.0,12.0,12.0,12.0,12.0,12.0,12.0,12.0,12.0,12.0,12.0,12.0,12.0,12.0,12.0,12.0,12.0,12.0,12.0,12.0,12.0,12.0,12.0,12.0,12.0,12.0,12.0,12.0,12.0,12.0,12.0,12.0,12.0,13.0,13.0,13.0,13.0,13.0,13.0,13
Nuw6Iq2lYCY,530.0,530.0,530.0,530.0,530.0,530.0,530.0,530.0,530.0,530.0,531.0,531.0,531.0,532.0,533.0,533.0,533.0,533.0,533.0,533.0,532.0,532.0,532.0,532.0,532.0,532.0,532.0,532.0,532.0,533.0,533.0,533.0,533.0,533.0,533.0,533.0,533.0,533.0,533.0,533.0,532.0,532.0,532.0,532.0,532.0,532.0,534.0,534.0,534.0,534.0,534.0,534.0,534.0,534.0,534.0,534.0,534.0,534.0,534.0,534.0,534.0,534.0,534.0,534.0,534.0,534.0,534.0,534.0,534.0,534.0,534.0,534.0,534.0,534.0,534.0,534.0,534.0,534.0,534.0,534.0,534.0,534.0,534.0,534.0,534.0,534.0,534.0,534.0,534.0,534.0,534.0,534.0,534.0,534.0,534.0,534.0,534.0,534.0,534.0,534.0,534.0,534.0,534.0,534.0,534.0,534.0,534.0,534.0,534.0,534.0,534.0,534.0,534.0,534.0,534.0,535.0,536.0,539.0,539.0,539.0,539.0,540.0,540.0,540.0,540.0,540
mRQMpCZk-So,125.0,125.0,125.0,125.0,125.0,125.0,125.0,125.0,125.0,125.0,125.0,125.0,125.0,125.0,123.0,123.0,123.0,123.0,123.0,123.0,123.0,123.0,123.0,123.0,123.0,123.0,123.0,123.0,123.0,125.0,125.0,125.0,127.0,127.0,127.0,127.0,127.0,127.0,127.0,127.0,127.0,127.0,127.0,127.0,127.0,127.0,127.0,127.0,127.0,127.0,127.0,128.0,128.0,128.0,128.0,128.0,128.0,128.0,128.0,128.0,128.0,128.0,128.0,128.0,128.0,128.0,128.0,129.0,129.0,129.0,129.0,129.0,129.0,129.0,129.0,129.0,129.0,129.0,129.0,129.0,129.0,129.0,129.0,129.0,129.0,129.0,129.0,129.0,129.0,129.0,129.0,129.0,129.0,129.0,129.0,129.0,129.0,129.0,129.0,129.0,129.0,129.0,129.0,129.0,129.0,129.0,129.0,129.0,129.0,129.0,129.0,129.0,129.0,129.0,129.0,129.0,129.0,129.0,129.0,129.0,129.0,129.0,129.0,129.0,129.0,129
_CWhxADbXT0,69.0,69.0,69.0,69.0,69.0,69.0,69.0,69.0,69.0,69.0,69.0,69.0,69.0,69.0,69.0,69.0,69.0,69.0,69.0,69.0,69.0,69.0,69.0,69.0,69.0,69.0,69.0,69.0,69.0,69.0,69.0,69.0,69.0,69.0,69.0,69.0,69.0,69.0,69.0,69.0,69.0,69.0,69.0,69.0,69.0,69.0,69.0,69.0,69.0,69.0,69.0,69.0,69.0,69.0,69.0,69.0,69.0,69.0,69.0,69.0,69.0,69.0,69.0,69.0,69.0,69.0,69.0,69.0,69.0,69.0,69.0,69.0,69.0,69.0,69.0,69.0,69.0,69.0,69.0,69.0,69.0,69.0,69.0,69.0,69.0,69.0,69.0,69.0,69.0,69.0,69.0,69.0,69.0,69.0,69.0,69.0,69.0,69.0,69.0,69.0,69.0,69.0,69.0,69.0,69.0,69.0,69.0,69.0,69.0,69.0,69.0,69.0,69.0,69.0,69.0,69.0,69.0,69.0,69.0,69.0,69.0,69.0,69.0,69.0,69.0,69
KeC8J-xV7fk,5156.0,5158.0,5170.0,5172.0,5173.0,5173.0,5175.0,5176.0,5177.0,5183.0,5181.0,5184.0,5186.0,5186.0,5190.0,5191.0,5188.0,5189.0,5191.0,5190.0,5190.0,5191.0,5191.0,5190.0,5190.0,5191.0,5193.0,5198.0,5199.0,5175.0,5178.0,5176.0,5176.0,5177.0,5180.0,5181.0,5185.0,5187.0,5188.0,5188.0,5192.0,5195.0,5197.0,5198.0,5198.0,5198.0,5198.0,5198.0,5200.0,5202.0,5203.0,5203.0,5202.0,5204.0,5205.0,5206.0,5206.0,5206.0,5207.0,5208.0,5209.0,5209.0,5214.0,5217.0,5219.0,5220.0,5219.0,5219.0,5219.0,5221.0,5221.0,5221.0,5221.0,5221.0,5222.0,5223.0,5224.0,5221.0,5223.0,5217.0,5218.0,5221.0,5222.0,5225.0,5227.0,5227.0,5227.0,5227.0,5226.0,5227.0,5227.0,5227.0,5228.0,5230.0,5230.0,5230.0,5232.0,5233.0,5233.0,5234.0,5234.0,5234.0,5234.0,5234.0,5234.0,5234.0,5235.0,5236.0,5236.0,5237.0,5237.0,5236.0,5237.0,5237.0,5238.0,5240.0,5241.0,5242.0,5242.0,5240.0,5241.0,5244.0,5244.0,5244.0,5243.0,5243
TLlYFfZKOV4,945.0,949.0,951.0,953.0,953.0,954.0,956.0,957.0,958.0,958.0,957.0,957.0,959.0,959.0,959.0,960.0,960.0,960.0,962.0,963.0,964.0,966.0,966.0,967.0,968.0,970.0,972.0,972.0,974.0,907.0,908.0,908.0,908.0,908.0,910.0,910.0,911.0,923.0,924.0,924.0,924.0,925.0,925.0,925.0,924.0,925.0,925.0,925.0,925.0,925.0,925.0,925.0,924.0,924.0,926.0,926.0,926.0,926.0,926.0,926.0,926.0,927.0,927.0,927.0,927.0,927.0,927.0,927.0,927.0,927.0,927.0,927.0,927.0,927.0,927.0,927.0,927.0,928.0,928.0,928.0,929.0,929.0,929.0,931.0,931.0,931.0,931.0,931.0,932.0,932.0,933.0,933.0,933.0,933.0,933.0,933.0,933.0,934.0,934.0,934.0,934.0,934.0,934.0,934.0,934.0,934.0,934.0,934.0,934.0,935.0,935.0,935.0,935.0,935.0,936.0,936.0,936.0,936.0,936.0,937.0,937.0,937.0,937.0,936.0,936.0,936
dyjuKLX7LY4,173.0,173.0,173.0,173.0,173.0,173.0,173.0,173.0,173.0,174.0,174.0,175.0,175.0,175.0,175.0,175.0,175.0,175.0,175.0,175.0,175.0,175.0,175.0,175.0,175.0,174.0,176.0,177.0,177.0,177.0,177.0,177.0,177.0,177.0,177.0,177.0,177.0,178.0,178.0,178.0,178.0,178.0,178.0,178.0,179.0,179.0,179.0,180.0,181.0,181.0,181.0,183.0,183.0,183.0,183.0,183.0,183.0,183.0,183.0,183.0,183.0,183.0,183.0,183.0,183.0,183.0,183.0,183.0,183.0,183.0,183.0,183.0,183.0,183.0,183.0,183.0,183.0,183.0,183.0,183.0,183.0,183.0,183.0,183.0,184.0,184.0,184.0,185.0,185.0,185.0,185.0,185.0,185.0,185.0,185.0,185.0,185.0,185.0,185.0,185.0,185.0,186.0,186.0,186.0,186.0,186.0,186.0,186.0,186.0,186.0,186.0,186.0,186.0,186.0,186.0,186.0,186.0,186.0,187.0,187.0,187.0,187.0,187.0,187.0,187.0,187
xEeROqUidGg,3544.0,3544.0,3545.0,3545.0,3545.0,3546.0,3546.0,3549.0,3550.0,3549.0,3549.0,3550.0,3549.0,3550.0,3550.0,3550.0,3550.0,3549.0,3548.0,3548.0,3549.0,3550.0,3550.0,3550.0,3548.0,3548.0,3548.0,3550.0,3550.0,3549.0,3548.0,3549.0,3549.0,3550.0,3550.0,3550.0,3547.0,3545.0,3546.0,3550.0,3550.0,3551.0,3553.0,3556.0,3564.0,3555.0,3556.0,3556.0,3557.0,3557.0,3557.0,3555.0,3555.0,3556.0,3556.0,3556.0,3556.0,3557.0,3557.0,3557.0,3556.0,3555.0,3556.0,3558.0,3559.0,3560.0,3562.0,3564.0,3564.0,3567.0,3567.0,3567.0,3567.0,3567.0,3567.0,3567.0,3567.0,3567.0,3567.0,3567.0,3564.0,3564.0,3565.0,3564.0,3564.0,3564.0,3563.0,3563.0,3563.0,3563.0,3563.0,3563.0,3563.0,3564.0,3564.0,3564.0,3564.0,3564.0,3564.0,3565.0,3565.0,3566.0,3566.0,3566.0,3567.0,3567.0,3566.0,3566.0,3566.0,3566.0,3565.0,3565.0,3565.0,3565.0,3566.0,3566.0,3566.0,3567.0,3567.0,3568.0,3568.0,3568.0,3568.0,3568.0,3568.0,3568
qVADqExcRG8,1233.0,1238.0,1238.0,1241.0,1257.0,1259.0,1273.0,1282.0,1285.0,1290.0,1296.0,1304.0,1309.0,1311.0,1314.0,1320.0,1322.0,1328.0,1330.0,1331.0,1333.0,1325.0,1330.0,1327.0,1332.0,1329.0,1332.0,1332.0,1333.0,1333.0,1334.0,1336.0,1336.0,1339.0,1341.0,1341.0,1342.0,1343.0,1349.0,1351.0,1354.0,1355.0,1353.0,1351.0,1353.0,1355.0,1360.0,1362.0,1365.0,1366.0,1374.0,1372.0,1377.0,1380.0,1379.0,1383.0,1384.0,1386.0,1388.0,1390.0,1393.0,1394.0,1388.0,1396.0,1399.0,1402.0,1403.0,1404.0,1405.0,1403.0,1402.0,1403.0,1406.0,1409.0,1411.0,1411.0,1411.0,1411.0,1410.0,1410.0,1410.0,1410.0,1412.0,1412.0,1413.0,1414.0,1417.0,1417.0,1416.0,1417.0,1418.0,1426.0,1430.0,1440.0,1446.0,1449.0,1443.0,1439.0,1440.0,1439.0,1440.0,1443.0,1447.0,1450.0,1451.0,1453.0,1454.0,1455.0,1455.0,1456.0,1459.0,1463.0,1470.0,1473.0,1473.0,1486.0,1489.0,1491.0,1492.0,1493.0,1495.0,1500.0,1504.0,1506.0,1513.0,1517
7G6_avXknCk,10437.0,10667.0,10906.0,11157.0,11376.0,11436.0,11523.0,11615.0,11671.0,12013.0,12567.0,12696.0,12816.0,12989.0,13084.0,13161.0,13259.0,13364.0,13430.0,13490.0,13568.0,13633.0,13665.0,13721.0,13766.0,13808.0,13882.0,13935.0,13958.0,13996.0,14020.0,14047.0,14064.0,14082.0,14102.0,14106.0,14119.0,14150.0,14167.0,14177.0,14186.0,14195.0,14204.0,14210.0,14220.0,14228.0,14234.0,14247.0,14260.0,14266.0,14265.0,14272.0,14276.0,14281.0,14288.0,14292.0,14295.0,14297.0,14298.0,14304.0,14307.0,14307.0,14313.0,14316.0,14319.0,14322.0,14322.0,14329.0,14331.0,14333.0,14336.0,14340.0,14343.0,14346.0,14351.0,14358.0,14358.0,14363.0,14370.0,14375.0,14383.0,14380.0,14372.0,14376.0,14377.0,14382.0,14386.0,14393.0,14405.0,14412.0,14412.0,14419.0,14418.0,14423.0,14423.0,14422.0,14423.0,14429.0,14434.0,14437.0,14438.0,14441.0,14444.0,14448.0,14458.0,14467.0,14469.0,14470.0,14478.0,14480.0,14481.0,14486.0,14496.0,14498.0,14500.0,14501.0,14506.0,14513.0,14515.0,14518.0,14520.0,14519.0,14522.0,14528.0,14533.0,14535
eHCYzIu-ij4,3017.0,3019.0,3021.0,3022.0,3025.0,3026.0,3028.0,3030.0,3030.0,3034.0,3035.0,3037.0,3038.0,3042.0,3045.0,3046.0,3047.0,3048.0,3050.0,3050.0,3051.0,3051.0,3051.0,3050.0,3054.0,3055.0,3055.0,3056.0,3056.0,3057.0,3057.0,3058.0,3058.0,3058.0,3058.0,3058.0,3058.0,3058.0,3058.0,3062.0,3061.0,3062.0,3062.0,3062.0,3063.0,3064.0,3064.0,3064.0,3066.0,3081.0,3113.0,3116.0,3124.0,3130.0,3133.0,3133.0,3133.0,3136.0,3137.0,3135.0,3137.0,3139.0,3144.0,3144.0,3144.0,3147.0,3148.0,3150.0,3151.0,3152.0,3152.0,3153.0,3154.0,3154.0,3154.0,3156.0,3162.0,3161.0,3162.0,3162.0,3162.0,3163.0,3162.0,3162.0,3162.0,3162.0,3165.0,3166.0,3167.0,3168.0,3169.0,3170.0,3171.0,3173.0,3175.0,3177.0,3177.0,3178.0,3179.0,3181.0,3182.0,3183.0,3184.0,3186.0,3189.0,3192.0,3192.0,3192.0,3192.0,3192.0,3192.0,3195.0,3193.0,3192.0,3191.0,3190.0,3189.0,3189.0,3189.0,3189.0,3190.0,3191.0,3190.0,3191.0,3191.0,3192
_XVeYyB3yQk,0.0,0.0,0.0,0.0,0.0,0.0,0.0,0.0,0.0,0.0,0.0,0.0,0.0,0.0,0.0,0.0,0.0,0.0,0.0,0.0,0.0,0.0,0.0,0.0,0.0,0.0,0.0,0.0,0.0,0.0,0.0,0.0,0.0,0.0,0.0,0.0,0.0,0.0,0.0,0.0,0.0,0.0,0.0,0.0,0.0,0.0,0.0,0.0,0.0,0.0,0.0,0.0,0.0,0.0,0.0,0.0,0.0,0.0,0.0,0.0,0.0,0.0,0.0,0.0,0.0,0.0,0.0,0.0,0.0,0.0,0.0,0.0,0.0,0.0,0.0,0.0,0.0,0.0,0.0,0.0,0.0,0.0,0.0,0.0,0.0,0.0,0.0,0.0,0.0,0.0,0.0,0.0,0.0,0.0,0.0,0.0,0.0,0.0,0.0,0.0,0.0,0.0,0.0,0.0,0.0,0.0,0.0,0.0,0.0,0.0,0.0,0.0,0.0,0.0,0.0,0.0,0.0,0.0,0.0,0.0,0.0,0.0,0.0,0.0,0.0,0
3tyQN78tkU4,1062.0,1063.0,1064.0,1065.0,1067.0,1068.0,1068.0,1068.0,1071.0,1071.0,1071.0,1071.0,1071.0,1073.0,1074.0,1076.0,1077.0,1077.0,1077.0,1079.0,1079.0,1080.0,1078.0,1078.0,1081.0,1082.0,1082.0,1081.0,1081.0,1082.0,1083.0,1083.0,1083.0,1084.0,1085.0,1085.0,1088.0,1088.0,1088.0,1088.0,1088.0,1088.0,1089.0,1089.0,1089.0,1089.0,1089.0,1090.0,1094.0,1095.0,1095.0,1096.0,1097.0,1098.0,1099.0,1099.0,1099.0,1100.0,1101.0,1101.0,1103.0,1104.0,1104.0,1103.0,1103.0,1104.0,1104.0,1107.0,1107.0,1104.0,1104.0,1104.0,1104.0,1104.0,1104.0,1106.0,1106.0,1106.0,1106.0,1105.0,1105.0,1106.0,1108.0,1108.0,1108.0,1108.0,1108.0,1108.0,1108.0,1108.0,1108.0,1108.0,1109.0,1110.0,1110.0,1110.0,1110.0,1110.0,1110.0,1110.0,1110.0,1112.0,1111.0,1111.0,1111.0,1112.0,1113.0,1114.0,1114.0,1114.0,1115.0,1115.0,1115.0,1115.0,1116.0,1117.0,1122.0,1123.0,1123.0,1124.0,1126.0,1127.0,1127.0,1128.0,1128.0,1128
6VgYBcKFwac,1153.0,1153.0,1153.0,1153.0,1153.0,1154.0,1154.0,1154.0,1154.0,1154.0,1154.0,1154.0,1154.0,1154.0,1154.0,1154.0,1154.0,1154.0,1154.0,1154.0,1154.0,1154.0,1154.0,1154.0,1154.0,1154.0,1154.0,1155.0,1155.0,1155.0,1155.0,1155.0,1155.0,1155.0,1155.0,1155.0,1155.0,1155.0,1155.0,1155.0,1155.0,1155.0,1155.0,1155.0,1155.0,1155.0,1155.0,1155.0,1155.0,1155.0,1155.0,1155.0,1154.0,1154.0,1154.0,1154.0,1154.0,1154.0,1153.0,1153.0,1154.0,1154.0,1154.0,1154.0,1154.0,1154.0,1154.0,1154.0,1154.0,1154.0,1154.0,1154.0,1154.0,1154.0,1154.0,1154.0,1154.0,1153.0,1153.0,1153.0,1153.0,1153.0,1153.0,1153.0,1152.0,1152.0,1152.0,1152.0,1152.0,1152.0,1152.0,1152.0,1152.0,1152.0,1152.0,1152.0,1153.0,1153.0,1153.0,1153.0,1153.0,1152.0,1152.0,1152.0,1152.0,1152.0,1152.0,1152.0,1152.0,1151.0,1151.0,1151.0,1151.0,1152.0,1152.0,1152.0,1152.0,1152.0,1152.0,1152.0,1152.0,1152.0,1152.0,1152.0,1152.0,1151
_ivLUJ3R62U,204.0,204.0,204.0,204.0,204.0,205.0,205.0,205.0,205.0,205.0,205.0,205.0,205.0,205.0,205.0,205.0,205.0,205.0,205.0,205.0,205.0,206.0,206.0,207.0,207.0,207.0,207.0,207.0,207.0,208.0,208.0,208.0,208.0,208.0,208.0,209.0,210.0,210.0,210.0,210.0,210.0,210.0,210.0,210.0,210.0,210.0,210.0,210.0,210.0,210.0,212.0,212.0,212.0,212.0,209.0,209.0,209.0,209.0,209.0,212.0,212.0,212.0,212.0,212.0,212.0,212.0,212.0,212.0,212.0,212.0,212.0,213.0,213.0,213.0,213.0,213.0,213.0,214.0,216.0,216.0,216.0,216.0,216.0,216.0,216.0,216.0,216.0,216.0,216.0,216.0,216.0,216.0,216.0,216.0,219.0,219.0,219.0,219.0,219.0,219.0,219.0,219.0,219.0,220.0,220.0,221.0,221.0,222.0,222.0,222.0,222.0,222.0,222.0,222.0,222.0,222.0,222.0,222.0,222.0,222.0,222.0,222.0,222.0,222.0,222.0,221
a5_b7KfG15Y,146.0,146.0,146.0,146.0,146.0,146.0,146.0,146.0,146.0,146.0,146.0,146.0,146.0,146.0,146.0,146.0,146.0,146.0,146.0,146.0,146.0,146.0,146.0,146.0,146.0,146.0,146.0,146.0,146.0,147.0,147.0,147.0,147.0,147.0,147.0,147.0,147.0,146.0,146.0,146.0,146.0,146.0,146.0,146.0,146.0,146.0,146.0,146.0,146.0,146.0,146.0,146.0,146.0,146.0,146.0,146.0,146.0,146.0,146.0,146.0,146.0,146.0,146.0,146.0,146.0,146.0,146.0,146.0,146.0,146.0,146.0,146.0,146.0,146.0,146.0,146.0,146.0,146.0,146.0,147.0,147.0,147.0,147.0,147.0,147.0,147.0,147.0,147.0,147.0,148.0,148.0,148.0,148.0,148.0,148.0,148.0,149.0,148.0,148.0,148.0,148.0,149.0,149.0,149.0,149.0,149.0,149.0,149.0,149.0,149.0,149.0,149.0,149.0,149.0,149.0,149.0,149.0,149.0,149.0,149.0,149.0,149.0,149.0,149.0,149.0,149
4zve1lFvVQA,14948.0,14962.0,14963.0,14962.0,14962.0,14963.0,14962.0,14962.0,14962.0,14966.0,14965.0,14965.0,14966.0,14969.0,14971.0,14970.0,14968.0,14969.0,14971.0,14968.0,14970.0,14971.0,14972.0,14972.0,14971.0,14970.0,14968.0,14968.0,14969.0,14973.0,14975.0,14970.0,14971.0,14974.0,14973.0,14971.0,14971.0,14968.0,14967.0,14967.0,14967.0,14970.0,14971.0,14975.0,14976.0,14976.0,14976.0,14979.0,14979.0,14979.0,14981.0,14982.0,14982.0,14983.0,14982.0,14980.0,14981.0,14980.0,14982.0,14981.0,14982.0,14984.0,14985.0,14986.0,14988.0,14987.0,14984.0,14983.0,14982.0,14985.0,14986.0,14991.0,14990.0,14984.0,14983.0,14983.0,14983.0,14984.0,14984.0,14984.0,14985.0,14984.0,14977.0,14978.0,14973.0,14974.0,14975.0,14976.0,14976.0,14968.0,14970.0,14971.0,14972.0,14971.0,14972.0,14969.0,14972.0,14973.0,14979.0,14980.0,14980.0,14984.0,14987.0,14989.0,14991.0,14992.0,14991.0,14994.0,15001.0,15001.0,15009.0,15010.0,15011.0,15012.0,15012.0,15014.0,15016.0,15015.0,15016.0,15016.0,15014.0,15014.0,15012.0,15014.0,15015.0,15015
vmL-XgxwQZU,21018.0,21081.0,21091.0,21070.0,21085.0,21102.0,21112.0,21113.0,21121.0,21127.0,21136.0,21146.0,21144.0,21147.0,21155.0,21164.0,21168.0,21171.0,21177.0,21188.0,21199.0,21208.0,21215.0,21218.0,21228.0,21238.0,21242.0,21251.0,21253.0,21261.0,21271.0,21264.0,21267.0,21274.0,21281.0,21286.0,21293.0,21290.0,21294.0,21294.0,21301.0,21305.0,21306.0,21313.0,21312.0,21312.0,21316.0,21317.0,21318.0,21322.0,21321.0,21330.0,21331.0,21329.0,21332.0,21328.0,21329.0,21329.0,21333.0,21328.0,21329.0,21332.0,21337.0,21336.0,21335.0,21339.0,21341.0,21343.0,21346.0,21350.0,21358.0,21363.0,21366.0,21363.0,21362.0,21367.0,21377.0,21381.0,21384.0,21387.0,21390.0,21399.0,21388.0,21393.0,21396.0,21398.0,21409.0,21407.0,21406.0,21407.0,21410.0,21417.0,21419.0,21424.0,21429.0,21433.0,21438.0,21439.0,21441.0,21443.0,21442.0,21442.0,21442.0,21444.0,21449.0,21449.0,21452.0,21454.0,21457.0,21459.0,21458.0,21459.0,21461.0,21460.0,21460.0,21468.0,21472.0,21472.0,21476.0,21442.0,21417.0,21419.0,21422.0,21421.0,21425.0,21427
jdOLHrl__IU,126.0,126.0,126.0,126.0,126.0,126.0,126.0,126.0,126.0,126.0,126.0,126.0,126.0,126.0,126.0,126.0,126.0,127.0,127.0,127.0,127.0,127.0,127.0,127.0,127.0,127.0,127.0,127.0,127.0,127.0,127.0,127.0,127.0,127.0,127.0,127.0,127.0,127.0,127.0,127.0,127.0,127.0,127.0,128.0,128.0,128.0,129.0,129.0,129.0,129.0,129.0,129.0,129.0,129.0,129.0,129.0,129.0,129.0,129.0,130.0,130.0,130.0,130.0,130.0,130.0,130.0,130.0,130.0,131.0,131.0,131.0,131.0,131.0,131.0,131.0,131.0,131.0,131.0,131.0,131.0,131.0,131.0,131.0,131.0,131.0,131.0,131.0,131.0,131.0,131.0,131.0,131.0,131.0,131.0,131.0,131.0,131.0,131.0,131.0,131.0,131.0,131.0,131.0,131.0,132.0,132.0,132.0,132.0,132.0,132.0,132.0,132.0,132.0,132.0,132.0,132.0,132.0,132.0,132.0,132.0,129.0,126.0,126.0,126.0,127.0,127
FbfIaVzIl8A,1765.0,1765.0,1765.0,1765.0,1765.0,1765.0,1765.0,1765.0,1763.0,1763.0,1763.0,1763.0,1763.0,1763.0,1763.0,1763.0,1763.0,1763.0,1763.0,1763.0,1763.0,1763.0,1763.0,1763.0,1763.0,1763.0,1763.0,1763.0,1762.0,1761.0,1761.0,1761.0,1761.0,1761.0,1761.0,1761.0,1761.0,1761.0,1761.0,1761.0,1761.0,1761.0,1761.0,1760.0,1760.0,1760.0,1760.0,1760.0,1760.0,1760.0,1760.0,1760.0,1760.0,1760.0,1760.0,1760.0,1760.0,1759.0,1758.0,1758.0,1758.0,1758.0,1758.0,1758.0,1755.0,1755.0,1755.0,1755.0,1755.0,1755.0,1755.0,1755.0,1755.0,1754.0,1754.0,1754.0,1754.0,1754.0,1753.0,1743.0,1743.0,1743.0,1741.0,1741.0,1740.0,1740.0,1740.0,1740.0,1740.0,1740.0,1740.0,1740.0,1740.0,1740.0,1742.0,1742.0,1742.0,1742.0,1742.0,1742.0,1742.0,1742.0,1742.0,1742.0,1742.0,1742.0,1742.0,1742.0,1742.0,1742.0,1742.0,1742.0,1742.0,1742.0,1742.0,1742.0,1742.0,1742.0,1742.0,1743.0,1743.0,1743.0,1743.0,1743.0,1743.0,1743
fAmDoiuJgWw,13178.0,13224.0,13301.0,13361.0,13441.0,13503.0,13602.0,13680.0,13746.0,13850.0,13911.0,13963.0,14036.0,14096.0,14157.0,14224.0,14308.0,14371.0,14412.0,14486.0,14552.0,14644.0,14703.0,14762.0,14839.0,14894.0,14955.0,15037.0,15095.0,15177.0,15260.0,15288.0,15332.0,15415.0,15479.0,15549.0,15614.0,15709.0,15783.0,15849.0,15937.0,16018.0,16084.0,16145.0,16209.0,16292.0,16336.0,16399.0,16456.0,16518.0,16579.0,16640.0,16700.0,16786.0,16852.0,16942.0,16993.0,17065.0,17148.0,17214.0,17277.0,17333.0,17384.0,17441.0,17504.0,17590.0,17663.0,17701.0,17737.0,17763.0,17834.0,17904.0,17973.0,18046.0,18099.0,18150.0,18219.0,18283.0,18353.0,18420.0,18493.0,18565.0,18650.0,18741.0,18827.0,18867.0,18943.0,18995.0,19053.0,19116.0,19195.0,19249.0,19313.0,19363.0,19433.0,19487.0,19535.0,19608.0,19674.0,19713.0,19771.0,19823.0,19872.0,19930.0,20007.0,20064.0,20118.0,20165.0,20225.0,20283.0,20326.0,20379.0,20435.0,20473.0,20522.0,20576.0,20619.0,20677.0,20738.0,20801.0,20879.0,20941.0,20998.0,21039.0,21101.0,21161
afRJOsLz2M8,789.0,789.0,789.0,791.0,792.0,793.0,793.0,797.0,798.0,798.0,800.0,800.0,801.0,802.0,804.0,804.0,802.0,802.0,804.0,807.0,807.0,808.0,811.0,812.0,813.0,813.0,813.0,813.0,816.0,815.0,815.0,815.0,816.0,816.0,816.0,816.0,816.0,816.0,817.0,817.0,817.0,817.0,801.0,803.0,803.0,803.0,803.0,803.0,803.0,803.0,803.0,803.0,803.0,804.0,804.0,804.0,804.0,804.0,804.0,805.0,805.0,805.0,805.0,778.0,778.0,778.0,779.0,779.0,780.0,780.0,780.0,782.0,783.0,784.0,784.0,785.0,786.0,787.0,787.0,787.0,788.0,788.0,788.0,790.0,791.0,791.0,791.0,791.0,791.0,790.0,790.0,791.0,791.0,791.0,791.0,792.0,792.0,791.0,791.0,791.0,790.0,790.0,789.0,789.0,789.0,789.0,789.0,789.0,789.0,790.0,791.0,792.0,792.0,792.0,790.0,791.0,792.0,791.0,791.0,791.0,792.0,792.0,792.0,792.0,792.0,793
UT-5fV-y0lc,337.0,337.0,338.0,338.0,338.0,338.0,338.0,339.0,339.0,339.0,340.0,340.0,340.0,340.0,340.0,340.0,340.0,340.0,340.0,340.0,341.0,341.0,341.0,341.0,341.0,340.0,340.0,340.0,340.0,340.0,340.0,340.0,340.0,340.0,340.0,340.0,340.0,340.0,340.0,340.0,340.0,340.0,340.0,340.0,340.0,340.0,340.0,340.0,340.0,340.0,340.0,340.0,340.0,340.0,340.0,340.0,340.0,340.0,340.0,340.0,341.0,341.0,341.0,341.0,342.0,342.0,342.0,342.0,342.0,342.0,342.0,342.0,342.0,342.0,342.0,342.0,341.0,341.0,341.0,341.0,341.0,341.0,341.0,341.0,341.0,341.0,341.0,341.0,341.0,341.0,341.0,341.0,341.0,341.0,341.0,341.0,341.0,341.0,341.0,341.0,341.0,341.0,341.0,341.0,341.0,341.0,341.0,341.0,341.0,341.0,341.0,341.0,341.0,341.0,341.0,341.0,341.0,341.0,341.0,341.0,341.0,341.0,341.0,341.0,341.0,341
z-xfGoabprU,13037.0,13044.0,13046.0,13053.0,13065.0,13077.0,13083.0,13093.0,13102.0,13111.0,13110.0,13112.0,13116.0,13119.0,13126.0,13130.0,13135.0,13138.0,13142.0,13145.0,13153.0,13154.0,13162.0,13171.0,13178.0,13183.0,13190.0,13207.0,13215.0,13224.0,13225.0,13231.0,13238.0,13242.0,13250.0,13250.0,13258.0,13264.0,13263.0,13279.0,13284.0,13295.0,13306.0,13300.0,13329.0,13336.0,13350.0,13377.0,13390.0,13403.0,13412.0,13418.0,13404.0,13412.0,13416.0,13418.0,13419.0,13422.0,13426.0,13432.0,13436.0,13410.0,13415.0,13423.0,13426.0,13429.0,13432.0,13443.0,13450.0,13452.0,13457.0,13461.0,13463.0,13472.0,13473.0,13481.0,13486.0,13492.0,13497.0,13501.0,13503.0,13508.0,13515.0,13523.0,13525.0,13522.0,13527.0,13529.0,13528.0,13525.0,13525.0,13527.0,13533.0,13538.0,13543.0,13543.0,13545.0,13550.0,13553.0,13553.0,13550.0,13549.0,13550.0,13549.0,13551.0,13554.0,13556.0,13555.0,13561.0,13561.0,13562.0,13563.0,13564.0,13564.0,13565.0,13571.0,13571.0,13572.0,13571.0,13566.0,13568.0,13570.0,13573.0,13573.0,13573.0,13572
xZkXMZlFbiI,805.0,805.0,805.0,805.0,805.0,805.0,805.0,805.0,805.0,805.0,805.0,805.0,805.0,805.0,805.0,805.0,805.0,805.0,805.0,805.0,805.0,805.0,805.0,805.0,805.0,805.0,805.0,805.0,805.0,805.0,805.0,805.0,805.0,805.0,805.0,807.0,807.0,807.0,807.0,807.0,807.0,807.0,807.0,807.0,807.0,807.0,807.0,807.0,807.0,807.0,807.0,807.0,807.0,807.0,807.0,807.0,807.0,807.0,807.0,807.0,807.0,807.0,807.0,807.0,807.0,807.0,807.0,807.0,807.0,807.0,807.0,807.0,807.0,807.0,807.0,807.0,807.0,807.0,807.0,807.0,807.0,807.0,807.0,807.0,807.0,807.0,807.0,807.0,807.0,807.0,807.0,807.0,807.0,807.0,807.0,807.0,807.0,807.0,807.0,807.0,807.0,807.0,807.0,806.0,806.0,806.0,806.0,806.0,806.0,806.0,806.0,806.0,806.0,806.0,806.0,806.0,805.0,805.0,805.0,805.0,805.0,804.0,804.0,804.0,804.0,804
A7dQKxv_rvU,3285.0,3286.0,3286.0,3287.0,3286.0,3286.0,3286.0,3287.0,3287.0,3287.0,3286.0,3287.0,3287.0,3287.0,3286.0,3287.0,3287.0,3287.0,3288.0,3289.0,3289.0,3289.0,3288.0,3287.0,3287.0,3289.0,3290.0,3290.0,3290.0,3290.0,3290.0,3288.0,3289.0,3289.0,3288.0,3284.0,3284.0,3284.0,3284.0,3284.0,3283.0,3283.0,3283.0,3283.0,3283.0,3283.0,3283.0,3283.0,3283.0,3283.0,3282.0,3282.0,3282.0,3282.0,3281.0,3281.0,3282.0,3282.0,3282.0,3282.0,3282.0,3283.0,3284.0,3284.0,3284.0,3284.0,3283.0,3283.0,3284.0,3284.0,3284.0,3286.0,3286.0,3286.0,3286.0,3286.0,3286.0,3286.0,3286.0,3286.0,3286.0,3285.0,3282.0,3283.0,3283.0,3285.0,3285.0,3285.0,3285.0,3285.0,3285.0,3285.0,3284.0,3284.0,3284.0,3284.0,3284.0,3284.0,3284.0,3284.0,3284.0,3284.0,3283.0,3283.0,3283.0,3283.0,3283.0,3283.0,3283.0,3282.0,3282.0,3282.0,3282.0,3283.0,3283.0,3282.0,3283.0,3283.0,3283.0,3283.0,3282.0,3282.0,3281.0,3281.0,3281.0,3281
ZGcgCSmofZk,2808.0,2809.0,2811.0,2811.0,2813.0,2815.0,2820.0,2825.0,2833.0,2834.0,2838.0,2840.0,2851.0,2852.0,2856.0,2860.0,2863.0,2864.0,2867.0,2869.0,2869.0,2872.0,2873.0,2878.0,2877.0,2877.0,2882.0,2883.0,2884.0,2885.0,2887.0,2891.0,2894.0,2896.0,2898.0,2901.0,2905.0,2906.0,2907.0,2908.0,2909.0,2909.0,2910.0,2912.0,2909.0,2909.0,2911.0,2912.0,2913.0,2915.0,2918.0,2920.0,2923.0,2924.0,2925.0,2925.0,2925.0,2927.0,2929.0,2932.0,2932.0,2932.0,2934.0,2936.0,2935.0,2937.0,2938.0,2938.0,2939.0,2941.0,2941.0,2942.0,2943.0,2944.0,2946.0,2947.0,2947.0,2950.0,2953.0,2955.0,2958.0,2962.0,2964.0,2964.0,2966.0,2968.0,2972.0,2976.0,2976.0,2977.0,2979.0,2980.0,2980.0,2982.0,2983.0,2983.0,2983.0,2983.0,2986.0,2986.0,2986.0,2986.0,2985.0,2986.0,2987.0,2987.0,2987.0,2987.0,2987.0,2988.0,2985.0,2986.0,2987.0,2988.0,2988.0,2988.0,2988.0,2988.0,2988.0,2988.0,2987.0,2987.0,2989.0,2988.0,2989.0,2989
RjJTiajpyrA,29636.0,29671.0,29700.0,29739.0,29771.0,29789.0,29821.0,29859.0,29897.0,29923.0,29967.0,30002.0,30032.0,30057.0,30101.0,30146.0,30175.0,30203.0,30217.0,30241.0,30263.0,30286.0,30317.0,30332.0,30357.0,30372.0,30394.0,30411.0,30438.0,30469.0,30496.0,30536.0,30570.0,30591.0,30623.0,30644.0,30668.0,30682.0,30710.0,30727.0,30768.0,30795.0,30845.0,30865.0,30884.0,30918.0,30939.0,30956.0,30978.0,31005.0,31025.0,31038.0,31052.0,31060.0,31071.0,31030.0,31047.0,31060.0,31066.0,31079.0,31090.0,31102.0,31115.0,31102.0,31177.0,31203.0,31213.0,31225.0,31241.0,31254.0,31258.0,31263.0,31274.0,31286.0,31294.0,31298.0,31306.0,31316.0,31330.0,31313.0,31321.0,31329.0,31332.0,31334.0,31337.0,31344.0,31350.0,31354.0,31360.0,31365.0,31378.0,31384.0,31386.0,31389.0,31398.0,31413.0,31415.0,31424.0,31433.0,31437.0,31446.0,31455.0,31466.0,31474.0,31473.0,31476.0,31482.0,31486.0,31492.0,31505.0,31513.0,31518.0,31522.0,31526.0,31529.0,31533.0,31539.0,31546.0,31548.0,31544.0,31530.0,31535.0,31541.0,31543.0,31551.0,31555
RCT5Kbo_noo,369.0,371.0,373.0,374.0,376.0,377.0,380.0,383.0,385.0,386.0,387.0,388.0,391.0,393.0,396.0,397.0,400.0,400.0,402.0,404.0,405.0,406.0,408.0,409.0,409.0,411.0,412.0,414.0,415.0,418.0,418.0,419.0,422.0,425.0,425.0,427.0,428.0,431.0,431.0,432.0,434.0,436.0,437.0,438.0,440.0,441.0,441.0,442.0,445.0,446.0,448.0,448.0,448.0,449.0,451.0,452.0,454.0,454.0,456.0,456.0,458.0,458.0,459.0,460.0,462.0,463.0,463.0,464.0,465.0,467.0,467.0,469.0,470.0,471.0,471.0,472.0,473.0,474.0,476.0,476.0,476.0,477.0,477.0,478.0,479.0,481.0,481.0,482.0,482.0,483.0,484.0,485.0,486.0,487.0,487.0,487.0,487.0,487.0,487.0,488.0,488.0,489.0,490.0,492.0,493.0,495.0,495.0,497.0,497.0,498.0,499.0,500.0,501.0,502.0,503.0,504.0,504.0,504.0,507.0,509.0,509.0,510.0,510.0,511.0,512.0,515
jT3S91N83r4,3218.0,3221.0,3226.0,3228.0,3231.0,3237.0,3244.0,3247.0,3254.0,3256.0,3257.0,3263.0,3268.0,3272.0,3279.0,3282.0,3285.0,3286.0,3291.0,3295.0,3304.0,3316.0,3320.0,3325.0,3326.0,3333.0,3338.0,3340.0,3343.0,3347.0,3348.0,3350.0,3353.0,3357.0,3362.0,3363.0,3366.0,3368.0,3370.0,3370.0,3372.0,3374.0,3378.0,3380.0,3383.0,3385.0,3388.0,3391.0,3395.0,3397.0,3399.0,3401.0,3402.0,3406.0,3408.0,3410.0,3412.0,3414.0,3415.0,3417.0,3418.0,3421.0,3423.0,3425.0,3427.0,3429.0,3430.0,3433.0,3434.0,3436.0,3437.0,3439.0,3441.0,3442.0,3444.0,3445.0,3447.0,3450.0,3453.0,3454.0,3456.0,3458.0,3459.0,3461.0,3462.0,3466.0,3469.0,3470.0,3471.0,3472.0,3475.0,3478.0,3478.0,3480.0,3481.0,3484.0,3486.0,3486.0,3488.0,3490.0,3491.0,3492.0,3494.0,3496.0,3498.0,3499.0,3501.0,3499.0,3502.0,3503.0,3506.0,3506.0,3508.0,3511.0,3514.0,3516.0,3518.0,3520.0,3523.0,3525.0,3527.0,3528.0,3529.0,3531.0,3534.0,3535
MppJsNkl9k8,98.0,98.0,98.0,98.0,98.0,98.0,98.0,98.0,98.0,98.0,98.0,98.0,98.0,98.0,98.0,98.0,98.0,98.0,98.0,98.0,99.0,99.0,99.0,99.0,99.0,99.0,99.0,99.0,99.0,99.0,99.0,99.0,99.0,99.0,99.0,99.0,99.0,99.0,99.0,99.0,99.0,99.0,99.0,99.0,99.0,99.0,99.0,99.0,99.0,99.0,99.0,99.0,99.0,99.0,99.0,99.0,99.0,99.0,99.0,99.0,99.0,99.0,99.0,99.0,99.0,99.0,99.0,99.0,100.0,100.0,101.0,101.0,101.0,101.0,101.0,101.0,101.0,101.0,101.0,101.0,101.0,101.0,101.0,101.0,101.0,101.0,101.0,102.0,102.0,102.0,102.0,102.0,102.0,102.0,102.0,102.0,102.0,102.0,102.0,102.0,102.0,102.0,102.0,102.0,102.0,102.0,102.0,102.0,102.0,102.0,102.0,102.0,102.0,102.0,102.0,102.0,102.0,102.0,102.0,102.0,102.0,102.0,102.0,102.0,102.0,102
xjzyabWx9lM,614.0,615.0,615.0,615.0,615.0,615.0,616.0,616.0,616.0,616.0,616.0,616.0,616.0,616.0,616.0,616.0,616.0,615.0,615.0,615.0,615.0,615.0,615.0,616.0,616.0,616.0,616.0,616.0,616.0,616.0,616.0,616.0,616.0,617.0,617.0,617.0,617.0,617.0,617.0,617.0,617.0,617.0,617.0,617.0,617.0,617.0,617.0,618.0,618.0,618.0,618.0,618.0,619.0,619.0,619.0,619.0,619.0,619.0,619.0,619.0,619.0,619.0,619.0,619.0,619.0,619.0,619.0,619.0,619.0,619.0,619.0,619.0,619.0,619.0,619.0,619.0,619.0,619.0,619.0,619.0,619.0,619.0,619.0,619.0,619.0,619.0,619.0,619.0,619.0,619.0,619.0,619.0,619.0,619.0,619.0,619.0,619.0,619.0,618.0,618.0,618.0,618.0,618.0,618.0,618.0,618.0,619.0,619.0,619.0,619.0,619.0,619.0,619.0,619.0,619.0,619.0,619.0,619.0,619.0,619.0,619.0,619.0,619.0,619.0,619.0,619
VD-27Oogr4A,460.0,460.0,460.0,460.0,461.0,461.0,461.0,461.0,461.0,461.0,461.0,461.0,462.0,462.0,462.0,462.0,462.0,463.0,463.0,463.0,463.0,463.0,464.0,464.0,464.0,464.0,464.0,464.0,464.0,464.0,464.0,464.0,464.0,464.0,464.0,464.0,464.0,465.0,465.0,465.0,465.0,465.0,465.0,465.0,465.0,465.0,465.0,465.0,466.0,466.0,466.0,466.0,466.0,467.0,467.0,467.0,466.0,467.0,467.0,467.0,467.0,467.0,468.0,468.0,468.0,467.0,467.0,467.0,467.0,467.0,467.0,464.0,464.0,464.0,464.0,464.0,465.0,465.0,465.0,465.0,465.0,465.0,466.0,465.0,465.0,465.0,465.0,465.0,465.0,465.0,465.0,465.0,465.0,465.0,465.0,466.0,466.0,466.0,466.0,466.0,466.0,466.0,466.0,466.0,467.0,467.0,467.0,467.0,467.0,468.0,468.0,468.0,468.0,468.0,468.0,468.0,468.0,468.0,468.0,468.0,468.0,468.0,468.0,468.0,468.0,468
T1moJPCLP7c,14.0,14.0,14.0,14.0,14.0,14.0,14.0,14.0,14.0,14.0,14.0,14.0,14.0,14.0,14.0,14.0,14.0,14.0,14.0,14.0,14.0,14.0,14.0,14.0,14.0,14.0,14.0,14.0,14.0,14.0,14.0,14.0,14.0,14.0,14.0,14.0,14.0,14.0,14.0,14.0,14.0,14.0,14.0,14.0,14.0,14.0,14.0,14.0,14.0,14.0,14.0,14.0,14.0,14.0,14.0,14.0,14.0,14.0,14.0,14.0,14.0,14.0,14.0,14.0,14.0,14.0,14.0,14.0,14.0,14.0,14.0,14.0,14.0,14.0,14.0,14.0,14.0,14.0,14.0,14.0,14.0,14.0,14.0,14.0,14.0,14.0,14.0,14.0,14.0,14.0,14.0,14.0,14.0,14.0,14.0,14.0,14.0,14.0,14.0,14.0,14.0,14.0,14.0,14.0,14.0,14.0,14.0,14.0,14.0,14.0,14.0,14.0,14.0,14.0,14.0,14.0,14.0,14.0,14.0,14.0,14.0,14.0,14.0,14.0,14.0,14
L7V2RhDf_SY,501.0,502.0,501.0,501.0,503.0,503.0,504.0,515.0,533.0,551.0,558.0,569.0,581.0,590.0,609.0,617.0,625.0,632.0,647.0,659.0,663.0,670.0,675.0,674.0,674.0,676.0,679.0,690.0,705.0,709.0,716.0,729.0,737.0,745.0,748.0,749.0,752.0,757.0,758.0,762.0,765.0,781.0,784.0,787.0,792.0,801.0,804.0,837.0,866.0,876.0,905.0,905.0,905.0,905.0,904.0,904.0,904.0,905.0,905.0,905.0,909.0,909.0,909.0,910.0,911.0,911.0,911.0,911.0,911.0,911.0,911.0,911.0,911.0,911.0,911.0,912.0,912.0,912.0,912.0,912.0,912.0,912.0,912.0,912.0,911.0,911.0,911.0,911.0,911.0,911.0,911.0,911.0,912.0,912.0,912.0,912.0,912.0,912.0,912.0,912.0,912.0,912.0,912.0,912.0,912.0,912.0,912.0,912.0,912.0,912.0,912.0,912.0,927.0,931.0,936.0,937.0,937.0,937.0,937.0,937.0,937.0,948.0,955.0,961.0,965.0,975
jMcnUVuXdfU,3528.0,3529.0,3529.0,3530.0,3532.0,3531.0,3532.0,3534.0,3537.0,3543.0,3543.0,3549.0,3553.0,3559.0,3562.0,3563.0,3563.0,3567.0,3569.0,3568.0,3576.0,3579.0,3585.0,3586.0,3588.0,3588.0,3591.0,3591.0,3592.0,3596.0,3599.0,3600.0,3601.0,3602.0,3606.0,3606.0,3607.0,3609.0,3609.0,3609.0,3611.0,3613.0,3615.0,3615.0,3616.0,3617.0,3618.0,3620.0,3622.0,3622.0,3623.0,3623.0,3622.0,3621.0,3622.0,3625.0,3625.0,3624.0,3621.0,3624.0,3626.0,3627.0,3627.0,3616.0,3614.0,3614.0,3615.0,3615.0,3615.0,3615.0,3618.0,3618.0,3618.0,3618.0,3618.0,3618.0,3618.0,3620.0,3620.0,3620.0,3622.0,3622.0,3623.0,3623.0,3623.0,3624.0,3625.0,3625.0,3626.0,3627.0,3628.0,3628.0,3631.0,3631.0,3631.0,3631.0,3632.0,3633.0,3633.0,3633.0,3633.0,3634.0,3635.0,3635.0,3635.0,3635.0,3636.0,3638.0,3641.0,3642.0,3644.0,3644.0,3644.0,3644.0,3645.0,3646.0,3647.0,3647.0,3647.0,3646.0,3649.0,3649.0,3649.0,3649.0,3649.0,3649
R55VGD7aYUI,278248.0,279113.0,279716.0,280680.0,281712.0,282711.0,283313.0,284045.0,284777.0,285354.0,286344.0,286945.0,287673.0,288270.0,288914.0,289494.0,290057.0,290897.0,291444.0,291966.0,292557.0,293076.0,293473.0,293797.0,294312.0,294826.0,295224.0,295654.0,296321.0,296919.0,297317.0,297783.0,298286.0,298750.0,299275.0,299747.0,300401.0,300706.0,301297.0,301970.0,302524.0,303170.0,303598.0,304084.0,304628.0,305511.0,306172.0,306651.0,307139.0,307543.0,308299.0,308895.0,309345.0,309892.0,310478.0,310809.0,311528.0,312680.0,313455.0,314377.0,315241.0,315905.0,316731.0,317423.0,318057.0,318528.0,319205.0,320046.0,321255.0,322073.0,322619.0,323056.0,323634.0,324311.0,325186.0,326076.0,327116.0,327884.0,328763.0,329209.0,330091.0,330554.0,330940.0,331548.0,332237.0,332570.0,333036.0,333507.0,334097.0,334891.0,335286.0,335783.0,336091.0,336378.0,336710.0,336942.0,337166.0,337385.0,337578.0,337744.0,337927.0,338109.0,338284.0,338475.0,338683.0,338929.0,339149.0,339338.0,339517.0,339748.0,339901.0,340175.0,340361.0,340486.0,340590.0,340655.0,340754.0,340857.0,340965.0,341029.0,340945.0,341011.0,340449.0,340432.0,340487.0,340734
8Gmu57hIKwI,248.0,248.0,248.0,248.0,248.0,248.0,248.0,248.0,248.0,248.0,249.0,250.0,250.0,250.0,250.0,252.0,253.0,253.0,253.0,253.0,253.0,253.0,253.0,253.0,253.0,253.0,253.0,253.0,253.0,253.0,253.0,253.0,253.0,253.0,253.0,253.0,253.0,253.0,253.0,253.0,253.0,253.0,253.0,253.0,253.0,253.0,254.0,255.0,255.0,255.0,255.0,255.0,254.0,254.0,254.0,254.0,254.0,255.0,255.0,255.0,255.0,255.0,255.0,255.0,255.0,255.0,255.0,255.0,255.0,255.0,255.0,255.0,255.0,255.0,255.0,255.0,255.0,255.0,255.0,255.0,255.0,255.0,255.0,255.0,255.0,255.0,255.0,255.0,255.0,255.0,255.0,255.0,255.0,255.0,255.0,255.0,255.0,255.0,255.0,255.0,255.0,255.0,255.0,255.0,255.0,255.0,255.0,255.0,255.0,255.0,255.0,255.0,255.0,255.0,255.0,255.0,255.0,255.0,255.0,255.0,254.0,254.0,254.0,254.0,254.0,254
ilH9L5TAYoo,0.0,0.0,0.0,0.0,0.0,0.0,0.0,0.0,0.0,0.0,0.0,0.0,0.0,0.0,0.0,0.0,0.0,0.0,0.0,0.0,0.0,0.0,0.0,0.0,0.0,0.0,0.0,0.0,0.0,0.0,0.0,0.0,0.0,0.0,0.0,0.0,0.0,0.0,0.0,0.0,0.0,0.0,0.0,0.0,0.0,0.0,0.0,0.0,0.0,0.0,0.0,0.0,0.0,0.0,0.0,0.0,0.0,0.0,0.0,0.0,0.0,0.0,0.0,0.0,0.0,0.0,0.0,0.0,0.0,0.0,0.0,0.0,0.0,0.0,0.0,0.0,0.0,0.0,0.0,0.0,0.0,0.0,0.0,0.0,0.0,0.0,0.0,0.0,0.0,0.0,0.0,0.0,0.0,0.0,0.0,0.0,0.0,0.0,0.0,0.0,0.0,0.0,0.0,0.0,0.0,0.0,0.0,0.0,0.0,0.0,0.0,0.0,0.0,0.0,0.0,0.0,0.0,0.0,0.0,0.0,0.0,0.0,0.0,0.0,0.0,0
A18GgkIadkc,0.0,0.0,0.0,0.0,0.0,0.0,0.0,0.0,0.0,0.0,0.0,0.0,0.0,0.0,0.0,0.0,0.0,0.0,0.0,0.0,0.0,0.0,0.0,0.0,0.0,0.0,0.0,0.0,0.0,0.0,0.0,0.0,0.0,0.0,0.0,0.0,0.0,0.0,0.0,0.0,0.0,0.0,0.0,0.0,0.0,0.0,0.0,0.0,0.0,0.0,0.0,0.0,0.0,0.0,0.0,0.0,0.0,0.0,0.0,0.0,0.0,0.0,0.0,0.0,0.0,0.0,0.0,0.0,0.0,0.0,0.0,0.0,0.0,0.0,0.0,0.0,0.0,0.0,0.0,0.0,0.0,0.0,0.0,0.0,0.0,0.0,0.0,0.0,0.0,0.0,0.0,0.0,0.0,0.0,0.0,0.0,0.0,0.0,0.0,0.0,0.0,0.0,0.0,0.0,0.0,0.0,0.0,0.0,0.0,0.0,0.0,0.0,0.0,0.0,0.0,0.0,0.0,0.0,0.0,0.0,0.0,0.0,0.0,0.0,0.0,0
6P6l86vX4xY,0.0,0.0,0.0,0.0,0.0,0.0,0.0,0.0,0.0,0.0,0.0,0.0,0.0,0.0,0.0,0.0,0.0,0.0,0.0,0.0,0.0,0.0,0.0,0.0,0.0,0.0,0.0,0.0,0.0,0.0,0.0,0.0,0.0,0.0,0.0,0.0,0.0,0.0,0.0,0.0,0.0,0.0,0.0,0.0,0.0,0.0,0.0,0.0,0.0,0.0,0.0,0.0,0.0,0.0,0.0,0.0,0.0,0.0,0.0,0.0,0.0,0.0,0.0,0.0,0.0,0.0,0.0,0.0,0.0,0.0,0.0,0.0,0.0,0.0,0.0,0.0,0.0,0.0,0.0,0.0,0.0,0.0,0.0,0.0,0.0,0.0,0.0,0.0,0.0,0.0,0.0,0.0,0.0,0.0,0.0,0.0,0.0,0.0,0.0,0.0,0.0,0.0,0.0,0.0,0.0,0.0,0.0,0.0,0.0,0.0,0.0,0.0,0.0,0.0,0.0,0.0,0.0,0.0,0.0,0.0,0.0,0.0,0.0,0.0,0.0,0
Hymeb04N9nw,0.0,0.0,0.0,0.0,0.0,0.0,0.0,0.0,0.0,0.0,0.0,0.0,0.0,0.0,0.0,0.0,0.0,0.0,0.0,0.0,0.0,0.0,0.0,0.0,0.0,0.0,0.0,0.0,0.0,0.0,0.0,0.0,0.0,0.0,0.0,0.0,0.0,0.0,0.0,0.0,0.0,0.0,0.0,0.0,0.0,0.0,0.0,0.0,0.0,0.0,0.0,0.0,0.0,0.0,0.0,0.0,0.0,0.0,0.0,0.0,0.0,0.0,0.0,0.0,0.0,0.0,0.0,0.0,0.0,0.0,0.0,0.0,0.0,0.0,0.0,0.0,0.0,0.0,0.0,0.0,0.0,0.0,0.0,0.0,0.0,0.0,0.0,0.0,0.0,0.0,0.0,0.0,0.0,0.0,0.0,0.0,0.0,0.0,0.0,0.0,0.0,0.0,0.0,0.0,0.0,0.0,0.0,0.0,0.0,0.0,0.0,0.0,0.0,0.0,0.0,0.0,0.0,0.0,0.0,0.0,0.0,0.0,0.0,0.0,0.0,0
iKpyqlwnWfM,0.0,0.0,0.0,0.0,0.0,0.0,0.0,0.0,0.0,0.0,0.0,0.0,0.0,0.0,0.0,0.0,0.0,0.0,0.0,0.0,0.0,0.0,0.0,0.0,0.0,0.0,0.0,0.0,0.0,0.0,0.0,0.0,0.0,0.0,0.0,0.0,0.0,0.0,0.0,0.0,0.0,0.0,0.0,0.0,0.0,0.0,0.0,0.0,0.0,0.0,0.0,0.0,0.0,0.0,0.0,0.0,0.0,0.0,0.0,0.0,0.0,0.0,0.0,0.0,0.0,0.0,0.0,0.0,0.0,0.0,0.0,0.0,0.0,0.0,0.0,0.0,0.0,0.0,0.0,0.0,0.0,0.0,0.0,0.0,0.0,0.0,0.0,0.0,0.0,0.0,0.0,0.0,0.0,0.0,0.0,0.0,0.0,0.0,0.0,0.0,0.0,0.0,0.0,0.0,0.0,0.0,0.0,0.0,0.0,0.0,0.0,0.0,0.0,0.0,0.0,0.0,0.0,0.0,0.0,0.0,0.0,0.0,0.0,0.0,0.0,0
ZBVNgxu2Oq8,62.0,62.0,62.0,63.0,63.0,63.0,63.0,63.0,63.0,63.0,63.0,63.0,63.0,63.0,63.0,64.0,64.0,64.0,64.0,64.0,64.0,64.0,64.0,64.0,64.0,64.0,64.0,64.0,64.0,64.0,64.0,64.0,64.0,64.0,63.0,63.0,63.0,63.0,63.0,63.0,63.0,63.0,63.0,63.0,63.0,63.0,63.0,63.0,63.0,63.0,63.0,63.0,63.0,63.0,63.0,63.0,63.0,63.0,63.0,63.0,63.0,63.0,64.0,64.0,64.0,64.0,64.0,64.0,64.0,64.0,64.0,64.0,64.0,64.0,64.0,64.0,64.0,64.0,64.0,64.0,64.0,64.0,64.0,64.0,64.0,64.0,64.0,64.0,64.0,64.0,64.0,64.0,64.0,64.0,64.0,65.0,65.0,65.0,65.0,65.0,65.0,65.0,65.0,65.0,65.0,65.0,65.0,65.0,65.0,65.0,65.0,65.0,65.0,65.0,65.0,65.0,65.0,65.0,65.0,65.0,65.0,65.0,65.0,65.0,65.0,65
EnvbIF1fgdk,444.0,446.0,446.0,447.0,447.0,447.0,448.0,449.0,451.0,451.0,451.0,451.0,452.0,452.0,452.0,452.0,452.0,452.0,452.0,452.0,452.0,452.0,453.0,453.0,453.0,453.0,454.0,454.0,454.0,454.0,455.0,455.0,456.0,456.0,455.0,455.0,455.0,455.0,456.0,456.0,456.0,456.0,456.0,456.0,456.0,456.0,456.0,456.0,456.0,456.0,456.0,456.0,456.0,456.0,456.0,456.0,456.0,456.0,456.0,456.0,456.0,456.0,456.0,456.0,456.0,456.0,456.0,456.0,456.0,456.0,456.0,456.0,455.0,455.0,455.0,455.0,455.0,455.0,455.0,455.0,455.0,455.0,455.0,455.0,455.0,455.0,455.0,455.0,455.0,455.0,455.0,455.0,455.0,455.0,455.0,455.0,455.0,455.0,455.0,456.0,456.0,457.0,457.0,457.0,457.0,457.0,457.0,457.0,457.0,457.0,457.0,457.0,457.0,457.0,457.0,457.0,457.0,457.0,457.0,457.0,457.0,457.0,457.0,457.0,457.0,457
fu4crGwRWgQ,6.0,6.0,6.0,6.0,6.0,6.0,6.0,6.0,6.0,6.0,6.0,6.0,6.0,6.0,6.0,6.0,6.0,6.0,6.0,6.0,6.0,6.0,6.0,6.0,6.0,6.0,,,,,,,,,,,,,,,,,,,,,,,,,,,,,,,,,,,,,,,,,,,,,,,,,,,,,,,,,,,,,,,,,,,,,,,,,,,,,,,,,,,,,,,,,,,,,,,,,,,,
yhJGsHRBh5w,10.0,10.0,10.0,10.0,10.0,10.0,10.0,10.0,10.0,10.0,10.0,10.0,10.0,10.0,10.0,10.0,10.0,10.0,10.0,10.0,10.0,10.0,10.0,10.0,10.0,10.0,,,,,,,,,,,,,,,,,,,,,,,,,,,,,,,,,,,,,,,,,,,,,,,,,,,,,,,,,,,,,,,,,,,,,,,,,,,,,,,,,,,,,,,,,,,,,,,,,,,,
6dUGLfqrrOc,1002.0,1002.0,1002.0,1002.0,1003.0,1003.0,1003.0,1003.0,1003.0,1003.0,1003.0,1003.0,1003.0,1002.0,1002.0,1002.0,1002.0,1002.0,1002.0,1002.0,1002.0,1002.0,1002.0,1001.0,1001.0,1001.0,1001.0,1001.0,1000.0,1000.0,1000.0,1000.0,1000.0,999.0,999.0,999.0,1000.0,1000.0,1000.0,1000.0,1000.0,1000.0,1000.0,1000.0,1000.0,1000.0,1000.0,1000.0,1000.0,1000.0,1000.0,1000.0,1000.0,1000.0,998.0,998.0,999.0,999.0,998.0,998.0,998.0,998.0,998.0,998.0,998.0,998.0,998.0,998.0,998.0,998.0,998.0,998.0,998.0,998.0,998.0,998.0,998.0,998.0,998.0,998.0,998.0,998.0,998.0,998.0,998.0,998.0,998.0,998.0,998.0,998.0,998.0,998.0,997.0,1000.0,1000.0,998.0,998.0,998.0,998.0,998.0,998.0,998.0,998.0,997.0,998.0,998.0,998.0,998.0,998.0,998.0,998.0,998.0,998.0,998.0,998.0,998.0,998.0,998.0,998.0,998.0,998.0,998.0,998.0,998.0,998.0,998
XI9oDYeizvM,0.0,0.0,0.0,0.0,0.0,0.0,0.0,0.0,0.0,0.0,0.0,0.0,0.0,0.0,0.0,0.0,0.0,0.0,0.0,0.0,0.0,0.0,0.0,0.0,0.0,0.0,0.0,0.0,0.0,0.0,0.0,0.0,0.0,0.0,0.0,0.0,0.0,0.0,0.0,0.0,0.0,0.0,0.0,0.0,0.0,0.0,0.0,0.0,0.0,0.0,0.0,0.0,0.0,0.0,0.0,0.0,0.0,0.0,0.0,0.0,0.0,0.0,0.0,0.0,0.0,0.0,0.0,0.0,0.0,0.0,0.0,0.0,0.0,0.0,0.0,0.0,0.0,0.0,0.0,0.0,0.0,0.0,0.0,0.0,0.0,0.0,0.0,0.0,0.0,0.0,0.0,0.0,0.0,0.0,0.0,0.0,0.0,0.0,0.0,0.0,0.0,0.0,0.0,0.0,0.0,0.0,0.0,0.0,0.0,0.0,0.0,0.0,0.0,0.0,0.0,0.0,0.0,0.0,0.0,0.0,0.0,0.0,0.0,0.0,0.0,0
3YtxooWlLg8,368.0,368.0,368.0,368.0,368.0,369.0,370.0,370.0,371.0,371.0,371.0,371.0,371.0,371.0,371.0,371.0,371.0,371.0,371.0,371.0,371.0,371.0,371.0,371.0,371.0,371.0,372.0,372.0,372.0,372.0,372.0,372.0,372.0,372.0,372.0,372.0,372.0,373.0,373.0,373.0,373.0,373.0,373.0,373.0,373.0,373.0,373.0,374.0,374.0,374.0,374.0,374.0,374.0,374.0,374.0,374.0,374.0,374.0,374.0,374.0,374.0,374.0,374.0,374.0,375.0,375.0,375.0,375.0,375.0,375.0,376.0,376.0,376.0,376.0,375.0,375.0,375.0,376.0,376.0,376.0,376.0,376.0,376.0,375.0,375.0,375.0,375.0,375.0,375.0,375.0,375.0,375.0,375.0,375.0,375.0,375.0,375.0,376.0,376.0,376.0,376.0,376.0,376.0,376.0,376.0,376.0,376.0,376.0,376.0,376.0,376.0,376.0,376.0,378.0,378.0,378.0,378.0,378.0,378.0,378.0,378.0,378.0,378.0,378.0,378.0,378
GWteb0H9CLs,345.0,348.0,349.0,349.0,350.0,350.0,350.0,350.0,350.0,350.0,350.0,350.0,349.0,350.0,349.0,349.0,349.0,349.0,349.0,349.0,349.0,350.0,350.0,350.0,350.0,350.0,350.0,350.0,350.0,350.0,350.0,350.0,350.0,353.0,354.0,354.0,354.0,354.0,354.0,354.0,354.0,354.0,354.0,354.0,354.0,354.0,353.0,355.0,355.0,355.0,355.0,356.0,356.0,356.0,356.0,356.0,356.0,356.0,356.0,356.0,357.0,357.0,357.0,357.0,357.0,357.0,357.0,357.0,357.0,357.0,357.0,357.0,357.0,357.0,357.0,357.0,357.0,357.0,357.0,357.0,357.0,357.0,357.0,358.0,358.0,358.0,358.0,358.0,358.0,358.0,358.0,359.0,359.0,359.0,359.0,359.0,360.0,360.0,360.0,360.0,364.0,364.0,364.0,364.0,364.0,364.0,363.0,363.0,363.0,363.0,363.0,363.0,363.0,363.0,363.0,363.0,363.0,363.0,363.0,362.0,362.0,362.0,362.0,362.0,363.0,363
zj6FSvS3Yd4,590.0,592.0,593.0,593.0,593.0,594.0,594.0,595.0,595.0,595.0,597.0,597.0,600.0,601.0,600.0,600.0,600.0,600.0,600.0,601.0,602.0,602.0,602.0,604.0,605.0,608.0,612.0,612.0,613.0,613.0,613.0,614.0,617.0,617.0,617.0,617.0,618.0,618.0,620.0,620.0,620.0,620.0,620.0,620.0,621.0,621.0,624.0,625.0,627.0,628.0,631.0,632.0,632.0,634.0,636.0,637.0,637.0,637.0,637.0,637.0,637.0,637.0,637.0,639.0,641.0,641.0,641.0,641.0,641.0,641.0,642.0,643.0,643.0,644.0,644.0,644.0,645.0,645.0,646.0,645.0,645.0,647.0,647.0,647.0,647.0,648.0,648.0,648.0,648.0,648.0,648.0,648.0,648.0,649.0,649.0,649.0,649.0,649.0,649.0,649.0,649.0,649.0,649.0,649.0,648.0,648.0,649.0,650.0,650.0,650.0,650.0,650.0,650.0,650.0,650.0,650.0,653.0,654.0,654.0,655.0,653.0,653.0,653.0,653.0,653.0,653
8aRTMQvbODs,53428.0,53535.0,53696.0,53830.0,53936.0,54063.0,54143.0,54272.0,54294.0,54363.0,54004.0,54053.0,53922.0,53968.0,54041.0,54109.0,54179.0,54238.0,54304.0,54419.0,54484.0,54585.0,54661.0,54702.0,54766.0,54833.0,54879.0,54939.0,55021.0,55073.0,55131.0,55211.0,55284.0,55343.0,55392.0,55442.0,55496.0,55497.0,55585.0,55629.0,55705.0,55759.0,55797.0,55868.0,55917.0,55955.0,56032.0,56147.0,56222.0,56273.0,56215.0,56248.0,56273.0,56318.0,56348.0,56403.0,56438.0,56457.0,56471.0,56479.0,56503.0,56521.0,56526.0,56541.0,56551.0,56563.0,56581.0,56591.0,56599.0,56498.0,56505.0,56516.0,56524.0,56530.0,56523.0,56525.0,56530.0,56539.0,56550.0,56561.0,56564.0,56565.0,56569.0,56581.0,56599.0,56603.0,56610.0,56617.0,56623.0,56624.0,56630.0,56641.0,56639.0,56648.0,56654.0,56659.0,56664.0,56674.0,56673.0,56680.0,56685.0,56687.0,56693.0,56711.0,56778.0,56778.0,56785.0,56795.0,56806.0,56808.0,56814.0,56822.0,56827.0,56838.0,56845.0,56855.0,56849.0,56855.0,56858.0,56859.0,56852.0,56869.0,56858.0,56862.0,56865.0,56865
aKRY80dEkJw,450.0,451.0,451.0,451.0,453.0,453.0,452.0,452.0,452.0,454.0,454.0,454.0,453.0,454.0,454.0,454.0,453.0,453.0,454.0,454.0,455.0,455.0,457.0,457.0,457.0,458.0,459.0,459.0,459.0,460.0,460.0,460.0,460.0,460.0,460.0,460.0,460.0,460.0,460.0,460.0,460.0,460.0,460.0,460.0,460.0,460.0,460.0,460.0,460.0,460.0,460.0,460.0,460.0,460.0,461.0,461.0,461.0,461.0,462.0,463.0,463.0,463.0,463.0,463.0,463.0,463.0,462.0,462.0,463.0,463.0,464.0,465.0,465.0,465.0,465.0,465.0,465.0,465.0,465.0,466.0,466.0,466.0,466.0,466.0,466.0,468.0,468.0,468.0,468.0,468.0,468.0,468.0,468.0,468.0,470.0,470.0,470.0,470.0,470.0,471.0,471.0,471.0,472.0,472.0,472.0,473.0,473.0,473.0,474.0,474.0,474.0,475.0,475.0,475.0,476.0,476.0,477.0,477.0,477.0,477.0,477.0,477.0,478.0,479.0,479.0,479
YrsKPJr4bTU,271.0,271.0,271.0,271.0,272.0,272.0,272.0,272.0,272.0,272.0,273.0,273.0,273.0,273.0,273.0,273.0,273.0,273.0,273.0,273.0,273.0,273.0,273.0,273.0,273.0,273.0,273.0,273.0,273.0,273.0,273.0,273.0,273.0,273.0,271.0,271.0,272.0,272.0,272.0,272.0,272.0,272.0,272.0,272.0,272.0,272.0,272.0,272.0,272.0,272.0,272.0,272.0,272.0,272.0,272.0,272.0,272.0,272.0,272.0,272.0,272.0,272.0,272.0,272.0,272.0,272.0,272.0,272.0,272.0,272.0,272.0,273.0,274.0,274.0,274.0,274.0,274.0,274.0,274.0,274.0,274.0,274.0,274.0,274.0,274.0,274.0,274.0,275.0,276.0,276.0,276.0,276.0,276.0,276.0,276.0,276.0,276.0,276.0,276.0,277.0,277.0,277.0,277.0,277.0,277.0,277.0,277.0,277.0,277.0,277.0,277.0,277.0,277.0,277.0,277.0,277.0,277.0,277.0,277.0,277.0,277.0,277.0,277.0,277.0,277.0,277
vEmwBHJugkY,801.0,802.0,804.0,806.0,807.0,807.0,807.0,807.0,807.0,807.0,809.0,811.0,811.0,812.0,810.0,810.0,810.0,810.0,809.0,809.0,809.0,810.0,810.0,811.0,811.0,811.0,812.0,814.0,815.0,816.0,816.0,816.0,816.0,816.0,816.0,817.0,819.0,820.0,821.0,823.0,825.0,825.0,827.0,829.0,830.0,831.0,831.0,833.0,833.0,834.0,834.0,835.0,836.0,837.0,838.0,838.0,839.0,841.0,842.0,843.0,844.0,845.0,847.0,848.0,848.0,849.0,850.0,850.0,850.0,850.0,851.0,854.0,854.0,854.0,855.0,856.0,856.0,857.0,858.0,858.0,858.0,855.0,856.0,856.0,856.0,856.0,856.0,856.0,857.0,857.0,857.0,857.0,857.0,857.0,857.0,857.0,858.0,858.0,858.0,859.0,861.0,861.0,862.0,862.0,862.0,861.0,861.0,861.0,861.0,861.0,861.0,861.0,862.0,863.0,863.0,864.0,864.0,864.0,864.0,865.0,865.0,866.0,865.0,865.0,865.0,865
2otiRZ49cmQ,11.0,11.0,11.0,11.0,12.0,12.0,13.0,13.0,13.0,13.0,13.0,13.0,13.0,13.0,14.0,14.0,14.0,14.0,14.0,14.0,14.0,14.0,14.0,13.0,13.0,13.0,13.0,13.0,13.0,13.0,13.0,13.0,13.0,13.0,13.0,13.0,13.0,13.0,13.0,14.0,14.0,14.0,14.0,14.0,14.0,14.0,14.0,14.0,14.0,14.0,14.0,15.0,15.0,15.0,15.0,15.0,15.0,15.0,15.0,15.0,15.0,15.0,15.0,15.0,15.0,15.0,15.0,15.0,15.0,15.0,15.0,15.0,15.0,15.0,15.0,15.0,15.0,15.0,15.0,15.0,15.0,15.0,15.0,15.0,15.0,15.0,17.0,17.0,17.0,17.0,17.0,17.0,17.0,17.0,17.0,17.0,17.0,17.0,17.0,17.0,17.0,17.0,18.0,18.0,18.0,18.0,18.0,18.0,18.0,18.0,18.0,18.0,18.0,18.0,18.0,18.0,18.0,18.0,18.0,19.0,19.0,19.0,19.0,19.0,19.0,19
NZO4UEeDX4w,645.0,647.0,647.0,648.0,649.0,650.0,650.0,651.0,651.0,651.0,651.0,652.0,651.0,652.0,653.0,653.0,653.0,653.0,654.0,654.0,654.0,654.0,654.0,654.0,654.0,654.0,654.0,654.0,653.0,653.0,653.0,654.0,655.0,656.0,656.0,657.0,659.0,659.0,659.0,659.0,659.0,659.0,659.0,659.0,659.0,659.0,659.0,659.0,659.0,661.0,661.0,661.0,660.0,660.0,660.0,660.0,661.0,664.0,664.0,664.0,664.0,664.0,664.0,664.0,664.0,666.0,667.0,669.0,670.0,670.0,672.0,672.0,672.0,671.0,672.0,672.0,672.0,672.0,672.0,672.0,672.0,672.0,674.0,674.0,674.0,674.0,674.0,675.0,675.0,675.0,675.0,675.0,675.0,679.0,679.0,679.0,680.0,680.0,680.0,680.0,680.0,680.0,680.0,680.0,680.0,680.0,680.0,682.0,682.0,682.0,682.0,682.0,682.0,682.0,682.0,682.0,683.0,683.0,683.0,684.0,682.0,682.0,682.0,682.0,682.0,682
7PlBGuxTAVs,585.0,588.0,592.0,595.0,595.0,598.0,600.0,603.0,604.0,607.0,607.0,609.0,609.0,612.0,613.0,615.0,615.0,616.0,618.0,618.0,618.0,618.0,619.0,618.0,618.0,619.0,620.0,620.0,620.0,620.0,620.0,621.0,622.0,622.0,622.0,623.0,624.0,624.0,628.0,629.0,629.0,629.0,631.0,634.0,635.0,635.0,636.0,638.0,638.0,639.0,640.0,641.0,641.0,642.0,642.0,642.0,644.0,645.0,645.0,645.0,645.0,645.0,647.0,648.0,649.0,650.0,650.0,650.0,650.0,650.0,650.0,651.0,653.0,653.0,655.0,655.0,656.0,656.0,658.0,659.0,659.0,660.0,661.0,661.0,661.0,661.0,661.0,661.0,662.0,662.0,662.0,663.0,665.0,665.0,665.0,666.0,667.0,668.0,669.0,669.0,669.0,670.0,670.0,670.0,670.0,670.0,670.0,670.0,670.0,670.0,670.0,670.0,670.0,671.0,671.0,671.0,672.0,672.0,672.0,674.0,674.0,675.0,675.0,675.0,675.0,676
7SupqyXe96s,1378.0,1378.0,1378.0,1378.0,1378.0,1378.0,1378.0,1378.0,1378.0,1378.0,1378.0,1378.0,1379.0,1379.0,1379.0,1385.0,1384.0,1385.0,1385.0,1385.0,1385.0,1386.0,1386.0,1386.0,1386.0,1386.0,1386.0,1386.0,1386.0,1386.0,1386.0,1386.0,1386.0,1386.0,1387.0,1387.0,1380.0,1380.0,1380.0,1379.0,1379.0,1379.0,1379.0,1379.0,1386.0,1387.0,1387.0,1387.0,1388.0,1388.0,1388.0,1388.0,1388.0,1388.0,1388.0,1388.0,1388.0,1388.0,1388.0,1388.0,1388.0,1388.0,1388.0,1388.0,1388.0,1388.0,1388.0,1388.0,1388.0,1388.0,1388.0,1388.0,1388.0,1388.0,1388.0,1388.0,1388.0,1388.0,1388.0,1388.0,1388.0,1388.0,1388.0,1388.0,1389.0,1389.0,1389.0,1389.0,1389.0,1389.0,1389.0,1389.0,1389.0,1389.0,1389.0,1389.0,1389.0,1389.0,1389.0,1389.0,1389.0,1389.0,1389.0,1389.0,1389.0,1389.0,1389.0,1389.0,1389.0,1389.0,1389.0,1389.0,1389.0,1389.0,1389.0,1389.0,1389.0,1389.0,1389.0,1389.0,1389.0,1389.0,1389.0,1389.0,1389.0,1389
sVTnAajWDOA,14.0,14.0,14.0,14.0,14.0,14.0,14.0,14.0,14.0,14.0,14.0,14.0,14.0,14.0,14.0,14.0,14.0,14.0,15.0,15.0,15.0,15.0,15.0,15.0,15.0,15.0,15.0,15.0,15.0,15.0,15.0,15.0,15.0,15.0,15.0,15.0,15.0,15.0,15.0,15.0,15.0,15.0,15.0,15.0,15.0,15.0,15.0,15.0,15.0,15.0,15.0,15.0,15.0,15.0,15.0,15.0,15.0,15.0,15.0,15.0,15.0,15.0,15.0,15.0,15.0,15.0,15.0,15.0,15.0,15.0,15.0,15.0,15.0,15.0,15.0,15.0,15.0,15.0,15.0,15.0,15.0,15.0,15.0,15.0,16.0,16.0,16.0,16.0,16.0,16.0,16.0,16.0,16.0,16.0,16.0,16.0,16.0,16.0,16.0,16.0,16.0,16.0,16.0,16.0,16.0,16.0,16.0,16.0,16.0,16.0,16.0,16.0,16.0,16.0,16.0,19.0,19.0,19.0,19.0,19.0,19.0,19.0,19.0,19.0,19.0,19
1iOB4quhJ38,0.0,0.0,0.0,0.0,0.0,0.0,0.0,0.0,0.0,0.0,0.0,0.0,0.0,0.0,0.0,0.0,0.0,0.0,0.0,0.0,0.0,0.0,0.0,0.0,0.0,0.0,0.0,0.0,0.0,0.0,0.0,0.0,0.0,0.0,0.0,0.0,0.0,0.0,0.0,0.0,0.0,0.0,0.0,0.0,0.0,0.0,0.0,0.0,0.0,0.0,0.0,0.0,0.0,0.0,0.0,0.0,0.0,0.0,0.0,0.0,0.0,0.0,0.0,0.0,0.0,0.0,0.0,0.0,0.0,0.0,0.0,0.0,0.0,0.0,0.0,0.0,0.0,0.0,0.0,0.0,0.0,0.0,0.0,0.0,0.0,0.0,0.0,0.0,0.0,0.0,0.0,0.0,0.0,0.0,0.0,0.0,0.0,0.0,0.0,0.0,0.0,0.0,0.0,0.0,0.0,0.0,0.0,0.0,0.0,0.0,0.0,0.0,0.0,0.0,0.0,0.0,0.0,0.0,0.0,0.0,0.0,0.0,0.0,0.0,0.0,0
tRmdA882ZvQ,97.0,97.0,97.0,97.0,97.0,97.0,97.0,97.0,97.0,97.0,97.0,97.0,97.0,98.0,98.0,98.0,98.0,99.0,99.0,99.0,99.0,99.0,100.0,100.0,100.0,100.0,100.0,100.0,100.0,100.0,101.0,101.0,101.0,101.0,101.0,101.0,101.0,101.0,101.0,101.0,101.0,102.0,102.0,102.0,102.0,102.0,102.0,103.0,103.0,103.0,103.0,103.0,103.0,103.0,103.0,103.0,103.0,103.0,103.0,103.0,103.0,103.0,103.0,103.0,103.0,103.0,103.0,104.0,104.0,104.0,104.0,104.0,104.0,104.0,104.0,104.0,104.0,104.0,104.0,105.0,105.0,105.0,105.0,105.0,105.0,105.0,106.0,106.0,106.0,107.0,107.0,107.0,107.0,107.0,107.0,107.0,107.0,107.0,107.0,107.0,107.0,107.0,107.0,107.0,107.0,107.0,107.0,107.0,107.0,107.0,107.0,107.0,107.0,107.0,107.0,107.0,107.0,107.0,108.0,108.0,109.0,109.0,109.0,109.0,109.0,109
PGoeFdmkzhw,1769.0,1801.0,1825.0,1831.0,1849.0,1857.0,1885.0,1895.0,1904.0,1911.0,1919.0,1931.0,1951.0,1971.0,1985.0,1996.0,2003.0,2011.0,2034.0,2041.0,2050.0,2066.0,2075.0,2077.0,2085.0,2099.0,2099.0,2116.0,2127.0,2153.0,2162.0,2168.0,2176.0,2182.0,2185.0,2186.0,2190.0,2194.0,2198.0,2201.0,2207.0,2210.0,2219.0,2226.0,2229.0,2237.0,2242.0,2274.0,2292.0,2300.0,2312.0,2328.0,2347.0,2381.0,2410.0,2438.0,2447.0,2456.0,2472.0,2482.0,2494.0,2507.0,2520.0,2537.0,2557.0,2576.0,2592.0,2601.0,2618.0,2645.0,2645.0,2646.0,2649.0,2650.0,2648.0,2651.0,2652.0,2652.0,2653.0,2659.0,2660.0,2660.0,2661.0,2661.0,2661.0,2661.0,2662.0,2662.0,2662.0,2663.0,2664.0,2666.0,2665.0,2668.0,2662.0,2665.0,2666.0,2667.0,2668.0,2671.0,2673.0,2675.0,2675.0,2675.0,2675.0,2675.0,2679.0,2680.0,2681.0,2680.0,2688.0,2688.0,2686.0,2690.0,2690.0,2692.0,2695.0,2695.0,2695.0,2695.0,2695.0,2697.0,2696.0,2697.0,2698.0,2698
2RwFzNL66Hs,395.0,395.0,396.0,398.0,398.0,397.0,401.0,402.0,407.0,409.0,410.0,410.0,410.0,410.0,410.0,410.0,410.0,410.0,410.0,411.0,411.0,411.0,411.0,418.0,418.0,418.0,418.0,418.0,419.0,419.0,419.0,420.0,420.0,420.0,422.0,422.0,422.0,422.0,423.0,423.0,423.0,423.0,423.0,423.0,423.0,423.0,424.0,424.0,424.0,424.0,427.0,429.0,432.0,433.0,434.0,434.0,434.0,436.0,437.0,440.0,442.0,443.0,445.0,446.0,446.0,446.0,448.0,448.0,449.0,449.0,450.0,452.0,454.0,459.0,462.0,462.0,464.0,466.0,467.0,469.0,477.0,477.0,479.0,481.0,482.0,483.0,484.0,487.0,490.0,491.0,495.0,497.0,501.0,502.0,505.0,511.0,511.0,513.0,513.0,514.0,514.0,516.0,518.0,519.0,519.0,520.0,522.0,523.0,524.0,525.0,526.0,527.0,529.0,571.0,601.0,626.0,644.0,658.0,663.0,669.0,677.0,681.0,683.0,684.0,686.0,687
bbXDg3NhxT4,18528.0,18678.0,18808.0,18968.0,19116.0,19281.0,19419.0,19630.0,19734.0,19826.0,19879.0,19954.0,20012.0,20051.0,20093.0,20118.0,20133.0,20092.0,20110.0,20128.0,20139.0,20147.0,20153.0,20188.0,20205.0,20218.0,20217.0,20257.0,20267.0,20279.0,20299.0,20322.0,20338.0,20343.0,20357.0,20371.0,20375.0,20399.0,20425.0,20441.0,20449.0,20452.0,20460.0,20462.0,20468.0,20495.0,20508.0,20499.0,20508.0,20513.0,20524.0,20532.0,20521.0,20549.0,20547.0,20549.0,20553.0,20556.0,20541.0,20544.0,20554.0,20558.0,20571.0,20577.0,20589.0,20597.0,20598.0,20599.0,20601.0,20607.0,20619.0,20627.0,20634.0,20638.0,20630.0,20642.0,20652.0,20656.0,20656.0,20608.0,20608.0,20613.0,20620.0,20624.0,20625.0,20634.0,20639.0,20643.0,20646.0,20646.0,20656.0,20668.0,20675.0,20683.0,20697.0,20700.0,20668.0,20682.0,20687.0,20684.0,20686.0,20689.0,20690.0,20693.0,20684.0,20694.0,20698.0,20708.0,20716.0,20719.0,20723.0,20728.0,20729.0,20729.0,20729.0,20720.0,20725.0,20728.0,20726.0,20730.0,20694.0,20701.0,20702.0,20706.0,20709.0,20721
kuEYteqHlCo,101.0,102.0,102.0,102.0,102.0,102.0,102.0,102.0,102.0,102.0,102.0,102.0,102.0,102.0,102.0,102.0,102.0,102.0,102.0,102.0,102.0,103.0,103.0,104.0,104.0,104.0,104.0,104.0,104.0,104.0,103.0,103.0,103.0,103.0,103.0,103.0,103.0,103.0,103.0,103.0,103.0,103.0,103.0,103.0,103.0,103.0,103.0,103.0,103.0,103.0,103.0,103.0,103.0,103.0,103.0,103.0,103.0,104.0,104.0,105.0,105.0,105.0,105.0,105.0,105.0,105.0,105.0,105.0,105.0,105.0,105.0,105.0,105.0,105.0,105.0,105.0,105.0,105.0,105.0,105.0,106.0,108.0,108.0,108.0,108.0,108.0,108.0,108.0,108.0,108.0,109.0,109.0,109.0,109.0,109.0,110.0,110.0,110.0,110.0,110.0,110.0,110.0,110.0,110.0,110.0,110.0,110.0,110.0,110.0,110.0,110.0,110.0,110.0,110.0,110.0,110.0,110.0,110.0,110.0,111.0,111.0,111.0,111.0,111.0,111.0,111
yy8tHUW5bhU,63.0,63.0,63.0,63.0,63.0,63.0,63.0,63.0,63.0,63.0,63.0,63.0,63.0,63.0,63.0,63.0,63.0,63.0,63.0,63.0,63.0,63.0,63.0,63.0,63.0,63.0,63.0,63.0,63.0,63.0,63.0,63.0,63.0,63.0,63.0,63.0,63.0,63.0,63.0,63.0,63.0,63.0,63.0,63.0,63.0,63.0,64.0,64.0,64.0,64.0,64.0,64.0,64.0,64.0,64.0,64.0,64.0,64.0,64.0,64.0,64.0,64.0,64.0,64.0,64.0,64.0,63.0,63.0,63.0,63.0,63.0,63.0,63.0,63.0,63.0,63.0,63.0,63.0,63.0,63.0,63.0,63.0,63.0,63.0,63.0,63.0,63.0,63.0,63.0,63.0,63.0,63.0,63.0,63.0,63.0,63.0,63.0,63.0,63.0,63.0,63.0,63.0,63.0,63.0,63.0,63.0,63.0,63.0,63.0,63.0,62.0,62.0,62.0,62.0,62.0,62.0,62.0,62.0,62.0,62.0,62.0,62.0,62.0,62.0,62.0,62
aHTI0SXGVS0,11553.0,11556.0,11560.0,11566.0,11570.0,11573.0,11578.0,11579.0,11581.0,11583.0,11587.0,11593.0,11597.0,11606.0,11610.0,11614.0,11625.0,11626.0,11629.0,11634.0,11636.0,11639.0,11645.0,11653.0,11655.0,11663.0,11668.0,11674.0,11680.0,11689.0,11697.0,11702.0,11706.0,11713.0,11715.0,11714.0,11722.0,11725.0,11729.0,11733.0,11739.0,11745.0,11747.0,11761.0,11765.0,11758.0,11763.0,11764.0,11774.0,11773.0,11777.0,11781.0,11784.0,11791.0,11803.0,11812.0,11818.0,11761.0,11766.0,11768.0,11771.0,11776.0,11779.0,11787.0,11789.0,11791.0,11791.0,11793.0,11794.0,11800.0,11805.0,11814.0,11817.0,11821.0,11834.0,11838.0,11847.0,11848.0,11848.0,11854.0,11852.0,11853.0,11858.0,11846.0,11849.0,11848.0,11853.0,11855.0,11850.0,11849.0,11849.0,11854.0,11861.0,11863.0,11869.0,11876.0,11875.0,11876.0,11876.0,11881.0,11872.0,11876.0,11873.0,11874.0,11876.0,11876.0,11879.0,11881.0,11882.0,11886.0,11887.0,11889.0,11891.0,11894.0,11901.0,11903.0,11908.0,11909.0,11904.0,11902.0,11904.0,11903.0,11894.0,11897.0,11899.0,11901
c5Fc6r4A9d8,4794.0,4799.0,4821.0,4842.0,4868.0,4881.0,4874.0,4890.0,4880.0,4914.0,4935.0,4958.0,4884.0,4885.0,4903.0,4931.0,4933.0,4941.0,4951.0,4951.0,4941.0,4949.0,4960.0,4957.0,4949.0,4974.0,5016.0,5025.0,5090.0,5078.0,5083.0,5155.0,5156.0,5169.0,5172.0,5174.0,5175.0,5185.0,5192.0,5174.0,5170.0,5183.0,5205.0,5232.0,5255.0,5243.0,5248.0,5287.0,5295.0,5300.0,5310.0,5329.0,5340.0,5342.0,5354.0,5368.0,5372.0,5333.0,5344.0,5351.0,5362.0,5354.0,5361.0,5367.0,5374.0,5383.0,5388.0,5391.0,5391.0,5398.0,5400.0,5402.0,5412.0,5440.0,5447.0,5371.0,5373.0,5395.0,5403.0,5387.0,5410.0,5412.0,5414.0,5417.0,5457.0,5438.0,5453.0,5466.0,5457.0,5473.0,5486.0,5506.0,5523.0,5527.0,5532.0,5546.0,5565.0,5566.0,5581.0,5620.0,5628.0,5643.0,5667.0,5690.0,5713.0,5708.0,5711.0,5166.0,5172.0,5176.0,5178.0,5177.0,5179.0,5178.0,5179.0,5171.0,5171.0,5172.0,5135.0,5136.0,5134.0,5134.0,5091.0,5094.0,5098.0,5102
BydbhAzmAzg,7556.0,7560.0,7568.0,7572.0,7574.0,7574.0,7579.0,7583.0,7583.0,7586.0,7591.0,7592.0,7594.0,7605.0,7612.0,7616.0,7620.0,7622.0,7623.0,7625.0,7627.0,7635.0,7640.0,7646.0,7638.0,7640.0,7644.0,7649.0,7650.0,7651.0,7656.0,7660.0,7664.0,7669.0,7675.0,7678.0,7683.0,7687.0,7688.0,7686.0,7690.0,7687.0,7689.0,7692.0,7685.0,7677.0,7678.0,7682.0,7682.0,7685.0,7691.0,7692.0,7697.0,7698.0,7700.0,7706.0,7707.0,7641.0,7642.0,7643.0,7647.0,7648.0,7649.0,7653.0,7658.0,7659.0,7657.0,7660.0,7663.0,7645.0,7646.0,7647.0,7647.0,7645.0,7650.0,7652.0,7655.0,7667.0,7669.0,7672.0,7666.0,7669.0,7670.0,7657.0,7660.0,7662.0,7664.0,7664.0,7664.0,7664.0,7665.0,7666.0,7670.0,7672.0,7671.0,7673.0,7673.0,7673.0,7675.0,7669.0,7671.0,7671.0,7671.0,7673.0,7673.0,7673.0,7677.0,7673.0,7675.0,7677.0,7681.0,7683.0,7687.0,7689.0,7687.0,7687.0,7690.0,7690.0,7694.0,7695.0,7618.0,7619.0,7609.0,7611.0,7611.0,7613
nrCvV2lF9FQ,261.0,261.0,261.0,261.0,261.0,261.0,261.0,261.0,262.0,263.0,263.0,263.0,262.0,262.0,262.0,262.0,263.0,263.0,263.0,263.0,263.0,263.0,263.0,263.0,263.0,263.0,264.0,264.0,265.0,265.0,265.0,265.0,266.0,266.0,266.0,266.0,266.0,266.0,266.0,266.0,266.0,266.0,266.0,266.0,266.0,266.0,266.0,266.0,266.0,266.0,266.0,266.0,266.0,266.0,266.0,266.0,266.0,267.0,267.0,267.0,269.0,269.0,269.0,269.0,269.0,269.0,269.0,269.0,268.0,268.0,268.0,268.0,268.0,268.0,268.0,268.0,268.0,268.0,268.0,268.0,268.0,268.0,268.0,268.0,268.0,268.0,268.0,268.0,268.0,268.0,268.0,268.0,267.0,269.0,269.0,269.0,270.0,271.0,271.0,271.0,271.0,271.0,271.0,271.0,270.0,273.0,273.0,273.0,273.0,274.0,274.0,274.0,274.0,273.0,274.0,274.0,274.0,274.0,275.0,275.0,275.0,275.0,275.0,276.0,275.0,275
bgblQb-XFFY,8798.0,8808.0,8808.0,8811.0,8819.0,8828.0,8834.0,8848.0,8866.0,8894.0,8912.0,8924.0,8933.0,8953.0,8968.0,8981.0,8998.0,9004.0,9008.0,9023.0,9030.0,9052.0,9065.0,9075.0,9088.0,9099.0,9104.0,9117.0,9128.0,9141.0,9168.0,9183.0,9197.0,9204.0,9212.0,9224.0,9239.0,9249.0,9255.0,9258.0,9273.0,9277.0,9283.0,9294.0,9306.0,9312.0,9323.0,9339.0,9349.0,9359.0,9363.0,9375.0,9378.0,9388.0,9393.0,9409.0,9416.0,9426.0,9437.0,9445.0,9469.0,9478.0,9480.0,9484.0,9491.0,9498.0,9507.0,9511.0,9514.0,9518.0,9531.0,9534.0,9542.0,9546.0,9552.0,9561.0,9566.0,9573.0,9575.0,9581.0,9590.0,9591.0,9594.0,9596.0,9600.0,9605.0,9608.0,9612.0,9615.0,9626.0,9628.0,9631.0,9647.0,9658.0,9666.0,9673.0,9672.0,9691.0,9696.0,9699.0,9702.0,9704.0,9712.0,9718.0,9722.0,9728.0,9734.0,9737.0,9739.0,9744.0,9746.0,9753.0,9755.0,9758.0,9762.0,9766.0,9767.0,9770.0,9784.0,9791.0,9795.0,9799.0,9804.0,9811.0,9811.0,9816
nPoL3GwHrEQ,25904.0,25909.0,25917.0,25928.0,25933.0,25943.0,25943.0,25954.0,25964.0,25963.0,25972.0,25985.0,25937.0,25957.0,25977.0,26003.0,26030.0,26041.0,26049.0,26091.0,26132.0,26189.0,26217.0,26236.0,26249.0,26270.0,26272.0,26279.0,26295.0,26308.0,26314.0,26299.0,26304.0,26315.0,26317.0,26327.0,26329.0,26340.0,26344.0,26347.0,26355.0,26358.0,26360.0,26365.0,26368.0,26371.0,26374.0,26376.0,26378.0,26380.0,26386.0,26391.0,26391.0,26391.0,26394.0,26399.0,26402.0,26404.0,26408.0,26413.0,26415.0,26418.0,26421.0,26425.0,26429.0,26428.0,26426.0,26427.0,26430.0,26432.0,26432.0,26433.0,26437.0,26439.0,26440.0,26442.0,26443.0,26445.0,26444.0,26450.0,26451.0,26452.0,26452.0,26456.0,26464.0,26467.0,26470.0,26446.0,26448.0,26451.0,26450.0,26452.0,26461.0,26467.0,26469.0,26472.0,26473.0,26475.0,26479.0,26480.0,26477.0,26484.0,26487.0,26491.0,26496.0,26504.0,26513.0,26523.0,26523.0,26526.0,26531.0,26535.0,26538.0,26536.0,26544.0,26550.0,26552.0,26555.0,26555.0,26556.0,26556.0,26555.0,26560.0,26561.0,26561.0,26561
Rrmrm11L1ss,3582.0,3582.0,3583.0,3585.0,3584.0,3584.0,3587.0,3588.0,3589.0,3588.0,3589.0,3589.0,3577.0,3577.0,3578.0,3578.0,3578.0,3579.0,3579.0,3583.0,3584.0,3588.0,3592.0,3594.0,3594.0,3594.0,3591.0,3588.0,3592.0,3593.0,3594.0,3590.0,3590.0,3589.0,3589.0,3589.0,3590.0,3591.0,3593.0,3593.0,3594.0,3594.0,3594.0,3595.0,3595.0,3595.0,3597.0,3597.0,3597.0,3597.0,3597.0,3598.0,3598.0,3598.0,3598.0,3598.0,3599.0,3599.0,3599.0,3600.0,3600.0,3600.0,3598.0,3598.0,3599.0,3599.0,3598.0,3599.0,3601.0,3601.0,3601.0,3601.0,3602.0,3602.0,3602.0,3602.0,3602.0,3602.0,3603.0,3603.0,3604.0,3605.0,3605.0,3605.0,3605.0,3605.0,3605.0,3605.0,3605.0,3605.0,3606.0,3605.0,3606.0,3606.0,3606.0,3606.0,3606.0,3607.0,3607.0,3607.0,3607.0,3609.0,3609.0,3609.0,3609.0,3610.0,3610.0,3609.0,3608.0,3608.0,3608.0,3608.0,3608.0,3608.0,3609.0,3610.0,3610.0,3610.0,3610.0,3610.0,3611.0,3611.0,3611.0,3611.0,3611.0,3611
27KI1NUxpFA,186.0,186.0,186.0,186.0,186.0,186.0,186.0,187.0,186.0,187.0,187.0,187.0,187.0,187.0,187.0,187.0,187.0,187.0,187.0,187.0,187.0,187.0,187.0,191.0,191.0,191.0,191.0,191.0,191.0,191.0,191.0,191.0,191.0,189.0,189.0,189.0,189.0,189.0,189.0,189.0,189.0,189.0,189.0,189.0,189.0,189.0,189.0,189.0,188.0,189.0,189.0,189.0,189.0,189.0,189.0,189.0,189.0,189.0,189.0,189.0,189.0,189.0,190.0,190.0,190.0,190.0,190.0,191.0,191.0,191.0,191.0,192.0,192.0,192.0,192.0,192.0,194.0,194.0,194.0,194.0,195.0,195.0,195.0,195.0,195.0,195.0,201.0,202.0,202.0,202.0,202.0,202.0,202.0,202.0,202.0,202.0,202.0,202.0,202.0,202.0,202.0,202.0,202.0,202.0,202.0,202.0,202.0,202.0,202.0,203.0,203.0,203.0,203.0,203.0,203.0,203.0,203.0,203.0,203.0,203.0,203.0,203.0,204.0,204.0,204.0,204
2HZbPz-r2UA,4006.0,4007.0,4007.0,4008.0,4008.0,4007.0,4007.0,4008.0,4008.0,4007.0,4006.0,4006.0,4006.0,4006.0,4007.0,4007.0,4008.0,4007.0,4005.0,4005.0,4006.0,4006.0,4007.0,4006.0,4006.0,4005.0,4005.0,4006.0,4009.0,4009.0,4009.0,4009.0,4010.0,4010.0,4012.0,4012.0,4012.0,4012.0,4013.0,4014.0,4015.0,4014.0,4014.0,4014.0,4015.0,4015.0,4015.0,4013.0,4014.0,4015.0,4015.0,4015.0,4014.0,4014.0,4014.0,4020.0,4020.0,4021.0,4021.0,4022.0,4023.0,4023.0,4024.0,4025.0,4026.0,4028.0,4028.0,4029.0,4029.0,4030.0,4032.0,4034.0,4038.0,4042.0,4043.0,4043.0,4044.0,4044.0,4045.0,4045.0,3812.0,3812.0,3812.0,3811.0,3811.0,3813.0,3813.0,3815.0,3815.0,3815.0,3817.0,3818.0,3818.0,3819.0,3820.0,3821.0,3822.0,3822.0,3821.0,3821.0,3821.0,3821.0,3822.0,3823.0,3823.0,3823.0,3823.0,3823.0,3822.0,3822.0,3823.0,3824.0,3824.0,3824.0,3824.0,3824.0,3825.0,3825.0,3825.0,3826.0,3824.0,3824.0,3823.0,3823.0,3824.0,3824
jgqdpXbYWNI,11.0,11.0,11.0,10.0,10.0,10.0,10.0,10.0,10.0,10.0,10.0,10.0,9.0,9.0,9.0,9.0,9.0,9.0,9.0,9.0,9.0,9.0,9.0,9.0,9.0,9.0,9.0,9.0,9.0,10.0,10.0,9.0,9.0,10.0,10.0,10.0,10.0,10.0,10.0,10.0,10.0,10.0,10.0,10.0,10.0,10.0,10.0,10.0,10.0,10.0,10.0,10.0,10.0,10.0,10.0,10.0,10.0,10.0,10.0,10.0,10.0,10.0,10.0,10.0,10.0,10.0,10.0,10.0,10.0,11.0,11.0,11.0,11.0,11.0,11.0,11.0,11.0,11.0,11.0,11.0,11.0,11.0,11.0,11.0,11.0,11.0,11.0,11.0,11.0,11.0,11.0,11.0,11.0,11.0,11.0,11.0,11.0,11.0,11.0,11.0,11.0,11.0,11.0,11.0,11.0,11.0,11.0,11.0,11.0,11.0,11.0,11.0,11.0,11.0,11.0,11.0,11.0,11.0,12.0,12.0,12.0,12.0,12.0,12.0,12.0,12
whrNetEPe_M,15466.0,15485.0,15505.0,15522.0,15545.0,15571.0,15592.0,15603.0,15633.0,15650.0,15656.0,15679.0,15698.0,15716.0,15733.0,15740.0,15754.0,15768.0,15779.0,15790.0,15807.0,15820.0,15832.0,15845.0,15852.0,15864.0,15875.0,15884.0,15903.0,15914.0,15921.0,15930.0,15941.0,15951.0,15961.0,15982.0,15991.0,16002.0,16012.0,16028.0,16039.0,16053.0,16066.0,16074.0,16086.0,16098.0,16096.0,16106.0,16137.0,16148.0,16159.0,16162.0,16165.0,16169.0,16170.0,16177.0,16186.0,16196.0,16206.0,16210.0,16215.0,16218.0,16222.0,16226.0,16232.0,16239.0,16243.0,16247.0,16258.0,16260.0,16265.0,16270.0,16280.0,16287.0,16292.0,16295.0,16298.0,16301.0,16307.0,16314.0,16318.0,16324.0,16325.0,16328.0,16330.0,16334.0,16341.0,16341.0,16356.0,16383.0,16402.0,16417.0,16429.0,16441.0,16463.0,16478.0,16488.0,16493.0,16495.0,16498.0,16500.0,16503.0,16513.0,16525.0,16528.0,16535.0,16538.0,16539.0,16542.0,16549.0,16555.0,16564.0,16570.0,16581.0,16597.0,16605.0,16614.0,16623.0,16628.0,16641.0,16646.0,16657.0,16666.0,16677.0,16696.0,16710
9BXF8gSpEwY,18499.0,18498.0,18499.0,18499.0,18499.0,18501.0,18501.0,18497.0,18500.0,18502.0,18505.0,18505.0,18506.0,18507.0,18504.0,18504.0,18504.0,18506.0,18507.0,18508.0,18506.0,18509.0,18511.0,18511.0,18513.0,18517.0,18517.0,18518.0,18520.0,18526.0,18529.0,18527.0,18528.0,18523.0,18526.0,18526.0,18528.0,18533.0,18537.0,18543.0,18543.0,18544.0,18549.0,18550.0,18555.0,18556.0,18560.0,18564.0,18566.0,18567.0,18569.0,18571.0,18574.0,18576.0,18575.0,18582.0,18582.0,18580.0,18584.0,18587.0,18595.0,18597.0,18602.0,18604.0,18605.0,18590.0,18598.0,18601.0,18607.0,18609.0,18613.0,18617.0,18618.0,18622.0,18621.0,18622.0,18625.0,18624.0,18629.0,18630.0,18631.0,18631.0,18624.0,18624.0,18630.0,18637.0,18638.0,18638.0,18642.0,18646.0,18652.0,18653.0,18654.0,18659.0,18658.0,18659.0,18658.0,18658.0,18661.0,18662.0,18664.0,18662.0,18661.0,18665.0,18665.0,18665.0,18665.0,18670.0,18667.0,18667.0,18668.0,18669.0,18674.0,18677.0,18677.0,18678.0,18682.0,18684.0,18687.0,18685.0,18689.0,18691.0,18694.0,18695.0,18694.0,18693
2hwiRN8t8Ok,26603.0,26605.0,26612.0,26620.0,26620.0,26627.0,26632.0,26641.0,26644.0,26650.0,26652.0,26649.0,26650.0,26657.0,26667.0,26668.0,26623.0,26625.0,26631.0,26634.0,26632.0,26637.0,26642.0,26643.0,26645.0,26650.0,26656.0,26658.0,26655.0,26664.0,26671.0,26672.0,26676.0,26677.0,26686.0,26695.0,26696.0,26699.0,26701.0,26704.0,26708.0,26710.0,26715.0,26726.0,26731.0,26736.0,26742.0,26743.0,26754.0,26740.0,26745.0,26747.0,26753.0,26753.0,26750.0,26751.0,26757.0,26759.0,26764.0,26766.0,26773.0,26776.0,26779.0,26781.0,26783.0,26738.0,26788.0,26790.0,26793.0,26796.0,26794.0,26792.0,26797.0,26801.0,26798.0,26798.0,26802.0,26805.0,26806.0,26808.0,26811.0,26815.0,26812.0,26814.0,26818.0,26819.0,26819.0,26823.0,26823.0,26826.0,26829.0,26836.0,26837.0,26841.0,26846.0,26850.0,26852.0,26857.0,26860.0,26860.0,26861.0,26860.0,26863.0,26865.0,26864.0,26866.0,26867.0,26865.0,26866.0,26866.0,26867.0,26871.0,26870.0,26871.0,26872.0,26875.0,26876.0,26876.0,26879.0,26836.0,26882.0,26884.0,26885.0,26886.0,26888.0,26889
bgE7LMwwUDU,102.0,102.0,101.0,102.0,102.0,102.0,102.0,102.0,102.0,102.0,102.0,102.0,102.0,103.0,103.0,103.0,103.0,103.0,103.0,103.0,103.0,103.0,103.0,103.0,103.0,103.0,103.0,103.0,103.0,103.0,103.0,103.0,103.0,104.0,104.0,104.0,104.0,104.0,104.0,104.0,104.0,104.0,104.0,104.0,105.0,105.0,105.0,105.0,105.0,105.0,105.0,105.0,105.0,105.0,105.0,105.0,105.0,105.0,105.0,105.0,105.0,105.0,105.0,105.0,106.0,106.0,106.0,106.0,106.0,106.0,107.0,107.0,107.0,107.0,107.0,107.0,107.0,107.0,107.0,107.0,107.0,107.0,107.0,107.0,107.0,106.0,106.0,107.0,107.0,107.0,107.0,107.0,107.0,107.0,107.0,107.0,107.0,107.0,107.0,107.0,107.0,107.0,107.0,107.0,107.0,107.0,107.0,107.0,107.0,107.0,107.0,107.0,107.0,108.0,108.0,108.0,108.0,108.0,108.0,108.0,108.0,108.0,108.0,108.0,108.0,108
hnrOnOx1ik4,455.0,458.0,458.0,458.0,458.0,461.0,462.0,462.0,463.0,463.0,463.0,463.0,463.0,462.0,462.0,462.0,463.0,463.0,464.0,466.0,466.0,466.0,468.0,468.0,468.0,469.0,469.0,469.0,469.0,471.0,470.0,469.0,470.0,471.0,471.0,471.0,472.0,472.0,473.0,472.0,472.0,472.0,473.0,474.0,475.0,475.0,476.0,478.0,479.0,479.0,479.0,479.0,479.0,479.0,480.0,480.0,480.0,481.0,481.0,481.0,481.0,481.0,481.0,481.0,481.0,480.0,481.0,481.0,481.0,481.0,483.0,483.0,484.0,483.0,485.0,487.0,487.0,487.0,487.0,487.0,487.0,487.0,487.0,487.0,487.0,488.0,489.0,489.0,489.0,488.0,489.0,489.0,489.0,488.0,487.0,488.0,487.0,487.0,488.0,488.0,488.0,489.0,489.0,490.0,490.0,490.0,489.0,489.0,489.0,490.0,491.0,491.0,491.0,491.0,491.0,492.0,493.0,493.0,493.0,494.0,496.0,496.0,495.0,495.0,498.0,498
5RM1LxYiY-I,55.0,55.0,55.0,55.0,55.0,55.0,55.0,55.0,55.0,55.0,55.0,55.0,55.0,55.0,55.0,55.0,55.0,55.0,55.0,55.0,55.0,55.0,55.0,55.0,55.0,55.0,55.0,55.0,55.0,55.0,55.0,55.0,55.0,55.0,55.0,55.0,55.0,55.0,55.0,55.0,55.0,55.0,55.0,55.0,55.0,55.0,55.0,55.0,55.0,55.0,55.0,55.0,55.0,55.0,55.0,55.0,55.0,55.0,55.0,55.0,55.0,55.0,55.0,55.0,55.0,55.0,55.0,55.0,55.0,55.0,55.0,55.0,54.0,54.0,54.0,54.0,54.0,54.0,54.0,54.0,54.0,54.0,54.0,54.0,54.0,54.0,54.0,54.0,54.0,54.0,54.0,54.0,54.0,54.0,54.0,54.0,54.0,54.0,54.0,54.0,54.0,54.0,54.0,54.0,54.0,54.0,54.0,54.0,54.0,54.0,54.0,54.0,54.0,54.0,54.0,54.0,54.0,55.0,55.0,55.0,55.0,55.0,55.0,55.0,55.0,55
6smBL60VNFk,394.0,396.0,404.0,406.0,406.0,409.0,409.0,414.0,416.0,417.0,418.0,418.0,418.0,418.0,419.0,420.0,418.0,419.0,419.0,419.0,420.0,421.0,422.0,424.0,424.0,426.0,426.0,427.0,427.0,427.0,428.0,428.0,429.0,430.0,432.0,432.0,432.0,432.0,434.0,434.0,434.0,434.0,434.0,433.0,433.0,434.0,435.0,435.0,435.0,437.0,437.0,437.0,437.0,437.0,437.0,437.0,440.0,440.0,442.0,441.0,441.0,441.0,441.0,442.0,442.0,442.0,442.0,443.0,443.0,444.0,446.0,447.0,447.0,448.0,448.0,448.0,448.0,448.0,448.0,448.0,448.0,448.0,449.0,450.0,450.0,450.0,450.0,450.0,451.0,451.0,451.0,453.0,453.0,454.0,454.0,455.0,456.0,456.0,456.0,456.0,457.0,457.0,458.0,461.0,461.0,461.0,462.0,462.0,462.0,464.0,464.0,466.0,466.0,468.0,468.0,470.0,471.0,472.0,472.0,474.0,478.0,486.0,489.0,514.0,515.0,516
HP6sqYfVqRQ,361.0,362.0,362.0,362.0,362.0,362.0,363.0,363.0,365.0,365.0,365.0,365.0,365.0,365.0,365.0,365.0,365.0,365.0,365.0,366.0,366.0,366.0,366.0,367.0,367.0,366.0,366.0,366.0,367.0,367.0,367.0,367.0,367.0,367.0,367.0,367.0,367.0,368.0,368.0,368.0,368.0,368.0,368.0,369.0,370.0,370.0,370.0,370.0,372.0,372.0,373.0,373.0,373.0,375.0,375.0,375.0,375.0,376.0,376.0,377.0,379.0,380.0,380.0,380.0,380.0,383.0,385.0,386.0,386.0,386.0,386.0,386.0,386.0,386.0,388.0,388.0,389.0,389.0,389.0,390.0,390.0,390.0,390.0,390.0,391.0,391.0,391.0,392.0,392.0,392.0,392.0,392.0,392.0,392.0,392.0,392.0,392.0,392.0,392.0,392.0,392.0,392.0,392.0,392.0,392.0,392.0,392.0,392.0,392.0,392.0,392.0,392.0,392.0,392.0,392.0,392.0,392.0,392.0,392.0,392.0,393.0,393.0,393.0,393.0,393.0,393
hUZVGKqE2q0,0.0,0.0,0.0,0.0,0.0,0.0,0.0,0.0,0.0,0.0,0.0,0.0,0.0,0.0,0.0,0.0,0.0,0.0,0.0,0.0,0.0,0.0,0.0,0.0,0.0,0.0,0.0,0.0,0.0,0.0,0.0,0.0,0.0,0.0,0.0,0.0,0.0,0.0,0.0,0.0,0.0,0.0,0.0,0.0,0.0,0.0,0.0,0.0,0.0,0.0,0.0,0.0,0.0,0.0,0.0,0.0,0.0,0.0,0.0,0.0,0.0,0.0,0.0,0.0,0.0,0.0,0.0,0.0,0.0,0.0,0.0,0.0,0.0,0.0,0.0,0.0,0.0,0.0,0.0,0.0,0.0,0.0,0.0,0.0,0.0,0.0,0.0,0.0,0.0,0.0,0.0,0.0,0.0,0.0,0.0,0.0,0.0,0.0,0.0,0.0,0.0,0.0,0.0,0.0,0.0,0.0,0.0,0.0,0.0,0.0,0.0,0.0,0.0,0.0,0.0,0.0,0.0,0.0,0.0,0.0,0.0,0.0,0.0,0.0,0.0,0
OgkLjE8EEZg,0.0,0.0,0.0,0.0,0.0,0.0,0.0,0.0,0.0,0.0,0.0,0.0,0.0,0.0,0.0,0.0,0.0,0.0,0.0,0.0,0.0,0.0,0.0,0.0,0.0,0.0,0.0,0.0,0.0,0.0,0.0,0.0,0.0,0.0,0.0,0.0,0.0,0.0,0.0,0.0,0.0,0.0,0.0,0.0,0.0,0.0,0.0,0.0,0.0,0.0,0.0,0.0,0.0,0.0,0.0,0.0,0.0,0.0,0.0,0.0,0.0,0.0,0.0,0.0,0.0,0.0,0.0,0.0,0.0,0.0,0.0,0.0,0.0,0.0,0.0,0.0,0.0,0.0,0.0,0.0,0.0,0.0,0.0,0.0,0.0,0.0,0.0,0.0,0.0,0.0,0.0,0.0,0.0,0.0,0.0,0.0,0.0,0.0,0.0,0.0,0.0,0.0,0.0,0.0,0.0,0.0,0.0,0.0,0.0,0.0,0.0,0.0,0.0,0.0,0.0,0.0,0.0,0.0,0.0,0.0,0.0,0.0,0.0,0.0,0.0,0
ia2Ph61bYzc,59751.0,59883.0,60002.0,60139.0,60203.0,60383.0,60496.0,60639.0,60758.0,60868.0,60986.0,61107.0,61211.0,61349.0,61474.0,61591.0,61737.0,61821.0,61900.0,61981.0,62041.0,62169.0,62344.0,62481.0,62651.0,62757.0,62845.0,62947.0,63052.0,63164.0,63248.0,63317.0,63348.0,63397.0,63441.0,63516.0,63700.0,63829.0,63901.0,63961.0,64008.0,64062.0,64119.0,64184.0,64251.0,64297.0,64351.0,64414.0,64448.0,64493.0,64534.0,64563.0,64542.0,64597.0,64625.0,64652.0,64647.0,64663.0,64687.0,64734.0,64771.0,64811.0,64856.0,64855.0,64906.0,64951.0,64992.0,65037.0,65114.0,65140.0,65205.0,65240.0,65258.0,65292.0,65323.0,65359.0,65383.0,65421.0,65459.0,65473.0,65547.0,65575.0,65597.0,65628.0,65652.0,65703.0,65742.0,65795.0,65822.0,65847.0,65866.0,65880.0,65903.0,65922.0,65935.0,65962.0,65984.0,66018.0,66016.0,66031.0,66058.0,66082.0,66092.0,66105.0,66126.0,66138.0,66154.0,66169.0,66205.0,66226.0,66243.0,66264.0,66279.0,66294.0,66308.0,66320.0,66336.0,66342.0,66359.0,66353.0,66365.0,66357.0,66369.0,66382.0,66387.0,66407
vJB6baLzeHw,3423.0,3428.0,3442.0,3444.0,3450.0,3456.0,3462.0,3466.0,3477.0,3479.0,3484.0,3492.0,3492.0,3492.0,3495.0,3500.0,3501.0,3505.0,3509.0,3514.0,3518.0,3518.0,3524.0,3523.0,3526.0,3533.0,3537.0,3541.0,3541.0,3542.0,3541.0,3548.0,3548.0,3549.0,3552.0,3556.0,3560.0,3561.0,3561.0,3563.0,3565.0,3564.0,3565.0,3567.0,3567.0,3569.0,3570.0,3570.0,3575.0,3573.0,3574.0,3575.0,3580.0,3584.0,3584.0,3585.0,3581.0,3581.0,3583.0,3584.0,3585.0,3586.0,3587.0,3589.0,3597.0,3598.0,3595.0,3595.0,3600.0,3601.0,3605.0,3605.0,3607.0,3607.0,3609.0,3609.0,3610.0,3611.0,3611.0,3614.0,3614.0,3615.0,3614.0,3615.0,3619.0,3622.0,3625.0,3627.0,3634.0,3636.0,3632.0,3634.0,3638.0,3638.0,3639.0,3642.0,3644.0,3643.0,3644.0,3647.0,3647.0,3651.0,3652.0,3655.0,3658.0,3661.0,3663.0,3666.0,3665.0,3665.0,3664.0,3665.0,3668.0,3673.0,3674.0,3674.0,3675.0,3676.0,3677.0,3681.0,3681.0,3684.0,3684.0,3685.0,3685.0,3687
y3FgAAgMR2A,14748.0,14783.0,14808.0,14827.0,14851.0,14895.0,14921.0,14952.0,14972.0,14989.0,15006.0,15033.0,15038.0,15057.0,15075.0,15100.0,15125.0,15135.0,15161.0,15186.0,14652.0,14139.0,14153.0,14165.0,14183.0,14211.0,13818.0,13839.0,13853.0,13868.0,13881.0,13890.0,13905.0,13905.0,13912.0,13918.0,13925.0,13933.0,13943.0,13954.0,13962.0,13968.0,13978.0,13990.0,13999.0,14006.0,14014.0,14023.0,14027.0,14035.0,14037.0,14047.0,14025.0,14033.0,14035.0,14042.0,14055.0,14064.0,14077.0,14077.0,14085.0,14098.0,14110.0,14121.0,14122.0,14139.0,14143.0,14146.0,14155.0,14164.0,14176.0,14182.0,14192.0,14202.0,14213.0,14222.0,14232.0,14239.0,14249.0,14243.0,14253.0,14261.0,14271.0,14278.0,14287.0,14293.0,14300.0,14305.0,14313.0,14319.0,14317.0,14319.0,14329.0,14339.0,14345.0,14356.0,14367.0,14375.0,14384.0,14391.0,14397.0,14404.0,14426.0,14436.0,14443.0,14447.0,14451.0,14462.0,14473.0,14475.0,14487.0,14496.0,14506.0,14514.0,14518.0,14527.0,14536.0,14541.0,14546.0,14547.0,14553.0,14558.0,14557.0,14564.0,14570.0,14578
WFUMZiFKXgU,0.0,0.0,0.0,0.0,0.0,0.0,0.0,0.0,0.0,0.0,0.0,0.0,0.0,0.0,0.0,0.0,0.0,0.0,0.0,0.0,0.0,0.0,0.0,0.0,0.0,0.0,0.0,0.0,0.0,0.0,0.0,0.0,0.0,0.0,0.0,0.0,0.0,0.0,0.0,0.0,0.0,0.0,0.0,0.0,0.0,0.0,0.0,0.0,0.0,0.0,0.0,0.0,0.0,0.0,0.0,0.0,0.0,0.0,0.0,0.0,0.0,0.0,0.0,0.0,0.0,0.0,0.0,0.0,0.0,0.0,0.0,0.0,0.0,0.0,0.0,0.0,0.0,0.0,0.0,0.0,0.0,0.0,0.0,0.0,0.0,0.0,0.0,0.0,0.0,0.0,0.0,0.0,0.0,0.0,0.0,0.0,0.0,0.0,0.0,0.0,0.0,0.0,0.0,0.0,0.0,0.0,0.0,0.0,0.0,0.0,0.0,0.0,0.0,0.0,0.0,0.0,0.0,0.0,0.0,0.0,0.0,0.0,0.0,0.0,0.0,0
R2-yomhYAj4,76315.0,76548.0,76808.0,77145.0,77401.0,77645.0,77919.0,78133.0,78351.0,78469.0,78670.0,78881.0,79029.0,79247.0,79439.0,79717.0,79922.0,80122.0,80305.0,80488.0,80626.0,80790.0,81003.0,81177.0,81369.0,81568.0,81739.0,81897.0,82099.0,82316.0,82445.0,82577.0,82745.0,82855.0,82947.0,83042.0,83293.0,83505.0,83686.0,83802.0,83946.0,84065.0,84225.0,84388.0,84491.0,84587.0,84672.0,84761.0,84841.0,84958.0,85064.0,85153.0,85228.0,85320.0,85380.0,85477.0,85533.0,85698.0,85857.0,85992.0,86104.0,86190.0,86289.0,86378.0,86481.0,86552.0,86654.0,86684.0,86777.0,86866.0,86953.0,87026.0,87117.0,87211.0,87287.0,87359.0,87448.0,87568.0,87643.0,87711.0,87839.0,87939.0,88014.0,88070.0,88145.0,88278.0,88393.0,88503.0,88613.0,88448.0,88502.0,88585.0,88659.0,88745.0,88824.0,88922.0,89008.0,89123.0,89192.0,89309.0,89369.0,89228.0,89301.0,89416.0,89519.0,89602.0,89690.0,89840.0,89962.0,90063.0,90137.0,90226.0,90305.0,90458.0,90552.0,90648.0,90752.0,90853.0,90953.0,91034.0,91218.0,91376.0,91483.0,91556.0,91635.0,91723
JzxMUAca2Ww,601.0,600.0,599.0,600.0,599.0,599.0,599.0,599.0,599.0,599.0,599.0,599.0,599.0,599.0,599.0,599.0,595.0,595.0,595.0,595.0,595.0,595.0,595.0,595.0,595.0,595.0,595.0,592.0,590.0,590.0,590.0,590.0,590.0,590.0,590.0,590.0,590.0,590.0,591.0,591.0,592.0,592.0,592.0,592.0,592.0,592.0,592.0,592.0,592.0,595.0,593.0,593.0,593.0,593.0,593.0,593.0,593.0,593.0,593.0,593.0,592.0,592.0,592.0,592.0,592.0,590.0,590.0,589.0,589.0,590.0,590.0,590.0,590.0,589.0,589.0,589.0,589.0,589.0,589.0,589.0,589.0,589.0,588.0,586.0,586.0,585.0,584.0,586.0,584.0,584.0,584.0,584.0,584.0,584.0,584.0,579.0,579.0,579.0,579.0,579.0,579.0,579.0,579.0,579.0,579.0,578.0,578.0,578.0,578.0,579.0,579.0,579.0,579.0,579.0,579.0,578.0,578.0,578.0,576.0,576.0,576.0,576.0,576.0,576.0,576.0,576
KIQlIcqgZ3Y,382.0,382.0,382.0,382.0,381.0,382.0,382.0,382.0,382.0,382.0,382.0,382.0,382.0,382.0,382.0,382.0,381.0,381.0,381.0,381.0,381.0,380.0,380.0,380.0,380.0,380.0,380.0,379.0,378.0,378.0,379.0,379.0,379.0,379.0,379.0,379.0,379.0,379.0,380.0,380.0,381.0,381.0,379.0,379.0,379.0,379.0,379.0,379.0,379.0,379.0,379.0,379.0,378.0,378.0,378.0,378.0,378.0,378.0,378.0,379.0,379.0,379.0,379.0,379.0,379.0,379.0,379.0,380.0,380.0,379.0,379.0,379.0,379.0,379.0,379.0,379.0,379.0,379.0,379.0,379.0,379.0,379.0,377.0,377.0,377.0,377.0,377.0,377.0,377.0,377.0,376.0,376.0,376.0,376.0,376.0,376.0,376.0,376.0,377.0,378.0,378.0,378.0,379.0,379.0,379.0,379.0,379.0,379.0,379.0,380.0,380.0,380.0,380.0,380.0,380.0,379.0,379.0,379.0,378.0,378.0,377.0,377.0,377.0,377.0,378.0,378
bQsZZTI2MFY,0.0,0.0,0.0,0.0,0.0,0.0,0.0,0.0,0.0,0.0,0.0,0.0,0.0,0.0,0.0,0.0,0.0,0.0,0.0,0.0,0.0,0.0,0.0,0.0,0.0,0.0,0.0,0.0,0.0,0.0,0.0,0.0,0.0,0.0,0.0,0.0,0.0,0.0,0.0,0.0,0.0,0.0,0.0,0.0,0.0,0.0,0.0,0.0,0.0,0.0,0.0,0.0,0.0,0.0,0.0,0.0,0.0,0.0,0.0,0.0,0.0,0.0,0.0,0.0,0.0,0.0,0.0,0.0,0.0,0.0,0.0,0.0,0.0,0.0,0.0,0.0,0.0,0.0,0.0,0.0,0.0,0.0,0.0,0.0,0.0,0.0,0.0,0.0,0.0,0.0,0.0,0.0,0.0,0.0,0.0,0.0,0.0,0.0,0.0,0.0,0.0,0.0,0.0,0.0,0.0,0.0,0.0,0.0,0.0,0.0,0.0,0.0,0.0,0.0,0.0,0.0,0.0,0.0,0.0,0.0,0.0,0.0,0.0,0.0,0.0,0
_mCfGAoQu64,49.0,49.0,49.0,49.0,49.0,49.0,49.0,49.0,49.0,49.0,49.0,49.0,49.0,49.0,49.0,49.0,49.0,49.0,49.0,49.0,49.0,49.0,49.0,49.0,49.0,49.0,49.0,49.0,49.0,49.0,49.0,49.0,49.0,49.0,49.0,49.0,49.0,49.0,49.0,49.0,49.0,49.0,49.0,49.0,49.0,49.0,49.0,49.0,49.0,49.0,49.0,49.0,49.0,49.0,49.0,49.0,49.0,49.0,49.0,49.0,49.0,49.0,49.0,49.0,49.0,49.0,49.0,49.0,49.0,49.0,49.0,49.0,49.0,49.0,49.0,49.0,49.0,49.0,49.0,49.0,49.0,49.0,49.0,49.0,49.0,49.0,49.0,48.0,48.0,49.0,49.0,49.0,49.0,50.0,50.0,50.0,50.0,50.0,50.0,50.0,50.0,50.0,50.0,50.0,51.0,51.0,51.0,51.0,51.0,51.0,51.0,51.0,51.0,51.0,51.0,51.0,51.0,51.0,51.0,51.0,51.0,51.0,51.0,51.0,51.0,51
b-nS_07yIws,0.0,0.0,0.0,0.0,0.0,0.0,0.0,0.0,0.0,0.0,0.0,0.0,0.0,0.0,0.0,0.0,0.0,0.0,0.0,0.0,0.0,0.0,0.0,0.0,0.0,0.0,0.0,0.0,0.0,0.0,0.0,0.0,0.0,0.0,0.0,0.0,0.0,0.0,0.0,0.0,0.0,0.0,0.0,0.0,0.0,0.0,0.0,0.0,0.0,0.0,0.0,0.0,0.0,0.0,0.0,0.0,0.0,0.0,0.0,0.0,0.0,0.0,0.0,0.0,0.0,0.0,0.0,0.0,0.0,0.0,0.0,0.0,0.0,0.0,0.0,0.0,0.0,0.0,0.0,0.0,0.0,0.0,0.0,0.0,0.0,0.0,0.0,0.0,0.0,0.0,0.0,0.0,0.0,0.0,0.0,0.0,0.0,0.0,0.0,0.0,0.0,0.0,0.0,0.0,0.0,0.0,0.0,0.0,0.0,0.0,0.0,0.0,0.0,0.0,0.0,0.0,0.0,0.0,0.0,0.0,0.0,0.0,0.0,0.0,0.0,0
SVppOV0D3TE,423.0,426.0,427.0,428.0,430.0,432.0,434.0,436.0,437.0,440.0,441.0,443.0,446.0,445.0,447.0,447.0,448.0,449.0,449.0,449.0,449.0,452.0,452.0,452.0,452.0,454.0,456.0,449.0,451.0,452.0,452.0,452.0,454.0,456.0,461.0,465.0,468.0,468.0,473.0,474.0,474.0,476.0,477.0,478.0,479.0,480.0,480.0,480.0,480.0,480.0,480.0,480.0,481.0,481.0,481.0,481.0,481.0,481.0,482.0,484.0,486.0,488.0,489.0,489.0,489.0,490.0,492.0,492.0,492.0,492.0,493.0,493.0,494.0,494.0,496.0,498.0,498.0,501.0,501.0,503.0,503.0,504.0,503.0,503.0,503.0,505.0,506.0,508.0,510.0,511.0,511.0,511.0,511.0,511.0,511.0,509.0,510.0,510.0,510.0,510.0,510.0,510.0,510.0,510.0,510.0,510.0,510.0,510.0,510.0,511.0,511.0,511.0,511.0,511.0,511.0,512.0,512.0,512.0,512.0,512.0,511.0,511.0,511.0,512.0,512.0,513
nVAX5zHYX3k,0.0,0.0,0.0,0.0,0.0,0.0,0.0,0.0,0.0,0.0,0.0,0.0,0.0,0.0,0.0,0.0,0.0,0.0,0.0,0.0,0.0,0.0,0.0,0.0,0.0,0.0,0.0,0.0,0.0,0.0,0.0,0.0,0.0,0.0,0.0,0.0,0.0,0.0,0.0,0.0,0.0,0.0,0.0,0.0,0.0,0.0,0.0,0.0,0.0,0.0,0.0,0.0,0.0,0.0,0.0,0.0,0.0,0.0,0.0,0.0,0.0,0.0,0.0,0.0,0.0,0.0,0.0,0.0,0.0,0.0,0.0,0.0,0.0,0.0,0.0,0.0,0.0,0.0,0.0,0.0,0.0,0.0,0.0,0.0,0.0,0.0,0.0,0.0,0.0,0.0,0.0,0.0,0.0,0.0,0.0,0.0,0.0,0.0,0.0,0.0,0.0,0.0,0.0,0.0,0.0,0.0,0.0,0.0,0.0,0.0,0.0,0.0,0.0,0.0,0.0,0.0,0.0,0.0,0.0,0.0,0.0,0.0,0.0,0.0,0.0,0
HDue9xqfYTQ,18.0,18.0,18.0,18.0,18.0,18.0,18.0,18.0,18.0,18.0,18.0,18.0,18.0,18.0,18.0,18.0,18.0,18.0,18.0,18.0,18.0,18.0,18.0,18.0,18.0,18.0,18.0,18.0,18.0,18.0,18.0,18.0,18.0,18.0,18.0,18.0,18.0,18.0,18.0,18.0,18.0,18.0,18.0,18.0,18.0,18.0,18.0,18.0,18.0,18.0,18.0,18.0,18.0,18.0,18.0,18.0,18.0,18.0,18.0,18.0,18.0,18.0,18.0,18.0,18.0,18.0,18.0,18.0,18.0,18.0,18.0,18.0,18.0,18.0,18.0,18.0,18.0,18.0,18.0,18.0,18.0,18.0,18.0,18.0,18.0,18.0,18.0,18.0,18.0,18.0,18.0,18.0,18.0,18.0,18.0,18.0,18.0,18.0,18.0,18.0,18.0,18.0,18.0,18.0,18.0,18.0,18.0,18.0,18.0,18.0,18.0,18.0,18.0,18.0,18.0,18.0,18.0,18.0,18.0,18.0,18.0,18.0,18.0,18.0,18.0,18
OGB2xc8fuFs,83.0,83.0,83.0,83.0,83.0,83.0,83.0,83.0,83.0,83.0,83.0,83.0,83.0,83.0,83.0,83.0,83.0,83.0,83.0,83.0,83.0,83.0,83.0,83.0,83.0,83.0,83.0,83.0,83.0,83.0,83.0,83.0,83.0,83.0,83.0,83.0,83.0,84.0,84.0,84.0,84.0,84.0,84.0,84.0,84.0,84.0,84.0,84.0,84.0,84.0,84.0,85.0,85.0,85.0,85.0,85.0,85.0,85.0,85.0,85.0,85.0,85.0,85.0,85.0,85.0,85.0,85.0,85.0,85.0,85.0,85.0,85.0,85.0,85.0,85.0,85.0,85.0,85.0,85.0,85.0,85.0,85.0,85.0,85.0,85.0,85.0,85.0,85.0,85.0,85.0,85.0,85.0,85.0,85.0,85.0,85.0,85.0,85.0,85.0,85.0,85.0,86.0,86.0,86.0,86.0,86.0,86.0,86.0,86.0,86.0,86.0,86.0,86.0,86.0,86.0,86.0,86.0,86.0,86.0,86.0,86.0,86.0,86.0,86.0,86.0,86
ZHGK4JBZKT4,3.0,3.0,3.0,3.0,3.0,3.0,3.0,3.0,3.0,3.0,3.0,3.0,3.0,3.0,3.0,3.0,3.0,3.0,3.0,3.0,3.0,3.0,3.0,3.0,3.0,3.0,3.0,3.0,3.0,3.0,3.0,3.0,3.0,3.0,3.0,3.0,3.0,3.0,3.0,3.0,3.0,3.0,3.0,3.0,3.0,3.0,3.0,3.0,3.0,3.0,3.0,3.0,3.0,3.0,3.0,3.0,3.0,3.0,3.0,3.0,3.0,3.0,3.0,3.0,3.0,3.0,3.0,3.0,3.0,3.0,3.0,3.0,3.0,3.0,3.0,3.0,3.0,3.0,3.0,3.0,3.0,3.0,3.0,3.0,3.0,3.0,3.0,3.0,3.0,3.0,3.0,3.0,3.0,3.0,3.0,3.0,3.0,3.0,3.0,3.0,3.0,3.0,3.0,3.0,3.0,3.0,3.0,3.0,3.0,3.0,3.0,3.0,3.0,3.0,3.0,3.0,3.0,3.0,3.0,3.0,3.0,3.0,3.0,3.0,3.0,3
nXsFh8KKHMI,839.0,841.0,841.0,840.0,841.0,841.0,842.0,845.0,843.0,845.0,845.0,845.0,846.0,844.0,844.0,844.0,844.0,844.0,844.0,844.0,844.0,845.0,843.0,843.0,843.0,843.0,844.0,844.0,844.0,844.0,844.0,844.0,844.0,844.0,844.0,844.0,844.0,844.0,844.0,844.0,844.0,844.0,844.0,844.0,843.0,843.0,843.0,843.0,843.0,843.0,843.0,843.0,843.0,843.0,843.0,843.0,843.0,843.0,843.0,835.0,835.0,835.0,836.0,836.0,837.0,837.0,836.0,836.0,837.0,837.0,837.0,837.0,837.0,837.0,837.0,837.0,837.0,837.0,837.0,837.0,838.0,838.0,838.0,838.0,838.0,838.0,838.0,838.0,838.0,838.0,838.0,838.0,838.0,838.0,838.0,838.0,838.0,838.0,838.0,838.0,838.0,838.0,838.0,838.0,836.0,836.0,835.0,835.0,835.0,835.0,835.0,835.0,835.0,835.0,835.0,835.0,835.0,835.0,835.0,835.0,834.0,834.0,834.0,834.0,834.0,834
IVd1ZkT52No,13.0,13.0,13.0,13.0,13.0,13.0,13.0,13.0,13.0,13.0,13.0,13.0,13.0,13.0,13.0,13.0,13.0,13.0,13.0,13.0,13.0,13.0,13.0,13.0,13.0,13.0,13.0,13.0,13.0,13.0,13.0,13.0,13.0,13.0,13.0,13.0,13.0,13.0,13.0,13.0,13.0,13.0,13.0,13.0,13.0,14.0,14.0,14.0,14.0,14.0,14.0,14.0,14.0,14.0,14.0,15.0,15.0,15.0,15.0,15.0,15.0,15.0,15.0,16.0,16.0,16.0,16.0,16.0,16.0,16.0,16.0,16.0,16.0,16.0,16.0,16.0,16.0,16.0,16.0,16.0,16.0,16.0,16.0,16.0,16.0,16.0,16.0,16.0,16.0,16.0,16.0,16.0,16.0,16.0,16.0,16.0,16.0,16.0,16.0,16.0,16.0,16.0,16.0,16.0,16.0,16.0,16.0,16.0,16.0,16.0,16.0,16.0,16.0,16.0,16.0,16.0,16.0,16.0,16.0,16.0,16.0,16.0,16.0,16.0,16.0,16
wkfU29Y7yuE,6.0,6.0,6.0,6.0,6.0,6.0,6.0,6.0,6.0,6.0,6.0,6.0,6.0,6.0,6.0,6.0,6.0,6.0,6.0,6.0,6.0,6.0,6.0,6.0,6.0,6.0,6.0,6.0,6.0,6.0,6.0,6.0,6.0,6.0,6.0,6.0,6.0,6.0,6.0,6.0,6.0,6.0,6.0,6.0,6.0,6.0,6.0,6.0,6.0,6.0,6.0,6.0,6.0,6.0,6.0,6.0,6.0,6.0,6.0,6.0,6.0,6.0,6.0,6.0,6.0,6.0,6.0,6.0,6.0,6.0,6.0,6.0,6.0,6.0,6.0,6.0,6.0,6.0,6.0,6.0,6.0,6.0,6.0,6.0,6.0,6.0,6.0,6.0,6.0,6.0,6.0,6.0,6.0,6.0,6.0,6.0,6.0,6.0,6.0,6.0,6.0,6.0,6.0,6.0,6.0,6.0,6.0,6.0,6.0,6.0,6.0,6.0,6.0,6.0,6.0,6.0,6.0,6.0,6.0,6.0,6.0,6.0,6.0,6.0,6.0,6
mj-DPqiTZzc,25837.0,25947.0,25848.0,25902.0,25959.0,25982.0,25983.0,26001.0,26085.0,26123.0,26138.0,26159.0,26394.0,26498.0,26525.0,26687.0,26967.0,27103.0,27145.0,27175.0,27189.0,27196.0,27246.0,27257.0,27269.0,27290.0,27344.0,27376.0,27458.0,27520.0,27544.0,27565.0,27585.0,27600.0,27610.0,27584.0,27598.0,27598.0,27609.0,27626.0,27647.0,27667.0,27695.0,27724.0,27745.0,27763.0,27785.0,27803.0,27811.0,27812.0,27817.0,27819.0,27824.0,27830.0,27837.0,27845.0,27855.0,27861.0,27864.0,27870.0,27881.0,27890.0,27904.0,27908.0,27913.0,27918.0,27919.0,27933.0,27942.0,27948.0,27953.0,27962.0,27968.0,27976.0,27979.0,27987.0,27983.0,27986.0,27994.0,28002.0,28004.0,28006.0,28018.0,28031.0,28049.0,28051.0,28062.0,28071.0,28076.0,28093.0,28085.0,28101.0,28105.0,28012.0,28110.0,28114.0,28128.0,28132.0,28136.0,28142.0,28132.0,28136.0,28139.0,28145.0,28148.0,28152.0,28154.0,28158.0,28161.0,28167.0,28170.0,28171.0,28173.0,28177.0,28188.0,28191.0,28193.0,28191.0,28200.0,28203.0,28200.0,28185.0,28188.0,28192.0,28194.0,28195
65Ed7fT3FFk,2.0,2.0,2.0,2.0,2.0,2.0,2.0,2.0,2.0,2.0,2.0,2.0,2.0,2.0,2.0,2.0,2.0,2.0,2.0,2.0,2.0,2.0,2.0,2.0,2.0,2.0,2.0,2.0,2.0,2.0,2.0,2.0,2.0,2.0,2.0,2.0,2.0,2.0,2.0,2.0,2.0,2.0,2.0,2.0,2.0,2.0,2.0,2.0,2.0,2.0,2.0,2.0,2.0,2.0,2.0,2.0,2.0,2.0,2.0,2.0,2.0,2.0,2.0,2.0,2.0,2.0,2.0,2.0,2.0,2.0,2.0,2.0,2.0,2.0,2.0,2.0,2.0,2.0,2.0,2.0,2.0,2.0,2.0,2.0,2.0,2.0,2.0,2.0,2.0,2.0,2.0,2.0,2.0,2.0,2.0,2.0,2.0,2.0,2.0,2.0,2.0,2.0,2.0,2.0,2.0,2.0,2.0,2.0,2.0,2.0,2.0,2.0,2.0,2.0,2.0,2.0,2.0,2.0,2.0,2.0,2.0,2.0,2.0,2.0,2.0,2
cagi7IfrZzw,1.0,1.0,1.0,1.0,1.0,1.0,1.0,1.0,1.0,1.0,1.0,1.0,1.0,1.0,1.0,1.0,1.0,1.0,1.0,1.0,1.0,1.0,1.0,1.0,1.0,1.0,1.0,1.0,1.0,1.0,1.0,1.0,1.0,1.0,1.0,1.0,1.0,1.0,1.0,1.0,1.0,1.0,1.0,1.0,1.0,1.0,1.0,1.0,1.0,1.0,1.0,1.0,1.0,1.0,1.0,1.0,1.0,1.0,1.0,1.0,1.0,1.0,1.0,1.0,1.0,1.0,1.0,1.0,1.0,1.0,1.0,1.0,1.0,1.0,1.0,1.0,1.0,1.0,1.0,1.0,1.0,1.0,1.0,1.0,1.0,1.0,1.0,1.0,1.0,1.0,1.0,1.0,1.0,1.0,1.0,1.0,1.0,1.0,1.0,1.0,1.0,1.0,1.0,1.0,1.0,1.0,1.0,1.0,1.0,1.0,1.0,1.0,1.0,1.0,1.0,1.0,1.0,1.0,1.0,1.0,1.0,1.0,1.0,1.0,1.0,1
7xlkDjqhhag,14962.0,14999.0,15031.0,15081.0,15125.0,15157.0,15169.0,15177.0,15184.0,15191.0,15194.0,15197.0,15200.0,15202.0,15206.0,15205.0,15202.0,15202.0,15206.0,15204.0,15207.0,15207.0,15205.0,15207.0,15209.0,15209.0,15211.0,15203.0,15201.0,15201.0,15203.0,15200.0,15203.0,15201.0,15202.0,15202.0,15203.0,15203.0,15205.0,15207.0,15208.0,15206.0,15207.0,15207.0,15206.0,15207.0,15206.0,15205.0,15207.0,15207.0,15206.0,15206.0,15195.0,15195.0,15198.0,15197.0,15195.0,15197.0,15198.0,15200.0,15199.0,15199.0,15194.0,15197.0,15200.0,15202.0,15202.0,15205.0,15205.0,15207.0,15207.0,15207.0,15208.0,15207.0,15209.0,15209.0,15210.0,15213.0,15213.0,15212.0,15212.0,15222.0,15230.0,15234.0,15233.0,15233.0,15233.0,15233.0,15236.0,15235.0,15233.0,15232.0,15232.0,15234.0,15237.0,15237.0,15237.0,15237.0,15236.0,15235.0,15234.0,15235.0,15234.0,15230.0,15232.0,15232.0,15232.0,15234.0,15234.0,15234.0,15233.0,15233.0,15228.0,15228.0,15227.0,15227.0,15224.0,15226.0,15226.0,15226.0,15230.0,15234.0,15233.0,15233.0,15235.0,15227
suNPJoZ20WY,625.0,630.0,638.0,645.0,650.0,655.0,658.0,659.0,661.0,663.0,663.0,663.0,668.0,671.0,671.0,672.0,674.0,677.0,677.0,677.0,678.0,680.0,681.0,681.0,681.0,682.0,682.0,682.0,682.0,683.0,684.0,684.0,684.0,684.0,684.0,684.0,684.0,684.0,684.0,684.0,685.0,685.0,685.0,686.0,686.0,686.0,686.0,686.0,685.0,685.0,685.0,685.0,685.0,685.0,685.0,685.0,685.0,685.0,685.0,685.0,685.0,685.0,685.0,685.0,685.0,685.0,685.0,685.0,685.0,685.0,685.0,685.0,684.0,684.0,684.0,684.0,684.0,684.0,684.0,684.0,684.0,684.0,684.0,684.0,684.0,684.0,685.0,685.0,685.0,685.0,685.0,685.0,685.0,685.0,685.0,685.0,685.0,685.0,685.0,685.0,685.0,685.0,685.0,685.0,685.0,685.0,685.0,685.0,685.0,685.0,685.0,685.0,685.0,685.0,685.0,685.0,685.0,685.0,685.0,685.0,685.0,685.0,685.0,685.0,685.0,685
7NeG3lMiABY,38.0,38.0,38.0,39.0,39.0,39.0,39.0,39.0,39.0,39.0,39.0,39.0,39.0,39.0,39.0,39.0,39.0,39.0,39.0,40.0,40.0,40.0,40.0,40.0,40.0,40.0,40.0,40.0,40.0,40.0,40.0,40.0,40.0,40.0,40.0,40.0,40.0,40.0,40.0,40.0,40.0,40.0,40.0,40.0,40.0,40.0,40.0,40.0,40.0,40.0,40.0,40.0,40.0,40.0,40.0,40.0,40.0,40.0,40.0,40.0,40.0,40.0,40.0,40.0,40.0,40.0,40.0,40.0,40.0,40.0,40.0,40.0,40.0,40.0,40.0,40.0,40.0,40.0,40.0,40.0,40.0,40.0,40.0,40.0,40.0,40.0,40.0,40.0,40.0,40.0,40.0,40.0,40.0,40.0,40.0,40.0,40.0,40.0,40.0,40.0,40.0,40.0,40.0,40.0,40.0,40.0,40.0,40.0,40.0,40.0,40.0,40.0,40.0,40.0,40.0,40.0,40.0,40.0,40.0,40.0,40.0,40.0,40.0,40.0,40.0,40
LsN6YbpxM8o,851.0,855.0,862.0,865.0,871.0,875.0,880.0,882.0,883.0,886.0,889.0,889.0,890.0,891.0,896.0,898.0,900.0,901.0,903.0,905.0,905.0,906.0,909.0,910.0,916.0,917.0,921.0,921.0,921.0,925.0,927.0,927.0,928.0,931.0,933.0,934.0,934.0,935.0,935.0,937.0,938.0,939.0,939.0,940.0,939.0,940.0,942.0,944.0,944.0,944.0,944.0,943.0,944.0,948.0,952.0,954.0,956.0,959.0,960.0,961.0,962.0,962.0,962.0,964.0,966.0,965.0,968.0,968.0,968.0,969.0,970.0,971.0,973.0,972.0,972.0,971.0,972.0,972.0,974.0,975.0,975.0,975.0,975.0,976.0,977.0,977.0,979.0,979.0,979.0,978.0,978.0,979.0,980.0,983.0,983.0,985.0,985.0,985.0,985.0,986.0,986.0,987.0,988.0,990.0,990.0,990.0,990.0,990.0,993.0,994.0,995.0,998.0,998.0,998.0,998.0,998.0,1000.0,1000.0,1001.0,1001.0,999.0,990.0,986.0,988.0,988.0,988
LnLWM8yHLuQ,565.0,565.0,565.0,565.0,565.0,565.0,565.0,565.0,566.0,566.0,566.0,565.0,565.0,567.0,567.0,567.0,567.0,567.0,567.0,567.0,567.0,567.0,568.0,568.0,568.0,568.0,568.0,568.0,568.0,568.0,568.0,568.0,568.0,568.0,568.0,568.0,568.0,568.0,568.0,568.0,568.0,568.0,568.0,568.0,568.0,568.0,568.0,568.0,568.0,568.0,568.0,568.0,568.0,569.0,568.0,568.0,568.0,568.0,568.0,568.0,567.0,567.0,567.0,567.0,567.0,567.0,567.0,567.0,567.0,567.0,567.0,567.0,567.0,567.0,567.0,567.0,567.0,567.0,567.0,567.0,567.0,567.0,566.0,566.0,566.0,566.0,566.0,566.0,566.0,566.0,566.0,566.0,566.0,566.0,566.0,566.0,566.0,566.0,566.0,566.0,566.0,566.0,566.0,566.0,566.0,566.0,566.0,566.0,566.0,566.0,566.0,566.0,566.0,565.0,565.0,565.0,565.0,565.0,565.0,565.0,565.0,565.0,565.0,565.0,565.0,565
tS1410lTGKQ,26.0,26.0,26.0,27.0,27.0,30.0,30.0,30.0,30.0,31.0,32.0,32.0,32.0,32.0,32.0,32.0,32.0,32.0,32.0,32.0,32.0,32.0,32.0,32.0,32.0,32.0,32.0,32.0,32.0,32.0,32.0,32.0,33.0,34.0,34.0,33.0,33.0,33.0,33.0,33.0,33.0,33.0,33.0,33.0,34.0,34.0,34.0,34.0,34.0,34.0,34.0,34.0,34.0,34.0,34.0,34.0,34.0,35.0,35.0,35.0,35.0,35.0,35.0,35.0,35.0,35.0,35.0,35.0,35.0,35.0,35.0,35.0,35.0,35.0,35.0,35.0,35.0,35.0,35.0,35.0,35.0,35.0,35.0,35.0,35.0,35.0,36.0,36.0,36.0,36.0,36.0,36.0,36.0,36.0,36.0,36.0,36.0,36.0,36.0,36.0,36.0,36.0,36.0,36.0,37.0,37.0,37.0,38.0,38.0,38.0,38.0,38.0,38.0,38.0,38.0,38.0,39.0,39.0,39.0,39.0,39.0,39.0,39.0,39.0,39.0,39
IuqRbHKtk_w,184.0,184.0,184.0,184.0,184.0,184.0,184.0,184.0,184.0,184.0,184.0,184.0,184.0,184.0,184.0,184.0,184.0,184.0,184.0,184.0,184.0,184.0,184.0,184.0,184.0,184.0,184.0,184.0,184.0,184.0,184.0,184.0,184.0,184.0,184.0,184.0,184.0,184.0,184.0,184.0,184.0,184.0,184.0,184.0,184.0,184.0,184.0,184.0,184.0,184.0,184.0,184.0,184.0,184.0,184.0,184.0,184.0,184.0,184.0,184.0,184.0,184.0,184.0,184.0,184.0,184.0,184.0,184.0,184.0,184.0,184.0,184.0,184.0,184.0,184.0,184.0,184.0,184.0,184.0,184.0,184.0,184.0,184.0,184.0,184.0,184.0,184.0,184.0,184.0,184.0,184.0,184.0,184.0,184.0,184.0,184.0,184.0,184.0,184.0,184.0,184.0,184.0,184.0,184.0,184.0,184.0,184.0,184.0,184.0,184.0,184.0,184.0,184.0,184.0,184.0,184.0,184.0,184.0,184.0,184.0,184.0,184.0,184.0,184.0,184.0,184
w8DyhYhjxtA,80.0,82.0,81.0,84.0,87.0,87.0,88.0,88.0,88.0,88.0,88.0,88.0,88.0,88.0,88.0,88.0,88.0,88.0,88.0,88.0,89.0,89.0,89.0,89.0,89.0,89.0,89.0,90.0,90.0,90.0,90.0,90.0,90.0,90.0,90.0,90.0,90.0,90.0,90.0,90.0,90.0,90.0,90.0,90.0,90.0,90.0,90.0,90.0,90.0,90.0,90.0,90.0,90.0,90.0,90.0,90.0,90.0,90.0,90.0,90.0,90.0,90.0,90.0,90.0,90.0,89.0,89.0,89.0,89.0,89.0,89.0,89.0,89.0,89.0,89.0,89.0,89.0,88.0,88.0,88.0,88.0,88.0,88.0,88.0,88.0,88.0,88.0,88.0,88.0,88.0,88.0,88.0,88.0,88.0,88.0,88.0,90.0,90.0,90.0,90.0,90.0,89.0,89.0,89.0,89.0,89.0,88.0,88.0,88.0,88.0,88.0,88.0,88.0,89.0,89.0,89.0,89.0,89.0,89.0,89.0,88.0,88.0,88.0,88.0,88.0,88
bw9ZJQS79AI,48.0,48.0,48.0,48.0,48.0,48.0,48.0,48.0,48.0,48.0,48.0,48.0,48.0,48.0,48.0,48.0,48.0,48.0,48.0,48.0,48.0,48.0,48.0,48.0,48.0,48.0,48.0,48.0,48.0,48.0,48.0,48.0,48.0,48.0,47.0,47.0,47.0,47.0,47.0,47.0,47.0,47.0,47.0,47.0,47.0,47.0,47.0,47.0,47.0,47.0,47.0,47.0,47.0,47.0,47.0,47.0,47.0,47.0,47.0,47.0,47.0,47.0,47.0,47.0,47.0,47.0,47.0,47.0,47.0,47.0,47.0,47.0,47.0,47.0,47.0,47.0,47.0,47.0,47.0,47.0,47.0,47.0,47.0,47.0,47.0,47.0,47.0,47.0,47.0,47.0,47.0,47.0,47.0,47.0,47.0,47.0,47.0,47.0,47.0,47.0,47.0,47.0,47.0,47.0,47.0,47.0,47.0,47.0,47.0,47.0,47.0,47.0,47.0,47.0,47.0,47.0,47.0,47.0,47.0,47.0,47.0,47.0,47.0,47.0,47.0,47
wHeughaw2Bo,1.0,1.0,1.0,1.0,1.0,1.0,1.0,1.0,1.0,1.0,1.0,1.0,1.0,1.0,1.0,1.0,1.0,1.0,1.0,1.0,1.0,1.0,1.0,1.0,1.0,1.0,1.0,1.0,1.0,1.0,1.0,1.0,1.0,1.0,1.0,1.0,1.0,1.0,1.0,1.0,1.0,1.0,1.0,1.0,1.0,1.0,1.0,1.0,1.0,1.0,2.0,2.0,2.0,2.0,2.0,2.0,2.0,2.0,2.0,2.0,2.0,2.0,2.0,2.0,2.0,2.0,2.0,2.0,2.0,2.0,2.0,2.0,2.0,2.0,2.0,2.0,2.0,2.0,2.0,2.0,2.0,2.0,2.0,2.0,2.0,2.0,2.0,2.0,2.0,2.0,2.0,2.0,2.0,2.0,2.0,2.0,2.0,2.0,2.0,2.0,2.0,2.0,2.0,2.0,2.0,2.0,2.0,2.0,2.0,2.0,2.0,2.0,2.0,2.0,2.0,2.0,2.0,2.0,2.0,2.0,2.0,2.0,2.0,2.0,2.0,2
u7uko6XB2nQ,2502.0,2506.0,2500.0,2524.0,2529.0,2535.0,2549.0,2550.0,2561.0,2574.0,2581.0,2587.0,2605.0,2611.0,2614.0,2618.0,2624.0,2631.0,2642.0,2646.0,2657.0,2661.0,2666.0,2673.0,2682.0,2685.0,2688.0,2691.0,2697.0,2700.0,2703.0,2706.0,2711.0,2714.0,2716.0,2722.0,2728.0,2730.0,2730.0,2735.0,2738.0,2740.0,2741.0,2745.0,2747.0,2754.0,2758.0,2763.0,2763.0,2767.0,2771.0,2770.0,2771.0,2773.0,2775.0,2776.0,2778.0,2780.0,2780.0,2782.0,2783.0,2784.0,2785.0,2786.0,2787.0,2790.0,2789.0,2789.0,2793.0,2800.0,2802.0,2804.0,2804.0,2805.0,2806.0,2805.0,2806.0,2808.0,2808.0,2807.0,2808.0,2812.0,2814.0,2815.0,2815.0,2816.0,2818.0,2818.0,2818.0,2819.0,2820.0,2823.0,2824.0,2825.0,2827.0,2826.0,2829.0,2831.0,2832.0,2836.0,2836.0,2839.0,2840.0,2840.0,2842.0,2842.0,2844.0,2844.0,2845.0,2846.0,2846.0,2847.0,2847.0,2849.0,2850.0,2850.0,2850.0,2851.0,2852.0,2854.0,2854.0,2854.0,2854.0,2855.0,2856.0,2857
7xlkDjqhhag,14962.0,14999.0,15031.0,15081.0,15125.0,15157.0,15169.0,15177.0,15184.0,15191.0,15194.0,15197.0,15200.0,15202.0,15206.0,15205.0,15202.0,15202.0,15206.0,15204.0,15207.0,15207.0,15205.0,15207.0,15209.0,15209.0,15211.0,15203.0,15201.0,15201.0,15203.0,15200.0,15203.0,15201.0,15202.0,15202.0,15203.0,15203.0,15205.0,15207.0,15208.0,15206.0,15207.0,15207.0,15206.0,15207.0,15206.0,15205.0,15207.0,15207.0,15206.0,15206.0,15195.0,15195.0,15198.0,15197.0,15195.0,15197.0,15198.0,15200.0,15199.0,15199.0,15194.0,15197.0,15200.0,15202.0,15202.0,15205.0,15205.0,15207.0,15207.0,15207.0,15208.0,15207.0,15209.0,15209.0,15210.0,15213.0,15213.0,15212.0,15212.0,15222.0,15230.0,15234.0,15233.0,15233.0,15233.0,15233.0,15236.0,15235.0,15233.0,15232.0,15232.0,15234.0,15237.0,15237.0,15237.0,15237.0,15236.0,15235.0,15234.0,15235.0,15234.0,15230.0,15232.0,15232.0,15232.0,15234.0,15234.0,15234.0,15233.0,15233.0,15228.0,15228.0,15227.0,15227.0,15224.0,15226.0,15226.0,15226.0,15230.0,15234.0,15233.0,15233.0,15235.0,15227
kXgxo4uM2vc,45.0,45.0,45.0,45.0,45.0,45.0,45.0,45.0,45.0,45.0,45.0,45.0,45.0,45.0,45.0,45.0,45.0,45.0,45.0,45.0,45.0,45.0,45.0,45.0,45.0,45.0,45.0,45.0,45.0,45.0,44.0,44.0,44.0,44.0,44.0,44.0,44.0,44.0,44.0,44.0,44.0,44.0,44.0,44.0,44.0,44.0,44.0,44.0,44.0,44.0,44.0,44.0,44.0,44.0,44.0,44.0,44.0,44.0,44.0,44.0,44.0,44.0,44.0,44.0,44.0,44.0,44.0,44.0,44.0,44.0,44.0,44.0,44.0,44.0,44.0,44.0,44.0,44.0,44.0,44.0,44.0,44.0,44.0,44.0,44.0,44.0,44.0,44.0,44.0,44.0,44.0,44.0,44.0,44.0,44.0,44.0,44.0,44.0,44.0,44.0,44.0,44.0,44.0,44.0,44.0,44.0,44.0,44.0,44.0,44.0,44.0,44.0,44.0,44.0,44.0,44.0,44.0,44.0,44.0,44.0,44.0,44.0,44.0,44.0,44.0,44
z6AhbFIToHo,7.0,7.0,7.0,7.0,7.0,7.0,7.0,7.0,7.0,7.0,7.0,7.0,7.0,7.0,7.0,7.0,7.0,7.0,7.0,7.0,8.0,8.0,8.0,8.0,8.0,8.0,8.0,8.0,8.0,8.0,8.0,8.0,8.0,8.0,8.0,8.0,8.0,8.0,8.0,8.0,8.0,8.0,8.0,8.0,9.0,9.0,9.0,9.0,9.0,9.0,9.0,9.0,9.0,9.0,9.0,10.0,10.0,10.0,10.0,10.0,10.0,10.0,10.0,10.0,10.0,10.0,10.0,10.0,10.0,10.0,10.0,10.0,12.0,13.0,14.0,14.0,14.0,14.0,14.0,14.0,15.0,15.0,15.0,15.0,15.0,15.0,16.0,16.0,16.0,16.0,16.0,16.0,16.0,16.0,16.0,16.0,16.0,16.0,16.0,16.0,16.0,16.0,16.0,16.0,16.0,16.0,16.0,16.0,16.0,16.0,16.0,16.0,16.0,16.0,16.0,16.0,16.0,17.0,17.0,17.0,14.0,14.0,14.0,14.0,14.0,14
PrSYC-6obe4,1030.0,1029.0,1029.0,1028.0,1028.0,1028.0,1027.0,1028.0,1028.0,1028.0,1028.0,1026.0,1026.0,1025.0,1025.0,1025.0,1025.0,1025.0,1025.0,1024.0,1024.0,1023.0,1023.0,1023.0,1023.0,1024.0,1023.0,1023.0,1025.0,1024.0,1024.0,1024.0,1024.0,1024.0,1024.0,1024.0,1024.0,1024.0,1024.0,1024.0,1024.0,1024.0,1023.0,1023.0,1023.0,1023.0,1023.0,1023.0,1023.0,1023.0,1023.0,1023.0,1023.0,1023.0,1023.0,1023.0,1023.0,1023.0,1023.0,1023.0,1023.0,1023.0,1023.0,1023.0,1023.0,1023.0,1023.0,1023.0,1023.0,1023.0,1023.0,1023.0,1023.0,1023.0,1023.0,1023.0,1023.0,1023.0,1023.0,1023.0,1023.0,1023.0,1022.0,1022.0,1022.0,1022.0,1022.0,1022.0,1022.0,1022.0,1022.0,1021.0,1021.0,1021.0,1021.0,1021.0,1021.0,1021.0,1021.0,1021.0,1021.0,1021.0,1021.0,1021.0,1020.0,1020.0,1020.0,1020.0,1020.0,1020.0,1020.0,1020.0,1020.0,1020.0,1020.0,1020.0,1020.0,1020.0,1020.0,1019.0,1019.0,1019.0,1019.0,1019.0,1018.0,1018
SQ1DMnQDkaY,0.0,0.0,0.0,0.0,0.0,0.0,0.0,0.0,0.0,0.0,0.0,0.0,0.0,0.0,0.0,0.0,0.0,0.0,0.0,0.0,0.0,0.0,0.0,0.0,0.0,0.0,0.0,0.0,0.0,0.0,0.0,0.0,0.0,0.0,0.0,0.0,0.0,0.0,0.0,0.0,0.0,0.0,0.0,0.0,0.0,0.0,0.0,0.0,0.0,0.0,0.0,0.0,0.0,0.0,0.0,0.0,0.0,0.0,0.0,0.0,0.0,0.0,0.0,0.0,0.0,0.0,0.0,0.0,0.0,0.0,0.0,0.0,0.0,0.0,0.0,0.0,0.0,0.0,0.0,0.0,0.0,0.0,0.0,0.0,0.0,0.0,0.0,0.0,0.0,0.0,0.0,0.0,0.0,0.0,0.0,0.0,0.0,0.0,0.0,0.0,0.0,0.0,0.0,0.0,0.0,0.0,0.0,0.0,0.0,0.0,0.0,0.0,0.0,0.0,0.0,0.0,0.0,0.0,0.0,0.0,0.0,0.0,0.0,0.0,0.0,0
9_AIpHmjwvY,348.0,348.0,348.0,348.0,348.0,348.0,348.0,348.0,348.0,347.0,347.0,347.0,346.0,346.0,346.0,346.0,346.0,346.0,346.0,346.0,346.0,347.0,347.0,347.0,347.0,347.0,347.0,347.0,347.0,347.0,347.0,347.0,347.0,347.0,347.0,347.0,347.0,347.0,347.0,347.0,347.0,347.0,347.0,347.0,347.0,346.0,346.0,346.0,346.0,346.0,346.0,346.0,346.0,346.0,346.0,346.0,346.0,346.0,346.0,346.0,345.0,345.0,345.0,345.0,345.0,345.0,345.0,345.0,345.0,345.0,345.0,345.0,345.0,345.0,345.0,345.0,345.0,345.0,345.0,345.0,344.0,344.0,344.0,344.0,344.0,344.0,344.0,344.0,344.0,344.0,344.0,344.0,344.0,344.0,344.0,344.0,344.0,344.0,344.0,344.0,343.0,343.0,343.0,343.0,343.0,343.0,343.0,343.0,343.0,343.0,343.0,343.0,343.0,343.0,343.0,341.0,341.0,341.0,341.0,341.0,341.0,341.0,341.0,341.0,341.0,341
2lB65Hz0OHQ,9747.0,9807.0,9863.0,9943.0,9988.0,10052.0,10112.0,10171.0,10252.0,10316.0,10370.0,10415.0,10439.0,10477.0,10510.0,10534.0,10563.0,10586.0,10608.0,10645.0,10661.0,10693.0,10721.0,10734.0,10756.0,10770.0,10789.0,10803.0,10821.0,10847.0,10867.0,10887.0,10907.0,10936.0,10941.0,10950.0,10940.0,10951.0,10965.0,10998.0,11007.0,11033.0,11041.0,11054.0,11069.0,11084.0,11095.0,11113.0,11121.0,11131.0,11139.0,11147.0,11156.0,11173.0,11195.0,11219.0,11245.0,11257.0,11267.0,11270.0,11278.0,11296.0,11323.0,11333.0,11344.0,11348.0,11354.0,11360.0,11370.0,11379.0,11377.0,11392.0,11398.0,11400.0,11419.0,11434.0,11447.0,11465.0,11471.0,11480.0,11487.0,11497.0,11515.0,11524.0,11528.0,11534.0,11547.0,11568.0,11573.0,11582.0,11592.0,11598.0,11604.0,11620.0,11630.0,11641.0,11652.0,11659.0,11648.0,11680.0,11693.0,11713.0,11725.0,11731.0,11737.0,11750.0,11749.0,11755.0,11759.0,11764.0,11770.0,11778.0,11744.0,11746.0,11747.0,11751.0,11755.0,11755.0,11757.0,11767.0,11770.0,11774.0,11784.0,11787.0,11790.0,11795
XTDjhReAp8A,10.0,11.0,11.0,11.0,11.0,11.0,12.0,14.0,14.0,14.0,14.0,15.0,15.0,15.0,15.0,15.0,16.0,16.0,16.0,16.0,16.0,16.0,16.0,17.0,18.0,18.0,18.0,18.0,20.0,20.0,22.0,22.0,22.0,22.0,22.0,22.0,22.0,23.0,23.0,23.0,23.0,23.0,23.0,24.0,25.0,25.0,25.0,25.0,26.0,26.0,26.0,26.0,26.0,26.0,26.0,26.0,26.0,26.0,26.0,26.0,26.0,26.0,27.0,27.0,27.0,27.0,27.0,27.0,27.0,27.0,28.0,28.0,28.0,27.0,27.0,27.0,27.0,27.0,27.0,27.0,27.0,27.0,27.0,27.0,27.0,27.0,27.0,28.0,28.0,28.0,29.0,29.0,29.0,29.0,29.0,29.0,29.0,29.0,29.0,29.0,29.0,29.0,29.0,29.0,30.0,31.0,31.0,31.0,31.0,31.0,31.0,31.0,31.0,32.0,33.0,33.0,33.0,33.0,33.0,33.0,33.0,33.0,33.0,33.0,33.0,33
ryz_axmf0Xo,915.0,916.0,917.0,917.0,918.0,920.0,923.0,925.0,925.0,928.0,929.0,929.0,930.0,931.0,930.0,930.0,931.0,932.0,935.0,935.0,937.0,937.0,938.0,937.0,937.0,940.0,941.0,944.0,945.0,945.0,946.0,946.0,948.0,948.0,948.0,947.0,949.0,950.0,950.0,951.0,951.0,951.0,951.0,951.0,952.0,952.0,953.0,953.0,953.0,953.0,954.0,954.0,955.0,955.0,955.0,955.0,956.0,956.0,958.0,958.0,958.0,958.0,957.0,957.0,957.0,958.0,959.0,960.0,960.0,960.0,960.0,960.0,960.0,960.0,960.0,959.0,961.0,961.0,962.0,963.0,963.0,964.0,964.0,965.0,966.0,968.0,968.0,968.0,968.0,970.0,970.0,970.0,970.0,972.0,972.0,972.0,972.0,972.0,973.0,974.0,975.0,976.0,977.0,977.0,980.0,980.0,982.0,982.0,974.0,974.0,973.0,974.0,974.0,974.0,975.0,977.0,977.0,976.0,976.0,977.0,977.0,977.0,976.0,977.0,977.0,977
DnSWoE8x6jg,396.0,396.0,398.0,398.0,398.0,399.0,399.0,400.0,401.0,401.0,402.0,406.0,407.0,408.0,408.0,408.0,408.0,409.0,409.0,409.0,409.0,409.0,409.0,409.0,409.0,409.0,409.0,410.0,410.0,410.0,411.0,411.0,411.0,411.0,411.0,411.0,411.0,411.0,412.0,412.0,413.0,413.0,413.0,413.0,413.0,413.0,415.0,416.0,416.0,416.0,417.0,418.0,417.0,417.0,418.0,418.0,418.0,418.0,418.0,418.0,419.0,423.0,424.0,423.0,423.0,423.0,423.0,423.0,424.0,424.0,424.0,424.0,424.0,424.0,424.0,424.0,424.0,424.0,424.0,424.0,424.0,424.0,427.0,426.0,427.0,428.0,428.0,428.0,428.0,428.0,428.0,428.0,428.0,428.0,428.0,428.0,429.0,429.0,429.0,429.0,429.0,429.0,429.0,429.0,429.0,430.0,430.0,430.0,431.0,431.0,431.0,431.0,431.0,432.0,432.0,432.0,432.0,432.0,432.0,432.0,433.0,434.0,435.0,435.0,435.0,435
pDzCO_bU5F0,99.0,100.0,101.0,101.0,104.0,105.0,105.0,105.0,107.0,107.0,108.0,108.0,107.0,108.0,108.0,108.0,108.0,108.0,108.0,109.0,109.0,109.0,109.0,109.0,109.0,109.0,111.0,111.0,110.0,110.0,110.0,110.0,110.0,110.0,110.0,111.0,111.0,111.0,112.0,112.0,112.0,112.0,112.0,112.0,113.0,113.0,113.0,113.0,113.0,113.0,113.0,113.0,113.0,113.0,113.0,113.0,113.0,113.0,113.0,113.0,113.0,113.0,113.0,113.0,113.0,113.0,113.0,113.0,113.0,113.0,113.0,113.0,113.0,113.0,113.0,113.0,113.0,113.0,113.0,113.0,113.0,113.0,113.0,113.0,113.0,113.0,113.0,114.0,114.0,114.0,114.0,114.0,114.0,114.0,114.0,114.0,114.0,114.0,114.0,114.0,114.0,114.0,114.0,114.0,114.0,114.0,114.0,114.0,116.0,116.0,116.0,116.0,116.0,116.0,116.0,116.0,116.0,116.0,116.0,116.0,115.0,115.0,115.0,115.0,115.0,115
O62xCbgN3ho,0.0,0.0,0.0,0.0,0.0,0.0,0.0,0.0,0.0,0.0,0.0,0.0,0.0,0.0,0.0,0.0,0.0,0.0,0.0,0.0,0.0,0.0,0.0,0.0,0.0,0.0,0.0,0.0,0.0,0.0,0.0,0.0,0.0,0.0,0.0,0.0,0.0,0.0,0.0,0.0,0.0,0.0,0.0,0.0,0.0,0.0,0.0,0.0,0.0,0.0,0.0,0.0,0.0,0.0,0.0,0.0,0.0,0.0,0.0,0.0,0.0,0.0,0.0,0.0,0.0,0.0,0.0,0.0,0.0,0.0,0.0,0.0,0.0,0.0,0.0,0.0,0.0,0.0,0.0,0.0,0.0,0.0,0.0,0.0,0.0,0.0,0.0,0.0,0.0,0.0,0.0,0.0,0.0,0.0,0.0,0.0,0.0,0.0,0.0,0.0,0.0,0.0,0.0,0.0,0.0,0.0,0.0,0.0,0.0,0.0,0.0,0.0,0.0,0.0,0.0,0.0,0.0,0.0,0.0,0.0,0.0,0.0,0.0,0.0,0.0,0
UFZTU8I0McQ,647.0,652.0,657.0,675.0,682.0,686.0,694.0,696.0,701.0,703.0,704.0,708.0,708.0,709.0,710.0,713.0,716.0,716.0,716.0,716.0,719.0,719.0,720.0,722.0,723.0,724.0,723.0,724.0,726.0,727.0,727.0,727.0,728.0,729.0,729.0,730.0,731.0,732.0,732.0,732.0,733.0,733.0,733.0,734.0,734.0,736.0,737.0,737.0,737.0,738.0,738.0,739.0,739.0,739.0,739.0,739.0,739.0,742.0,742.0,742.0,742.0,743.0,744.0,744.0,745.0,745.0,745.0,745.0,745.0,751.0,751.0,751.0,751.0,751.0,751.0,751.0,753.0,754.0,755.0,755.0,756.0,756.0,756.0,756.0,756.0,756.0,756.0,756.0,756.0,756.0,757.0,757.0,757.0,757.0,757.0,758.0,758.0,758.0,758.0,758.0,758.0,758.0,759.0,759.0,759.0,759.0,759.0,759.0,759.0,759.0,759.0,759.0,759.0,759.0,759.0,759.0,759.0,760.0,760.0,760.0,761.0,761.0,761.0,761.0,761.0,763
hnrOnOx1ik4,455.0,458.0,458.0,458.0,458.0,461.0,462.0,462.0,463.0,463.0,463.0,463.0,463.0,462.0,462.0,462.0,463.0,463.0,464.0,466.0,466.0,466.0,468.0,468.0,468.0,469.0,469.0,469.0,469.0,471.0,470.0,469.0,470.0,471.0,471.0,471.0,472.0,472.0,473.0,472.0,472.0,472.0,473.0,474.0,475.0,475.0,476.0,478.0,479.0,479.0,479.0,479.0,479.0,479.0,480.0,480.0,480.0,481.0,481.0,481.0,481.0,481.0,481.0,481.0,481.0,480.0,481.0,481.0,481.0,481.0,483.0,483.0,484.0,483.0,485.0,487.0,487.0,487.0,487.0,487.0,487.0,487.0,487.0,487.0,487.0,488.0,489.0,489.0,489.0,488.0,489.0,489.0,489.0,488.0,487.0,488.0,487.0,487.0,488.0,488.0,488.0,489.0,489.0,490.0,490.0,490.0,489.0,489.0,489.0,490.0,491.0,491.0,491.0,491.0,491.0,492.0,493.0,493.0,493.0,494.0,496.0,496.0,495.0,495.0,498.0,498
0am8__P17S4,691.0,691.0,691.0,691.0,691.0,691.0,691.0,691.0,691.0,691.0,691.0,691.0,691.0,691.0,691.0,691.0,692.0,692.0,693.0,693.0,694.0,694.0,695.0,696.0,698.0,698.0,698.0,699.0,706.0,709.0,709.0,709.0,709.0,709.0,710.0,709.0,709.0,709.0,709.0,709.0,709.0,709.0,709.0,709.0,709.0,709.0,706.0,705.0,705.0,705.0,705.0,705.0,705.0,705.0,705.0,705.0,705.0,705.0,705.0,705.0,704.0,704.0,704.0,704.0,704.0,704.0,704.0,704.0,704.0,704.0,704.0,704.0,704.0,704.0,704.0,704.0,704.0,703.0,703.0,703.0,703.0,703.0,703.0,703.0,702.0,702.0,702.0,702.0,701.0,701.0,701.0,701.0,701.0,701.0,702.0,702.0,702.0,702.0,702.0,702.0,702.0,702.0,702.0,702.0,702.0,702.0,702.0,702.0,701.0,701.0,701.0,699.0,699.0,699.0,699.0,699.0,699.0,699.0,699.0,698.0,698.0,698.0,698.0,698.0,698.0,698
LKG4Y4Em8Vc,12.0,12.0,12.0,12.0,12.0,12.0,12.0,12.0,12.0,12.0,12.0,12.0,12.0,12.0,12.0,12.0,12.0,12.0,12.0,12.0,12.0,12.0,12.0,12.0,12.0,12.0,12.0,12.0,12.0,12.0,12.0,12.0,12.0,12.0,12.0,12.0,12.0,12.0,12.0,12.0,12.0,12.0,12.0,12.0,12.0,12.0,12.0,12.0,12.0,12.0,12.0,12.0,12.0,12.0,12.0,12.0,12.0,12.0,12.0,12.0,12.0,12.0,12.0,12.0,12.0,12.0,12.0,12.0,12.0,12.0,12.0,12.0,12.0,12.0,12.0,12.0,12.0,12.0,12.0,12.0,12.0,12.0,12.0,12.0,12.0,12.0,12.0,12.0,12.0,12.0,12.0,12.0,12.0,12.0,12.0,12.0,12.0,12.0,12.0,12.0,12.0,12.0,12.0,12.0,12.0,12.0,12.0,12.0,12.0,12.0,12.0,12.0,12.0,12.0,12.0,12.0,12.0,12.0,12.0,12.0,12.0,12.0,12.0,12.0,12.0,12
_RRUqOPfAnA,28.0,28.0,29.0,29.0,29.0,30.0,30.0,30.0,30.0,30.0,30.0,30.0,30.0,30.0,30.0,30.0,30.0,30.0,30.0,30.0,30.0,30.0,30.0,30.0,30.0,30.0,30.0,30.0,30.0,30.0,31.0,31.0,31.0,31.0,32.0,32.0,32.0,32.0,32.0,32.0,32.0,32.0,32.0,32.0,32.0,32.0,32.0,32.0,32.0,32.0,32.0,32.0,32.0,32.0,32.0,32.0,32.0,32.0,32.0,32.0,32.0,32.0,32.0,32.0,32.0,32.0,32.0,32.0,32.0,32.0,32.0,32.0,32.0,32.0,32.0,32.0,32.0,32.0,32.0,32.0,32.0,32.0,32.0,32.0,32.0,32.0,32.0,32.0,32.0,32.0,32.0,32.0,32.0,32.0,32.0,32.0,32.0,32.0,32.0,32.0,32.0,32.0,32.0,32.0,32.0,32.0,32.0,32.0,32.0,32.0,32.0,32.0,32.0,32.0,32.0,32.0,32.0,32.0,32.0,32.0,32.0,32.0,32.0,32.0,32.0,32
5vaXnYX4VEY,31.0,31.0,31.0,31.0,31.0,31.0,31.0,31.0,31.0,31.0,31.0,31.0,31.0,31.0,31.0,31.0,31.0,31.0,31.0,31.0,31.0,31.0,31.0,31.0,31.0,31.0,31.0,31.0,31.0,31.0,31.0,31.0,31.0,31.0,31.0,31.0,31.0,31.0,31.0,31.0,31.0,31.0,31.0,31.0,31.0,31.0,31.0,31.0,31.0,31.0,31.0,31.0,31.0,31.0,31.0,31.0,30.0,30.0,30.0,30.0,30.0,30.0,30.0,30.0,30.0,30.0,30.0,30.0,30.0,30.0,30.0,30.0,30.0,30.0,30.0,30.0,30.0,30.0,30.0,30.0,30.0,30.0,30.0,30.0,30.0,30.0,30.0,30.0,30.0,30.0,30.0,30.0,30.0,30.0,30.0,30.0,30.0,30.0,30.0,30.0,30.0,30.0,30.0,30.0,30.0,30.0,30.0,30.0,30.0,30.0,30.0,30.0,30.0,30.0,30.0,30.0,30.0,30.0,30.0,30.0,30.0,30.0,30.0,30.0,30.0,30
bbXDg3NhxT4,18528.0,18678.0,18808.0,18968.0,19116.0,19281.0,19419.0,19630.0,19734.0,19826.0,19879.0,19954.0,20012.0,20051.0,20093.0,20118.0,20133.0,20092.0,20110.0,20128.0,20139.0,20147.0,20153.0,20188.0,20205.0,20218.0,20217.0,20257.0,20267.0,20279.0,20299.0,20322.0,20338.0,20343.0,20357.0,20371.0,20375.0,20399.0,20425.0,20441.0,20449.0,20452.0,20460.0,20462.0,20468.0,20495.0,20508.0,20499.0,20508.0,20513.0,20524.0,20532.0,20521.0,20549.0,20547.0,20549.0,20553.0,20556.0,20541.0,20544.0,20554.0,20558.0,20571.0,20577.0,20589.0,20597.0,20598.0,20599.0,20601.0,20607.0,20619.0,20627.0,20634.0,20638.0,20630.0,20642.0,20652.0,20656.0,20656.0,20608.0,20608.0,20613.0,20620.0,20624.0,20625.0,20634.0,20639.0,20643.0,20646.0,20646.0,20656.0,20668.0,20675.0,20683.0,20697.0,20700.0,20668.0,20682.0,20687.0,20684.0,20686.0,20689.0,20690.0,20693.0,20684.0,20694.0,20698.0,20708.0,20716.0,20719.0,20723.0,20728.0,20729.0,20729.0,20729.0,20720.0,20725.0,20728.0,20726.0,20730.0,20694.0,20701.0,20702.0,20706.0,20709.0,20721
_XztsB7PIIA,979.0,979.0,979.0,979.0,979.0,979.0,979.0,978.0,978.0,978.0,978.0,978.0,978.0,977.0,977.0,976.0,976.0,976.0,976.0,976.0,976.0,976.0,976.0,976.0,976.0,975.0,975.0,975.0,975.0,975.0,975.0,974.0,974.0,974.0,974.0,974.0,974.0,974.0,974.0,974.0,974.0,974.0,974.0,974.0,974.0,974.0,974.0,974.0,974.0,974.0,974.0,974.0,972.0,972.0,972.0,972.0,972.0,972.0,972.0,972.0,972.0,972.0,972.0,972.0,972.0,972.0,972.0,972.0,969.0,969.0,969.0,969.0,969.0,969.0,969.0,969.0,969.0,969.0,969.0,969.0,969.0,969.0,969.0,969.0,968.0,968.0,968.0,968.0,968.0,968.0,968.0,967.0,967.0,967.0,967.0,967.0,967.0,967.0,967.0,967.0,967.0,967.0,967.0,967.0,967.0,967.0,967.0,967.0,967.0,967.0,967.0,967.0,967.0,967.0,968.0,968.0,967.0,967.0,967.0,967.0,967.0,967.0,967.0,967.0,967.0,967
lsuSzybBIpw,27.0,27.0,28.0,28.0,28.0,28.0,28.0,28.0,28.0,28.0,28.0,28.0,28.0,28.0,28.0,28.0,28.0,28.0,28.0,28.0,28.0,28.0,29.0,29.0,29.0,29.0,29.0,29.0,29.0,29.0,29.0,29.0,29.0,29.0,29.0,29.0,29.0,29.0,29.0,29.0,29.0,29.0,29.0,29.0,29.0,29.0,29.0,29.0,29.0,29.0,29.0,29.0,29.0,29.0,29.0,29.0,29.0,29.0,29.0,29.0,29.0,29.0,29.0,29.0,29.0,29.0,29.0,29.0,29.0,29.0,29.0,29.0,29.0,29.0,29.0,29.0,29.0,29.0,29.0,29.0,29.0,29.0,29.0,29.0,29.0,29.0,29.0,29.0,29.0,29.0,29.0,29.0,29.0,29.0,29.0,29.0,29.0,29.0,29.0,29.0,29.0,29.0,29.0,29.0,29.0,29.0,29.0,29.0,29.0,29.0,29.0,29.0,29.0,29.0,29.0,29.0,29.0,29.0,29.0,29.0,29.0,29.0,29.0,29.0,29.0,29
ZV_XheH7FJw,0.0,0.0,0.0,0.0,0.0,0.0,0.0,0.0,0.0,0.0,0.0,0.0,0.0,0.0,0.0,0.0,0.0,0.0,0.0,0.0,0.0,0.0,0.0,0.0,0.0,0.0,0.0,0.0,0.0,0.0,0.0,0.0,0.0,0.0,0.0,0.0,0.0,0.0,0.0,0.0,0.0,0.0,0.0,0.0,0.0,0.0,0.0,0.0,0.0,0.0,0.0,0.0,0.0,0.0,0.0,0.0,0.0,0.0,0.0,0.0,0.0,0.0,0.0,0.0,0.0,0.0,0.0,0.0,0.0,0.0,0.0,0.0,0.0,0.0,0.0,0.0,0.0,0.0,0.0,0.0,0.0,0.0,0.0,0.0,0.0,0.0,0.0,0.0,0.0,0.0,0.0,0.0,0.0,0.0,0.0,0.0,0.0,0.0,0.0,0.0,0.0,0.0,0.0,0.0,0.0,0.0,0.0,0.0,0.0,0.0,0.0,0.0,0.0,0.0,0.0,0.0,0.0,0.0,0.0,0.0,0.0,0.0,0.0,0.0,0.0,0
ObNohVnJZwM,5.0,5.0,5.0,5.0,5.0,5.0,5.0,5.0,5.0,5.0,5.0,5.0,5.0,5.0,5.0,5.0,5.0,5.0,5.0,5.0,5.0,5.0,5.0,5.0,5.0,5.0,5.0,5.0,5.0,5.0,5.0,5.0,5.0,5.0,5.0,5.0,5.0,5.0,5.0,5.0,5.0,5.0,5.0,5.0,5.0,5.0,5.0,5.0,5.0,5.0,5.0,5.0,5.0,5.0,5.0,5.0,5.0,5.0,5.0,5.0,5.0,5.0,5.0,5.0,5.0,5.0,5.0,5.0,5.0,5.0,5.0,5.0,5.0,5.0,5.0,5.0,5.0,5.0,5.0,5.0,5.0,5.0,5.0,5.0,5.0,5.0,5.0,5.0,5.0,5.0,5.0,5.0,5.0,5.0,5.0,5.0,5.0,5.0,5.0,5.0,5.0,5.0,5.0,5.0,5.0,5.0,5.0,5.0,5.0,5.0,5.0,5.0,5.0,5.0,5.0,5.0,5.0,5.0,5.0,5.0,5.0,5.0,5.0,5.0,5.0,5
hxhQzUtPY6g,0.0,0.0,0.0,0.0,0.0,0.0,0.0,0.0,0.0,0.0,0.0,0.0,0.0,0.0,0.0,0.0,0.0,0.0,0.0,0.0,0.0,0.0,0.0,0.0,0.0,0.0,0.0,0.0,0.0,0.0,0.0,0.0,0.0,0.0,0.0,0.0,0.0,0.0,0.0,0.0,0.0,0.0,0.0,0.0,0.0,0.0,0.0,0.0,0.0,0.0,0.0,0.0,0.0,0.0,0.0,0.0,0.0,0.0,0.0,0.0,0.0,0.0,0.0,0.0,0.0,0.0,0.0,0.0,0.0,0.0,0.0,0.0,0.0,0.0,0.0,0.0,0.0,0.0,0.0,0.0,0.0,0.0,0.0,0.0,0.0,0.0,0.0,0.0,0.0,0.0,0.0,0.0,0.0,0.0,0.0,0.0,0.0,0.0,0.0,0.0,0.0,0.0,0.0,0.0,0.0,0.0,0.0,0.0,0.0,0.0,0.0,0.0,0.0,0.0,0.0,0.0,0.0,0.0,0.0,0.0,0.0,0.0,0.0,0.0,0.0,0
I1M3AtVYBxY,4.0,4.0,3.0,3.0,3.0,3.0,3.0,3.0,3.0,3.0,3.0,3.0,3.0,3.0,3.0,3.0,3.0,3.0,3.0,3.0,3.0,3.0,3.0,3.0,3.0,3.0,3.0,3.0,3.0,3.0,3.0,3.0,3.0,3.0,3.0,3.0,3.0,3.0,3.0,3.0,3.0,3.0,3.0,3.0,3.0,3.0,3.0,3.0,3.0,3.0,3.0,3.0,3.0,3.0,3.0,3.0,3.0,3.0,3.0,3.0,3.0,3.0,3.0,3.0,3.0,3.0,3.0,3.0,3.0,3.0,3.0,3.0,3.0,3.0,3.0,3.0,3.0,3.0,3.0,3.0,3.0,3.0,3.0,3.0,3.0,3.0,3.0,3.0,3.0,3.0,3.0,3.0,3.0,3.0,3.0,3.0,3.0,3.0,3.0,3.0,3.0,3.0,3.0,3.0,3.0,3.0,3.0,3.0,3.0,3.0,3.0,3.0,3.0,3.0,3.0,3.0,3.0,3.0,3.0,3.0,3.0,3.0,3.0,3.0,3.0,3
MD7a8erZAko,79.0,79.0,81.0,83.0,83.0,84.0,87.0,89.0,90.0,93.0,95.0,95.0,96.0,96.0,98.0,99.0,100.0,100.0,100.0,100.0,100.0,100.0,100.0,102.0,102.0,102.0,102.0,102.0,102.0,102.0,103.0,103.0,103.0,103.0,104.0,105.0,105.0,102.0,102.0,102.0,102.0,103.0,103.0,104.0,104.0,104.0,104.0,104.0,104.0,104.0,104.0,104.0,104.0,104.0,104.0,104.0,104.0,104.0,104.0,104.0,104.0,104.0,104.0,104.0,104.0,104.0,104.0,104.0,106.0,106.0,106.0,106.0,106.0,106.0,106.0,106.0,106.0,106.0,106.0,106.0,106.0,106.0,106.0,106.0,106.0,106.0,106.0,105.0,105.0,105.0,105.0,105.0,105.0,105.0,105.0,105.0,105.0,105.0,105.0,104.0,104.0,104.0,104.0,104.0,104.0,104.0,104.0,104.0,104.0,104.0,105.0,105.0,105.0,105.0,105.0,105.0,105.0,105.0,105.0,105.0,105.0,105.0,105.0,105.0,105.0,105
Z9UuIhZxc4c,252.0,252.0,253.0,253.0,253.0,253.0,253.0,253.0,253.0,253.0,253.0,253.0,253.0,253.0,253.0,254.0,254.0,254.0,254.0,254.0,254.0,254.0,256.0,256.0,256.0,256.0,256.0,257.0,257.0,257.0,257.0,257.0,257.0,257.0,257.0,257.0,257.0,257.0,257.0,257.0,257.0,257.0,257.0,258.0,258.0,258.0,258.0,258.0,258.0,258.0,257.0,257.0,257.0,257.0,257.0,258.0,258.0,258.0,258.0,258.0,258.0,258.0,258.0,258.0,258.0,257.0,258.0,258.0,258.0,259.0,259.0,259.0,259.0,259.0,259.0,259.0,259.0,259.0,259.0,259.0,259.0,259.0,259.0,259.0,259.0,259.0,259.0,259.0,259.0,259.0,259.0,259.0,259.0,259.0,259.0,259.0,259.0,259.0,259.0,259.0,259.0,259.0,259.0,259.0,259.0,259.0,259.0,260.0,260.0,260.0,260.0,260.0,260.0,260.0,260.0,260.0,260.0,260.0,261.0,260.0,260.0,260.0,261.0,261.0,261.0,261
vTU8orIArcM,12.0,12.0,12.0,12.0,12.0,12.0,12.0,12.0,12.0,12.0,12.0,12.0,13.0,13.0,13.0,13.0,13.0,13.0,13.0,13.0,13.0,13.0,13.0,13.0,13.0,13.0,13.0,13.0,13.0,13.0,13.0,13.0,13.0,13.0,13.0,13.0,13.0,13.0,13.0,13.0,13.0,13.0,13.0,13.0,13.0,13.0,13.0,13.0,13.0,13.0,13.0,13.0,13.0,13.0,13.0,13.0,13.0,13.0,13.0,13.0,13.0,13.0,13.0,13.0,13.0,13.0,13.0,13.0,13.0,13.0,13.0,13.0,13.0,13.0,13.0,13.0,13.0,13.0,13.0,13.0,13.0,13.0,13.0,13.0,13.0,13.0,13.0,13.0,13.0,13.0,13.0,13.0,13.0,13.0,13.0,13.0,13.0,13.0,13.0,13.0,13.0,13.0,13.0,13.0,13.0,13.0,13.0,13.0,13.0,13.0,13.0,13.0,13.0,13.0,13.0,13.0,13.0,13.0,13.0,13.0,13.0,13.0,13.0,13.0,13.0,13
nz2_gNQDiVM,5033.0,5057.0,5067.0,5084.0,5103.0,5124.0,5147.0,5154.0,5166.0,5174.0,5178.0,5190.0,5203.0,5231.0,5263.0,5226.0,5250.0,5262.0,5274.0,5283.0,5289.0,5297.0,5301.0,5315.0,5323.0,5331.0,5338.0,5347.0,5382.0,5383.0,5390.0,5395.0,5394.0,5394.0,5387.0,5385.0,5385.0,5394.0,5396.0,5401.0,5401.0,5409.0,5416.0,5380.0,5381.0,5387.0,5385.0,5380.0,5382.0,5369.0,5377.0,5386.0,5397.0,5399.0,5402.0,5406.0,5408.0,5412.0,5399.0,5377.0,5378.0,5345.0,5351.0,5302.0,5301.0,5301.0,5295.0,5295.0,5294.0,5293.0,5292.0,5291.0,5293.0,5288.0,5277.0,5277.0,5277.0,5278.0,5281.0,5292.0,5283.0,5290.0,5290.0,5292.0,5294.0,5293.0,5292.0,5292.0,5292.0,5294.0,5294.0,5292.0,5295.0,5295.0,5295.0,5294.0,5292.0,5293.0,5294.0,5296.0,5300.0,5299.0,5300.0,5299.0,5299.0,5299.0,5297.0,5299.0,5302.0,5303.0,5304.0,5301.0,5304.0,5305.0,5304.0,5305.0,5303.0,5300.0,5295.0,5297.0,5296.0,5292.0,5294.0,5295.0,5298.0,5298
PFwOJ_Rankw,635.0,635.0,634.0,634.0,634.0,633.0,633.0,633.0,633.0,633.0,633.0,633.0,633.0,633.0,633.0,633.0,633.0,633.0,633.0,633.0,633.0,633.0,633.0,634.0,634.0,634.0,634.0,634.0,634.0,634.0,634.0,634.0,634.0,634.0,634.0,634.0,634.0,634.0,634.0,634.0,634.0,634.0,634.0,634.0,634.0,634.0,634.0,634.0,634.0,634.0,634.0,634.0,634.0,634.0,634.0,634.0,634.0,634.0,634.0,634.0,634.0,634.0,633.0,633.0,633.0,633.0,633.0,633.0,633.0,633.0,633.0,633.0,633.0,633.0,633.0,633.0,633.0,633.0,633.0,633.0,633.0,633.0,633.0,633.0,633.0,633.0,633.0,633.0,633.0,633.0,633.0,633.0,633.0,633.0,633.0,633.0,633.0,633.0,633.0,633.0,633.0,633.0,633.0,633.0,633.0,633.0,633.0,633.0,633.0,633.0,633.0,633.0,633.0,633.0,633.0,632.0,632.0,632.0,630.0,630.0,630.0,630.0,630.0,630.0,630.0,630
Quw1Vt3g9AE,2378.0,2373.0,2377.0,2376.0,2378.0,2378.0,2378.0,2378.0,2378.0,2377.0,2377.0,2376.0,2375.0,2375.0,2364.0,2365.0,2364.0,2365.0,2364.0,2364.0,2364.0,2364.0,2358.0,2358.0,2358.0,2358.0,2358.0,2358.0,2358.0,2358.0,2358.0,2358.0,2358.0,2358.0,2358.0,2359.0,2359.0,2359.0,2359.0,2359.0,2359.0,2359.0,2359.0,2359.0,2359.0,2359.0,2359.0,2359.0,2359.0,2359.0,2359.0,2359.0,2358.0,2358.0,2358.0,2358.0,2358.0,2358.0,2358.0,2358.0,2358.0,2358.0,2358.0,2358.0,2358.0,2358.0,2355.0,2355.0,2355.0,2355.0,2355.0,2354.0,2354.0,2354.0,2354.0,2352.0,2352.0,2352.0,2352.0,2352.0,2352.0,2352.0,2351.0,2351.0,2351.0,2351.0,2351.0,2351.0,2351.0,2351.0,2351.0,2351.0,2351.0,2351.0,2351.0,2349.0,2349.0,2349.0,2349.0,2349.0,2349.0,2349.0,2349.0,2348.0,2348.0,2348.0,2348.0,2348.0,2348.0,2348.0,2348.0,2348.0,2348.0,2348.0,2348.0,2347.0,2347.0,2346.0,2346.0,2346.0,2346.0,2345.0,2340.0,2338.0,2338.0,2338
Vc0D6onbAvU,154.0,155.0,156.0,156.0,156.0,156.0,156.0,156.0,156.0,156.0,157.0,157.0,157.0,157.0,157.0,157.0,158.0,158.0,158.0,158.0,158.0,158.0,158.0,158.0,158.0,158.0,158.0,158.0,158.0,158.0,158.0,158.0,158.0,158.0,158.0,158.0,158.0,158.0,158.0,158.0,158.0,158.0,158.0,158.0,158.0,158.0,158.0,158.0,158.0,158.0,158.0,160.0,159.0,159.0,159.0,159.0,159.0,159.0,159.0,159.0,159.0,159.0,159.0,159.0,159.0,159.0,159.0,159.0,159.0,159.0,159.0,159.0,159.0,159.0,159.0,159.0,159.0,159.0,159.0,159.0,159.0,159.0,159.0,159.0,159.0,159.0,159.0,159.0,159.0,159.0,159.0,159.0,159.0,159.0,159.0,159.0,159.0,159.0,159.0,159.0,159.0,159.0,159.0,159.0,159.0,159.0,159.0,159.0,159.0,159.0,159.0,159.0,159.0,159.0,159.0,159.0,159.0,159.0,159.0,159.0,159.0,159.0,159.0,159.0,159.0,159
CpmbqvF35jA,13.0,13.0,12.0,12.0,12.0,12.0,12.0,12.0,12.0,12.0,12.0,12.0,12.0,12.0,12.0,12.0,12.0,13.0,13.0,13.0,13.0,13.0,13.0,13.0,13.0,13.0,13.0,13.0,13.0,13.0,13.0,13.0,13.0,13.0,13.0,13.0,13.0,13.0,13.0,13.0,13.0,13.0,13.0,13.0,13.0,13.0,13.0,13.0,13.0,13.0,13.0,13.0,13.0,13.0,13.0,13.0,13.0,13.0,13.0,13.0,13.0,13.0,13.0,13.0,13.0,13.0,13.0,13.0,13.0,13.0,13.0,13.0,13.0,13.0,13.0,13.0,13.0,13.0,13.0,13.0,13.0,13.0,13.0,13.0,13.0,13.0,13.0,13.0,13.0,13.0,13.0,13.0,13.0,13.0,13.0,13.0,13.0,13.0,13.0,13.0,13.0,13.0,13.0,13.0,14.0,14.0,14.0,14.0,14.0,14.0,14.0,14.0,14.0,14.0,14.0,14.0,14.0,14.0,14.0,14.0,14.0,14.0,14.0,14.0,14.0,14
Hf2wjEU2rzo,1594.0,1597.0,1597.0,1599.0,1602.0,1605.0,1605.0,1606.0,1606.0,1605.0,1605.0,1606.0,1606.0,1606.0,1607.0,1607.0,1607.0,1607.0,1607.0,1608.0,1608.0,1608.0,1608.0,1607.0,1607.0,1607.0,1607.0,1607.0,1607.0,1607.0,1607.0,1607.0,1607.0,1607.0,1607.0,1607.0,1607.0,1607.0,1607.0,1607.0,1607.0,1607.0,1607.0,1607.0,1607.0,1607.0,1607.0,1607.0,1607.0,1607.0,1607.0,1607.0,1607.0,1607.0,1607.0,1607.0,1607.0,1607.0,1607.0,1607.0,1606.0,1606.0,1606.0,1606.0,1606.0,1606.0,1606.0,1606.0,1606.0,1607.0,1607.0,1607.0,1607.0,1607.0,1607.0,1607.0,1607.0,1607.0,1607.0,1607.0,1607.0,1607.0,1607.0,1607.0,1607.0,1607.0,1607.0,1607.0,1607.0,1607.0,1607.0,1607.0,1607.0,1607.0,1607.0,1607.0,1607.0,1607.0,1607.0,1607.0,1607.0,1607.0,1607.0,1607.0,1607.0,1607.0,1607.0,1607.0,1607.0,1606.0,1606.0,1606.0,1606.0,1606.0,1606.0,1607.0,1607.0,1607.0,1607.0,1607.0,1607.0,1607.0,1606.0,1606.0,1606.0,1606
VOcLp_t39Lk,31.0,31.0,31.0,31.0,31.0,31.0,31.0,31.0,31.0,31.0,31.0,31.0,31.0,31.0,32.0,32.0,34.0,34.0,35.0,36.0,36.0,36.0,36.0,36.0,36.0,36.0,36.0,36.0,36.0,36.0,36.0,36.0,36.0,36.0,36.0,36.0,36.0,36.0,36.0,36.0,36.0,36.0,36.0,36.0,36.0,36.0,36.0,36.0,36.0,36.0,36.0,36.0,36.0,36.0,36.0,36.0,36.0,36.0,36.0,36.0,36.0,36.0,36.0,36.0,36.0,36.0,36.0,36.0,36.0,36.0,36.0,36.0,36.0,36.0,36.0,36.0,36.0,36.0,36.0,36.0,36.0,36.0,36.0,36.0,36.0,36.0,36.0,36.0,36.0,36.0,36.0,36.0,36.0,36.0,36.0,36.0,36.0,36.0,35.0,35.0,35.0,35.0,35.0,35.0,35.0,35.0,35.0,35.0,35.0,35.0,35.0,35.0,35.0,35.0,35.0,35.0,35.0,35.0,35.0,35.0,35.0,35.0,35.0,35.0,35.0,35
uR6IfFiP9r0,6.0,6.0,6.0,6.0,6.0,6.0,6.0,6.0,6.0,6.0,6.0,6.0,6.0,6.0,6.0,6.0,6.0,6.0,6.0,6.0,6.0,6.0,6.0,6.0,6.0,6.0,6.0,6.0,6.0,6.0,6.0,6.0,6.0,6.0,6.0,6.0,6.0,6.0,6.0,6.0,6.0,6.0,6.0,6.0,6.0,6.0,6.0,6.0,6.0,6.0,6.0,6.0,6.0,6.0,6.0,6.0,6.0,6.0,6.0,6.0,6.0,6.0,6.0,6.0,6.0,6.0,6.0,6.0,6.0,6.0,6.0,6.0,6.0,6.0,6.0,6.0,6.0,6.0,6.0,6.0,6.0,6.0,6.0,6.0,6.0,6.0,6.0,6.0,6.0,6.0,6.0,6.0,6.0,6.0,6.0,6.0,6.0,6.0,6.0,6.0,6.0,6.0,6.0,6.0,6.0,6.0,6.0,6.0,6.0,6.0,6.0,6.0,6.0,6.0,6.0,6.0,6.0,6.0,6.0,6.0,6.0,6.0,6.0,6.0,6.0,6
skRqI7cVJ90,0.0,0.0,0.0,0.0,0.0,0.0,0.0,0.0,0.0,0.0,0.0,0.0,0.0,0.0,0.0,0.0,0.0,0.0,0.0,0.0,0.0,0.0,0.0,0.0,0.0,0.0,0.0,0.0,0.0,0.0,0.0,0.0,0.0,0.0,0.0,0.0,0.0,0.0,0.0,0.0,0.0,0.0,0.0,0.0,0.0,0.0,0.0,0.0,0.0,0.0,0.0,0.0,0.0,0.0,0.0,0.0,0.0,0.0,0.0,0.0,0.0,0.0,0.0,0.0,0.0,0.0,0.0,0.0,0.0,0.0,0.0,0.0,0.0,0.0,0.0,0.0,0.0,0.0,0.0,0.0,0.0,0.0,0.0,0.0,0.0,0.0,0.0,0.0,0.0,0.0,0.0,0.0,0.0,0.0,0.0,0.0,0.0,0.0,0.0,0.0,0.0,0.0,0.0,0.0,0.0,0.0,0.0,0.0,0.0,0.0,0.0,0.0,0.0,0.0,0.0,0.0,0.0,0.0,0.0,0.0,0.0,0.0,0.0,0.0,0.0,0
boLbRoX6M3A,32.0,32.0,32.0,33.0,33.0,33.0,33.0,35.0,34.0,34.0,34.0,34.0,34.0,34.0,34.0,34.0,34.0,34.0,34.0,34.0,38.0,38.0,39.0,39.0,39.0,40.0,40.0,40.0,40.0,40.0,40.0,40.0,40.0,40.0,41.0,41.0,41.0,41.0,41.0,41.0,41.0,42.0,42.0,42.0,42.0,42.0,42.0,42.0,42.0,42.0,42.0,42.0,42.0,42.0,42.0,42.0,41.0,41.0,42.0,42.0,42.0,42.0,42.0,42.0,42.0,43.0,43.0,43.0,43.0,43.0,43.0,43.0,43.0,43.0,43.0,43.0,44.0,44.0,44.0,44.0,44.0,44.0,44.0,44.0,44.0,44.0,44.0,43.0,43.0,43.0,43.0,43.0,43.0,43.0,43.0,43.0,43.0,43.0,43.0,43.0,43.0,43.0,43.0,43.0,43.0,43.0,43.0,43.0,44.0,44.0,44.0,44.0,44.0,44.0,44.0,44.0,44.0,44.0,44.0,44.0,44.0,44.0,44.0,44.0,44.0,44
xj7ZqceXoao,0.0,0.0,0.0,0.0,0.0,0.0,0.0,0.0,0.0,0.0,0.0,0.0,0.0,0.0,0.0,0.0,0.0,0.0,0.0,0.0,0.0,0.0,0.0,0.0,0.0,0.0,0.0,0.0,0.0,0.0,0.0,0.0,0.0,0.0,0.0,0.0,0.0,0.0,0.0,0.0,0.0,0.0,0.0,0.0,0.0,0.0,0.0,0.0,0.0,0.0,0.0,0.0,0.0,0.0,0.0,0.0,0.0,0.0,0.0,0.0,0.0,0.0,0.0,0.0,0.0,0.0,0.0,0.0,0.0,0.0,0.0,0.0,0.0,0.0,0.0,0.0,0.0,0.0,0.0,0.0,0.0,0.0,0.0,0.0,0.0,0.0,0.0,0.0,0.0,0.0,0.0,0.0,0.0,0.0,0.0,0.0,0.0,0.0,0.0,0.0,0.0,0.0,0.0,0.0,0.0,0.0,0.0,0.0,0.0,0.0,0.0,0.0,0.0,0.0,0.0,0.0,0.0,0.0,0.0,0.0,0.0,0.0,0.0,0.0,0.0,0
jS0edWOKxJg,407.0,407.0,407.0,407.0,406.0,406.0,406.0,406.0,406.0,406.0,406.0,406.0,406.0,406.0,406.0,406.0,406.0,406.0,406.0,406.0,407.0,407.0,407.0,407.0,407.0,407.0,407.0,407.0,407.0,406.0,406.0,406.0,406.0,406.0,406.0,406.0,406.0,406.0,406.0,406.0,406.0,406.0,405.0,405.0,405.0,405.0,405.0,405.0,405.0,405.0,405.0,405.0,405.0,405.0,405.0,405.0,405.0,405.0,405.0,405.0,405.0,405.0,405.0,405.0,405.0,405.0,405.0,405.0,405.0,405.0,405.0,405.0,405.0,405.0,405.0,405.0,405.0,405.0,405.0,405.0,405.0,405.0,405.0,405.0,405.0,405.0,405.0,405.0,405.0,405.0,405.0,405.0,405.0,405.0,405.0,405.0,405.0,405.0,404.0,404.0,404.0,404.0,404.0,404.0,404.0,404.0,404.0,404.0,404.0,404.0,404.0,404.0,404.0,404.0,404.0,404.0,404.0,404.0,404.0,404.0,404.0,404.0,404.0,403.0,403.0,403
wBHofKoOmRI,407.0,412.0,416.0,420.0,424.0,428.0,428.0,429.0,429.0,430.0,435.0,436.0,438.0,441.0,441.0,444.0,445.0,446.0,449.0,450.0,450.0,452.0,454.0,455.0,455.0,454.0,457.0,457.0,458.0,460.0,462.0,468.0,469.0,479.0,486.0,486.0,487.0,488.0,489.0,489.0,489.0,489.0,490.0,494.0,494.0,494.0,496.0,496.0,497.0,497.0,497.0,498.0,499.0,499.0,498.0,499.0,500.0,500.0,501.0,501.0,503.0,503.0,504.0,504.0,504.0,510.0,511.0,512.0,512.0,516.0,517.0,518.0,518.0,518.0,518.0,518.0,519.0,520.0,524.0,525.0,527.0,532.0,536.0,537.0,539.0,544.0,546.0,546.0,546.0,548.0,548.0,549.0,549.0,553.0,553.0,554.0,554.0,554.0,554.0,554.0,556.0,559.0,559.0,559.0,559.0,562.0,562.0,562.0,562.0,562.0,562.0,562.0,562.0,562.0,562.0,563.0,564.0,564.0,564.0,565.0,565.0,564.0,564.0,564.0,567.0,567
3uBTOeens6Q,200.0,201.0,202.0,203.0,204.0,204.0,204.0,204.0,207.0,209.0,211.0,212.0,212.0,214.0,214.0,215.0,216.0,216.0,216.0,216.0,216.0,216.0,216.0,216.0,216.0,216.0,216.0,217.0,217.0,217.0,217.0,217.0,218.0,218.0,219.0,219.0,219.0,219.0,219.0,219.0,219.0,219.0,219.0,219.0,219.0,219.0,219.0,219.0,219.0,219.0,219.0,219.0,221.0,221.0,221.0,221.0,221.0,221.0,221.0,221.0,221.0,221.0,221.0,221.0,221.0,221.0,221.0,222.0,222.0,223.0,223.0,224.0,224.0,224.0,224.0,224.0,224.0,224.0,224.0,224.0,224.0,224.0,224.0,224.0,224.0,224.0,224.0,224.0,224.0,224.0,224.0,224.0,224.0,224.0,224.0,224.0,224.0,224.0,224.0,224.0,224.0,224.0,224.0,224.0,224.0,224.0,224.0,224.0,224.0,224.0,224.0,224.0,224.0,224.0,224.0,224.0,224.0,224.0,224.0,224.0,224.0,224.0,224.0,225.0,226.0,226
a0nOY2or9ks,26.0,26.0,26.0,26.0,27.0,27.0,27.0,28.0,29.0,29.0,29.0,30.0,30.0,30.0,30.0,30.0,30.0,30.0,30.0,30.0,30.0,30.0,30.0,30.0,30.0,30.0,30.0,30.0,30.0,30.0,30.0,30.0,30.0,30.0,30.0,30.0,30.0,30.0,30.0,30.0,30.0,30.0,31.0,31.0,31.0,31.0,31.0,31.0,31.0,31.0,31.0,31.0,32.0,32.0,32.0,32.0,32.0,32.0,32.0,32.0,32.0,32.0,32.0,32.0,32.0,32.0,33.0,33.0,33.0,33.0,33.0,33.0,33.0,33.0,33.0,33.0,33.0,33.0,33.0,33.0,33.0,33.0,33.0,33.0,33.0,33.0,33.0,33.0,33.0,33.0,33.0,33.0,33.0,33.0,33.0,33.0,33.0,33.0,33.0,33.0,33.0,33.0,33.0,33.0,33.0,33.0,33.0,33.0,33.0,33.0,33.0,33.0,33.0,33.0,33.0,33.0,33.0,33.0,32.0,32.0,32.0,32.0,32.0,32.0,32.0,32
8FR4iyQ7JdI,292.0,292.0,292.0,292.0,292.0,292.0,292.0,292.0,292.0,292.0,293.0,293.0,293.0,293.0,293.0,292.0,291.0,292.0,292.0,292.0,292.0,292.0,293.0,293.0,293.0,293.0,292.0,292.0,292.0,292.0,292.0,292.0,293.0,293.0,293.0,293.0,293.0,293.0,293.0,293.0,293.0,293.0,293.0,293.0,293.0,293.0,293.0,293.0,294.0,294.0,294.0,294.0,294.0,294.0,294.0,293.0,293.0,292.0,293.0,293.0,293.0,293.0,293.0,293.0,294.0,294.0,294.0,295.0,295.0,295.0,295.0,295.0,295.0,295.0,295.0,295.0,295.0,295.0,295.0,295.0,296.0,296.0,295.0,296.0,296.0,297.0,297.0,297.0,297.0,297.0,297.0,297.0,297.0,296.0,296.0,296.0,296.0,296.0,296.0,296.0,296.0,296.0,296.0,296.0,296.0,296.0,296.0,296.0,296.0,296.0,296.0,296.0,296.0,296.0,296.0,295.0,295.0,295.0,295.0,295.0,295.0,295.0,295.0,294.0,294.0,294
P4EQ2bsD3Qo,219.0,219.0,219.0,219.0,219.0,219.0,219.0,219.0,219.0,219.0,219.0,219.0,219.0,220.0,220.0,220.0,220.0,220.0,220.0,223.0,223.0,223.0,223.0,223.0,223.0,223.0,223.0,223.0,223.0,223.0,223.0,223.0,223.0,223.0,223.0,223.0,223.0,224.0,224.0,224.0,224.0,224.0,224.0,224.0,224.0,224.0,224.0,224.0,224.0,224.0,224.0,224.0,224.0,224.0,224.0,224.0,224.0,224.0,224.0,224.0,224.0,224.0,224.0,224.0,224.0,224.0,224.0,224.0,224.0,224.0,224.0,224.0,224.0,224.0,224.0,224.0,224.0,224.0,224.0,224.0,224.0,224.0,224.0,224.0,224.0,224.0,224.0,224.0,224.0,224.0,193.0,193.0,193.0,193.0,193.0,193.0,193.0,193.0,193.0,224.0,224.0,224.0,224.0,224.0,224.0,224.0,224.0,224.0,224.0,225.0,225.0,226.0,226.0,226.0,226.0,226.0,226.0,226.0,226.0,226.0,226.0,226.0,226.0,226.0,226.0,227
gkzaARFOKI0,525.0,526.0,527.0,530.0,533.0,534.0,535.0,538.0,539.0,539.0,539.0,538.0,539.0,541.0,543.0,545.0,546.0,548.0,548.0,538.0,540.0,540.0,540.0,542.0,543.0,544.0,545.0,545.0,545.0,545.0,546.0,547.0,547.0,549.0,551.0,551.0,551.0,553.0,553.0,555.0,556.0,558.0,558.0,559.0,560.0,562.0,562.0,562.0,560.0,560.0,561.0,560.0,562.0,563.0,565.0,566.0,568.0,569.0,569.0,569.0,572.0,572.0,573.0,571.0,572.0,573.0,573.0,573.0,574.0,574.0,575.0,575.0,583.0,583.0,584.0,584.0,586.0,587.0,588.0,588.0,591.0,592.0,591.0,591.0,592.0,592.0,592.0,593.0,593.0,594.0,595.0,596.0,597.0,598.0,600.0,601.0,601.0,601.0,600.0,600.0,602.0,601.0,601.0,601.0,601.0,601.0,603.0,605.0,605.0,608.0,609.0,610.0,612.0,612.0,612.0,612.0,612.0,612.0,612.0,612.0,612.0,612.0,613.0,614.0,614.0,613
9u7wYEizkK4,725.0,729.0,730.0,732.0,733.0,735.0,737.0,740.0,741.0,747.0,746.0,748.0,752.0,753.0,756.0,757.0,757.0,757.0,758.0,759.0,764.0,764.0,764.0,764.0,764.0,765.0,768.0,769.0,769.0,771.0,771.0,772.0,772.0,774.0,774.0,776.0,777.0,779.0,780.0,780.0,780.0,781.0,781.0,781.0,780.0,780.0,779.0,778.0,779.0,780.0,780.0,780.0,781.0,781.0,781.0,782.0,782.0,782.0,782.0,782.0,782.0,783.0,783.0,783.0,783.0,783.0,783.0,783.0,783.0,783.0,783.0,785.0,785.0,785.0,785.0,785.0,785.0,785.0,785.0,785.0,785.0,786.0,786.0,787.0,787.0,787.0,787.0,787.0,787.0,788.0,788.0,788.0,789.0,790.0,790.0,790.0,789.0,790.0,790.0,790.0,790.0,790.0,790.0,790.0,791.0,791.0,791.0,791.0,791.0,791.0,791.0,792.0,791.0,791.0,791.0,791.0,791.0,791.0,793.0,794.0,794.0,794.0,795.0,795.0,795.0,795
8FR4iyQ7JdI,292.0,292.0,292.0,292.0,292.0,292.0,292.0,292.0,292.0,292.0,293.0,293.0,293.0,293.0,293.0,292.0,291.0,292.0,292.0,292.0,292.0,292.0,293.0,293.0,293.0,293.0,292.0,292.0,292.0,292.0,292.0,292.0,293.0,293.0,293.0,293.0,293.0,293.0,293.0,293.0,293.0,293.0,293.0,293.0,293.0,293.0,293.0,293.0,294.0,294.0,294.0,294.0,294.0,294.0,294.0,293.0,293.0,292.0,293.0,293.0,293.0,293.0,293.0,293.0,294.0,294.0,294.0,295.0,295.0,295.0,295.0,295.0,295.0,295.0,295.0,295.0,295.0,295.0,295.0,295.0,296.0,296.0,295.0,296.0,296.0,297.0,297.0,297.0,297.0,297.0,297.0,297.0,297.0,296.0,296.0,296.0,296.0,296.0,296.0,296.0,296.0,296.0,296.0,296.0,296.0,296.0,296.0,296.0,296.0,296.0,296.0,296.0,296.0,296.0,296.0,295.0,295.0,295.0,295.0,295.0,295.0,295.0,295.0,294.0,294.0,294
UWyw9wTPgv4,7440.0,7444.0,7446.0,7450.0,7453.0,7456.0,7464.0,7469.0,7482.0,7486.0,7489.0,7492.0,7494.0,7499.0,7505.0,7500.0,7501.0,7505.0,7504.0,7506.0,7507.0,7505.0,7509.0,7510.0,7512.0,7510.0,7510.0,7511.0,7510.0,7510.0,7512.0,7513.0,7514.0,7515.0,7515.0,7515.0,7515.0,7515.0,7519.0,7515.0,7516.0,7518.0,7518.0,7515.0,7515.0,7515.0,7517.0,7518.0,7519.0,7518.0,7519.0,7519.0,7519.0,7518.0,7519.0,7520.0,7522.0,7523.0,7523.0,7522.0,7523.0,7512.0,7513.0,7514.0,7514.0,7515.0,7515.0,7521.0,7519.0,7519.0,7519.0,7520.0,7522.0,7521.0,7521.0,7523.0,7524.0,7523.0,7524.0,7527.0,7528.0,7528.0,7520.0,7520.0,7523.0,7523.0,7523.0,7523.0,7524.0,7523.0,7522.0,7521.0,7521.0,7525.0,7525.0,7525.0,7526.0,7528.0,7501.0,7501.0,7501.0,7501.0,7501.0,7501.0,7502.0,7509.0,7509.0,7509.0,7509.0,7509.0,7508.0,7510.0,7510.0,7509.0,7510.0,7512.0,7511.0,7512.0,7512.0,7517.0,7518.0,7518.0,7517.0,7517.0,7517.0,7517
oOxespBOLHA,121.0,122.0,123.0,126.0,129.0,136.0,137.0,137.0,137.0,137.0,137.0,137.0,137.0,137.0,137.0,137.0,137.0,138.0,139.0,139.0,139.0,140.0,140.0,140.0,140.0,140.0,140.0,140.0,142.0,142.0,142.0,142.0,142.0,142.0,142.0,142.0,142.0,143.0,143.0,143.0,143.0,143.0,143.0,143.0,143.0,143.0,143.0,143.0,144.0,145.0,145.0,145.0,145.0,145.0,145.0,145.0,145.0,145.0,145.0,145.0,145.0,145.0,145.0,145.0,145.0,145.0,145.0,145.0,145.0,145.0,145.0,145.0,145.0,145.0,145.0,145.0,146.0,146.0,146.0,146.0,146.0,146.0,146.0,146.0,146.0,146.0,146.0,146.0,146.0,146.0,146.0,146.0,146.0,146.0,146.0,146.0,146.0,146.0,146.0,146.0,146.0,146.0,146.0,146.0,146.0,146.0,146.0,146.0,146.0,147.0,147.0,147.0,147.0,147.0,147.0,147.0,147.0,146.0,146.0,146.0,146.0,146.0,146.0,146.0,146.0,146
uCAhSTquvRs,32.0,32.0,32.0,32.0,32.0,32.0,32.0,32.0,32.0,32.0,32.0,32.0,32.0,32.0,32.0,32.0,32.0,32.0,32.0,32.0,32.0,32.0,32.0,32.0,32.0,32.0,32.0,32.0,32.0,32.0,32.0,32.0,32.0,32.0,32.0,32.0,32.0,32.0,32.0,32.0,32.0,32.0,32.0,32.0,32.0,32.0,32.0,32.0,32.0,32.0,32.0,32.0,32.0,32.0,32.0,32.0,32.0,32.0,32.0,32.0,32.0,32.0,32.0,32.0,32.0,32.0,32.0,32.0,32.0,32.0,32.0,32.0,32.0,32.0,32.0,32.0,32.0,32.0,32.0,32.0,32.0,32.0,32.0,32.0,32.0,32.0,32.0,32.0,32.0,32.0,32.0,32.0,32.0,32.0,32.0,32.0,32.0,32.0,32.0,32.0,32.0,32.0,32.0,32.0,32.0,32.0,32.0,32.0,32.0,32.0,32.0,32.0,32.0,32.0,32.0,32.0,32.0,32.0,32.0,32.0,32.0,32.0,32.0,32.0,32.0,32
EyHp8GISXeM,113.0,112.0,113.0,112.0,114.0,117.0,120.0,121.0,121.0,122.0,122.0,124.0,124.0,125.0,126.0,127.0,128.0,127.0,127.0,128.0,129.0,129.0,129.0,129.0,129.0,129.0,129.0,130.0,130.0,130.0,130.0,130.0,130.0,130.0,132.0,132.0,132.0,132.0,132.0,132.0,132.0,132.0,132.0,132.0,132.0,132.0,132.0,132.0,132.0,132.0,132.0,132.0,132.0,132.0,132.0,132.0,132.0,132.0,132.0,132.0,132.0,132.0,132.0,132.0,132.0,132.0,132.0,132.0,131.0,131.0,131.0,131.0,131.0,131.0,131.0,131.0,131.0,131.0,131.0,131.0,131.0,132.0,132.0,132.0,132.0,132.0,133.0,133.0,133.0,133.0,134.0,134.0,134.0,134.0,135.0,135.0,135.0,135.0,135.0,135.0,135.0,135.0,135.0,135.0,135.0,135.0,135.0,136.0,137.0,137.0,137.0,137.0,137.0,137.0,137.0,137.0,137.0,137.0,137.0,137.0,137.0,137.0,137.0,137.0,137.0,137
4dler3qgY9A,168.0,169.0,169.0,171.0,172.0,173.0,173.0,173.0,173.0,175.0,176.0,177.0,179.0,179.0,179.0,179.0,179.0,183.0,183.0,184.0,184.0,186.0,186.0,187.0,186.0,186.0,186.0,186.0,186.0,189.0,191.0,191.0,191.0,191.0,191.0,193.0,193.0,194.0,193.0,194.0,194.0,194.0,196.0,196.0,195.0,196.0,196.0,196.0,196.0,196.0,196.0,197.0,197.0,197.0,197.0,196.0,196.0,196.0,196.0,196.0,196.0,197.0,197.0,197.0,197.0,197.0,197.0,197.0,197.0,197.0,198.0,198.0,198.0,198.0,199.0,199.0,199.0,199.0,199.0,199.0,199.0,199.0,199.0,201.0,201.0,201.0,201.0,201.0,201.0,201.0,201.0,201.0,202.0,202.0,202.0,203.0,204.0,205.0,205.0,205.0,205.0,205.0,205.0,205.0,205.0,205.0,205.0,204.0,204.0,204.0,204.0,204.0,204.0,204.0,204.0,204.0,204.0,204.0,204.0,204.0,205.0,203.0,203.0,203.0,203.0,203
r13d3MXosOk,2763.0,2774.0,2784.0,2789.0,2795.0,2796.0,2799.0,2799.0,2802.0,2798.0,2804.0,2811.0,2811.0,2811.0,2812.0,2813.0,2812.0,2810.0,2809.0,2809.0,2806.0,2806.0,2804.0,2803.0,2803.0,2803.0,2804.0,2804.0,2804.0,2802.0,2802.0,2801.0,2801.0,2800.0,2800.0,2800.0,2800.0,2800.0,2800.0,2799.0,2799.0,2799.0,2799.0,2798.0,2798.0,2798.0,2798.0,2798.0,2798.0,2798.0,2797.0,2797.0,2798.0,2798.0,2797.0,2797.0,2797.0,2797.0,2796.0,2796.0,2796.0,2796.0,2794.0,2794.0,2793.0,2791.0,2791.0,2789.0,2789.0,2787.0,2787.0,2788.0,2788.0,2788.0,2787.0,2787.0,2787.0,2787.0,2787.0,2787.0,2787.0,2787.0,2787.0,2787.0,2787.0,2787.0,2787.0,2787.0,2787.0,2787.0,2786.0,2785.0,2785.0,2785.0,2785.0,2785.0,2785.0,2785.0,2781.0,2781.0,2781.0,2781.0,2780.0,2784.0,2784.0,2782.0,2783.0,2782.0,2782.0,2781.0,2781.0,2781.0,2780.0,2780.0,2781.0,2781.0,2781.0,2781.0,2781.0,2781.0,2781.0,2779.0,2779.0,2779.0,2779.0,2779
WvkepQSuJsk,50.0,50.0,51.0,51.0,51.0,51.0,51.0,51.0,51.0,51.0,51.0,51.0,51.0,51.0,51.0,51.0,51.0,51.0,51.0,51.0,51.0,51.0,51.0,51.0,51.0,51.0,51.0,51.0,52.0,52.0,52.0,52.0,53.0,53.0,53.0,54.0,54.0,54.0,54.0,54.0,54.0,54.0,54.0,54.0,54.0,54.0,54.0,54.0,54.0,54.0,54.0,54.0,54.0,54.0,54.0,54.0,54.0,54.0,54.0,54.0,54.0,54.0,54.0,54.0,54.0,54.0,54.0,54.0,54.0,54.0,54.0,54.0,54.0,54.0,54.0,54.0,54.0,54.0,54.0,54.0,54.0,55.0,55.0,55.0,55.0,55.0,55.0,54.0,54.0,54.0,54.0,54.0,54.0,54.0,54.0,54.0,54.0,54.0,54.0,54.0,54.0,54.0,54.0,54.0,54.0,54.0,54.0,54.0,54.0,54.0,54.0,54.0,54.0,54.0,54.0,54.0,54.0,54.0,54.0,54.0,54.0,54.0,54.0,55.0,55.0,55
EzXvFrKRBaI,889.0,896.0,900.0,904.0,908.0,911.0,912.0,912.0,912.0,908.0,908.0,908.0,909.0,909.0,909.0,909.0,911.0,911.0,911.0,911.0,911.0,911.0,911.0,911.0,911.0,912.0,911.0,909.0,910.0,911.0,911.0,912.0,913.0,913.0,913.0,913.0,913.0,913.0,913.0,913.0,913.0,912.0,912.0,912.0,912.0,911.0,911.0,911.0,911.0,910.0,910.0,910.0,910.0,910.0,910.0,910.0,910.0,910.0,910.0,910.0,910.0,910.0,909.0,909.0,909.0,909.0,909.0,909.0,909.0,909.0,909.0,909.0,909.0,909.0,909.0,909.0,909.0,909.0,909.0,909.0,908.0,908.0,908.0,908.0,908.0,908.0,908.0,908.0,908.0,908.0,908.0,908.0,908.0,908.0,908.0,908.0,908.0,908.0,908.0,907.0,907.0,907.0,906.0,906.0,906.0,906.0,906.0,906.0,906.0,906.0,906.0,905.0,905.0,905.0,905.0,905.0,905.0,905.0,905.0,905.0,905.0,905.0,905.0,905.0,905.0,905
WT0RHSmUIGQ,229.0,281.0,313.0,333.0,353.0,353.0,393.0,428.0,437.0,447.0,455.0,464.0,483.0,502.0,520.0,538.0,549.0,563.0,577.0,577.0,577.0,580.0,580.0,580.0,580.0,580.0,580.0,598.0,614.0,630.0,643.0,648.0,653.0,664.0,675.0,680.0,684.0,702.0,712.0,716.0,726.0,742.0,751.0,756.0,775.0,786.0,800.0,815.0,831.0,846.0,868.0,869.0,869.0,869.0,869.0,869.0,869.0,869.0,869.0,868.0,868.0,868.0,868.0,868.0,868.0,868.0,868.0,868.0,868.0,869.0,869.0,869.0,869.0,869.0,869.0,869.0,868.0,868.0,868.0,868.0,868.0,868.0,868.0,868.0,868.0,868.0,868.0,868.0,868.0,868.0,868.0,907.0,936.0,961.0,989.0,1015.0,1033.0,1090.0,1082.0,1090.0,1090.0,1090.0,1090.0,1090.0,1090.0,1090.0,1090.0,1090.0,1090.0,1090.0,1090.0,1090.0,1090.0,1090.0,1090.0,1090.0,1090.0,1088.0,1088.0,1088.0,1088.0,1088.0,1088.0,1088.0,1088.0,1088
BkfJyLwcKdA,1179.0,1180.0,1180.0,1181.0,1181.0,1181.0,1181.0,1181.0,1181.0,1181.0,1181.0,1181.0,1181.0,1181.0,1181.0,1181.0,1181.0,1181.0,1181.0,1181.0,1181.0,1181.0,1181.0,1181.0,1181.0,1181.0,1181.0,1181.0,1181.0,1180.0,1180.0,1180.0,1180.0,1180.0,1180.0,1180.0,1180.0,1180.0,1180.0,1181.0,1183.0,1184.0,1184.0,1184.0,1184.0,1184.0,1184.0,1184.0,1184.0,1184.0,1184.0,1184.0,1183.0,1182.0,1182.0,1183.0,1183.0,1184.0,1184.0,1184.0,1185.0,1185.0,1185.0,1185.0,1185.0,1185.0,1185.0,1185.0,1185.0,1185.0,1185.0,1184.0,1184.0,1184.0,1184.0,1184.0,1184.0,1184.0,1184.0,1184.0,1184.0,1184.0,1184.0,1184.0,1184.0,1184.0,1184.0,1184.0,1184.0,1184.0,1184.0,1184.0,1184.0,1184.0,1184.0,1184.0,1184.0,1182.0,1182.0,1182.0,1182.0,1182.0,1182.0,1182.0,1182.0,1182.0,1182.0,1182.0,1182.0,1182.0,1182.0,1182.0,1182.0,1182.0,1182.0,1182.0,1182.0,1182.0,1182.0,1182.0,1182.0,1182.0,1182.0,1182.0,1182.0,1182
I6YYqKY2pz8,0.0,0.0,0.0,0.0,0.0,0.0,0.0,0.0,0.0,0.0,0.0,0.0,0.0,0.0,0.0,0.0,0.0,0.0,0.0,0.0,0.0,0.0,0.0,0.0,0.0,0.0,0.0,0.0,0.0,0.0,0.0,2.0,3.0,3.0,4.0,4.0,4.0,4.0,4.0,4.0,4.0,4.0,4.0,4.0,5.0,7.0,7.0,7.0,7.0,8.0,9.0,9.0,10.0,10.0,10.0,10.0,11.0,11.0,11.0,11.0,11.0,11.0,11.0,11.0,11.0,13.0,13.0,13.0,13.0,14.0,14.0,14.0,14.0,14.0,14.0,14.0,14.0,14.0,14.0,14.0,16.0,19.0,20.0,20.0,20.0,20.0,21.0,21.0,22.0,22.0,22.0,22.0,22.0,22.0,22.0,22.0,23.0,23.0,24.0,24.0,24.0,24.0,24.0,24.0,24.0,24.0,24.0,24.0,24.0,24.0,24.0,25.0,25.0,25.0,25.0,25.0,25.0,25.0,26.0,26.0,26.0,26.0,27.0,27.0,27.0,27
t9XQb2b_KtE,9756.0,9815.0,9866.0,10007.0,10077.0,10124.0,10173.0,10221.0,10266.0,10303.0,10360.0,10409.0,10444.0,10491.0,10539.0,10569.0,10606.0,10639.0,10651.0,10671.0,10693.0,10702.0,10716.0,10730.0,10762.0,10787.0,10808.0,10812.0,10819.0,10851.0,10869.0,10878.0,10911.0,10934.0,10947.0,10968.0,11036.0,11047.0,11054.0,11055.0,11059.0,11050.0,11058.0,11063.0,11038.0,11042.0,11054.0,11057.0,11055.0,11058.0,11060.0,11063.0,11060.0,11061.0,11062.0,11063.0,11064.0,11065.0,11068.0,11072.0,11075.0,11077.0,11077.0,11079.0,11080.0,11081.0,11083.0,11075.0,11075.0,11076.0,11078.0,11081.0,11081.0,11083.0,11087.0,11088.0,11090.0,11092.0,11093.0,11095.0,11100.0,11106.0,11108.0,11111.0,11109.0,11111.0,11112.0,11114.0,11116.0,11118.0,11121.0,11118.0,11118.0,11119.0,11122.0,11122.0,11123.0,11123.0,11123.0,11124.0,11123.0,11124.0,11127.0,11128.0,11129.0,11127.0,11129.0,11129.0,11127.0,11128.0,11129.0,11130.0,11131.0,11133.0,11132.0,11134.0,11132.0,11132.0,11133.0,11134.0,11130.0,11129.0,11129.0,11127.0,11130.0,11128
B45UviB4P7g,0.0,0.0,0.0,0.0,0.0,0.0,0.0,0.0,0.0,0.0,0.0,0.0,0.0,0.0,0.0,0.0,0.0,0.0,0.0,0.0,0.0,0.0,0.0,0.0,0.0,0.0,0.0,0.0,0.0,0.0,0.0,0.0,0.0,0.0,0.0,0.0,0.0,0.0,0.0,0.0,0.0,0.0,0.0,0.0,0.0,0.0,0.0,0.0,0.0,0.0,0.0,0.0,0.0,0.0,0.0,0.0,0.0,0.0,0.0,0.0,0.0,0.0,0.0,0.0,0.0,0.0,0.0,0.0,0.0,0.0,0.0,0.0,0.0,0.0,0.0,0.0,0.0,0.0,0.0,0.0,0.0,0.0,0.0,0.0,0.0,0.0,0.0,0.0,0.0,0.0,0.0,0.0,0.0,0.0,0.0,0.0,0.0,0.0,0.0,0.0,0.0,0.0,0.0,0.0,0.0,0.0,0.0,0.0,0.0,0.0,0.0,0.0,0.0,0.0,0.0,0.0,0.0,0.0,0.0,0.0,0.0,0.0,0.0,0.0,0.0,0
TRW_hNcTcJo,112.0,112.0,112.0,112.0,112.0,112.0,112.0,112.0,112.0,112.0,112.0,112.0,112.0,112.0,112.0,112.0,112.0,112.0,112.0,112.0,112.0,112.0,112.0,112.0,112.0,112.0,112.0,112.0,112.0,112.0,112.0,112.0,112.0,112.0,112.0,112.0,112.0,112.0,112.0,112.0,112.0,112.0,112.0,112.0,112.0,112.0,112.0,112.0,112.0,112.0,112.0,112.0,112.0,112.0,112.0,112.0,112.0,112.0,112.0,112.0,112.0,112.0,112.0,112.0,112.0,112.0,112.0,112.0,112.0,112.0,112.0,112.0,112.0,112.0,112.0,112.0,112.0,112.0,112.0,112.0,111.0,111.0,111.0,111.0,111.0,111.0,111.0,111.0,111.0,111.0,111.0,111.0,111.0,111.0,111.0,111.0,111.0,111.0,111.0,111.0,111.0,111.0,111.0,111.0,111.0,111.0,111.0,111.0,111.0,111.0,111.0,111.0,111.0,111.0,111.0,111.0,111.0,111.0,111.0,111.0,111.0,111.0,111.0,111.0,111.0,111
CwWUSZlWzZs,147.0,147.0,147.0,149.0,149.0,150.0,150.0,148.0,148.0,148.0,148.0,148.0,148.0,148.0,148.0,148.0,148.0,148.0,148.0,148.0,148.0,148.0,148.0,148.0,148.0,148.0,148.0,148.0,148.0,147.0,147.0,147.0,147.0,147.0,147.0,147.0,147.0,147.0,147.0,147.0,147.0,147.0,147.0,147.0,147.0,147.0,147.0,147.0,147.0,147.0,147.0,147.0,147.0,147.0,147.0,147.0,147.0,147.0,147.0,147.0,147.0,147.0,147.0,147.0,147.0,147.0,147.0,147.0,147.0,147.0,147.0,147.0,147.0,147.0,147.0,147.0,147.0,147.0,147.0,147.0,146.0,146.0,146.0,146.0,146.0,146.0,146.0,146.0,146.0,146.0,146.0,146.0,146.0,146.0,146.0,146.0,146.0,146.0,146.0,146.0,146.0,146.0,146.0,146.0,146.0,146.0,146.0,146.0,146.0,146.0,146.0,146.0,146.0,146.0,146.0,146.0,146.0,146.0,146.0,146.0,146.0,146.0,146.0,146.0,146.0,146
YNoXkrM00lk,883.0,905.0,919.0,931.0,945.0,952.0,964.0,978.0,984.0,987.0,989.0,995.0,1001.0,1016.0,1017.0,1019.0,1026.0,1028.0,1029.0,1029.0,1029.0,1029.0,1036.0,1037.0,1038.0,1038.0,1042.0,1045.0,1048.0,1051.0,1053.0,1054.0,1058.0,1060.0,1061.0,1063.0,1063.0,1069.0,1074.0,1076.0,1077.0,1078.0,1084.0,1084.0,1084.0,1086.0,1089.0,1093.0,1101.0,1103.0,1107.0,1107.0,1108.0,1110.0,1111.0,1112.0,1115.0,1123.0,1123.0,1124.0,1124.0,1124.0,1125.0,1125.0,1125.0,1130.0,1131.0,1131.0,1131.0,1132.0,1133.0,1135.0,1136.0,1137.0,1138.0,1138.0,1138.0,1138.0,1138.0,1138.0,1138.0,1138.0,1137.0,1137.0,1138.0,1138.0,1138.0,1138.0,1139.0,1139.0,1139.0,1140.0,1142.0,1142.0,1142.0,1142.0,1142.0,1142.0,1142.0,1142.0,1142.0,1142.0,1142.0,1143.0,1143.0,1143.0,1144.0,1144.0,1145.0,1145.0,1145.0,1145.0,1145.0,1145.0,1148.0,1148.0,1149.0,1149.0,1149.0,1151.0,1150.0,1151.0,1151.0,1152.0,1152.0,1151
UWyw9wTPgv4,7440.0,7444.0,7446.0,7450.0,7453.0,7456.0,7464.0,7469.0,7482.0,7486.0,7489.0,7492.0,7494.0,7499.0,7505.0,7500.0,7501.0,7505.0,7504.0,7506.0,7507.0,7505.0,7509.0,7510.0,7512.0,7510.0,7510.0,7511.0,7510.0,7510.0,7512.0,7513.0,7514.0,7515.0,7515.0,7515.0,7515.0,7515.0,7519.0,7515.0,7516.0,7518.0,7518.0,7515.0,7515.0,7515.0,7517.0,7518.0,7519.0,7518.0,7519.0,7519.0,7519.0,7518.0,7519.0,7520.0,7522.0,7523.0,7523.0,7522.0,7523.0,7512.0,7513.0,7514.0,7514.0,7515.0,7515.0,7521.0,7519.0,7519.0,7519.0,7520.0,7522.0,7521.0,7521.0,7523.0,7524.0,7523.0,7524.0,7527.0,7528.0,7528.0,7520.0,7520.0,7523.0,7523.0,7523.0,7523.0,7524.0,7523.0,7522.0,7521.0,7521.0,7525.0,7525.0,7525.0,7526.0,7528.0,7501.0,7501.0,7501.0,7501.0,7501.0,7501.0,7502.0,7509.0,7509.0,7509.0,7509.0,7509.0,7508.0,7510.0,7510.0,7509.0,7510.0,7512.0,7511.0,7512.0,7512.0,7517.0,7518.0,7518.0,7517.0,7517.0,7517.0,7517
vPfCmM89LH8,1549.0,1551.0,1550.0,1553.0,1556.0,1555.0,1554.0,1554.0,1553.0,1549.0,1550.0,1550.0,1548.0,1548.0,1549.0,1549.0,1549.0,1549.0,1549.0,1549.0,1549.0,1549.0,1549.0,1548.0,1548.0,1548.0,1548.0,1548.0,1548.0,1549.0,1549.0,1549.0,1549.0,1549.0,1549.0,1548.0,1548.0,1548.0,1547.0,1546.0,1546.0,1546.0,1546.0,1546.0,1546.0,1546.0,1546.0,1546.0,1546.0,1545.0,1544.0,1544.0,1544.0,1544.0,1544.0,1544.0,1544.0,1544.0,1544.0,1543.0,1543.0,1543.0,1543.0,1543.0,1543.0,1543.0,1543.0,1543.0,1543.0,1541.0,1541.0,1541.0,1541.0,1541.0,1541.0,1541.0,1541.0,1539.0,1539.0,1539.0,1537.0,1537.0,1537.0,1537.0,1537.0,1537.0,1537.0,1537.0,1536.0,1536.0,1536.0,1535.0,1534.0,1534.0,1534.0,1534.0,1534.0,1533.0,1533.0,1531.0,1530.0,1530.0,1530.0,1528.0,1528.0,1528.0,1527.0,1525.0,1525.0,1523.0,1522.0,1522.0,1522.0,1498.0,1498.0,1498.0,1498.0,1498.0,1498.0,1497.0,1495.0,1495.0,1494.0,1494.0,1494.0,1494
F4x5hyXjnlM,3220.0,3246.0,3277.0,3309.0,3336.0,3379.0,3388.0,3412.0,3425.0,3448.0,3466.0,3486.0,3504.0,3516.0,3531.0,3564.0,3580.0,3592.0,3605.0,3614.0,3629.0,3644.0,3653.0,3659.0,3666.0,3672.0,3685.0,3705.0,3709.0,3717.0,3725.0,3730.0,3737.0,3747.0,3757.0,3765.0,3772.0,3777.0,3782.0,3786.0,3795.0,3814.0,3830.0,3836.0,3843.0,3849.0,3853.0,3858.0,3867.0,3874.0,3880.0,3885.0,3888.0,3891.0,3898.0,3905.0,3910.0,3915.0,3917.0,3922.0,3926.0,3931.0,3936.0,3940.0,3944.0,3948.0,3952.0,3959.0,3963.0,3967.0,3970.0,3970.0,3971.0,3974.0,3975.0,3978.0,3979.0,3981.0,3983.0,3985.0,3987.0,3990.0,3993.0,3995.0,3999.0,4002.0,4004.0,4006.0,4008.0,4010.0,4015.0,4019.0,4024.0,4030.0,4034.0,4043.0,4047.0,4051.0,4052.0,4054.0,4056.0,4060.0,4063.0,4065.0,4071.0,4074.0,4078.0,4084.0,4087.0,4087.0,4088.0,4090.0,4092.0,4096.0,4097.0,4099.0,4103.0,4104.0,4107.0,4108.0,4109.0,4110.0,4111.0,4113.0,4116.0,4121
15uk4bRtm1k,865.0,870.0,872.0,882.0,883.0,884.0,885.0,887.0,887.0,887.0,889.0,896.0,898.0,901.0,902.0,902.0,903.0,902.0,903.0,910.0,911.0,911.0,911.0,911.0,896.0,898.0,899.0,899.0,900.0,900.0,900.0,900.0,900.0,900.0,900.0,900.0,900.0,900.0,900.0,899.0,901.0,901.0,901.0,901.0,901.0,902.0,902.0,902.0,902.0,902.0,902.0,902.0,902.0,902.0,902.0,903.0,903.0,905.0,911.0,911.0,911.0,911.0,912.0,912.0,912.0,912.0,912.0,912.0,912.0,912.0,912.0,912.0,913.0,913.0,913.0,914.0,914.0,914.0,914.0,914.0,919.0,920.0,920.0,920.0,920.0,920.0,920.0,920.0,920.0,920.0,921.0,921.0,921.0,921.0,921.0,921.0,921.0,921.0,921.0,920.0,920.0,920.0,920.0,920.0,920.0,920.0,920.0,920.0,920.0,920.0,920.0,920.0,920.0,920.0,920.0,920.0,920.0,920.0,921.0,921.0,920.0,920.0,920.0,920.0,920.0,920
sgYOWlKQ6U8,0.0,0.0,0.0,0.0,0.0,0.0,0.0,0.0,0.0,0.0,0.0,0.0,0.0,0.0,0.0,0.0,0.0,0.0,0.0,0.0,0.0,0.0,0.0,0.0,0.0,0.0,0.0,0.0,0.0,0.0,0.0,0.0,0.0,0.0,0.0,0.0,0.0,0.0,0.0,0.0,0.0,0.0,0.0,0.0,0.0,0.0,0.0,0.0,0.0,0.0,0.0,0.0,0.0,0.0,0.0,0.0,0.0,0.0,0.0,0.0,0.0,1.0,1.0,1.0,1.0,1.0,1.0,1.0,1.0,1.0,1.0,1.0,1.0,1.0,1.0,1.0,1.0,1.0,1.0,1.0,1.0,1.0,1.0,1.0,1.0,1.0,1.0,1.0,1.0,1.0,1.0,1.0,1.0,1.0,1.0,1.0,1.0,1.0,1.0,1.0,1.0,1.0,1.0,1.0,1.0,1.0,1.0,1.0,1.0,1.0,1.0,1.0,1.0,1.0,1.0,1.0,1.0,1.0,1.0,1.0,1.0,1.0,1.0,1.0,1.0,1
H2IbC8uptL8,92.0,92.0,92.0,94.0,95.0,96.0,96.0,97.0,97.0,97.0,97.0,97.0,97.0,98.0,98.0,98.0,99.0,99.0,99.0,99.0,99.0,99.0,100.0,100.0,100.0,100.0,100.0,100.0,101.0,101.0,101.0,101.0,101.0,101.0,101.0,101.0,101.0,101.0,101.0,101.0,101.0,101.0,101.0,101.0,101.0,101.0,101.0,101.0,101.0,101.0,101.0,101.0,101.0,101.0,101.0,101.0,101.0,101.0,101.0,101.0,101.0,101.0,101.0,101.0,101.0,101.0,101.0,101.0,101.0,101.0,101.0,101.0,101.0,101.0,101.0,101.0,101.0,101.0,101.0,101.0,101.0,101.0,101.0,101.0,101.0,101.0,101.0,101.0,101.0,101.0,101.0,102.0,102.0,102.0,102.0,102.0,102.0,102.0,102.0,102.0,102.0,102.0,102.0,102.0,102.0,102.0,102.0,102.0,102.0,102.0,102.0,102.0,102.0,102.0,102.0,102.0,102.0,102.0,102.0,102.0,102.0,102.0,103.0,103.0,103.0,103
l9GHMumFmlA,158.0,158.0,160.0,160.0,161.0,161.0,161.0,161.0,161.0,161.0,161.0,163.0,164.0,164.0,164.0,165.0,168.0,169.0,170.0,174.0,173.0,173.0,173.0,173.0,174.0,175.0,177.0,177.0,178.0,178.0,177.0,178.0,178.0,178.0,178.0,179.0,182.0,182.0,182.0,182.0,182.0,183.0,183.0,183.0,182.0,182.0,182.0,182.0,183.0,183.0,183.0,183.0,183.0,183.0,183.0,184.0,184.0,185.0,185.0,187.0,187.0,187.0,187.0,187.0,188.0,188.0,188.0,188.0,188.0,188.0,188.0,188.0,188.0,188.0,188.0,189.0,190.0,190.0,190.0,190.0,190.0,190.0,190.0,190.0,190.0,190.0,190.0,190.0,191.0,191.0,191.0,191.0,191.0,192.0,192.0,192.0,192.0,191.0,191.0,191.0,191.0,191.0,191.0,192.0,192.0,192.0,193.0,193.0,193.0,193.0,193.0,193.0,193.0,193.0,193.0,193.0,193.0,194.0,194.0,195.0,195.0,195.0,195.0,195.0,195.0,195
_IwPhDHvdwY,0.0,0.0,0.0,0.0,0.0,0.0,0.0,0.0,0.0,0.0,0.0,0.0,0.0,0.0,0.0,0.0,0.0,0.0,0.0,0.0,0.0,0.0,0.0,0.0,0.0,0.0,0.0,0.0,0.0,0.0,0.0,0.0,0.0,0.0,0.0,0.0,0.0,0.0,0.0,0.0,0.0,0.0,0.0,0.0,0.0,0.0,0.0,0.0,0.0,0.0,0.0,0.0,0.0,0.0,0.0,0.0,0.0,0.0,0.0,0.0,0.0,0.0,0.0,0.0,0.0,0.0,0.0,0.0,0.0,0.0,0.0,0.0,0.0,0.0,0.0,0.0,0.0,0.0,0.0,0.0,0.0,0.0,0.0,0.0,0.0,0.0,0.0,0.0,0.0,0.0,0.0,0.0,0.0,0.0,0.0,0.0,0.0,0.0,0.0,0.0,0.0,0.0,0.0,0.0,0.0,0.0,0.0,0.0,0.0,0.0,0.0,0.0,0.0,0.0,0.0,0.0,0.0,0.0,0.0,0.0,0.0,0.0,0.0,0.0,0.0,0
R9k40DYo0ZY,0.0,0.0,0.0,0.0,0.0,0.0,0.0,1.0,1.0,2.0,2.0,3.0,3.0,3.0,3.0,3.0,4.0,4.0,4.0,4.0,5.0,5.0,5.0,5.0,6.0,6.0,6.0,6.0,6.0,6.0,6.0,6.0,6.0,6.0,6.0,6.0,6.0,6.0,6.0,6.0,6.0,6.0,6.0,6.0,6.0,6.0,6.0,6.0,6.0,6.0,6.0,6.0,7.0,8.0,8.0,8.0,8.0,8.0,8.0,11.0,11.0,11.0,11.0,11.0,11.0,11.0,11.0,11.0,11.0,11.0,12.0,12.0,12.0,12.0,12.0,12.0,12.0,12.0,12.0,12.0,12.0,12.0,12.0,12.0,12.0,12.0,12.0,12.0,12.0,12.0,12.0,12.0,12.0,12.0,12.0,12.0,12.0,12.0,12.0,13.0,13.0,13.0,13.0,13.0,13.0,13.0,13.0,13.0,13.0,13.0,13.0,13.0,13.0,13.0,13.0,13.0,13.0,13.0,13.0,13.0,13.0,13.0,13.0,13.0,13.0,13
5tItlYBJwro,252.0,253.0,253.0,253.0,253.0,253.0,254.0,256.0,257.0,257.0,258.0,258.0,258.0,260.0,260.0,260.0,260.0,260.0,260.0,260.0,260.0,260.0,260.0,260.0,261.0,261.0,261.0,261.0,261.0,261.0,261.0,261.0,261.0,261.0,261.0,261.0,261.0,261.0,261.0,261.0,261.0,261.0,261.0,261.0,261.0,261.0,261.0,261.0,262.0,262.0,262.0,262.0,262.0,262.0,262.0,262.0,262.0,262.0,262.0,262.0,262.0,262.0,262.0,262.0,262.0,262.0,262.0,262.0,262.0,262.0,262.0,262.0,262.0,262.0,262.0,262.0,262.0,262.0,262.0,262.0,262.0,262.0,262.0,262.0,262.0,262.0,262.0,262.0,261.0,261.0,261.0,261.0,261.0,261.0,261.0,261.0,261.0,262.0,262.0,262.0,262.0,262.0,262.0,262.0,262.0,262.0,262.0,262.0,262.0,262.0,262.0,262.0,262.0,262.0,262.0,262.0,262.0,262.0,262.0,262.0,262.0,262.0,262.0,262.0,262.0,262
YKWlo7ZJ7TI,12.0,12.0,12.0,12.0,13.0,13.0,13.0,13.0,13.0,13.0,14.0,14.0,14.0,14.0,14.0,14.0,14.0,14.0,14.0,14.0,14.0,14.0,14.0,14.0,14.0,14.0,14.0,14.0,14.0,15.0,15.0,15.0,15.0,15.0,15.0,15.0,15.0,15.0,15.0,15.0,15.0,15.0,15.0,15.0,15.0,15.0,15.0,15.0,15.0,15.0,14.0,14.0,14.0,14.0,14.0,14.0,14.0,14.0,14.0,14.0,14.0,14.0,14.0,14.0,14.0,14.0,14.0,14.0,14.0,14.0,14.0,14.0,14.0,14.0,14.0,14.0,14.0,14.0,14.0,14.0,14.0,14.0,14.0,14.0,14.0,14.0,14.0,14.0,14.0,14.0,15.0,15.0,15.0,15.0,15.0,15.0,15.0,15.0,15.0,15.0,15.0,15.0,15.0,15.0,15.0,15.0,15.0,15.0,15.0,15.0,15.0,15.0,15.0,15.0,15.0,15.0,15.0,15.0,15.0,15.0,15.0,15.0,15.0,15.0,15.0,15
WTkkggBxWSw,629.0,633.0,623.0,623.0,623.0,624.0,625.0,626.0,625.0,625.0,625.0,625.0,626.0,626.0,627.0,629.0,630.0,632.0,633.0,633.0,632.0,632.0,633.0,634.0,635.0,636.0,638.0,637.0,637.0,638.0,639.0,640.0,640.0,641.0,642.0,642.0,643.0,643.0,643.0,643.0,643.0,642.0,642.0,642.0,644.0,644.0,644.0,644.0,644.0,646.0,649.0,647.0,647.0,647.0,647.0,646.0,646.0,645.0,645.0,646.0,642.0,642.0,642.0,642.0,642.0,642.0,642.0,643.0,643.0,644.0,644.0,644.0,644.0,644.0,645.0,645.0,645.0,646.0,648.0,648.0,647.0,647.0,646.0,645.0,645.0,646.0,646.0,647.0,647.0,647.0,648.0,649.0,649.0,650.0,652.0,652.0,652.0,653.0,654.0,654.0,654.0,654.0,654.0,653.0,653.0,653.0,653.0,654.0,655.0,656.0,656.0,661.0,662.0,662.0,662.0,662.0,663.0,663.0,663.0,663.0,663.0,663.0,663.0,663.0,664.0,664
bw9ZJQS79AI,48.0,48.0,48.0,48.0,48.0,48.0,48.0,48.0,48.0,48.0,48.0,48.0,48.0,48.0,48.0,48.0,48.0,48.0,48.0,48.0,48.0,48.0,48.0,48.0,48.0,48.0,48.0,48.0,48.0,48.0,48.0,48.0,48.0,48.0,47.0,47.0,47.0,47.0,47.0,47.0,47.0,47.0,47.0,47.0,47.0,47.0,47.0,47.0,47.0,47.0,47.0,47.0,47.0,47.0,47.0,47.0,47.0,47.0,47.0,47.0,47.0,47.0,47.0,47.0,47.0,47.0,47.0,47.0,47.0,47.0,47.0,47.0,47.0,47.0,47.0,47.0,47.0,47.0,47.0,47.0,47.0,47.0,47.0,47.0,47.0,47.0,47.0,47.0,47.0,47.0,47.0,47.0,47.0,47.0,47.0,47.0,47.0,47.0,47.0,47.0,47.0,47.0,47.0,47.0,47.0,47.0,47.0,47.0,47.0,47.0,47.0,47.0,47.0,47.0,47.0,47.0,47.0,47.0,47.0,47.0,47.0,47.0,47.0,47.0,47.0,47
YNoXkrM00lk,883.0,905.0,919.0,931.0,945.0,952.0,964.0,978.0,984.0,987.0,989.0,995.0,1001.0,1016.0,1017.0,1019.0,1026.0,1028.0,1029.0,1029.0,1029.0,1029.0,1036.0,1037.0,1038.0,1038.0,1042.0,1045.0,1048.0,1051.0,1053.0,1054.0,1058.0,1060.0,1061.0,1063.0,1063.0,1069.0,1074.0,1076.0,1077.0,1078.0,1084.0,1084.0,1084.0,1086.0,1089.0,1093.0,1101.0,1103.0,1107.0,1107.0,1108.0,1110.0,1111.0,1112.0,1115.0,1123.0,1123.0,1124.0,1124.0,1124.0,1125.0,1125.0,1125.0,1130.0,1131.0,1131.0,1131.0,1132.0,1133.0,1135.0,1136.0,1137.0,1138.0,1138.0,1138.0,1138.0,1138.0,1138.0,1138.0,1138.0,1137.0,1137.0,1138.0,1138.0,1138.0,1138.0,1139.0,1139.0,1139.0,1140.0,1142.0,1142.0,1142.0,1142.0,1142.0,1142.0,1142.0,1142.0,1142.0,1142.0,1142.0,1143.0,1143.0,1143.0,1144.0,1144.0,1145.0,1145.0,1145.0,1145.0,1145.0,1145.0,1148.0,1148.0,1149.0,1149.0,1149.0,1151.0,1150.0,1151.0,1151.0,1152.0,1152.0,1151
QaKwJQz2ST0,2.0,2.0,2.0,2.0,2.0,2.0,2.0,2.0,2.0,2.0,2.0,2.0,2.0,2.0,2.0,2.0,2.0,2.0,2.0,2.0,2.0,2.0,2.0,2.0,2.0,2.0,2.0,2.0,2.0,2.0,2.0,2.0,2.0,2.0,2.0,2.0,2.0,2.0,2.0,2.0,2.0,2.0,2.0,2.0,2.0,2.0,2.0,2.0,2.0,2.0,2.0,2.0,2.0,2.0,2.0,2.0,2.0,2.0,2.0,2.0,2.0,2.0,2.0,2.0,2.0,2.0,2.0,2.0,2.0,2.0,2.0,2.0,2.0,2.0,2.0,2.0,2.0,2.0,2.0,2.0,2.0,2.0,2.0,2.0,2.0,2.0,2.0,2.0,2.0,2.0,2.0,2.0,2.0,2.0,2.0,2.0,2.0,2.0,2.0,2.0,2.0,2.0,2.0,2.0,2.0,2.0,2.0,2.0,2.0,2.0,2.0,2.0,2.0,2.0,2.0,2.0,2.0,2.0,2.0,2.0,2.0,2.0,2.0,2.0,2.0,2
HM3zXf_K7sM,0.0,0.0,0.0,0.0,0.0,0.0,0.0,0.0,0.0,0.0,0.0,0.0,0.0,0.0,0.0,0.0,0.0,0.0,0.0,0.0,0.0,0.0,0.0,0.0,0.0,0.0,0.0,0.0,0.0,0.0,0.0,0.0,0.0,0.0,0.0,0.0,0.0,0.0,0.0,0.0,0.0,0.0,0.0,0.0,0.0,0.0,0.0,0.0,0.0,0.0,0.0,0.0,0.0,0.0,0.0,0.0,0.0,0.0,0.0,0.0,0.0,0.0,0.0,0.0,0.0,0.0,0.0,0.0,0.0,0.0,0.0,0.0,0.0,0.0,0.0,0.0,0.0,0.0,0.0,0.0,0.0,0.0,0.0,0.0,0.0,0.0,0.0,0.0,0.0,0.0,0.0,0.0,0.0,0.0,0.0,0.0,0.0,0.0,0.0,0.0,0.0,0.0,0.0,0.0,0.0,0.0,0.0,0.0,0.0,0.0,0.0,0.0,0.0,0.0,0.0,0.0,0.0,0.0,0.0,0.0,0.0,0.0,0.0,0.0,0.0,0
CA4Xn_qmZxc,10.0,11.0,12.0,12.0,12.0,12.0,15.0,18.0,18.0,18.0,19.0,19.0,19.0,20.0,20.0,20.0,21.0,21.0,21.0,21.0,21.0,21.0,21.0,21.0,22.0,22.0,22.0,22.0,22.0,22.0,22.0,22.0,23.0,23.0,23.0,23.0,23.0,23.0,23.0,23.0,24.0,24.0,24.0,24.0,24.0,24.0,24.0,24.0,24.0,24.0,24.0,24.0,24.0,24.0,24.0,24.0,24.0,24.0,24.0,24.0,24.0,24.0,24.0,24.0,24.0,24.0,24.0,24.0,24.0,24.0,24.0,24.0,24.0,24.0,24.0,24.0,24.0,24.0,24.0,24.0,24.0,24.0,24.0,24.0,24.0,24.0,24.0,24.0,24.0,24.0,24.0,24.0,24.0,24.0,24.0,24.0,24.0,24.0,24.0,24.0,24.0,24.0,24.0,24.0,24.0,24.0,24.0,24.0,24.0,24.0,24.0,24.0,24.0,24.0,24.0,24.0,24.0,24.0,24.0,24.0,24.0,24.0,24.0,24.0,24.0,24
ABJKGH1XYaA,380.0,384.0,387.0,400.0,400.0,412.0,412.0,419.0,421.0,430.0,432.0,432.0,435.0,435.0,435.0,434.0,435.0,436.0,437.0,443.0,443.0,443.0,443.0,443.0,444.0,445.0,445.0,445.0,445.0,445.0,445.0,452.0,452.0,452.0,452.0,452.0,452.0,452.0,457.0,458.0,458.0,458.0,458.0,458.0,458.0,458.0,458.0,458.0,458.0,458.0,458.0,458.0,458.0,458.0,458.0,458.0,458.0,458.0,458.0,458.0,458.0,458.0,458.0,459.0,459.0,459.0,459.0,459.0,459.0,459.0,459.0,459.0,459.0,459.0,459.0,459.0,460.0,460.0,466.0,466.0,466.0,466.0,466.0,466.0,466.0,475.0,475.0,475.0,475.0,475.0,475.0,475.0,475.0,476.0,477.0,478.0,479.0,479.0,479.0,479.0,478.0,478.0,478.0,478.0,478.0,478.0,479.0,480.0,480.0,491.0,492.0,492.0,492.0,493.0,493.0,492.0,492.0,492.0,492.0,492.0,492.0,492.0,492.0,492.0,492.0,492
C_T3lbBo6Jo,356.0,357.0,357.0,357.0,358.0,358.0,358.0,358.0,358.0,358.0,358.0,358.0,358.0,358.0,358.0,358.0,359.0,359.0,360.0,359.0,360.0,360.0,360.0,360.0,360.0,360.0,360.0,360.0,360.0,360.0,360.0,360.0,360.0,360.0,360.0,360.0,362.0,364.0,364.0,365.0,366.0,366.0,366.0,368.0,368.0,368.0,368.0,368.0,368.0,368.0,368.0,368.0,368.0,368.0,368.0,368.0,369.0,369.0,370.0,370.0,370.0,370.0,370.0,370.0,370.0,370.0,370.0,369.0,369.0,369.0,372.0,373.0,374.0,375.0,376.0,376.0,375.0,375.0,375.0,375.0,375.0,374.0,374.0,374.0,374.0,374.0,379.0,380.0,379.0,380.0,381.0,381.0,381.0,381.0,382.0,382.0,383.0,383.0,383.0,383.0,383.0,385.0,385.0,385.0,385.0,387.0,387.0,388.0,387.0,387.0,387.0,387.0,387.0,387.0,387.0,387.0,387.0,388.0,388.0,388.0,389.0,389.0,389.0,390.0,391.0,391
kXG-oD12g0U,354.0,354.0,354.0,354.0,354.0,354.0,354.0,355.0,355.0,355.0,356.0,357.0,357.0,357.0,357.0,357.0,357.0,357.0,357.0,357.0,357.0,357.0,357.0,358.0,358.0,358.0,358.0,358.0,358.0,358.0,358.0,358.0,358.0,358.0,359.0,359.0,359.0,359.0,360.0,361.0,361.0,362.0,363.0,363.0,362.0,362.0,362.0,362.0,362.0,362.0,362.0,362.0,362.0,362.0,362.0,362.0,362.0,365.0,365.0,365.0,365.0,365.0,365.0,365.0,365.0,365.0,365.0,365.0,365.0,365.0,365.0,365.0,365.0,365.0,365.0,365.0,365.0,365.0,365.0,365.0,365.0,365.0,365.0,365.0,365.0,365.0,365.0,365.0,365.0,365.0,365.0,365.0,365.0,365.0,364.0,364.0,364.0,364.0,364.0,364.0,364.0,364.0,364.0,364.0,364.0,364.0,364.0,365.0,365.0,365.0,365.0,365.0,365.0,365.0,365.0,365.0,365.0,365.0,365.0,365.0,365.0,365.0,365.0,365.0,365.0,365
-io3ZkzEWjs,5290.0,5338.0,5366.0,5379.0,5393.0,5403.0,5420.0,5442.0,5463.0,5478.0,5489.0,5500.0,5514.0,5520.0,5532.0,5536.0,5542.0,5548.0,5553.0,5555.0,5559.0,5567.0,5571.0,5576.0,5578.0,5580.0,5583.0,5588.0,5593.0,5595.0,5590.0,5592.0,5594.0,5594.0,5605.0,5610.0,5616.0,5620.0,5624.0,5629.0,5641.0,5653.0,5666.0,5673.0,5676.0,5681.0,5686.0,5690.0,5699.0,5703.0,5706.0,5710.0,5712.0,5716.0,5727.0,5730.0,5733.0,5735.0,5738.0,5739.0,5741.0,5743.0,5744.0,5747.0,5749.0,5750.0,5751.0,5753.0,5754.0,5756.0,5760.0,5764.0,5765.0,5765.0,5771.0,5775.0,5775.0,5778.0,5776.0,5779.0,5780.0,5781.0,5780.0,5780.0,5783.0,5789.0,5791.0,5795.0,5795.0,5802.0,5805.0,5811.0,5812.0,5817.0,5825.0,5843.0,5863.0,5877.0,5895.0,5898.0,5899.0,5899.0,5899.0,5902.0,5904.0,5909.0,5909.0,5909.0,5906.0,5903.0,5903.0,5903.0,5903.0,5904.0,5904.0,5904.0,5904.0,5904.0,5904.0,5904.0,5855.0,5855.0,5819.0,5819.0,5819.0,5819
4LBqeAxDrHk,32.0,32.0,32.0,33.0,34.0,34.0,34.0,34.0,34.0,34.0,35.0,35.0,35.0,35.0,35.0,35.0,35.0,35.0,35.0,35.0,35.0,35.0,35.0,35.0,35.0,35.0,35.0,35.0,35.0,35.0,35.0,35.0,35.0,35.0,35.0,35.0,35.0,35.0,35.0,35.0,35.0,35.0,35.0,35.0,35.0,35.0,35.0,35.0,34.0,34.0,34.0,34.0,34.0,34.0,34.0,34.0,34.0,34.0,34.0,34.0,34.0,34.0,34.0,34.0,34.0,34.0,34.0,34.0,34.0,34.0,34.0,34.0,34.0,34.0,34.0,34.0,34.0,34.0,34.0,34.0,34.0,34.0,34.0,34.0,34.0,34.0,34.0,34.0,34.0,34.0,34.0,34.0,35.0,35.0,35.0,35.0,35.0,35.0,35.0,35.0,35.0,35.0,35.0,35.0,35.0,35.0,35.0,35.0,35.0,35.0,35.0,35.0,35.0,35.0,35.0,35.0,35.0,35.0,35.0,35.0,35.0,35.0,35.0,35.0,35.0,35
peLX5ArUW70,145.0,145.0,146.0,146.0,146.0,146.0,146.0,146.0,146.0,146.0,146.0,146.0,146.0,146.0,146.0,146.0,146.0,146.0,146.0,146.0,146.0,147.0,146.0,147.0,147.0,147.0,147.0,147.0,149.0,149.0,150.0,150.0,151.0,152.0,152.0,152.0,152.0,152.0,152.0,152.0,152.0,152.0,152.0,152.0,153.0,153.0,153.0,154.0,154.0,154.0,154.0,154.0,154.0,154.0,154.0,155.0,155.0,155.0,155.0,155.0,155.0,155.0,155.0,156.0,156.0,156.0,156.0,156.0,156.0,156.0,156.0,156.0,156.0,156.0,156.0,156.0,156.0,155.0,155.0,155.0,156.0,156.0,157.0,156.0,159.0,159.0,160.0,160.0,160.0,160.0,160.0,162.0,162.0,163.0,163.0,163.0,163.0,163.0,163.0,163.0,163.0,163.0,163.0,163.0,163.0,163.0,164.0,164.0,164.0,164.0,164.0,163.0,163.0,163.0,163.0,163.0,163.0,163.0,163.0,163.0,163.0,163.0,163.0,163.0,163.0,163
ePaQzwcQoN8,105.0,105.0,105.0,105.0,105.0,105.0,106.0,106.0,106.0,106.0,106.0,106.0,106.0,106.0,106.0,106.0,105.0,105.0,105.0,106.0,106.0,106.0,106.0,107.0,107.0,107.0,107.0,107.0,107.0,107.0,107.0,106.0,106.0,106.0,106.0,106.0,106.0,106.0,106.0,106.0,106.0,106.0,106.0,106.0,106.0,106.0,106.0,106.0,106.0,106.0,106.0,106.0,106.0,105.0,105.0,105.0,105.0,105.0,105.0,105.0,105.0,105.0,105.0,105.0,105.0,105.0,105.0,105.0,105.0,105.0,105.0,105.0,105.0,105.0,105.0,105.0,105.0,105.0,105.0,105.0,105.0,105.0,105.0,105.0,105.0,105.0,105.0,105.0,105.0,105.0,105.0,105.0,105.0,105.0,106.0,106.0,106.0,106.0,106.0,106.0,106.0,106.0,106.0,107.0,107.0,106.0,106.0,106.0,106.0,106.0,107.0,107.0,107.0,107.0,107.0,107.0,107.0,108.0,108.0,108.0,108.0,108.0,108.0,108.0,108.0,108
gmnztLpdtGM,887.0,888.0,887.0,887.0,887.0,887.0,888.0,886.0,888.0,888.0,888.0,888.0,886.0,886.0,886.0,886.0,885.0,885.0,884.0,885.0,884.0,885.0,886.0,887.0,887.0,885.0,886.0,887.0,884.0,884.0,883.0,884.0,878.0,878.0,878.0,878.0,878.0,878.0,879.0,879.0,880.0,880.0,881.0,881.0,881.0,882.0,884.0,884.0,884.0,885.0,885.0,886.0,886.0,887.0,887.0,887.0,883.0,884.0,883.0,883.0,883.0,882.0,883.0,879.0,880.0,878.0,878.0,878.0,873.0,874.0,874.0,873.0,871.0,871.0,869.0,871.0,871.0,871.0,871.0,871.0,871.0,871.0,871.0,871.0,871.0,871.0,871.0,871.0,871.0,871.0,871.0,871.0,871.0,871.0,871.0,871.0,871.0,872.0,872.0,873.0,873.0,874.0,872.0,872.0,872.0,870.0,870.0,868.0,868.0,868.0,868.0,868.0,868.0,869.0,870.0,870.0,869.0,869.0,868.0,868.0,867.0,867.0,867.0,867.0,867.0,868
fgRhYgBlbOY,547.0,564.0,573.0,575.0,577.0,579.0,581.0,583.0,586.0,590.0,594.0,596.0,584.0,587.0,590.0,592.0,596.0,598.0,602.0,603.0,604.0,607.0,606.0,607.0,609.0,611.0,615.0,616.0,616.0,622.0,632.0,633.0,633.0,631.0,632.0,618.0,618.0,618.0,618.0,622.0,622.0,623.0,624.0,624.0,624.0,624.0,629.0,631.0,631.0,632.0,634.0,635.0,635.0,635.0,636.0,636.0,636.0,635.0,635.0,637.0,636.0,636.0,638.0,640.0,642.0,643.0,642.0,648.0,650.0,651.0,652.0,653.0,653.0,653.0,649.0,651.0,651.0,653.0,653.0,654.0,654.0,654.0,653.0,653.0,649.0,649.0,648.0,650.0,650.0,650.0,650.0,650.0,650.0,651.0,649.0,650.0,651.0,649.0,650.0,650.0,646.0,648.0,648.0,648.0,648.0,646.0,646.0,645.0,645.0,644.0,646.0,648.0,647.0,648.0,648.0,649.0,650.0,650.0,651.0,651.0,653.0,655.0,656.0,656.0,657.0,658
b04SsjH_IPU,327.0,328.0,329.0,330.0,329.0,330.0,330.0,331.0,331.0,331.0,331.0,332.0,332.0,332.0,331.0,330.0,330.0,330.0,332.0,332.0,331.0,331.0,331.0,331.0,331.0,331.0,331.0,331.0,331.0,331.0,331.0,331.0,331.0,331.0,331.0,331.0,331.0,331.0,331.0,329.0,329.0,329.0,329.0,329.0,329.0,329.0,329.0,329.0,329.0,329.0,328.0,328.0,328.0,328.0,328.0,328.0,326.0,326.0,325.0,326.0,326.0,326.0,326.0,326.0,326.0,326.0,326.0,327.0,327.0,327.0,327.0,326.0,328.0,328.0,328.0,328.0,327.0,327.0,327.0,327.0,326.0,326.0,326.0,326.0,326.0,326.0,325.0,325.0,325.0,325.0,325.0,325.0,325.0,325.0,325.0,325.0,325.0,324.0,324.0,324.0,324.0,324.0,324.0,324.0,325.0,323.0,323.0,323.0,323.0,323.0,323.0,323.0,323.0,323.0,323.0,323.0,323.0,323.0,323.0,323.0,323.0,323.0,323.0,323.0,322.0,322
QzreAWOg8dI,191.0,193.0,208.0,224.0,231.0,232.0,233.0,233.0,234.0,245.0,249.0,249.0,251.0,254.0,258.0,259.0,259.0,259.0,259.0,259.0,259.0,259.0,259.0,259.0,259.0,259.0,260.0,263.0,272.0,271.0,272.0,271.0,271.0,271.0,272.0,271.0,271.0,271.0,271.0,271.0,272.0,273.0,273.0,273.0,273.0,273.0,273.0,273.0,273.0,273.0,273.0,273.0,273.0,273.0,274.0,274.0,274.0,274.0,274.0,274.0,273.0,273.0,273.0,273.0,273.0,273.0,273.0,273.0,273.0,273.0,273.0,273.0,273.0,273.0,273.0,273.0,273.0,273.0,273.0,274.0,274.0,274.0,274.0,274.0,274.0,274.0,274.0,274.0,274.0,276.0,276.0,276.0,276.0,277.0,277.0,277.0,276.0,275.0,275.0,276.0,279.0,278.0,278.0,278.0,279.0,280.0,280.0,280.0,281.0,282.0,283.0,283.0,283.0,283.0,282.0,283.0,283.0,283.0,283.0,283.0,283.0,283.0,283.0,283.0,283.0,283
EuZrWU0hKpU,196.0,198.0,202.0,209.0,210.0,211.0,211.0,213.0,213.0,214.0,212.0,212.0,212.0,213.0,214.0,215.0,215.0,215.0,215.0,215.0,215.0,215.0,215.0,215.0,215.0,215.0,215.0,215.0,215.0,215.0,215.0,215.0,216.0,216.0,216.0,216.0,216.0,216.0,216.0,216.0,216.0,215.0,215.0,215.0,215.0,215.0,215.0,215.0,215.0,215.0,215.0,215.0,215.0,215.0,215.0,215.0,215.0,215.0,215.0,215.0,215.0,215.0,215.0,215.0,215.0,215.0,215.0,215.0,215.0,215.0,215.0,215.0,218.0,218.0,218.0,218.0,218.0,218.0,218.0,218.0,218.0,218.0,218.0,218.0,218.0,218.0,218.0,217.0,217.0,217.0,217.0,217.0,217.0,217.0,217.0,217.0,218.0,216.0,215.0,214.0,214.0,214.0,214.0,214.0,214.0,214.0,214.0,213.0,213.0,213.0,213.0,213.0,213.0,212.0,212.0,212.0,212.0,212.0,212.0,212.0,212.0,212.0,212.0,212.0,212.0,212
Gim17pWLWRs,1834.0,1836.0,1845.0,1851.0,1854.0,1854.0,1855.0,1859.0,1863.0,1862.0,1864.0,1864.0,1864.0,1868.0,1870.0,1870.0,1870.0,1871.0,1871.0,1871.0,1870.0,1871.0,1873.0,1876.0,1877.0,1879.0,1881.0,1882.0,1882.0,1881.0,1881.0,1882.0,1884.0,1884.0,1885.0,1885.0,1886.0,1908.0,1910.0,1906.0,1907.0,1915.0,1917.0,1920.0,1921.0,1921.0,1922.0,,1927.0,1929.0,1933.0,1933.0,1934.0,1933.0,1936.0,1936.0,1937.0,1938.0,1940.0,1942.0,1945.0,1946.0,1947.0,1950.0,1959.0,1963.0,1964.0,1967.0,1968.0,1973.0,1975.0,1989.0,1993.0,1997.0,1998.0,2004.0,2005.0,2007.0,2008.0,2013.0,2020.0,2025.0,2026.0,2027.0,2028.0,2029.0,2029.0,2030.0,2030.0,2034.0,2034.0,2035.0,2035.0,2036.0,2036.0,2036.0,2036.0,2036.0,2037.0,2038.0,2039.0,2039.0,2039.0,2039.0,2041.0,2041.0,2042.0,2042.0,2043.0,2043.0,2043.0,2046.0,2042.0,2042.0,2043.0,2044.0,2044.0,2044.0,2044.0,2044.0,2044.0,2043.0,2042.0,2042.0,2043.0,2044
cmLUGxJTi0s,0.0,0.0,0.0,0.0,0.0,0.0,0.0,0.0,0.0,0.0,0.0,0.0,0.0,0.0,0.0,0.0,0.0,0.0,0.0,0.0,0.0,0.0,0.0,0.0,0.0,0.0,0.0,0.0,0.0,0.0,0.0,0.0,0.0,0.0,0.0,0.0,0.0,0.0,0.0,0.0,0.0,0.0,0.0,0.0,0.0,0.0,0.0,0.0,0.0,0.0,0.0,0.0,0.0,0.0,0.0,0.0,0.0,0.0,0.0,0.0,0.0,0.0,0.0,0.0,0.0,0.0,0.0,0.0,0.0,0.0,0.0,0.0,0.0,0.0,0.0,0.0,0.0,0.0,0.0,0.0,0.0,0.0,0.0,0.0,0.0,0.0,0.0,0.0,0.0,0.0,0.0,0.0,0.0,0.0,0.0,0.0,0.0,0.0,0.0,0.0,0.0,0.0,0.0,0.0,0.0,0.0,0.0,0.0,0.0,0.0,0.0,0.0,0.0,0.0,0.0,0.0,0.0,0.0,0.0,0.0,0.0,0.0,0.0,0.0,0.0,0
s5vQc_Rfcjc,10.0,10.0,10.0,10.0,10.0,10.0,10.0,10.0,10.0,10.0,10.0,10.0,10.0,10.0,10.0,10.0,10.0,10.0,10.0,10.0,10.0,10.0,10.0,10.0,10.0,10.0,10.0,10.0,10.0,10.0,10.0,10.0,10.0,10.0,10.0,10.0,10.0,10.0,10.0,10.0,10.0,10.0,10.0,10.0,10.0,10.0,10.0,10.0,10.0,10.0,10.0,10.0,10.0,10.0,10.0,10.0,10.0,10.0,10.0,10.0,10.0,10.0,10.0,10.0,10.0,10.0,10.0,10.0,10.0,10.0,10.0,10.0,10.0,10.0,10.0,10.0,10.0,10.0,10.0,10.0,10.0,10.0,10.0,10.0,10.0,10.0,10.0,10.0,10.0,10.0,10.0,10.0,10.0,10.0,10.0,10.0,10.0,10.0,10.0,10.0,10.0,10.0,10.0,10.0,10.0,10.0,10.0,10.0,10.0,10.0,10.0,10.0,10.0,10.0,10.0,10.0,10.0,10.0,10.0,10.0,10.0,10.0,10.0,10.0,10.0,10
nD4BPituV3M,214.0,214.0,214.0,214.0,214.0,214.0,214.0,216.0,216.0,215.0,215.0,215.0,216.0,216.0,216.0,216.0,216.0,216.0,216.0,216.0,216.0,216.0,215.0,215.0,215.0,216.0,216.0,216.0,216.0,216.0,216.0,216.0,216.0,216.0,216.0,216.0,216.0,216.0,216.0,216.0,216.0,216.0,216.0,216.0,216.0,216.0,215.0,215.0,215.0,215.0,215.0,215.0,216.0,216.0,215.0,215.0,215.0,215.0,215.0,215.0,215.0,215.0,215.0,215.0,215.0,215.0,215.0,215.0,215.0,215.0,215.0,215.0,216.0,216.0,216.0,216.0,216.0,216.0,216.0,216.0,216.0,216.0,216.0,216.0,216.0,216.0,216.0,216.0,216.0,216.0,216.0,216.0,216.0,216.0,215.0,215.0,215.0,215.0,215.0,215.0,215.0,215.0,215.0,215.0,215.0,215.0,215.0,215.0,215.0,215.0,215.0,215.0,215.0,215.0,215.0,215.0,215.0,215.0,215.0,215.0,215.0,215.0,215.0,216.0,216.0,216
hG4yWc4YFUk,821.0,828.0,833.0,838.0,842.0,849.0,853.0,857.0,858.0,860.0,860.0,861.0,864.0,867.0,869.0,872.0,873.0,876.0,877.0,878.0,879.0,880.0,880.0,882.0,883.0,883.0,885.0,886.0,887.0,887.0,887.0,888.0,901.0,904.0,905.0,908.0,915.0,918.0,918.0,919.0,919.0,922.0,924.0,924.0,926.0,926.0,927.0,929.0,936.0,942.0,943.0,944.0,945.0,947.0,947.0,947.0,949.0,950.0,951.0,953.0,953.0,957.0,958.0,958.0,958.0,960.0,960.0,962.0,962.0,965.0,967.0,967.0,967.0,967.0,967.0,970.0,970.0,970.0,970.0,970.0,969.0,972.0,974.0,974.0,975.0,975.0,975.0,975.0,976.0,976.0,977.0,977.0,977.0,977.0,977.0,977.0,977.0,977.0,977.0,977.0,977.0,977.0,977.0,977.0,977.0,977.0,977.0,978.0,984.0,987.0,987.0,986.0,987.0,987.0,987.0,987.0,987.0,987.0,987.0,987.0,987.0,986.0,987.0,987.0,987.0,987
Wav7xL1U9rg,1371.0,1378.0,1389.0,1398.0,1407.0,1416.0,1426.0,1431.0,1434.0,1440.0,1442.0,1414.0,1415.0,1416.0,1417.0,1420.0,1420.0,1424.0,1427.0,1431.0,1433.0,1436.0,1439.0,1440.0,1449.0,1451.0,1451.0,1453.0,1455.0,1458.0,1461.0,1462.0,1463.0,1465.0,1469.0,1469.0,1469.0,1474.0,1475.0,1476.0,1479.0,1479.0,1478.0,1479.0,1480.0,1480.0,1482.0,1487.0,1489.0,1490.0,1490.0,1490.0,1490.0,1490.0,1491.0,1492.0,1493.0,1493.0,1494.0,1494.0,1494.0,1494.0,1494.0,1494.0,1494.0,1494.0,1494.0,1492.0,1492.0,1493.0,1493.0,1493.0,1493.0,1493.0,1494.0,1493.0,1493.0,1493.0,1493.0,1497.0,1497.0,1497.0,1499.0,1499.0,1499.0,1499.0,1499.0,1500.0,1501.0,1502.0,1502.0,1502.0,1503.0,1503.0,1503.0,1503.0,1502.0,1503.0,1503.0,1503.0,1503.0,1503.0,1503.0,1503.0,1503.0,1503.0,1503.0,1503.0,1503.0,1504.0,1504.0,1504.0,1504.0,1504.0,1508.0,1508.0,1508.0,1508.0,1508.0,1508.0,1508.0,1510.0,1510.0,1510.0,1510.0,1510
NuZnUD8JYew,125.0,128.0,128.0,129.0,130.0,131.0,131.0,132.0,133.0,136.0,137.0,140.0,141.0,143.0,143.0,143.0,143.0,146.0,147.0,148.0,148.0,148.0,149.0,149.0,151.0,151.0,152.0,152.0,152.0,152.0,152.0,152.0,152.0,152.0,152.0,153.0,153.0,154.0,155.0,155.0,155.0,155.0,156.0,156.0,156.0,156.0,156.0,156.0,156.0,156.0,156.0,156.0,156.0,156.0,156.0,156.0,156.0,156.0,156.0,156.0,156.0,156.0,157.0,157.0,157.0,157.0,157.0,157.0,157.0,157.0,157.0,157.0,157.0,157.0,157.0,157.0,157.0,157.0,157.0,157.0,157.0,157.0,158.0,158.0,158.0,158.0,158.0,158.0,158.0,158.0,158.0,158.0,158.0,158.0,158.0,158.0,158.0,158.0,158.0,158.0,158.0,158.0,158.0,158.0,158.0,158.0,158.0,158.0,158.0,158.0,158.0,158.0,158.0,158.0,158.0,158.0,158.0,158.0,158.0,158.0,158.0,158.0,158.0,158.0,158.0,158
2UPLMUgTQUo,33.0,33.0,33.0,33.0,33.0,34.0,34.0,34.0,34.0,36.0,36.0,36.0,36.0,36.0,36.0,36.0,36.0,36.0,36.0,36.0,36.0,36.0,36.0,36.0,36.0,36.0,36.0,36.0,36.0,36.0,36.0,36.0,36.0,36.0,36.0,36.0,36.0,36.0,36.0,36.0,36.0,36.0,36.0,36.0,36.0,36.0,36.0,36.0,36.0,36.0,36.0,36.0,36.0,36.0,36.0,36.0,36.0,36.0,36.0,36.0,36.0,36.0,36.0,36.0,36.0,36.0,36.0,36.0,36.0,36.0,36.0,36.0,36.0,36.0,36.0,36.0,36.0,36.0,36.0,36.0,36.0,36.0,36.0,36.0,36.0,36.0,36.0,36.0,36.0,36.0,36.0,36.0,36.0,36.0,36.0,36.0,36.0,36.0,36.0,36.0,36.0,36.0,36.0,36.0,36.0,36.0,36.0,36.0,36.0,36.0,36.0,36.0,36.0,36.0,36.0,36.0,36.0,36.0,36.0,36.0,36.0,36.0,36.0,36.0,36.0,36
6gVARUQ5lw4,28.0,29.0,29.0,29.0,30.0,30.0,30.0,30.0,30.0,31.0,31.0,31.0,31.0,31.0,31.0,32.0,32.0,32.0,32.0,32.0,33.0,33.0,33.0,33.0,33.0,33.0,33.0,33.0,33.0,33.0,34.0,34.0,34.0,34.0,34.0,34.0,34.0,34.0,34.0,34.0,34.0,34.0,34.0,34.0,34.0,35.0,35.0,35.0,35.0,35.0,35.0,35.0,35.0,35.0,35.0,35.0,35.0,35.0,35.0,35.0,35.0,35.0,35.0,35.0,35.0,35.0,35.0,35.0,35.0,35.0,35.0,35.0,35.0,35.0,35.0,35.0,35.0,35.0,35.0,35.0,35.0,35.0,35.0,35.0,35.0,35.0,35.0,35.0,35.0,34.0,34.0,34.0,34.0,34.0,34.0,34.0,34.0,34.0,34.0,34.0,34.0,34.0,34.0,34.0,34.0,34.0,34.0,34.0,34.0,34.0,34.0,34.0,34.0,34.0,34.0,34.0,34.0,34.0,34.0,34.0,34.0,34.0,34.0,34.0,34.0,34
if4plzuWsz4,0.0,0.0,3.0,8.0,9.0,15.0,18.0,19.0,20.0,20.0,22.0,22.0,23.0,23.0,23.0,23.0,26.0,28.0,28.0,28.0,29.0,31.0,34.0,34.0,34.0,34.0,34.0,34.0,34.0,34.0,34.0,34.0,34.0,34.0,36.0,36.0,36.0,33.0,34.0,34.0,34.0,34.0,34.0,34.0,35.0,36.0,36.0,38.0,38.0,38.0,38.0,39.0,39.0,39.0,39.0,39.0,39.0,39.0,39.0,39.0,39.0,40.0,40.0,40.0,40.0,40.0,40.0,40.0,40.0,40.0,40.0,40.0,42.0,43.0,43.0,43.0,43.0,43.0,43.0,43.0,43.0,43.0,43.0,43.0,43.0,43.0,43.0,43.0,43.0,43.0,43.0,44.0,44.0,45.0,46.0,46.0,47.0,47.0,47.0,47.0,47.0,47.0,47.0,47.0,47.0,47.0,47.0,47.0,47.0,47.0,47.0,47.0,47.0,47.0,47.0,47.0,47.0,47.0,47.0,47.0,47.0,47.0,47.0,47.0,47.0,47
52hxoUe5Mbc,571.0,573.0,574.0,574.0,576.0,578.0,579.0,580.0,580.0,581.0,581.0,581.0,581.0,581.0,581.0,581.0,581.0,581.0,581.0,581.0,581.0,582.0,583.0,583.0,583.0,583.0,583.0,583.0,583.0,583.0,583.0,583.0,583.0,583.0,583.0,583.0,583.0,583.0,583.0,583.0,583.0,583.0,583.0,583.0,583.0,583.0,583.0,582.0,582.0,582.0,582.0,582.0,582.0,582.0,582.0,582.0,582.0,582.0,582.0,582.0,582.0,582.0,582.0,582.0,582.0,582.0,582.0,582.0,582.0,582.0,582.0,582.0,582.0,582.0,582.0,582.0,582.0,582.0,582.0,582.0,582.0,582.0,582.0,582.0,582.0,582.0,582.0,582.0,582.0,582.0,582.0,582.0,582.0,582.0,582.0,582.0,582.0,582.0,582.0,582.0,582.0,582.0,582.0,582.0,582.0,582.0,582.0,582.0,582.0,582.0,582.0,582.0,582.0,582.0,582.0,582.0,582.0,582.0,582.0,582.0,582.0,582.0,582.0,582.0,582.0,582
oOxespBOLHA,121.0,122.0,123.0,126.0,129.0,136.0,137.0,137.0,137.0,137.0,137.0,137.0,137.0,137.0,137.0,137.0,137.0,138.0,139.0,139.0,139.0,140.0,140.0,140.0,140.0,140.0,140.0,140.0,142.0,142.0,142.0,142.0,142.0,142.0,142.0,142.0,142.0,143.0,143.0,143.0,143.0,143.0,143.0,143.0,143.0,143.0,143.0,143.0,144.0,145.0,145.0,145.0,145.0,145.0,145.0,145.0,145.0,145.0,145.0,145.0,145.0,145.0,145.0,145.0,145.0,145.0,145.0,145.0,145.0,145.0,145.0,145.0,145.0,145.0,145.0,145.0,146.0,146.0,146.0,146.0,146.0,146.0,146.0,146.0,146.0,146.0,146.0,146.0,146.0,146.0,146.0,146.0,146.0,146.0,146.0,146.0,146.0,146.0,146.0,146.0,146.0,146.0,146.0,146.0,146.0,146.0,146.0,146.0,146.0,147.0,147.0,147.0,147.0,147.0,147.0,147.0,147.0,146.0,146.0,146.0,146.0,146.0,146.0,146.0,146.0,146
R625XMgcScs,0.0,0.0,0.0,0.0,0.0,0.0,0.0,0.0,0.0,0.0,0.0,0.0,0.0,0.0,0.0,0.0,0.0,0.0,0.0,0.0,0.0,0.0,0.0,0.0,0.0,0.0,0.0,0.0,0.0,0.0,0.0,0.0,0.0,0.0,0.0,0.0,0.0,0.0,0.0,0.0,0.0,0.0,0.0,0.0,0.0,0.0,0.0,0.0,0.0,0.0,0.0,0.0,0.0,0.0,0.0,0.0,0.0,0.0,0.0,0.0,0.0,0.0,0.0,0.0,0.0,0.0,0.0,0.0,0.0,0.0,0.0,0.0,0.0,0.0,0.0,0.0,0.0,0.0,0.0,0.0,0.0,0.0,0.0,0.0,0.0,0.0,0.0,0.0,0.0,0.0,0.0,0.0,0.0,0.0,0.0,0.0,0.0,0.0,0.0,0.0,0.0,0.0,0.0,0.0,0.0,0.0,0.0,0.0,0.0,0.0,0.0,0.0,0.0,0.0,0.0,0.0,0.0,0.0,0.0,0.0,0.0,0.0,0.0,0.0,0.0,0
QMqouPgEMX4,3.0,3.0,3.0,3.0,3.0,3.0,3.0,3.0,3.0,4.0,4.0,4.0,4.0,4.0,4.0,4.0,4.0,4.0,4.0,4.0,4.0,4.0,4.0,4.0,4.0,4.0,4.0,4.0,5.0,5.0,5.0,5.0,5.0,5.0,5.0,5.0,5.0,5.0,5.0,5.0,5.0,5.0,5.0,5.0,5.0,5.0,5.0,5.0,5.0,5.0,5.0,5.0,5.0,5.0,5.0,5.0,5.0,5.0,5.0,5.0,5.0,5.0,7.0,7.0,7.0,7.0,7.0,7.0,7.0,7.0,7.0,7.0,7.0,7.0,7.0,7.0,7.0,7.0,7.0,7.0,7.0,7.0,7.0,7.0,7.0,7.0,8.0,8.0,8.0,8.0,8.0,8.0,8.0,8.0,8.0,8.0,8.0,8.0,9.0,9.0,9.0,9.0,9.0,9.0,9.0,9.0,9.0,9.0,9.0,9.0,9.0,9.0,9.0,9.0,10.0,10.0,10.0,10.0,11.0,11.0,11.0,12.0,12.0,12.0,12.0,12
6Q78RPXk2es,1471.0,1505.0,1557.0,1576.0,1604.0,1617.0,1629.0,1654.0,1661.0,1667.0,1679.0,1685.0,1687.0,1689.0,1695.0,1696.0,1702.0,1703.0,1708.0,1712.0,1720.0,1731.0,1737.0,1742.0,1748.0,1753.0,1762.0,1767.0,1769.0,1775.0,1778.0,1781.0,1789.0,1791.0,1792.0,1796.0,1799.0,1800.0,1803.0,1806.0,1807.0,1809.0,1811.0,1812.0,1812.0,1814.0,1815.0,1816.0,1818.0,1818.0,1821.0,1821.0,1822.0,1824.0,1826.0,1825.0,1826.0,1828.0,1829.0,1832.0,1832.0,1833.0,1834.0,1834.0,1834.0,1834.0,1835.0,1840.0,1841.0,1842.0,1842.0,1842.0,1838.0,1839.0,1840.0,1841.0,1841.0,1847.0,1856.0,1860.0,1863.0,1863.0,1871.0,1871.0,1875.0,1876.0,1877.0,1878.0,1877.0,1877.0,1877.0,1877.0,1876.0,1878.0,1882.0,1882.0,1886.0,1888.0,1890.0,1872.0,1872.0,1872.0,1873.0,1873.0,1876.0,1876.0,1877.0,1878.0,1880.0,1881.0,1883.0,1885.0,1885.0,1884.0,1884.0,1886.0,1887.0,1888.0,1890.0,1893.0,1895.0,1896.0,1898.0,1901.0,1902.0,1903
thBaOTbFYVA,1.0,1.0,1.0,1.0,1.0,1.0,1.0,1.0,1.0,1.0,1.0,1.0,1.0,1.0,1.0,1.0,1.0,1.0,1.0,1.0,1.0,1.0,1.0,1.0,1.0,1.0,1.0,1.0,1.0,1.0,1.0,1.0,1.0,1.0,1.0,1.0,2.0,2.0,2.0,3.0,3.0,3.0,3.0,3.0,3.0,3.0,3.0,3.0,3.0,3.0,3.0,3.0,3.0,3.0,3.0,3.0,4.0,4.0,4.0,4.0,4.0,4.0,4.0,4.0,4.0,4.0,4.0,4.0,4.0,4.0,4.0,4.0,4.0,4.0,4.0,4.0,4.0,4.0,4.0,4.0,4.0,4.0,4.0,4.0,4.0,4.0,4.0,4.0,4.0,4.0,4.0,4.0,4.0,4.0,4.0,4.0,4.0,4.0,4.0,4.0,4.0,4.0,4.0,4.0,4.0,4.0,4.0,4.0,4.0,4.0,4.0,4.0,4.0,4.0,4.0,4.0,4.0,4.0,4.0,4.0,4.0,4.0,4.0,4.0,4.0,4
Bq-tehO5VA0,90.0,90.0,90.0,90.0,90.0,90.0,90.0,90.0,90.0,90.0,90.0,90.0,90.0,90.0,90.0,90.0,91.0,91.0,91.0,91.0,92.0,92.0,92.0,92.0,94.0,98.0,99.0,99.0,101.0,103.0,103.0,105.0,105.0,105.0,106.0,106.0,106.0,107.0,107.0,107.0,108.0,108.0,108.0,108.0,109.0,109.0,109.0,109.0,109.0,109.0,109.0,109.0,109.0,109.0,109.0,111.0,111.0,111.0,111.0,112.0,112.0,113.0,113.0,113.0,113.0,113.0,113.0,113.0,113.0,113.0,113.0,113.0,113.0,113.0,113.0,113.0,113.0,113.0,113.0,113.0,113.0,113.0,113.0,113.0,113.0,113.0,114.0,114.0,114.0,115.0,115.0,115.0,115.0,115.0,115.0,115.0,115.0,115.0,115.0,115.0,115.0,115.0,115.0,115.0,115.0,115.0,115.0,115.0,115.0,115.0,115.0,115.0,115.0,115.0,115.0,115.0,115.0,115.0,115.0,115.0,115.0,115.0,115.0,115.0,115.0,115
XeH4z3poP8Y,0.0,0.0,0.0,0.0,0.0,0.0,0.0,0.0,0.0,0.0,0.0,0.0,0.0,0.0,0.0,0.0,0.0,0.0,0.0,0.0,0.0,0.0,0.0,0.0,0.0,0.0,0.0,0.0,0.0,0.0,0.0,0.0,0.0,0.0,0.0,0.0,0.0,0.0,0.0,0.0,0.0,0.0,0.0,0.0,0.0,0.0,0.0,0.0,0.0,0.0,0.0,0.0,0.0,0.0,0.0,0.0,0.0,0.0,0.0,0.0,0.0,0.0,0.0,0.0,0.0,0.0,0.0,0.0,0.0,0.0,0.0,0.0,0.0,0.0,0.0,0.0,0.0,0.0,0.0,0.0,0.0,0.0,0.0,0.0,0.0,0.0,0.0,0.0,0.0,0.0,0.0,0.0,0.0,0.0,0.0,0.0,0.0,0.0,0.0,0.0,0.0,0.0,0.0,0.0,0.0,0.0,0.0,0.0,0.0,0.0,0.0,0.0,0.0,0.0,0.0,0.0,0.0,0.0,0.0,0.0,0.0,0.0,0.0,0.0,0.0,0
WB6ghEpJr5Y,29.0,29.0,29.0,29.0,29.0,30.0,30.0,30.0,30.0,30.0,30.0,30.0,30.0,30.0,30.0,30.0,30.0,30.0,30.0,30.0,30.0,30.0,30.0,30.0,29.0,29.0,29.0,29.0,29.0,29.0,30.0,30.0,32.0,34.0,34.0,34.0,34.0,34.0,34.0,34.0,35.0,35.0,35.0,35.0,35.0,37.0,37.0,38.0,39.0,39.0,39.0,39.0,39.0,39.0,39.0,39.0,39.0,39.0,39.0,39.0,39.0,39.0,39.0,39.0,39.0,39.0,39.0,39.0,39.0,39.0,39.0,39.0,39.0,39.0,39.0,39.0,39.0,39.0,39.0,39.0,39.0,40.0,40.0,41.0,41.0,41.0,41.0,42.0,42.0,42.0,42.0,42.0,42.0,42.0,42.0,42.0,42.0,42.0,42.0,42.0,42.0,43.0,43.0,43.0,43.0,43.0,43.0,43.0,43.0,43.0,43.0,43.0,43.0,43.0,43.0,43.0,43.0,43.0,43.0,43.0,43.0,43.0,43.0,43.0,43.0,43
jVGAYZCgrhw,3.0,3.0,3.0,3.0,3.0,3.0,3.0,3.0,3.0,3.0,3.0,3.0,3.0,4.0,4.0,4.0,4.0,4.0,4.0,4.0,4.0,4.0,4.0,4.0,4.0,4.0,4.0,4.0,4.0,4.0,4.0,4.0,4.0,4.0,4.0,4.0,4.0,4.0,4.0,4.0,4.0,4.0,4.0,4.0,4.0,4.0,4.0,4.0,4.0,4.0,4.0,4.0,4.0,4.0,4.0,4.0,4.0,4.0,4.0,4.0,4.0,4.0,4.0,4.0,4.0,4.0,4.0,4.0,4.0,4.0,4.0,4.0,4.0,4.0,4.0,4.0,4.0,4.0,4.0,4.0,4.0,4.0,4.0,4.0,4.0,4.0,4.0,4.0,4.0,4.0,4.0,4.0,4.0,4.0,4.0,4.0,4.0,4.0,4.0,4.0,4.0,4.0,4.0,4.0,4.0,4.0,4.0,4.0,4.0,4.0,4.0,4.0,4.0,4.0,4.0,4.0,4.0,4.0,4.0,4.0,4.0,4.0,4.0,4.0,4.0,4
UZ34FXPquTI,383.0,383.0,383.0,385.0,385.0,385.0,385.0,386.0,386.0,387.0,387.0,388.0,388.0,388.0,388.0,388.0,388.0,388.0,388.0,388.0,388.0,388.0,388.0,388.0,388.0,388.0,389.0,389.0,389.0,389.0,389.0,389.0,390.0,390.0,390.0,390.0,390.0,390.0,390.0,390.0,390.0,390.0,390.0,390.0,390.0,390.0,390.0,390.0,390.0,391.0,391.0,391.0,392.0,392.0,392.0,394.0,394.0,394.0,394.0,395.0,395.0,395.0,394.0,394.0,394.0,394.0,394.0,394.0,394.0,394.0,394.0,392.0,392.0,392.0,394.0,394.0,394.0,394.0,394.0,394.0,394.0,394.0,394.0,394.0,394.0,394.0,395.0,395.0,395.0,394.0,394.0,394.0,394.0,394.0,394.0,393.0,393.0,393.0,392.0,392.0,392.0,392.0,392.0,392.0,392.0,392.0,392.0,394.0,395.0,395.0,395.0,395.0,395.0,395.0,395.0,395.0,395.0,396.0,396.0,396.0,397.0,396.0,396.0,396.0,395.0,395
gbRV3hShGe8,0.0,0.0,0.0,0.0,0.0,0.0,0.0,0.0,0.0,0.0,0.0,0.0,0.0,0.0,0.0,0.0,0.0,0.0,0.0,0.0,0.0,0.0,0.0,0.0,0.0,0.0,0.0,0.0,0.0,0.0,0.0,0.0,0.0,0.0,0.0,0.0,0.0,0.0,0.0,0.0,0.0,0.0,0.0,0.0,0.0,0.0,0.0,0.0,0.0,0.0,0.0,0.0,0.0,0.0,0.0,0.0,0.0,0.0,0.0,0.0,0.0,0.0,0.0,0.0,0.0,0.0,0.0,0.0,0.0,0.0,0.0,0.0,0.0,0.0,0.0,0.0,0.0,0.0,0.0,0.0,0.0,0.0,0.0,0.0,0.0,0.0,0.0,0.0,0.0,0.0,0.0,0.0,0.0,0.0,0.0,0.0,0.0,0.0,0.0,0.0,0.0,0.0,0.0,0.0,0.0,0.0,0.0,0.0,0.0,0.0,0.0,0.0,0.0,0.0,0.0,0.0,0.0,0.0,0.0,0.0,0.0,0.0,0.0,0.0,0.0,0
SNsphA_t6WE,21.0,21.0,21.0,21.0,21.0,21.0,21.0,21.0,21.0,21.0,21.0,21.0,21.0,21.0,21.0,21.0,21.0,21.0,21.0,21.0,21.0,22.0,22.0,22.0,22.0,22.0,22.0,22.0,22.0,22.0,22.0,22.0,22.0,22.0,22.0,22.0,22.0,22.0,22.0,22.0,22.0,22.0,22.0,23.0,23.0,23.0,24.0,24.0,24.0,24.0,25.0,25.0,25.0,25.0,25.0,25.0,25.0,25.0,24.0,23.0,23.0,23.0,23.0,23.0,23.0,24.0,25.0,25.0,26.0,27.0,27.0,27.0,27.0,27.0,27.0,28.0,28.0,28.0,27.0,27.0,27.0,27.0,27.0,27.0,27.0,27.0,27.0,28.0,32.0,32.0,32.0,32.0,33.0,33.0,33.0,33.0,33.0,33.0,33.0,33.0,33.0,33.0,33.0,32.0,32.0,32.0,32.0,32.0,32.0,32.0,32.0,32.0,32.0,32.0,32.0,32.0,32.0,32.0,32.0,32.0,32.0,32.0,32.0,32.0,32.0,32
HnLmupJogu0,0.0,0.0,0.0,0.0,0.0,0.0,0.0,0.0,0.0,0.0,0.0,0.0,0.0,0.0,0.0,0.0,0.0,0.0,0.0,0.0,0.0,0.0,0.0,0.0,0.0,0.0,0.0,0.0,0.0,0.0,0.0,0.0,0.0,0.0,0.0,0.0,0.0,0.0,0.0,0.0,0.0,0.0,0.0,0.0,0.0,0.0,0.0,0.0,0.0,0.0,0.0,0.0,0.0,0.0,0.0,0.0,0.0,0.0,0.0,0.0,0.0,0.0,0.0,0.0,0.0,0.0,0.0,0.0,0.0,0.0,0.0,0.0,0.0,0.0,0.0,0.0,0.0,0.0,0.0,0.0,0.0,0.0,0.0,0.0,0.0,0.0,0.0,0.0,0.0,0.0,0.0,0.0,0.0,0.0,0.0,0.0,0.0,0.0,0.0,0.0,0.0,0.0,0.0,0.0,0.0,0.0,0.0,0.0,0.0,0.0,0.0,0.0,0.0,0.0,0.0,0.0,0.0,0.0,0.0,0.0,0.0,0.0,0.0,0.0,0.0,0
lROO5y2ygN4,86.0,86.0,86.0,86.0,86.0,87.0,87.0,87.0,87.0,87.0,87.0,87.0,87.0,87.0,87.0,87.0,86.0,86.0,86.0,86.0,86.0,88.0,88.0,88.0,88.0,88.0,88.0,88.0,88.0,88.0,88.0,88.0,88.0,88.0,88.0,88.0,88.0,88.0,88.0,88.0,88.0,88.0,88.0,88.0,88.0,88.0,88.0,88.0,88.0,88.0,88.0,88.0,88.0,88.0,88.0,88.0,88.0,88.0,88.0,88.0,88.0,88.0,88.0,88.0,88.0,88.0,88.0,88.0,88.0,88.0,88.0,88.0,88.0,88.0,88.0,88.0,88.0,88.0,88.0,88.0,88.0,88.0,87.0,87.0,87.0,87.0,87.0,87.0,87.0,87.0,87.0,87.0,87.0,87.0,87.0,87.0,87.0,87.0,87.0,87.0,87.0,87.0,87.0,87.0,87.0,87.0,87.0,87.0,87.0,87.0,87.0,87.0,87.0,87.0,87.0,87.0,87.0,87.0,87.0,87.0,87.0,87.0,88.0,88.0,88.0,88
1qHcZ7ZluxA,445.0,445.0,445.0,445.0,445.0,445.0,445.0,445.0,445.0,445.0,445.0,445.0,445.0,445.0,445.0,445.0,445.0,445.0,445.0,445.0,445.0,445.0,445.0,445.0,445.0,445.0,443.0,443.0,443.0,443.0,443.0,443.0,443.0,443.0,443.0,443.0,443.0,443.0,443.0,443.0,443.0,443.0,443.0,443.0,443.0,443.0,443.0,443.0,443.0,443.0,443.0,443.0,444.0,444.0,444.0,444.0,444.0,444.0,444.0,444.0,444.0,444.0,444.0,444.0,444.0,444.0,444.0,444.0,444.0,444.0,444.0,444.0,444.0,444.0,444.0,444.0,444.0,444.0,444.0,444.0,444.0,444.0,444.0,444.0,444.0,444.0,444.0,444.0,444.0,444.0,444.0,444.0,444.0,444.0,444.0,444.0,444.0,444.0,444.0,444.0,444.0,444.0,444.0,444.0,444.0,444.0,444.0,444.0,444.0,444.0,444.0,444.0,444.0,444.0,444.0,444.0,444.0,444.0,444.0,444.0,444.0,444.0,444.0,444.0,444.0,444
8Wl1QM3l22w,126.0,126.0,127.0,128.0,128.0,129.0,133.0,133.0,134.0,137.0,138.0,138.0,140.0,140.0,140.0,140.0,140.0,140.0,141.0,141.0,141.0,141.0,141.0,141.0,141.0,141.0,141.0,141.0,141.0,141.0,142.0,142.0,142.0,142.0,142.0,142.0,142.0,142.0,142.0,142.0,142.0,142.0,142.0,142.0,142.0,142.0,142.0,142.0,142.0,142.0,142.0,142.0,142.0,142.0,142.0,142.0,141.0,141.0,141.0,141.0,141.0,141.0,142.0,142.0,142.0,142.0,142.0,142.0,142.0,142.0,142.0,142.0,142.0,142.0,142.0,142.0,142.0,142.0,142.0,142.0,142.0,142.0,142.0,142.0,142.0,142.0,142.0,142.0,142.0,142.0,142.0,142.0,142.0,142.0,142.0,142.0,142.0,142.0,142.0,142.0,142.0,142.0,142.0,142.0,142.0,142.0,142.0,142.0,142.0,142.0,142.0,142.0,142.0,142.0,142.0,141.0,141.0,141.0,141.0,141.0,141.0,141.0,141.0,141.0,141.0,141
hIoGekC6GQc,9210.0,9223.0,9247.0,9266.0,9318.0,9203.0,9211.0,9220.0,9285.0,9289.0,9295.0,9299.0,9303.0,9311.0,9313.0,9313.0,9313.0,9314.0,9313.0,9314.0,9317.0,9317.0,9317.0,9317.0,9319.0,9318.0,9319.0,9316.0,9316.0,9316.0,9318.0,9317.0,9311.0,9309.0,9306.0,9305.0,9303.0,9302.0,9302.0,9302.0,9301.0,9297.0,9297.0,9296.0,9297.0,9297.0,9295.0,9294.0,9292.0,9290.0,9289.0,9289.0,9290.0,9289.0,9290.0,9291.0,9290.0,9286.0,9286.0,9286.0,9286.0,9286.0,9286.0,9286.0,9285.0,8793.0,8793.0,8792.0,8791.0,8792.0,8792.0,8792.0,8792.0,8792.0,8791.0,8792.0,8792.0,8792.0,8792.0,8792.0,8792.0,8792.0,8791.0,8791.0,8790.0,8791.0,8790.0,8790.0,8789.0,8789.0,8790.0,8789.0,8788.0,8788.0,8788.0,8787.0,8787.0,8788.0,8788.0,8788.0,8787.0,8787.0,8786.0,8787.0,8786.0,8785.0,8785.0,8785.0,8784.0,8783.0,8784.0,8784.0,8785.0,8785.0,8785.0,8784.0,8782.0,8781.0,8780.0,8780.0,8780.0,8779.0,8779.0,8779.0,8779.0,8777
3LXYNgBIE2Y,15.0,15.0,15.0,15.0,15.0,15.0,15.0,15.0,15.0,15.0,15.0,15.0,16.0,16.0,16.0,17.0,16.0,16.0,16.0,16.0,16.0,16.0,16.0,16.0,16.0,16.0,16.0,16.0,16.0,16.0,16.0,16.0,16.0,16.0,16.0,16.0,16.0,16.0,16.0,16.0,16.0,16.0,16.0,16.0,16.0,16.0,16.0,16.0,16.0,16.0,16.0,16.0,16.0,16.0,16.0,16.0,16.0,16.0,16.0,16.0,16.0,16.0,16.0,16.0,16.0,16.0,16.0,16.0,16.0,16.0,16.0,16.0,16.0,16.0,16.0,16.0,16.0,16.0,16.0,16.0,16.0,16.0,16.0,16.0,16.0,16.0,16.0,16.0,16.0,16.0,16.0,16.0,16.0,16.0,16.0,16.0,16.0,16.0,16.0,16.0,16.0,16.0,16.0,16.0,16.0,16.0,16.0,16.0,16.0,16.0,16.0,16.0,16.0,16.0,16.0,16.0,16.0,16.0,16.0,16.0,16.0,16.0,16.0,16.0,16.0,16
A8CYeBDHJd4,13021.0,13290.0,13330.0,13504.0,13685.0,14007.0,14263.0,14341.0,14419.0,14277.0,14342.0,14430.0,14532.0,14609.0,14653.0,14705.0,14592.0,14628.0,14654.0,14679.0,14693.0,14719.0,14780.0,14808.0,14823.0,14841.0,14871.0,14881.0,14971.0,14996.0,15018.0,15033.0,15057.0,15073.0,15095.0,15091.0,15126.0,15145.0,15175.0,15192.0,15209.0,15233.0,15254.0,15277.0,15301.0,15354.0,15374.0,15407.0,15425.0,15443.0,15456.0,15481.0,15493.0,15502.0,15509.0,15518.0,15528.0,15541.0,15552.0,15566.0,15577.0,15582.0,15600.0,15609.0,15618.0,15625.0,15640.0,15654.0,15665.0,15679.0,15695.0,15728.0,15746.0,15763.0,15780.0,15796.0,15802.0,15812.0,15822.0,15834.0,15848.0,15861.0,15877.0,15882.0,15893.0,15903.0,15919.0,15930.0,15943.0,15953.0,15963.0,15980.0,15985.0,15992.0,16002.0,16007.0,16013.0,16020.0,16029.0,16038.0,16057.0,16064.0,16071.0,16081.0,16087.0,16093.0,16101.0,16109.0,16115.0,16118.0,16125.0,16130.0,16132.0,16138.0,16146.0,16152.0,16156.0,16166.0,16171.0,16177.0,16167.0,16143.0,16150.0,16156.0,16159.0,16164
HcprgjizuPo,55.0,57.0,58.0,59.0,60.0,62.0,62.0,63.0,68.0,70.0,71.0,71.0,75.0,79.0,79.0,80.0,88.0,88.0,91.0,91.0,91.0,93.0,95.0,96.0,97.0,98.0,98.0,99.0,99.0,101.0,101.0,101.0,111.0,113.0,115.0,121.0,125.0,125.0,128.0,129.0,129.0,129.0,132.0,132.0,135.0,135.0,135.0,135.0,135.0,135.0,135.0,136.0,136.0,136.0,136.0,136.0,136.0,136.0,137.0,137.0,137.0,137.0,136.0,136.0,137.0,137.0,138.0,138.0,138.0,138.0,138.0,138.0,138.0,138.0,138.0,138.0,138.0,138.0,138.0,138.0,138.0,138.0,138.0,138.0,139.0,139.0,139.0,139.0,139.0,139.0,139.0,139.0,139.0,139.0,139.0,139.0,140.0,140.0,140.0,140.0,140.0,140.0,140.0,140.0,140.0,140.0,140.0,140.0,140.0,140.0,140.0,140.0,140.0,140.0,140.0,140.0,140.0,140.0,140.0,140.0,140.0,140.0,140.0,141.0,141.0,141
k9kuXTI2qZk,178.0,182.0,183.0,184.0,185.0,185.0,186.0,186.0,186.0,187.0,188.0,189.0,189.0,189.0,189.0,190.0,190.0,190.0,190.0,190.0,191.0,192.0,192.0,194.0,194.0,194.0,194.0,195.0,195.0,195.0,195.0,195.0,195.0,194.0,194.0,195.0,195.0,195.0,195.0,195.0,195.0,195.0,195.0,195.0,196.0,198.0,198.0,198.0,198.0,198.0,198.0,198.0,198.0,198.0,199.0,199.0,199.0,199.0,199.0,199.0,199.0,199.0,199.0,199.0,200.0,201.0,202.0,202.0,202.0,204.0,204.0,204.0,204.0,204.0,204.0,204.0,204.0,204.0,205.0,205.0,205.0,205.0,205.0,205.0,205.0,205.0,205.0,205.0,205.0,205.0,205.0,205.0,205.0,205.0,205.0,205.0,205.0,205.0,206.0,207.0,206.0,206.0,206.0,206.0,206.0,206.0,206.0,206.0,206.0,206.0,206.0,206.0,206.0,206.0,206.0,207.0,207.0,206.0,206.0,206.0,206.0,206.0,206.0,206.0,206.0,208
3RtfLHXB6qQ,80.0,80.0,80.0,80.0,80.0,80.0,80.0,80.0,80.0,80.0,80.0,80.0,80.0,80.0,80.0,80.0,80.0,80.0,80.0,82.0,82.0,82.0,82.0,82.0,82.0,82.0,82.0,82.0,82.0,82.0,82.0,83.0,83.0,83.0,83.0,83.0,83.0,83.0,83.0,83.0,83.0,83.0,83.0,83.0,83.0,83.0,83.0,83.0,83.0,83.0,85.0,85.0,85.0,85.0,85.0,85.0,85.0,85.0,85.0,85.0,86.0,86.0,86.0,86.0,86.0,86.0,86.0,86.0,86.0,86.0,86.0,86.0,86.0,86.0,86.0,86.0,86.0,86.0,86.0,86.0,86.0,86.0,86.0,86.0,86.0,86.0,86.0,86.0,86.0,86.0,86.0,86.0,86.0,86.0,86.0,86.0,86.0,86.0,86.0,86.0,86.0,86.0,86.0,86.0,86.0,86.0,86.0,86.0,86.0,86.0,86.0,86.0,86.0,86.0,86.0,86.0,86.0,86.0,86.0,86.0,86.0,86.0,86.0,86.0,86.0,86
JIylhy3ho9g,0.0,0.0,0.0,0.0,0.0,0.0,0.0,0.0,0.0,0.0,0.0,0.0,0.0,0.0,0.0,0.0,0.0,0.0,0.0,0.0,0.0,0.0,0.0,0.0,0.0,0.0,0.0,0.0,0.0,0.0,0.0,0.0,0.0,0.0,0.0,0.0,0.0,0.0,0.0,0.0,0.0,0.0,0.0,0.0,0.0,0.0,0.0,0.0,0.0,0.0,0.0,0.0,0.0,0.0,0.0,0.0,0.0,0.0,0.0,0.0,0.0,0.0,0.0,0.0,0.0,0.0,0.0,0.0,0.0,0.0,0.0,0.0,0.0,0.0,0.0,0.0,0.0,0.0,0.0,0.0,0.0,0.0,0.0,0.0,0.0,0.0,0.0,0.0,0.0,0.0,0.0,0.0,0.0,0.0,0.0,0.0,0.0,0.0,0.0,0.0,0.0,0.0,0.0,0.0,0.0,0.0,0.0,0.0,0.0,0.0,0.0,0.0,0.0,0.0,0.0,0.0,0.0,0.0,0.0,0.0,0.0,0.0,0.0,0.0,0.0,0
V6foBMc7kZA,0.0,0.0,0.0,0.0,0.0,0.0,0.0,0.0,0.0,0.0,0.0,0.0,0.0,0.0,0.0,0.0,0.0,0.0,0.0,0.0,0.0,0.0,0.0,0.0,0.0,0.0,0.0,0.0,0.0,0.0,0.0,0.0,0.0,0.0,0.0,0.0,0.0,0.0,0.0,0.0,0.0,0.0,0.0,0.0,0.0,0.0,0.0,0.0,0.0,0.0,0.0,0.0,0.0,0.0,0.0,0.0,0.0,0.0,0.0,0.0,0.0,0.0,0.0,0.0,0.0,0.0,0.0,0.0,0.0,0.0,0.0,0.0,0.0,0.0,0.0,0.0,0.0,0.0,0.0,0.0,0.0,0.0,0.0,0.0,0.0,0.0,0.0,0.0,0.0,0.0,0.0,0.0,0.0,0.0,0.0,0.0,0.0,0.0,0.0,0.0,0.0,0.0,0.0,0.0,0.0,0.0,0.0,0.0,0.0,0.0,0.0,0.0,0.0,0.0,0.0,0.0,0.0,0.0,0.0,0.0,0.0,0.0,0.0,0.0,0.0,0
FfRkWpndV9g,170.0,172.0,172.0,172.0,174.0,175.0,175.0,175.0,175.0,175.0,175.0,175.0,175.0,175.0,175.0,175.0,175.0,175.0,175.0,175.0,175.0,175.0,175.0,175.0,175.0,175.0,176.0,176.0,177.0,178.0,178.0,178.0,178.0,178.0,178.0,178.0,178.0,178.0,178.0,178.0,178.0,178.0,178.0,178.0,178.0,178.0,177.0,177.0,177.0,177.0,177.0,177.0,177.0,177.0,177.0,177.0,177.0,177.0,177.0,177.0,177.0,177.0,177.0,177.0,177.0,177.0,177.0,177.0,177.0,177.0,177.0,177.0,177.0,177.0,177.0,177.0,177.0,177.0,177.0,177.0,177.0,177.0,177.0,177.0,177.0,177.0,177.0,177.0,177.0,177.0,177.0,177.0,177.0,177.0,177.0,177.0,177.0,177.0,177.0,177.0,177.0,177.0,177.0,177.0,177.0,177.0,177.0,177.0,177.0,177.0,177.0,177.0,177.0,177.0,177.0,177.0,177.0,177.0,177.0,177.0,177.0,177.0,177.0,177.0,177.0,177
rCgjloxSvkw,0.0,0.0,0.0,0.0,0.0,0.0,0.0,0.0,0.0,0.0,0.0,0.0,0.0,0.0,0.0,0.0,0.0,0.0,0.0,0.0,0.0,0.0,0.0,0.0,0.0,0.0,0.0,0.0,0.0,0.0,0.0,0.0,0.0,0.0,0.0,0.0,0.0,0.0,0.0,0.0,0.0,0.0,0.0,0.0,0.0,0.0,0.0,0.0,0.0,0.0,0.0,0.0,0.0,0.0,0.0,0.0,0.0,0.0,0.0,0.0,0.0,0.0,0.0,0.0,0.0,0.0,0.0,0.0,0.0,0.0,0.0,0.0,0.0,0.0,0.0,0.0,0.0,0.0,0.0,0.0,0.0,0.0,0.0,0.0,0.0,0.0,0.0,0.0,0.0,0.0,0.0,0.0,0.0,0.0,0.0,0.0,0.0,0.0,0.0,0.0,0.0,0.0,0.0,0.0,0.0,0.0,0.0,0.0,0.0,0.0,0.0,0.0,0.0,0.0,0.0,0.0,0.0,0.0,0.0,0.0,0.0,0.0,0.0,0.0,0.0,0
a599dVpdPmE,12.0,12.0,12.0,12.0,12.0,12.0,12.0,12.0,12.0,12.0,12.0,12.0,12.0,12.0,12.0,12.0,12.0,12.0,12.0,12.0,12.0,12.0,12.0,12.0,12.0,12.0,12.0,12.0,12.0,12.0,12.0,13.0,13.0,13.0,13.0,13.0,13.0,13.0,13.0,13.0,13.0,13.0,15.0,15.0,14.0,14.0,14.0,14.0,14.0,15.0,15.0,16.0,16.0,17.0,17.0,17.0,17.0,17.0,17.0,17.0,17.0,17.0,17.0,17.0,17.0,17.0,17.0,17.0,18.0,18.0,18.0,18.0,18.0,18.0,18.0,18.0,18.0,18.0,18.0,19.0,19.0,19.0,19.0,19.0,19.0,19.0,19.0,19.0,19.0,19.0,19.0,19.0,19.0,19.0,19.0,19.0,19.0,19.0,19.0,19.0,19.0,19.0,19.0,19.0,19.0,19.0,19.0,19.0,19.0,19.0,19.0,19.0,19.0,19.0,19.0,19.0,19.0,19.0,19.0,19.0,19.0,19.0,19.0,19.0,19.0,19
h1PsdVXdAj0,3144.0,3153.0,3159.0,3179.0,3190.0,3207.0,3222.0,3240.0,3253.0,3273.0,3289.0,3297.0,3310.0,3320.0,3327.0,3338.0,3339.0,3351.0,3357.0,3363.0,3369.0,3374.0,3298.0,3304.0,3311.0,3320.0,3330.0,3338.0,3350.0,3360.0,3374.0,3378.0,3385.0,3405.0,3417.0,3428.0,3441.0,3454.0,3468.0,3479.0,3489.0,3495.0,3505.0,3512.0,3522.0,3533.0,3542.0,3552.0,3570.0,3583.0,3593.0,3607.0,3606.0,3617.0,3631.0,3648.0,3663.0,3668.0,3683.0,3699.0,3707.0,3720.0,3726.0,3735.0,3739.0,3753.0,3765.0,3770.0,3788.0,3793.0,3803.0,3815.0,3825.0,3829.0,3835.0,3853.0,3861.0,3870.0,3880.0,3896.0,3905.0,3911.0,3923.0,3928.0,3939.0,3945.0,3953.0,3959.0,3968.0,3980.0,3981.0,3977.0,3979.0,3981.0,3993.0,4000.0,4002.0,4009.0,4011.0,4012.0,4015.0,4021.0,4025.0,4030.0,4044.0,4050.0,4062.0,4075.0,4084.0,4090.0,4094.0,4096.0,4102.0,4113.0,4123.0,4130.0,4129.0,4134.0,4142.0,4157.0,4163.0,4155.0,4154.0,4163.0,4177.0,4186
z41w8drYENI,42.0,45.0,48.0,49.0,51.0,52.0,53.0,53.0,53.0,51.0,51.0,51.0,51.0,52.0,53.0,52.0,52.0,52.0,52.0,53.0,53.0,53.0,53.0,53.0,53.0,53.0,53.0,53.0,53.0,53.0,54.0,54.0,55.0,55.0,55.0,55.0,55.0,55.0,55.0,55.0,55.0,55.0,55.0,55.0,55.0,55.0,55.0,55.0,55.0,55.0,55.0,55.0,55.0,55.0,55.0,55.0,55.0,55.0,55.0,55.0,55.0,55.0,55.0,55.0,55.0,55.0,55.0,55.0,55.0,55.0,55.0,55.0,55.0,55.0,55.0,55.0,55.0,56.0,57.0,57.0,57.0,57.0,57.0,57.0,57.0,57.0,57.0,57.0,57.0,57.0,57.0,57.0,57.0,57.0,57.0,57.0,57.0,57.0,57.0,57.0,57.0,57.0,57.0,57.0,57.0,57.0,57.0,57.0,57.0,57.0,57.0,57.0,57.0,57.0,57.0,57.0,57.0,57.0,57.0,58.0,58.0,58.0,58.0,58.0,58.0,58
AJ4x2VsxWpo,2842.0,2988.0,3072.0,3115.0,3150.0,3156.0,3158.0,3159.0,3161.0,3161.0,3155.0,3153.0,3153.0,3151.0,3137.0,3138.0,3139.0,3140.0,3141.0,3141.0,3140.0,3141.0,3142.0,3143.0,3144.0,3144.0,3144.0,3144.0,3143.0,3143.0,3142.0,3142.0,3141.0,3141.0,3141.0,3141.0,3141.0,3139.0,3139.0,3139.0,3139.0,3139.0,3139.0,3137.0,3137.0,3137.0,3137.0,3138.0,3138.0,3138.0,3138.0,3137.0,3125.0,3125.0,3122.0,3122.0,3122.0,3120.0,3120.0,3120.0,3120.0,3120.0,3120.0,3120.0,3120.0,3119.0,3119.0,3119.0,3118.0,3118.0,3118.0,3118.0,3118.0,3118.0,3118.0,3117.0,3113.0,3113.0,3113.0,3113.0,3113.0,3113.0,3113.0,3114.0,3111.0,3111.0,3111.0,3111.0,3110.0,3110.0,3110.0,3109.0,3109.0,3109.0,3109.0,3109.0,3109.0,3108.0,3107.0,3107.0,3108.0,3108.0,3108.0,3107.0,3107.0,3107.0,3107.0,3107.0,3107.0,3107.0,3107.0,3107.0,3107.0,3107.0,3106.0,3105.0,3101.0,3101.0,3101.0,3101.0,3100.0,3100.0,3100.0,3100.0,3099.0,3099
dQ5jWzNp0Gs,12.0,12.0,12.0,12.0,12.0,12.0,12.0,12.0,12.0,12.0,12.0,12.0,12.0,12.0,12.0,12.0,12.0,12.0,12.0,12.0,12.0,12.0,12.0,12.0,12.0,12.0,12.0,12.0,12.0,12.0,12.0,12.0,12.0,12.0,12.0,12.0,12.0,12.0,12.0,12.0,12.0,12.0,12.0,12.0,12.0,12.0,12.0,12.0,12.0,12.0,12.0,12.0,12.0,12.0,12.0,12.0,12.0,12.0,12.0,12.0,12.0,12.0,12.0,12.0,12.0,12.0,12.0,12.0,13.0,13.0,13.0,13.0,13.0,13.0,13.0,13.0,13.0,13.0,13.0,13.0,13.0,13.0,13.0,13.0,13.0,13.0,13.0,13.0,13.0,13.0,13.0,13.0,13.0,13.0,13.0,13.0,13.0,13.0,13.0,13.0,13.0,13.0,13.0,13.0,13.0,13.0,13.0,13.0,13.0,13.0,13.0,13.0,13.0,14.0,14.0,14.0,14.0,14.0,14.0,14.0,14.0,14.0,14.0,14.0,14.0,14
NJkp34OS5kE,41.0,41.0,41.0,41.0,41.0,41.0,41.0,41.0,41.0,41.0,41.0,41.0,41.0,41.0,41.0,41.0,41.0,41.0,41.0,41.0,41.0,41.0,41.0,41.0,41.0,41.0,41.0,41.0,41.0,41.0,41.0,41.0,41.0,41.0,41.0,41.0,41.0,41.0,41.0,41.0,41.0,41.0,41.0,41.0,41.0,41.0,41.0,41.0,41.0,41.0,41.0,41.0,41.0,41.0,41.0,41.0,41.0,41.0,41.0,41.0,41.0,41.0,41.0,41.0,40.0,40.0,40.0,40.0,40.0,40.0,40.0,40.0,40.0,40.0,40.0,40.0,40.0,40.0,40.0,40.0,40.0,40.0,40.0,40.0,40.0,40.0,40.0,40.0,40.0,40.0,40.0,40.0,40.0,40.0,40.0,40.0,40.0,40.0,40.0,40.0,40.0,40.0,40.0,40.0,40.0,40.0,40.0,40.0,40.0,40.0,40.0,40.0,40.0,40.0,40.0,40.0,40.0,40.0,40.0,40.0,40.0,40.0,40.0,40.0,40.0,40
tbKNgK_u-u8,37.0,42.0,43.0,46.0,46.0,48.0,48.0,48.0,48.0,49.0,49.0,49.0,49.0,50.0,50.0,50.0,50.0,51.0,51.0,51.0,52.0,52.0,52.0,52.0,52.0,52.0,52.0,52.0,52.0,52.0,52.0,52.0,52.0,52.0,52.0,53.0,53.0,53.0,53.0,53.0,53.0,53.0,54.0,54.0,54.0,54.0,54.0,54.0,54.0,54.0,54.0,54.0,54.0,54.0,54.0,54.0,54.0,54.0,54.0,54.0,54.0,54.0,54.0,54.0,54.0,54.0,54.0,54.0,54.0,54.0,54.0,54.0,54.0,54.0,54.0,54.0,54.0,54.0,54.0,54.0,54.0,54.0,54.0,54.0,54.0,54.0,54.0,54.0,54.0,54.0,54.0,54.0,54.0,54.0,54.0,54.0,54.0,54.0,54.0,54.0,54.0,54.0,54.0,54.0,54.0,54.0,54.0,54.0,54.0,54.0,54.0,54.0,54.0,54.0,54.0,54.0,54.0,54.0,54.0,54.0,54.0,54.0,54.0,53.0,53.0,52
av3cohLabA8,1288.0,1328.0,1352.0,1360.0,1367.0,1374.0,1375.0,1378.0,1384.0,1386.0,1390.0,1394.0,1401.0,1401.0,1403.0,1405.0,1405.0,1406.0,1409.0,1413.0,1417.0,1419.0,1415.0,1415.0,1415.0,1415.0,1415.0,1414.0,1414.0,1414.0,1413.0,1413.0,1413.0,1413.0,1413.0,1413.0,1413.0,1410.0,1410.0,1410.0,1410.0,1410.0,1410.0,1410.0,1410.0,1410.0,1410.0,1410.0,1410.0,1410.0,1410.0,1410.0,1410.0,1410.0,1409.0,1409.0,1409.0,1409.0,1408.0,1408.0,1408.0,1408.0,1408.0,1408.0,1408.0,1408.0,1408.0,1408.0,1408.0,1408.0,1408.0,1408.0,1408.0,1408.0,1408.0,1408.0,1408.0,1408.0,1408.0,1408.0,1408.0,1408.0,1408.0,1408.0,1408.0,1408.0,1408.0,1408.0,1408.0,1408.0,1408.0,1408.0,1408.0,1408.0,1408.0,1408.0,1408.0,1408.0,1408.0,1408.0,1408.0,1408.0,1408.0,1408.0,1408.0,1407.0,1407.0,1407.0,1407.0,1407.0,1407.0,1407.0,1407.0,1407.0,1407.0,1407.0,1407.0,1407.0,1407.0,1407.0,1406.0,1405.0,1405.0,1405.0,1405.0,1405
f2ILvf-JKBY,12614.0,12628.0,12641.0,12650.0,12668.0,12674.0,12678.0,12683.0,12689.0,12697.0,12700.0,12703.0,12709.0,12716.0,12724.0,12745.0,12750.0,12753.0,12756.0,12765.0,12772.0,12776.0,12781.0,12784.0,12786.0,12787.0,12794.0,12801.0,12809.0,12822.0,12828.0,12831.0,12833.0,12837.0,12841.0,12838.0,12846.0,12850.0,12856.0,12862.0,12871.0,12883.0,12890.0,12921.0,12933.0,12952.0,12965.0,12974.0,12989.0,12992.0,13001.0,13008.0,13012.0,13015.0,13017.0,13024.0,13035.0,13038.0,13039.0,13043.0,13046.0,13048.0,13051.0,13055.0,13060.0,13068.0,13069.0,13072.0,13075.0,13077.0,13080.0,13081.0,13082.0,13084.0,13086.0,13089.0,13089.0,13093.0,13096.0,13100.0,13107.0,13108.0,13110.0,13116.0,13125.0,13127.0,13132.0,13135.0,13138.0,13141.0,13142.0,13143.0,13145.0,13146.0,13151.0,13155.0,13165.0,13167.0,13168.0,13171.0,13173.0,13176.0,13177.0,13182.0,13184.0,13185.0,13188.0,13192.0,13195.0,13198.0,13199.0,13201.0,13201.0,13202.0,13206.0,13212.0,13216.0,13219.0,13224.0,13227.0,13228.0,13227.0,13225.0,13227.0,13231.0,13232
ruwH5O1OCQ0,413.0,425.0,435.0,442.0,450.0,455.0,459.0,459.0,462.0,466.0,471.0,475.0,477.0,479.0,482.0,483.0,485.0,485.0,487.0,489.0,489.0,489.0,489.0,489.0,489.0,489.0,489.0,488.0,488.0,487.0,487.0,487.0,487.0,487.0,487.0,487.0,487.0,487.0,487.0,487.0,487.0,487.0,487.0,487.0,487.0,487.0,487.0,487.0,487.0,487.0,487.0,487.0,486.0,486.0,486.0,485.0,485.0,485.0,483.0,483.0,483.0,483.0,483.0,483.0,484.0,484.0,483.0,483.0,483.0,483.0,483.0,483.0,483.0,483.0,483.0,483.0,483.0,483.0,483.0,483.0,483.0,483.0,483.0,483.0,483.0,483.0,483.0,483.0,483.0,483.0,483.0,483.0,483.0,483.0,482.0,482.0,482.0,482.0,482.0,482.0,482.0,482.0,482.0,482.0,482.0,482.0,482.0,482.0,477.0,477.0,477.0,477.0,476.0,476.0,476.0,476.0,476.0,476.0,476.0,476.0,476.0,473.0,473.0,473.0,473.0,473
0rG4WPZpGaY,,45.0,45.0,47.0,48.0,48.0,48.0,48.0,50.0,51.0,51.0,51.0,51.0,51.0,53.0,54.0,55.0,55.0,55.0,55.0,55.0,55.0,55.0,55.0,55.0,55.0,55.0,55.0,56.0,56.0,56.0,56.0,56.0,56.0,56.0,56.0,56.0,57.0,57.0,57.0,57.0,57.0,57.0,57.0,58.0,58.0,58.0,58.0,59.0,59.0,59.0,59.0,59.0,59.0,59.0,59.0,58.0,58.0,58.0,58.0,60.0,60.0,60.0,61.0,62.0,64.0,64.0,64.0,64.0,67.0,68.0,70.0,70.0,70.0,70.0,70.0,71.0,72.0,72.0,73.0,73.0,73.0,73.0,73.0,73.0,73.0,73.0,73.0,73.0,74.0,77.0,77.0,77.0,77.0,77.0,78.0,78.0,78.0,78.0,78.0,78.0,78.0,78.0,78.0,78.0,78.0,78.0,78.0,78.0,78.0,78.0,78.0,78.0,78.0,78.0,78.0,78.0,78.0,78.0,78.0,78.0,78.0,78.0,78.0,78.0,78
Fd71HoHirUI,,3306.0,4262.0,5182.0,7419.0,8382.0,8356.0,8719.0,9312.0,9986.0,10614.0,11573.0,12044.0,12459.0,12655.0,12781.0,12930.0,13115.0,13454.0,13583.0,13683.0,13712.0,13808.0,13833.0,13855.0,13875.0,13899.0,13925.0,13955.0,13975.0,13997.0,14017.0,14042.0,14060.0,14076.0,13994.0,14020.0,14017.0,14035.0,14085.0,14115.0,14142.0,14173.0,14221.0,14245.0,14270.0,14299.0,14319.0,14327.0,14334.0,14339.0,14345.0,14351.0,14359.0,14364.0,14370.0,14376.0,14381.0,14389.0,14397.0,14408.0,14412.0,14421.0,14430.0,14436.0,14445.0,14449.0,14455.0,14463.0,14467.0,14481.0,14489.0,14494.0,14498.0,14504.0,14511.0,14509.0,14515.0,14518.0,14536.0,14544.0,14551.0,14552.0,14562.0,14570.0,14575.0,14579.0,14582.0,14587.0,14595.0,14597.0,14810.0,14815.0,14433.0,14822.0,14827.0,14832.0,14839.0,14864.0,14867.0,14870.0,14874.0,14884.0,14889.0,14889.0,14897.0,14904.0,14874.0,14878.0,14881.0,14884.0,14887.0,14889.0,14871.0,14874.0,14876.0,14878.0,14880.0,14888.0,14889.0,14879.0,14840.0,14843.0,14845.0,14848.0,14850
herwD1Lm-KE,,4.0,4.0,4.0,4.0,4.0,4.0,4.0,4.0,5.0,5.0,5.0,5.0,5.0,5.0,5.0,5.0,5.0,5.0,5.0,5.0,5.0,5.0,5.0,5.0,5.0,5.0,5.0,5.0,5.0,5.0,5.0,5.0,5.0,5.0,5.0,5.0,5.0,5.0,5.0,5.0,5.0,5.0,5.0,5.0,5.0,6.0,6.0,6.0,6.0,6.0,6.0,6.0,6.0,6.0,6.0,6.0,6.0,6.0,6.0,6.0,6.0,6.0,6.0,6.0,6.0,6.0,6.0,6.0,6.0,6.0,6.0,6.0,6.0,6.0,6.0,6.0,6.0,6.0,6.0,6.0,6.0,6.0,6.0,6.0,6.0,6.0,6.0,6.0,6.0,6.0,6.0,6.0,6.0,6.0,6.0,6.0,6.0,6.0,6.0,6.0,6.0,6.0,6.0,6.0,6.0,6.0,6.0,6.0,6.0,6.0,6.0,6.0,6.0,6.0,6.0,6.0,6.0,6.0,6.0,6.0,6.0,6.0,6.0,6.0,6
ENfwg_YlezY,,69.0,69.0,70.0,70.0,71.0,71.0,71.0,71.0,71.0,71.0,71.0,71.0,,,,,,,,,,,,,,,,,,,,,,,,,,,,,,,,,,,,,,,,,,,,,,,,,,,,,,,,,,,,,,,,,,,,,,,,,,,,,,,,,,,,,,,,,,,,,,,,,,,,,,,,,,,,,,,,,
i2wSqPVBbdE,,0.0,1.0,2.0,2.0,2.0,2.0,2.0,2.0,2.0,2.0,2.0,2.0,2.0,2.0,2.0,2.0,2.0,2.0,2.0,3.0,3.0,4.0,4.0,4.0,4.0,5.0,5.0,5.0,5.0,5.0,5.0,5.0,5.0,5.0,5.0,5.0,5.0,5.0,5.0,5.0,5.0,5.0,5.0,5.0,5.0,5.0,5.0,5.0,5.0,5.0,5.0,5.0,5.0,5.0,5.0,5.0,5.0,5.0,5.0,5.0,5.0,5.0,5.0,5.0,5.0,5.0,5.0,5.0,5.0,5.0,5.0,5.0,5.0,5.0,5.0,5.0,5.0,5.0,5.0,5.0,5.0,5.0,5.0,5.0,5.0,5.0,5.0,6.0,6.0,6.0,6.0,6.0,7.0,7.0,7.0,7.0,7.0,7.0,7.0,7.0,7.0,7.0,7.0,7.0,7.0,7.0,7.0,7.0,7.0,7.0,7.0,7.0,7.0,7.0,7.0,7.0,7.0,7.0,7.0,7.0,7.0,7.0,7.0,7.0,7
Qr_-4Njj-vA,,2.0,2.0,2.0,2.0,2.0,2.0,2.0,2.0,2.0,2.0,2.0,2.0,2.0,2.0,2.0,2.0,2.0,2.0,2.0,2.0,2.0,2.0,2.0,2.0,2.0,2.0,2.0,2.0,2.0,2.0,2.0,2.0,2.0,2.0,2.0,2.0,2.0,2.0,2.0,2.0,2.0,2.0,2.0,2.0,2.0,2.0,2.0,2.0,2.0,2.0,2.0,2.0,2.0,2.0,2.0,2.0,2.0,2.0,2.0,2.0,2.0,2.0,2.0,2.0,2.0,2.0,2.0,2.0,2.0,2.0,2.0,2.0,2.0,2.0,2.0,2.0,2.0,2.0,2.0,2.0,2.0,2.0,2.0,2.0,2.0,2.0,2.0,2.0,2.0,2.0,2.0,2.0,2.0,2.0,2.0,2.0,2.0,2.0,2.0,2.0,2.0,2.0,2.0,2.0,2.0,2.0,2.0,2.0,2.0,2.0,2.0,2.0,2.0,2.0,2.0,2.0,2.0,2.0,2.0,2.0,2.0,2.0,2.0,2.0,2
pvp-z3FBrqo,,13.0,13.0,13.0,13.0,13.0,13.0,13.0,13.0,13.0,14.0,14.0,14.0,14.0,14.0,14.0,15.0,15.0,15.0,15.0,15.0,15.0,15.0,15.0,15.0,15.0,15.0,15.0,15.0,15.0,15.0,15.0,15.0,15.0,15.0,15.0,15.0,15.0,15.0,15.0,15.0,15.0,15.0,15.0,15.0,15.0,15.0,15.0,15.0,15.0,15.0,15.0,15.0,15.0,15.0,15.0,15.0,15.0,15.0,15.0,15.0,15.0,15.0,15.0,15.0,15.0,15.0,15.0,15.0,15.0,15.0,15.0,15.0,15.0,15.0,15.0,15.0,15.0,15.0,15.0,15.0,15.0,15.0,15.0,15.0,15.0,15.0,15.0,15.0,15.0,15.0,15.0,15.0,15.0,15.0,15.0,15.0,15.0,15.0,15.0,15.0,15.0,15.0,15.0,15.0,15.0,15.0,15.0,15.0,15.0,15.0,15.0,15.0,15.0,15.0,15.0,15.0,15.0,15.0,15.0,15.0,15.0,15.0,15.0,15.0,15
Rh-YDkwZhW8,,26.0,26.0,26.0,26.0,26.0,26.0,26.0,26.0,26.0,26.0,26.0,26.0,26.0,26.0,26.0,26.0,26.0,26.0,26.0,26.0,26.0,26.0,26.0,26.0,26.0,26.0,26.0,26.0,26.0,26.0,26.0,26.0,26.0,26.0,26.0,26.0,26.0,26.0,26.0,26.0,26.0,26.0,26.0,26.0,26.0,26.0,26.0,26.0,26.0,26.0,26.0,26.0,26.0,26.0,26.0,26.0,26.0,26.0,26.0,26.0,26.0,26.0,26.0,26.0,26.0,26.0,26.0,26.0,26.0,26.0,26.0,26.0,26.0,26.0,26.0,26.0,26.0,26.0,26.0,26.0,26.0,26.0,26.0,26.0,26.0,26.0,26.0,26.0,26.0,26.0,26.0,26.0,26.0,26.0,26.0,26.0,26.0,26.0,26.0,26.0,26.0,26.0,26.0,26.0,26.0,26.0,26.0,26.0,26.0,26.0,26.0,26.0,26.0,26.0,26.0,26.0,26.0,26.0,26.0,26.0,26.0,26.0,26.0,26.0,26
ktJyhPavV08,,5105.0,6192.0,6798.0,7149.0,7254.0,7312.0,7351.0,7380.0,7403.0,7416.0,7429.0,7442.0,7451.0,7460.0,7465.0,7466.0,7470.0,7475.0,7479.0,7496.0,7506.0,7512.0,7517.0,7520.0,7529.0,7543.0,7561.0,7580.0,7583.0,7585.0,7589.0,7593.0,7595.0,7596.0,7598.0,7599.0,7604.0,7624.0,7625.0,7623.0,7625.0,7627.0,7630.0,7631.0,7634.0,7637.0,7641.0,7643.0,7644.0,7647.0,7647.0,7648.0,7653.0,7683.0,7692.0,7695.0,7699.0,7701.0,7702.0,7703.0,7705.0,7707.0,7710.0,7712.0,7714.0,7717.0,7717.0,7719.0,7720.0,7720.0,7720.0,7719.0,7718.0,7720.0,7720.0,7720.0,7725.0,7725.0,7725.0,7727.0,7726.0,7727.0,7727.0,7727.0,7728.0,7730.0,7731.0,7731.0,7732.0,7731.0,7732.0,7732.0,7732.0,7733.0,7734.0,7735.0,7736.0,7738.0,7738.0,7740.0,7740.0,7741.0,7743.0,7743.0,7743.0,7743.0,7743.0,7743.0,7735.0,7735.0,7735.0,7735.0,7735.0,7736.0,7738.0,7738.0,7739.0,7739.0,7739.0,7739.0,7739.0,7741.0,7741.0,7741.0,7742
aJv0bpjk06M,,30.0,30.0,30.0,30.0,30.0,30.0,30.0,30.0,30.0,30.0,30.0,30.0,30.0,30.0,30.0,30.0,30.0,30.0,30.0,30.0,30.0,31.0,31.0,31.0,31.0,31.0,31.0,31.0,31.0,31.0,31.0,31.0,31.0,31.0,31.0,31.0,31.0,31.0,31.0,31.0,31.0,31.0,31.0,31.0,31.0,31.0,31.0,31.0,31.0,31.0,31.0,31.0,31.0,31.0,31.0,31.0,31.0,31.0,31.0,31.0,31.0,31.0,31.0,31.0,31.0,31.0,31.0,31.0,31.0,31.0,31.0,31.0,31.0,31.0,31.0,31.0,31.0,31.0,31.0,31.0,31.0,31.0,31.0,31.0,31.0,31.0,31.0,31.0,31.0,31.0,31.0,31.0,31.0,31.0,31.0,31.0,31.0,31.0,31.0,31.0,31.0,31.0,31.0,31.0,31.0,31.0,31.0,31.0,31.0,31.0,31.0,32.0,32.0,32.0,32.0,32.0,32.0,32.0,32.0,32.0,32.0,32.0,32.0,32.0,32
tO16-zBmmbw,,2.0,2.0,2.0,2.0,2.0,2.0,2.0,3.0,4.0,4.0,4.0,4.0,4.0,4.0,4.0,4.0,4.0,4.0,4.0,4.0,4.0,4.0,4.0,4.0,4.0,4.0,4.0,4.0,4.0,4.0,4.0,4.0,4.0,4.0,4.0,4.0,4.0,4.0,4.0,4.0,4.0,4.0,4.0,4.0,4.0,4.0,4.0,4.0,4.0,4.0,4.0,4.0,4.0,4.0,4.0,4.0,4.0,4.0,4.0,4.0,4.0,4.0,4.0,4.0,4.0,4.0,4.0,4.0,4.0,4.0,4.0,4.0,4.0,4.0,4.0,4.0,4.0,4.0,4.0,4.0,4.0,4.0,4.0,4.0,4.0,4.0,4.0,4.0,4.0,4.0,4.0,4.0,4.0,4.0,4.0,4.0,4.0,4.0,4.0,4.0,4.0,4.0,4.0,4.0,4.0,4.0,4.0,4.0,4.0,4.0,4.0,4.0,4.0,4.0,4.0,4.0,4.0,4.0,4.0,4.0,4.0,4.0,4.0,4.0,4
-sKEWF0QyP0,,86.0,93.0,93.0,96.0,97.0,116.0,134.0,142.0,149.0,155.0,161.0,171.0,175.0,180.0,180.0,179.0,179.0,179.0,179.0,180.0,181.0,181.0,181.0,181.0,181.0,181.0,181.0,181.0,181.0,181.0,181.0,181.0,181.0,181.0,181.0,181.0,181.0,181.0,181.0,181.0,181.0,181.0,181.0,182.0,182.0,182.0,182.0,182.0,182.0,182.0,182.0,182.0,182.0,182.0,182.0,182.0,182.0,182.0,182.0,182.0,182.0,182.0,182.0,182.0,182.0,182.0,182.0,182.0,182.0,182.0,182.0,182.0,182.0,182.0,182.0,182.0,182.0,182.0,182.0,182.0,182.0,182.0,182.0,182.0,181.0,181.0,181.0,181.0,181.0,181.0,181.0,181.0,181.0,181.0,181.0,181.0,181.0,181.0,181.0,181.0,181.0,181.0,181.0,181.0,181.0,181.0,181.0,181.0,181.0,181.0,181.0,181.0,181.0,181.0,181.0,181.0,181.0,181.0,181.0,181.0,181.0,181.0,181.0,181.0,181
wU4DX002RBU,,0.0,0.0,0.0,0.0,0.0,0.0,0.0,1.0,2.0,2.0,3.0,3.0,3.0,3.0,3.0,3.0,3.0,3.0,3.0,3.0,3.0,3.0,3.0,3.0,3.0,3.0,3.0,3.0,3.0,3.0,3.0,3.0,3.0,3.0,3.0,3.0,3.0,3.0,3.0,3.0,3.0,3.0,3.0,3.0,3.0,3.0,3.0,3.0,3.0,3.0,3.0,3.0,3.0,3.0,3.0,3.0,3.0,3.0,3.0,3.0,3.0,3.0,3.0,3.0,3.0,3.0,3.0,3.0,3.0,3.0,3.0,3.0,3.0,3.0,3.0,3.0,3.0,3.0,3.0,3.0,3.0,3.0,3.0,3.0,3.0,3.0,3.0,3.0,3.0,3.0,3.0,3.0,3.0,3.0,3.0,3.0,3.0,3.0,3.0,3.0,3.0,3.0,3.0,3.0,3.0,3.0,3.0,3.0,3.0,3.0,3.0,3.0,3.0,3.0,3.0,3.0,3.0,3.0,3.0,3.0,3.0,3.0,3.0,3.0,3
kbx0sg4S1cg,,784.0,794.0,806.0,813.0,824.0,830.0,846.0,849.0,866.0,883.0,901.0,914.0,925.0,932.0,944.0,952.0,962.0,972.0,981.0,990.0,1000.0,1011.0,1014.0,1020.0,1025.0,1030.0,1039.0,1045.0,1052.0,1058.0,1069.0,1074.0,1080.0,1084.0,1087.0,1094.0,1104.0,1111.0,1125.0,1133.0,1137.0,1141.0,1145.0,1153.0,1158.0,1160.0,1162.0,1163.0,1165.0,1171.0,1178.0,1183.0,1188.0,1193.0,1202.0,1206.0,1205.0,1211.0,1217.0,1226.0,1237.0,1239.0,1253.0,1255.0,1263.0,1263.0,1264.0,1264.0,1271.0,1274.0,1279.0,1283.0,1285.0,1289.0,1292.0,1301.0,1308.0,1316.0,1321.0,1326.0,1327.0,1330.0,1333.0,1335.0,1339.0,1342.0,1345.0,1350.0,1350.0,1351.0,1353.0,1355.0,1360.0,1365.0,1370.0,1372.0,1376.0,1379.0,1380.0,1381.0,1386.0,1386.0,1389.0,1392.0,1393.0,1395.0,1397.0,1401.0,1404.0,1411.0,1413.0,1417.0,1418.0,1419.0,1422.0,1423.0,1424.0,1425.0,1428.0,1426.0,1429.0,1430.0,1430.0,1430.0,1432
lNzLuzmx5aY,,3075.0,3838.0,4020.0,4103.0,4189.0,4297.0,4410.0,4497.0,4574.0,4623.0,4655.0,4745.0,4808.0,4857.0,4895.0,4942.0,4974.0,4999.0,5026.0,5053.0,5080.0,5126.0,5152.0,5180.0,5204.0,5221.0,5232.0,5254.0,5263.0,5283.0,5291.0,5301.0,5308.0,5322.0,5329.0,5342.0,5354.0,5363.0,5373.0,5384.0,5389.0,5399.0,5424.0,5446.0,5449.0,5456.0,5461.0,5467.0,5474.0,5476.0,5480.0,5478.0,5487.0,5494.0,5503.0,5504.0,5509.0,5511.0,5519.0,5524.0,5528.0,5533.0,5541.0,5549.0,5559.0,5562.0,5566.0,5574.0,5576.0,5579.0,5587.0,5589.0,5596.0,5592.0,5597.0,5606.0,5606.0,5609.0,5612.0,5621.0,5620.0,5624.0,5626.0,5630.0,5636.0,5640.0,5643.0,5632.0,5633.0,5634.0,5637.0,5638.0,5641.0,5652.0,5649.0,5654.0,5659.0,5663.0,5671.0,5671.0,5675.0,5679.0,5677.0,5682.0,5683.0,5684.0,5685.0,5690.0,5691.0,5692.0,5696.0,5698.0,5700.0,5705.0,5708.0,5710.0,5711.0,5712.0,5712.0,5717.0,5723.0,5725.0,5728.0,5729.0,5735
UhG_acO4uGA,,731.0,880.0,911.0,935.0,957.0,972.0,982.0,990.0,997.0,1001.0,1003.0,1005.0,1010.0,1016.0,1016.0,1017.0,1019.0,1026.0,1027.0,1029.0,1031.0,1033.0,1036.0,1037.0,1040.0,1041.0,1044.0,1045.0,1045.0,1044.0,1045.0,1047.0,1047.0,1049.0,1048.0,1048.0,1050.0,1051.0,1052.0,1053.0,1055.0,1054.0,1057.0,1058.0,1059.0,1059.0,1059.0,1059.0,1064.0,1065.0,1067.0,1068.0,1069.0,1070.0,1072.0,1072.0,1075.0,1076.0,1081.0,1083.0,1084.0,1085.0,1087.0,1087.0,1088.0,1089.0,1090.0,1090.0,1092.0,1092.0,1092.0,1093.0,1093.0,1093.0,1093.0,1094.0,1093.0,1095.0,1096.0,1097.0,1099.0,1099.0,1099.0,1100.0,1100.0,1100.0,1100.0,1100.0,1100.0,1100.0,1100.0,1100.0,1102.0,1102.0,1100.0,1100.0,1101.0,1101.0,1102.0,1102.0,1102.0,1102.0,1101.0,1101.0,1101.0,1100.0,1100.0,1101.0,1101.0,1101.0,1101.0,1100.0,1100.0,1100.0,1100.0,1102.0,1102.0,1102.0,1102.0,1099.0,1099.0,1099.0,1099.0,1099.0,1099
2X-409vwqN0,,439.0,445.0,446.0,447.0,459.0,468.0,470.0,475.0,487.0,495.0,499.0,503.0,508.0,509.0,509.0,507.0,512.0,514.0,517.0,518.0,519.0,520.0,522.0,525.0,525.0,525.0,519.0,519.0,521.0,521.0,522.0,522.0,523.0,524.0,525.0,526.0,526.0,526.0,526.0,526.0,526.0,526.0,526.0,526.0,526.0,526.0,526.0,526.0,526.0,526.0,528.0,529.0,531.0,531.0,531.0,532.0,532.0,533.0,532.0,534.0,534.0,534.0,536.0,537.0,537.0,537.0,538.0,539.0,539.0,540.0,543.0,545.0,544.0,545.0,546.0,546.0,545.0,548.0,548.0,548.0,550.0,549.0,549.0,549.0,547.0,547.0,549.0,548.0,548.0,549.0,550.0,550.0,551.0,551.0,552.0,551.0,551.0,551.0,551.0,551.0,551.0,551.0,552.0,552.0,552.0,552.0,551.0,552.0,551.0,552.0,553.0,553.0,553.0,553.0,552.0,553.0,553.0,553.0,553.0,553.0,553.0,553.0,556.0,556.0,556
jNPxEBh1e8E,,0.0,0.0,0.0,0.0,0.0,0.0,0.0,0.0,0.0,0.0,0.0,0.0,0.0,0.0,0.0,0.0,0.0,0.0,0.0,0.0,0.0,0.0,0.0,0.0,0.0,0.0,0.0,0.0,0.0,0.0,0.0,0.0,0.0,0.0,0.0,0.0,0.0,0.0,0.0,0.0,0.0,0.0,0.0,0.0,0.0,0.0,0.0,0.0,0.0,0.0,0.0,0.0,0.0,0.0,0.0,0.0,0.0,0.0,0.0,0.0,0.0,0.0,0.0,0.0,0.0,0.0,0.0,0.0,0.0,0.0,0.0,0.0,0.0,0.0,0.0,0.0,0.0,0.0,0.0,0.0,0.0,0.0,0.0,0.0,0.0,0.0,0.0,0.0,0.0,0.0,0.0,0.0,0.0,0.0,0.0,0.0,0.0,0.0,0.0,0.0,0.0,0.0,0.0,0.0,0.0,0.0,0.0,0.0,0.0,0.0,0.0,0.0,0.0,0.0,0.0,0.0,0.0,0.0,0.0,0.0,0.0,0.0,0.0,0.0,0
5d5C3rKUb2E,,55.0,55.0,55.0,55.0,55.0,55.0,56.0,56.0,56.0,56.0,56.0,56.0,56.0,56.0,56.0,56.0,56.0,56.0,56.0,56.0,56.0,56.0,56.0,56.0,56.0,56.0,56.0,56.0,56.0,56.0,56.0,56.0,56.0,57.0,57.0,57.0,58.0,58.0,58.0,58.0,58.0,58.0,58.0,58.0,58.0,58.0,58.0,55.0,58.0,58.0,58.0,58.0,58.0,58.0,58.0,58.0,58.0,58.0,58.0,58.0,58.0,58.0,58.0,58.0,58.0,58.0,58.0,58.0,58.0,58.0,58.0,58.0,58.0,58.0,58.0,58.0,58.0,58.0,58.0,58.0,58.0,58.0,58.0,58.0,58.0,58.0,58.0,58.0,58.0,58.0,58.0,58.0,58.0,58.0,58.0,58.0,58.0,58.0,58.0,58.0,58.0,59.0,59.0,60.0,60.0,60.0,60.0,60.0,60.0,60.0,60.0,60.0,60.0,60.0,60.0,60.0,60.0,60.0,60.0,60.0,60.0,60.0,60.0,60.0,60
zKw6UbYQ1jk,,,16.0,18.0,20.0,21.0,24.0,24.0,24.0,24.0,25.0,25.0,25.0,25.0,25.0,25.0,26.0,26.0,26.0,26.0,27.0,27.0,27.0,27.0,27.0,27.0,27.0,27.0,27.0,28.0,28.0,29.0,29.0,29.0,29.0,29.0,30.0,30.0,30.0,30.0,30.0,30.0,30.0,30.0,30.0,30.0,30.0,30.0,30.0,30.0,30.0,30.0,30.0,30.0,30.0,30.0,30.0,30.0,30.0,30.0,30.0,30.0,30.0,30.0,30.0,30.0,30.0,30.0,30.0,30.0,30.0,31.0,31.0,31.0,31.0,31.0,31.0,31.0,31.0,31.0,31.0,31.0,31.0,31.0,31.0,31.0,31.0,31.0,31.0,31.0,31.0,31.0,31.0,31.0,31.0,31.0,32.0,32.0,31.0,31.0,31.0,31.0,31.0,31.0,31.0,31.0,31.0,31.0,31.0,31.0,32.0,32.0,32.0,32.0,32.0,32.0,32.0,32.0,32.0,32.0,32.0,32.0,32.0,32.0,32.0,32
fV8wbwb1DEM,,,23.0,23.0,24.0,24.0,25.0,25.0,26.0,26.0,26.0,26.0,26.0,26.0,26.0,26.0,26.0,26.0,26.0,26.0,26.0,26.0,26.0,26.0,26.0,26.0,26.0,26.0,26.0,26.0,26.0,26.0,,,,,,,,,,,,,,,,,,,,,,,,,,,,,,,,,,,,,,,,,,,,,,,,,,,,,,,,,,,,,,,,,,,,,,,,,,,,,,,,,,,,,,,,,,,,,,
iT090ByZ_R8,,,,0.0,0.0,0.0,0.0,0.0,0.0,0.0,0.0,0.0,0.0,0.0,0.0,0.0,0.0,0.0,0.0,0.0,0.0,0.0,0.0,0.0,0.0,0.0,0.0,0.0,0.0,0.0,0.0,0.0,0.0,0.0,0.0,0.0,0.0,0.0,0.0,0.0,0.0,0.0,0.0,0.0,0.0,0.0,0.0,0.0,0.0,0.0,0.0,0.0,0.0,0.0,0.0,0.0,0.0,0.0,0.0,0.0,0.0,0.0,0.0,0.0,0.0,0.0,0.0,0.0,0.0,0.0,0.0,0.0,0.0,0.0,0.0,0.0,0.0,0.0,0.0,0.0,0.0,0.0,0.0,0.0,0.0,0.0,0.0,0.0,0.0,0.0,0.0,0.0,0.0,0.0,0.0,0.0,0.0,0.0,0.0,0.0,0.0,0.0,0.0,0.0,0.0,0.0,0.0,0.0,0.0,0.0,0.0,0.0,0.0,0.0,0.0,0.0,0.0,0.0,0.0,0.0,0.0,0.0,0.0,0.0,0.0,0
dDp58AeqSE8,,,,161.0,169.0,176.0,180.0,181.0,182.0,183.0,187.0,188.0,188.0,188.0,190.0,190.0,190.0,190.0,190.0,190.0,190.0,190.0,190.0,190.0,190.0,190.0,190.0,190.0,190.0,190.0,190.0,190.0,190.0,190.0,190.0,190.0,190.0,190.0,190.0,190.0,190.0,190.0,190.0,190.0,190.0,190.0,190.0,190.0,190.0,190.0,190.0,190.0,190.0,190.0,190.0,190.0,190.0,190.0,190.0,190.0,190.0,190.0,190.0,190.0,190.0,190.0,190.0,190.0,190.0,190.0,190.0,190.0,190.0,190.0,190.0,190.0,190.0,190.0,190.0,190.0,190.0,190.0,190.0,190.0,190.0,190.0,190.0,190.0,190.0,190.0,190.0,190.0,190.0,190.0,190.0,190.0,190.0,190.0,190.0,190.0,190.0,190.0,190.0,190.0,190.0,190.0,190.0,190.0,190.0,190.0,190.0,190.0,190.0,190.0,190.0,190.0,190.0,190.0,190.0,190.0,190.0,190.0,190.0,190.0,190.0,190
MOudTwsEXzU,,,,2433.0,2580.0,2685.0,2767.0,2831.0,2848.0,2869.0,2895.0,2907.0,2929.0,2951.0,2965.0,2973.0,2984.0,2994.0,3001.0,3018.0,3027.0,3033.0,3040.0,3049.0,3056.0,3064.0,3072.0,3084.0,3090.0,3095.0,3105.0,3117.0,3119.0,3124.0,3129.0,3134.0,3143.0,3152.0,3157.0,3159.0,3159.0,3162.0,3167.0,3168.0,3169.0,3170.0,3170.0,3173.0,3173.0,3174.0,3175.0,3176.0,3176.0,3177.0,3179.0,3178.0,3179.0,3181.0,3179.0,3180.0,3180.0,3180.0,3182.0,3182.0,3182.0,3185.0,3185.0,3186.0,3188.0,3188.0,3188.0,3185.0,3189.0,3192.0,3191.0,3192.0,3193.0,3187.0,3188.0,3190.0,3190.0,3191.0,3192.0,3192.0,3195.0,3195.0,3196.0,3196.0,3196.0,3198.0,3199.0,3199.0,3200.0,3200.0,3200.0,3201.0,3201.0,3201.0,3201.0,3204.0,3206.0,3209.0,3211.0,3211.0,3211.0,3212.0,3212.0,3212.0,3213.0,3213.0,3213.0,3213.0,3213.0,3211.0,3211.0,3211.0,3211.0,3211.0,3211.0,3211.0,3211.0,3212.0,3212.0,3212.0,3212.0,3212
Zypw5EE-rrg,,,,,4574.0,4896.0,4957.0,4980.0,4996.0,5011.0,5025.0,5027.0,5028.0,5027.0,5029.0,5030.0,5029.0,5029.0,5028.0,5028.0,5028.0,5030.0,5030.0,5031.0,5030.0,5032.0,5032.0,5033.0,5033.0,5032.0,5032.0,5030.0,5045.0,5045.0,5046.0,5045.0,5046.0,5052.0,5052.0,5050.0,5051.0,5051.0,5051.0,5051.0,5049.0,5049.0,5049.0,5050.0,5050.0,5050.0,5048.0,5048.0,5046.0,5046.0,5046.0,5046.0,5044.0,5044.0,5044.0,5044.0,5044.0,5045.0,5042.0,5040.0,5040.0,5040.0,5039.0,5039.0,5038.0,5038.0,5037.0,5038.0,5037.0,5036.0,5035.0,5035.0,5035.0,5035.0,5031.0,5030.0,5031.0,5031.0,5029.0,5029.0,5026.0,5025.0,5025.0,5025.0,5025.0,5025.0,5024.0,5024.0,5024.0,5022.0,5022.0,5018.0,5019.0,5019.0,5018.0,5018.0,5018.0,5018.0,5018.0,5019.0,5017.0,5016.0,5015.0,5014.0,5014.0,5013.0,5014.0,5013.0,5013.0,5011.0,5011.0,5011.0,5011.0,5010.0,5010.0,5010.0,5010.0,5010.0,5010.0,5010.0,5010.0,5010
NWbWth5ZB-o,,,,,951.0,1187.0,1308.0,1479.0,1574.0,1640.0,1667.0,1701.0,1728.0,1752.0,1773.0,1796.0,1810.0,1833.0,1846.0,1858.0,1876.0,1900.0,1909.0,1929.0,1943.0,1959.0,1971.0,1982.0,1989.0,1998.0,2011.0,2019.0,2034.0,2039.0,2045.0,2052.0,2058.0,2066.0,2071.0,2075.0,2079.0,2088.0,2093.0,2097.0,2100.0,2101.0,2108.0,2110.0,2113.0,2116.0,2117.0,2120.0,2123.0,2129.0,2133.0,2132.0,2135.0,2137.0,2137.0,2141.0,2147.0,2152.0,2162.0,2164.0,2170.0,2172.0,2173.0,2175.0,2176.0,2177.0,2179.0,2179.0,2182.0,2181.0,2182.0,2184.0,2183.0,2183.0,2185.0,2186.0,2187.0,2189.0,2189.0,2190.0,2192.0,2193.0,2194.0,2196.0,2199.0,2200.0,2201.0,2203.0,2203.0,2205.0,2209.0,2210.0,2211.0,2212.0,2214.0,2215.0,2215.0,2216.0,2218.0,2218.0,2219.0,2220.0,2220.0,2221.0,2221.0,2221.0,2222.0,2223.0,2223.0,2224.0,2224.0,2221.0,2223.0,2224.0,2224.0,2224.0,2223.0,2223.0,2223.0,2219.0,2219.0,2219
W2r6Gpl4orU,,,,,0.0,0.0,0.0,0.0,0.0,0.0,0.0,0.0,0.0,0.0,0.0,0.0,0.0,0.0,0.0,0.0,0.0,0.0,0.0,0.0,0.0,0.0,0.0,0.0,0.0,0.0,0.0,0.0,0.0,0.0,0.0,0.0,0.0,0.0,0.0,0.0,0.0,0.0,0.0,0.0,0.0,0.0,0.0,0.0,0.0,0.0,0.0,0.0,0.0,0.0,0.0,0.0,0.0,0.0,0.0,0.0,0.0,0.0,0.0,0.0,0.0,0.0,0.0,0.0,0.0,0.0,0.0,0.0,0.0,0.0,0.0,0.0,0.0,0.0,0.0,0.0,0.0,0.0,0.0,0.0,0.0,0.0,0.0,0.0,0.0,0.0,0.0,0.0,0.0,0.0,0.0,0.0,0.0,0.0,0.0,0.0,0.0,0.0,0.0,0.0,0.0,0.0,0.0,0.0,0.0,0.0,0.0,0.0,0.0,0.0,0.0,0.0,0.0,0.0,0.0,0.0,0.0,0.0,0.0,0.0,0.0,0
5jnCFHp7aAc,,,,,0.0,0.0,0.0,0.0,0.0,0.0,0.0,0.0,0.0,0.0,0.0,0.0,0.0,0.0,0.0,0.0,0.0,0.0,0.0,0.0,0.0,0.0,0.0,0.0,0.0,0.0,0.0,0.0,0.0,0.0,0.0,0.0,0.0,0.0,0.0,0.0,0.0,0.0,0.0,0.0,0.0,0.0,0.0,0.0,0.0,0.0,0.0,0.0,0.0,0.0,0.0,0.0,0.0,0.0,0.0,0.0,0.0,0.0,0.0,0.0,0.0,0.0,0.0,0.0,0.0,0.0,0.0,0.0,0.0,0.0,0.0,0.0,0.0,0.0,0.0,0.0,0.0,0.0,0.0,0.0,0.0,0.0,0.0,0.0,0.0,0.0,0.0,0.0,0.0,0.0,0.0,0.0,0.0,0.0,0.0,0.0,0.0,0.0,0.0,0.0,0.0,0.0,0.0,0.0,0.0,0.0,0.0,0.0,0.0,0.0,0.0,0.0,0.0,0.0,0.0,0.0,0.0,0.0,0.0,0.0,0.0,0
JRewH-ZFi24,,,,,19.0,19.0,19.0,19.0,19.0,19.0,19.0,19.0,19.0,19.0,19.0,19.0,19.0,19.0,19.0,19.0,19.0,19.0,19.0,19.0,19.0,19.0,19.0,19.0,19.0,19.0,19.0,19.0,19.0,19.0,19.0,19.0,19.0,19.0,19.0,19.0,19.0,19.0,19.0,19.0,19.0,20.0,20.0,20.0,20.0,20.0,20.0,20.0,20.0,20.0,20.0,20.0,20.0,20.0,20.0,20.0,20.0,20.0,20.0,20.0,20.0,20.0,20.0,20.0,20.0,20.0,20.0,20.0,20.0,20.0,20.0,21.0,21.0,21.0,21.0,21.0,21.0,21.0,21.0,21.0,21.0,21.0,21.0,21.0,21.0,21.0,21.0,21.0,21.0,21.0,21.0,21.0,21.0,21.0,21.0,21.0,21.0,21.0,21.0,21.0,21.0,21.0,21.0,21.0,21.0,21.0,21.0,21.0,21.0,21.0,21.0,21.0,21.0,21.0,21.0,21.0,21.0,21.0,21.0,21.0,21.0,21
CNd-r_hw2yM,,,,,0.0,0.0,0.0,0.0,0.0,0.0,0.0,0.0,0.0,0.0,0.0,0.0,0.0,0.0,0.0,0.0,0.0,0.0,0.0,0.0,0.0,0.0,0.0,0.0,0.0,0.0,0.0,0.0,0.0,0.0,0.0,0.0,0.0,0.0,0.0,0.0,0.0,0.0,0.0,0.0,0.0,0.0,0.0,0.0,0.0,0.0,0.0,0.0,0.0,0.0,0.0,0.0,0.0,0.0,0.0,0.0,0.0,0.0,0.0,0.0,1.0,1.0,1.0,1.0,2.0,2.0,3.0,3.0,3.0,3.0,3.0,3.0,3.0,3.0,3.0,3.0,3.0,3.0,3.0,3.0,3.0,6.0,10.0,11.0,12.0,13.0,14.0,14.0,14.0,14.0,14.0,14.0,14.0,14.0,14.0,14.0,14.0,15.0,15.0,15.0,15.0,16.0,16.0,16.0,16.0,16.0,17.0,18.0,18.0,18.0,18.0,20.0,20.0,20.0,20.0,20.0,20.0,20.0,20.0,20.0,20.0,20
6f_P9WonjLc,,,,,0.0,0.0,0.0,0.0,0.0,0.0,0.0,0.0,0.0,0.0,0.0,0.0,0.0,0.0,0.0,0.0,0.0,0.0,0.0,0.0,0.0,0.0,0.0,0.0,0.0,0.0,0.0,0.0,0.0,0.0,0.0,0.0,0.0,0.0,0.0,0.0,0.0,0.0,0.0,0.0,0.0,0.0,0.0,0.0,0.0,0.0,0.0,0.0,0.0,0.0,0.0,0.0,0.0,0.0,0.0,0.0,0.0,0.0,0.0,0.0,0.0,0.0,0.0,0.0,0.0,0.0,0.0,0.0,0.0,0.0,0.0,0.0,0.0,0.0,0.0,0.0,0.0,0.0,0.0,0.0,0.0,0.0,0.0,0.0,0.0,0.0,0.0,0.0,0.0,0.0,0.0,0.0,0.0,0.0,0.0,0.0,0.0,0.0,0.0,0.0,0.0,0.0,0.0,0.0,0.0,0.0,0.0,0.0,0.0,0.0,0.0,0.0,0.0,0.0,0.0,0.0,0.0,0.0,0.0,0.0,0.0,0
WxNNGLlKeNQ,,,,,14254.0,14383.0,14587.0,14761.0,14868.0,14978.0,15053.0,15172.0,15252.0,15298.0,15372.0,15429.0,15486.0,15549.0,15605.0,15668.0,15756.0,15777.0,15822.0,15843.0,15898.0,15927.0,15960.0,15988.0,16027.0,16044.0,16080.0,16097.0,16123.0,16119.0,16141.0,16152.0,16163.0,16153.0,16176.0,16185.0,16200.0,16210.0,16223.0,16233.0,16239.0,16244.0,16253.0,16258.0,16255.0,16261.0,16276.0,16285.0,16289.0,16294.0,16312.0,16319.0,16347.0,16364.0,16375.0,16376.0,16391.0,16399.0,16409.0,16426.0,16437.0,16449.0,16452.0,16456.0,16468.0,16461.0,16462.0,16469.0,16473.0,16476.0,16479.0,16492.0,16498.0,16501.0,16506.0,16513.0,16521.0,16528.0,16532.0,16542.0,16548.0,16556.0,16560.0,16566.0,16574.0,16577.0,16580.0,16584.0,16589.0,16590.0,16603.0,16606.0,16611.0,16615.0,16618.0,16619.0,16621.0,16623.0,16625.0,16624.0,16624.0,16627.0,16632.0,16635.0,16638.0,16642.0,16647.0,16647.0,16649.0,16652.0,16656.0,16661.0,16664.0,16661.0,16662.0,16663.0,16663.0,16664.0,16672.0,16652.0,16651.0,16653
3VYIFvN47UE,,,,,8.0,8.0,8.0,8.0,8.0,8.0,8.0,8.0,8.0,8.0,8.0,8.0,8.0,8.0,8.0,8.0,8.0,8.0,8.0,8.0,8.0,8.0,8.0,8.0,8.0,8.0,8.0,8.0,8.0,8.0,8.0,8.0,8.0,8.0,8.0,8.0,8.0,8.0,8.0,8.0,8.0,8.0,8.0,8.0,8.0,8.0,8.0,8.0,8.0,8.0,8.0,8.0,8.0,8.0,8.0,8.0,8.0,8.0,8.0,8.0,8.0,8.0,8.0,8.0,8.0,8.0,8.0,8.0,8.0,8.0,8.0,8.0,8.0,8.0,8.0,8.0,8.0,8.0,8.0,8.0,8.0,8.0,8.0,8.0,8.0,8.0,8.0,8.0,8.0,8.0,8.0,8.0,8.0,8.0,8.0,8.0,8.0,8.0,8.0,8.0,8.0,8.0,8.0,8.0,8.0,8.0,8.0,8.0,8.0,8.0,8.0,8.0,8.0,8.0,8.0,8.0,8.0,8.0,8.0,8.0,8.0,8
UMyPIXARZeQ,,,,,6.0,6.0,6.0,6.0,6.0,6.0,6.0,6.0,6.0,6.0,6.0,6.0,6.0,6.0,6.0,6.0,6.0,7.0,7.0,7.0,7.0,7.0,7.0,7.0,7.0,7.0,7.0,7.0,7.0,7.0,7.0,8.0,8.0,8.0,8.0,8.0,8.0,8.0,8.0,8.0,8.0,8.0,8.0,8.0,8.0,8.0,8.0,8.0,8.0,8.0,8.0,8.0,8.0,8.0,8.0,8.0,8.0,8.0,8.0,8.0,9.0,9.0,9.0,9.0,9.0,9.0,9.0,9.0,9.0,9.0,9.0,9.0,9.0,9.0,9.0,9.0,9.0,9.0,9.0,9.0,9.0,9.0,9.0,9.0,9.0,9.0,9.0,9.0,9.0,9.0,9.0,9.0,9.0,9.0,9.0,9.0,9.0,9.0,9.0,9.0,9.0,9.0,9.0,9.0,9.0,9.0,9.0,9.0,9.0,9.0,9.0,9.0,9.0,9.0,9.0,9.0,9.0,9.0,9.0,9.0,9.0,9
cW6hi6iNpcE,,,,,,868.0,919.0,931.0,962.0,974.0,980.0,991.0,1006.0,1008.0,1011.0,1014.0,1016.0,1018.0,1020.0,1023.0,1025.0,1027.0,1027.0,1028.0,1028.0,1026.0,1026.0,1026.0,1026.0,1026.0,1027.0,1027.0,1027.0,1027.0,1026.0,1027.0,1027.0,1026.0,1026.0,1029.0,1029.0,1029.0,1029.0,1029.0,1029.0,1029.0,1029.0,1028.0,1028.0,1028.0,1028.0,1028.0,1022.0,1022.0,1022.0,1022.0,1022.0,1022.0,1022.0,1022.0,1023.0,1022.0,1022.0,1021.0,1021.0,1021.0,1021.0,1020.0,1020.0,1020.0,1021.0,1021.0,1009.0,1009.0,1006.0,1006.0,1006.0,1006.0,1006.0,1005.0,1003.0,1003.0,1003.0,1003.0,1003.0,1003.0,1003.0,1003.0,1003.0,1003.0,1003.0,1003.0,1003.0,1003.0,1002.0,1002.0,1002.0,1000.0,1000.0,995.0,995.0,995.0,995.0,994.0,994.0,994.0,993.0,988.0,988.0,986.0,986.0,986.0,986.0,985.0,985.0,985.0,985.0,984.0,984.0,980.0,977.0,977.0,972.0,972.0,972.0,972
_6nTySlBYUY,,,,,,158.0,168.0,170.0,172.0,173.0,174.0,174.0,174.0,174.0,174.0,174.0,174.0,174.0,174.0,174.0,174.0,174.0,174.0,174.0,174.0,174.0,175.0,175.0,176.0,176.0,176.0,176.0,176.0,176.0,176.0,176.0,176.0,176.0,176.0,176.0,176.0,176.0,176.0,176.0,175.0,175.0,175.0,175.0,175.0,175.0,175.0,175.0,175.0,175.0,175.0,175.0,175.0,175.0,175.0,175.0,175.0,175.0,175.0,175.0,175.0,175.0,175.0,175.0,175.0,175.0,175.0,175.0,175.0,175.0,175.0,175.0,175.0,175.0,175.0,175.0,174.0,174.0,174.0,174.0,174.0,174.0,174.0,174.0,174.0,174.0,174.0,174.0,174.0,174.0,174.0,174.0,174.0,174.0,174.0,174.0,174.0,174.0,174.0,174.0,174.0,174.0,174.0,174.0,174.0,174.0,174.0,174.0,174.0,174.0,174.0,174.0,174.0,174.0,174.0,174.0,174.0,174.0,174.0,174.0,174.0,174
nRpnAWhTgho,,,,,,,78.0,78.0,78.0,78.0,78.0,78.0,78.0,78.0,78.0,78.0,79.0,79.0,79.0,79.0,79.0,79.0,79.0,79.0,79.0,79.0,79.0,79.0,79.0,79.0,79.0,79.0,79.0,79.0,79.0,79.0,79.0,79.0,79.0,79.0,79.0,79.0,79.0,79.0,79.0,79.0,79.0,79.0,79.0,79.0,79.0,79.0,79.0,79.0,80.0,80.0,80.0,80.0,80.0,80.0,80.0,80.0,80.0,80.0,80.0,80.0,80.0,80.0,81.0,81.0,81.0,81.0,81.0,81.0,81.0,81.0,81.0,81.0,81.0,81.0,81.0,81.0,80.0,80.0,80.0,80.0,80.0,80.0,80.0,80.0,80.0,80.0,80.0,80.0,80.0,80.0,80.0,80.0,80.0,80.0,80.0,80.0,80.0,80.0,80.0,80.0,80.0,80.0,80.0,79.0,79.0,79.0,79.0,79.0,79.0,79.0,79.0,79.0,79.0,79.0,79.0,79.0,79.0,79.0,79.0,79
YR7EOzMZt1w,,,,,,,887.0,1041.0,1087.0,1117.0,1131.0,1140.0,1157.0,1169.0,1177.0,1196.0,1202.0,1219.0,1223.0,1228.0,1233.0,1227.0,1229.0,1232.0,1237.0,1241.0,1244.0,1245.0,1245.0,1250.0,1252.0,1254.0,1256.0,1256.0,1266.0,1267.0,1273.0,1279.0,1283.0,1286.0,1288.0,1289.0,1290.0,1294.0,1296.0,1296.0,1298.0,1298.0,1299.0,1298.0,1298.0,1305.0,1305.0,1304.0,1305.0,1305.0,1307.0,1307.0,1305.0,1305.0,1307.0,1306.0,1305.0,1305.0,1305.0,1305.0,1305.0,1305.0,1305.0,1304.0,1304.0,1304.0,1303.0,1304.0,1304.0,1305.0,1305.0,1305.0,1305.0,1306.0,1307.0,1307.0,1306.0,1306.0,1307.0,1307.0,1307.0,1307.0,1308.0,1308.0,1308.0,1308.0,1309.0,1310.0,1310.0,1310.0,1310.0,1310.0,1310.0,1310.0,1310.0,1310.0,1310.0,1310.0,1309.0,1310.0,1310.0,1310.0,1310.0,1309.0,1308.0,1308.0,1308.0,1308.0,1309.0,1310.0,1310.0,1310.0,1303.0,1303.0,1303.0,1303.0,1305.0,1305.0,1305.0,1304
_O2_J6qvVMY,,,,,,,851.0,921.0,949.0,971.0,982.0,992.0,1000.0,1017.0,1023.0,1027.0,1034.0,1037.0,1039.0,1040.0,1046.0,1044.0,1045.0,1045.0,1048.0,1050.0,1051.0,1051.0,1050.0,1053.0,1053.0,1053.0,1054.0,1055.0,1060.0,1060.0,1062.0,1061.0,1062.0,1063.0,1064.0,1066.0,1067.0,1067.0,1069.0,1070.0,1070.0,1076.0,1079.0,1084.0,1089.0,1089.0,1091.0,1090.0,1093.0,1096.0,1097.0,1097.0,1097.0,1097.0,1097.0,1097.0,1097.0,1097.0,1097.0,1102.0,1102.0,1102.0,1102.0,1102.0,1102.0,1102.0,1102.0,1102.0,1102.0,1102.0,1102.0,1102.0,1102.0,1102.0,1101.0,1101.0,1102.0,1103.0,1103.0,1103.0,1103.0,1103.0,1103.0,1103.0,1103.0,1103.0,1103.0,1103.0,1103.0,1103.0,1103.0,1103.0,1103.0,1103.0,1103.0,1103.0,1103.0,1099.0,1099.0,1099.0,1099.0,1099.0,1099.0,1099.0,1099.0,1099.0,1099.0,1099.0,1099.0,1099.0,1099.0,1099.0,1099.0,1099.0,1099.0,1099.0,1098.0,1098.0,1098.0,1098
gbzesS9URDc,,,,,,,,15.0,15.0,15.0,15.0,15.0,15.0,16.0,17.0,18.0,19.0,19.0,19.0,19.0,19.0,19.0,19.0,19.0,19.0,19.0,19.0,19.0,19.0,19.0,19.0,19.0,19.0,19.0,19.0,19.0,19.0,19.0,19.0,19.0,19.0,19.0,19.0,19.0,19.0,19.0,19.0,19.0,19.0,19.0,19.0,19.0,20.0,20.0,20.0,20.0,20.0,20.0,20.0,20.0,20.0,20.0,20.0,20.0,20.0,20.0,20.0,20.0,20.0,20.0,20.0,20.0,20.0,20.0,20.0,20.0,20.0,20.0,20.0,20.0,20.0,20.0,20.0,20.0,20.0,20.0,20.0,20.0,19.0,19.0,19.0,19.0,19.0,19.0,19.0,19.0,19.0,19.0,19.0,19.0,19.0,19.0,19.0,19.0,19.0,19.0,19.0,19.0,19.0,19.0,19.0,19.0,19.0,19.0,19.0,19.0,19.0,19.0,19.0,19.0,19.0,19.0,19.0,19.0,19.0,19
LFy4BL_FeuQ,,,,,,,,18744.0,18772.0,18785.0,18789.0,18794.0,18797.0,18799.0,18801.0,18806.0,18808.0,18810.0,18801.0,18804.0,18807.0,18803.0,18803.0,18804.0,18805.0,18806.0,18806.0,18807.0,18807.0,18807.0,18808.0,18807.0,18806.0,18806.0,18806.0,18806.0,18797.0,18808.0,18808.0,18809.0,18810.0,18810.0,18809.0,18799.0,18796.0,18796.0,18796.0,18796.0,18790.0,18789.0,18788.0,18787.0,18787.0,18786.0,18786.0,18784.0,18782.0,18782.0,18788.0,18788.0,18789.0,18792.0,18793.0,18794.0,18794.0,18795.0,18795.0,18795.0,18794.0,18794.0,18799.0,18793.0,18794.0,18795.0,18798.0,18798.0,18801.0,18801.0,18793.0,18795.0,18798.0,18798.0,18799.0,18800.0,18800.0,18803.0,18804.0,18806.0,18807.0,18792.0,18791.0,18793.0,18794.0,18796.0,18798.0,18799.0,18800.0,18802.0,18803.0,18802.0,18807.0,18809.0,18810.0,18816.0,18814.0,18814.0,18815.0,18817.0,18820.0,18822.0,18820.0,18819.0,18818.0,18819.0,18820.0,18820.0,18821.0,18822.0,18822.0,18823.0,18817.0,18817.0,18819.0,18819.0,18819.0,18819
OZD_EU_hMUQ,,,,,,,,297188.0,297181.0,297181.0,297172.0,297174.0,297170.0,297159.0,297159.0,297153.0,297154.0,297158.0,297153.0,297154.0,297146.0,297145.0,297145.0,297143.0,297149.0,297148.0,297146.0,297148.0,297142.0,297140.0,297136.0,297130.0,297129.0,297118.0,297115.0,297116.0,297112.0,297112.0,297110.0,297103.0,297099.0,297101.0,297089.0,297086.0,297086.0,297089.0,297082.0,297079.0,297074.0,297071.0,297071.0,297069.0,297065.0,297064.0,297066.0,297066.0,297066.0,297070.0,297071.0,297074.0,297075.0,297074.0,297064.0,297060.0,297060.0,297054.0,297050.0,297053.0,297053.0,297047.0,297054.0,297051.0,297054.0,297045.0,297045.0,297048.0,297049.0,297045.0,297041.0,297038.0,297032.0,297027.0,297027.0,297030.0,297028.0,297029.0,297028.0,297023.0,297007.0,297006.0,297003.0,297005.0,297010.0,297010.0,297007.0,297002.0,297001.0,296996.0,296988.0,296986.0,296981.0,296985.0,296985.0,296983.0,296983.0,296980.0,296982.0,296979.0,296971.0,296963.0,296963.0,296965.0,296962.0,296959.0,296960.0,296961.0,296961.0,296962.0,296960.0,296951.0,296944.0,296942.0,296941.0,296940.0,296938.0,296939
svg8ExyzkOc,,,,,,,,360.0,378.0,408.0,425.0,434.0,446.0,451.0,457.0,462.0,467.0,470.0,472.0,475.0,480.0,482.0,489.0,490.0,495.0,495.0,497.0,499.0,506.0,509.0,509.0,509.0,511.0,512.0,513.0,515.0,516.0,516.0,517.0,518.0,518.0,519.0,520.0,520.0,520.0,523.0,524.0,524.0,524.0,524.0,524.0,524.0,525.0,525.0,525.0,526.0,526.0,526.0,526.0,526.0,526.0,526.0,528.0,528.0,529.0,530.0,530.0,530.0,530.0,530.0,530.0,530.0,530.0,531.0,531.0,531.0,531.0,531.0,531.0,532.0,533.0,533.0,533.0,533.0,533.0,533.0,533.0,533.0,534.0,535.0,536.0,537.0,540.0,540.0,540.0,541.0,542.0,542.0,543.0,543.0,543.0,543.0,543.0,543.0,542.0,543.0,543.0,543.0,544.0,544.0,544.0,545.0,545.0,545.0,545.0,546.0,546.0,546.0,547.0,547.0,547.0,547.0,547.0,547.0,547.0,547
V4V6mToCWLM,,,,,,,,239.0,249.0,258.0,277.0,281.0,291.0,293.0,300.0,300.0,306.0,310.0,312.0,313.0,314.0,314.0,314.0,314.0,314.0,316.0,317.0,317.0,317.0,318.0,318.0,318.0,318.0,318.0,318.0,318.0,319.0,319.0,320.0,320.0,320.0,321.0,321.0,322.0,324.0,326.0,326.0,327.0,327.0,327.0,327.0,326.0,326.0,326.0,326.0,326.0,327.0,327.0,328.0,328.0,328.0,328.0,328.0,328.0,328.0,328.0,328.0,328.0,330.0,330.0,331.0,331.0,331.0,331.0,331.0,331.0,331.0,331.0,331.0,331.0,331.0,331.0,331.0,331.0,331.0,331.0,333.0,333.0,333.0,333.0,333.0,333.0,333.0,333.0,333.0,334.0,334.0,334.0,334.0,335.0,335.0,335.0,335.0,335.0,335.0,335.0,340.0,340.0,341.0,341.0,341.0,341.0,341.0,341.0,341.0,341.0,341.0,341.0,341.0,341.0,341.0,341.0,341.0,341.0,341.0,341
43hBPx09ZmQ,,,,,,,,122.0,141.0,142.0,143.0,146.0,147.0,147.0,147.0,147.0,147.0,148.0,148.0,148.0,149.0,149.0,150.0,150.0,150.0,150.0,150.0,150.0,150.0,151.0,151.0,151.0,151.0,151.0,151.0,151.0,151.0,152.0,152.0,152.0,152.0,152.0,153.0,153.0,153.0,153.0,153.0,153.0,153.0,155.0,155.0,155.0,156.0,156.0,156.0,156.0,155.0,156.0,156.0,157.0,160.0,160.0,160.0,160.0,161.0,161.0,161.0,161.0,161.0,161.0,161.0,161.0,161.0,161.0,161.0,161.0,161.0,161.0,161.0,161.0,161.0,161.0,162.0,162.0,162.0,162.0,163.0,163.0,163.0,163.0,163.0,163.0,163.0,163.0,163.0,163.0,163.0,163.0,163.0,163.0,163.0,163.0,163.0,163.0,163.0,163.0,163.0,164.0,164.0,164.0,165.0,165.0,165.0,165.0,165.0,165.0,165.0,165.0,165.0,165.0,165.0,165.0,165.0,165.0,165.0,165
vZPtyK9XCtU,,,,,,,,,348.0,399.0,433.0,458.0,480.0,501.0,508.0,525.0,533.0,539.0,547.0,554.0,557.0,566.0,571.0,574.0,577.0,582.0,588.0,592.0,594.0,596.0,599.0,599.0,602.0,606.0,608.0,612.0,612.0,613.0,615.0,616.0,618.0,619.0,622.0,624.0,624.0,626.0,627.0,629.0,633.0,634.0,635.0,636.0,637.0,638.0,638.0,640.0,641.0,642.0,644.0,647.0,651.0,654.0,656.0,659.0,662.0,663.0,665.0,665.0,667.0,667.0,670.0,670.0,671.0,671.0,675.0,679.0,678.0,680.0,682.0,684.0,685.0,686.0,688.0,688.0,688.0,689.0,690.0,691.0,692.0,692.0,693.0,694.0,698.0,705.0,706.0,707.0,710.0,711.0,714.0,718.0,717.0,720.0,721.0,723.0,725.0,727.0,732.0,734.0,734.0,734.0,734.0,734.0,735.0,735.0,736.0,736.0,736.0,735.0,735.0,736.0,736.0,736.0,736.0,736.0,736.0,737
9iHCMUYK4tg,,,,,,,,,684.0,856.0,900.0,958.0,1013.0,1029.0,1037.0,1038.0,1043.0,1049.0,1050.0,1051.0,1052.0,1052.0,1053.0,1055.0,1055.0,1055.0,1055.0,1055.0,1056.0,1057.0,1059.0,1059.0,1059.0,1059.0,1059.0,1060.0,1062.0,1062.0,1063.0,1063.0,1063.0,1063.0,1063.0,1063.0,1064.0,1064.0,1064.0,1064.0,1064.0,1064.0,1064.0,1064.0,1064.0,1064.0,1064.0,1064.0,1064.0,1064.0,1064.0,1064.0,1064.0,1064.0,1064.0,1064.0,1064.0,1065.0,1065.0,1065.0,1065.0,1065.0,1065.0,1065.0,1065.0,1065.0,1065.0,1065.0,1065.0,1066.0,1066.0,1066.0,1066.0,1066.0,1066.0,1066.0,1066.0,1066.0,1066.0,1066.0,1067.0,1067.0,1067.0,1067.0,1067.0,1067.0,1067.0,1067.0,1067.0,1067.0,1067.0,1067.0,1067.0,1067.0,1067.0,1067.0,1067.0,1067.0,1067.0,1067.0,1067.0,1067.0,1067.0,1068.0,1067.0,1067.0,1067.0,1067.0,1067.0,1068.0,1068.0,1068.0,1068.0,1068.0,1068.0,1069.0,1069.0,1070
RR0zgoY9Tq4,,,,,,,,,32.0,36.0,40.0,40.0,40.0,40.0,40.0,40.0,40.0,40.0,40.0,40.0,40.0,40.0,40.0,40.0,40.0,40.0,40.0,40.0,40.0,40.0,40.0,40.0,40.0,40.0,40.0,40.0,40.0,40.0,40.0,40.0,40.0,40.0,40.0,40.0,40.0,40.0,40.0,40.0,40.0,40.0,40.0,40.0,40.0,40.0,40.0,40.0,40.0,40.0,40.0,40.0,40.0,40.0,40.0,40.0,40.0,40.0,40.0,40.0,40.0,40.0,40.0,40.0,40.0,40.0,40.0,40.0,40.0,40.0,40.0,40.0,40.0,40.0,40.0,40.0,40.0,40.0,40.0,40.0,40.0,40.0,40.0,40.0,40.0,40.0,40.0,40.0,40.0,40.0,40.0,40.0,40.0,40.0,40.0,40.0,40.0,40.0,40.0,40.0,40.0,40.0,40.0,40.0,40.0,40.0,40.0,40.0,40.0,40.0,40.0,40.0,40.0,40.0,40.0,40.0,40.0,40
n9rG4TWS2x8,,,,,,,,,12.0,19.0,19.0,24.0,26.0,26.0,27.0,31.0,31.0,31.0,33.0,33.0,34.0,34.0,34.0,34.0,34.0,34.0,34.0,34.0,34.0,34.0,34.0,34.0,33.0,33.0,33.0,33.0,33.0,33.0,33.0,33.0,33.0,33.0,33.0,33.0,33.0,33.0,33.0,33.0,33.0,33.0,33.0,33.0,33.0,33.0,33.0,33.0,33.0,33.0,33.0,33.0,33.0,33.0,33.0,33.0,33.0,33.0,33.0,33.0,33.0,33.0,33.0,33.0,33.0,33.0,33.0,33.0,33.0,33.0,33.0,33.0,33.0,33.0,33.0,33.0,33.0,33.0,33.0,33.0,33.0,33.0,33.0,33.0,33.0,33.0,33.0,33.0,33.0,33.0,33.0,33.0,33.0,33.0,33.0,33.0,33.0,33.0,33.0,33.0,33.0,33.0,33.0,33.0,33.0,33.0,33.0,33.0,33.0,33.0,33.0,33.0,33.0,33.0,33.0,33.0,33.0,33
83RoM4DFoUc,,,,,,,,,88.0,90.0,92.0,92.0,95.0,95.0,95.0,95.0,95.0,96.0,96.0,96.0,96.0,96.0,96.0,96.0,96.0,96.0,96.0,96.0,96.0,96.0,96.0,96.0,96.0,96.0,96.0,96.0,96.0,96.0,96.0,96.0,96.0,96.0,96.0,96.0,96.0,96.0,96.0,96.0,96.0,96.0,96.0,96.0,96.0,96.0,96.0,96.0,96.0,96.0,96.0,96.0,96.0,96.0,96.0,96.0,96.0,96.0,96.0,96.0,96.0,96.0,96.0,96.0,96.0,96.0,96.0,96.0,0.0,96.0,96.0,96.0,96.0,96.0,96.0,96.0,96.0,96.0,96.0,96.0,96.0,96.0,96.0,96.0,96.0,96.0,96.0,96.0,96.0,96.0,96.0,96.0,96.0,96.0,96.0,96.0,96.0,96.0,96.0,96.0,96.0,96.0,96.0,96.0,96.0,96.0,96.0,96.0,96.0,96.0,96.0,96.0,96.0,96.0,96.0,96.0,96.0,96
DiPTtayLBdc,,,,,,,,,1617.0,2470.0,2662.0,2774.0,2829.0,2900.0,2954.0,2988.0,3022.0,3040.0,3059.0,3082.0,3101.0,3125.0,3144.0,3161.0,3170.0,3179.0,3191.0,3212.0,3223.0,3235.0,3238.0,3247.0,3259.0,3265.0,3272.0,3277.0,3283.0,3288.0,3297.0,3301.0,3305.0,3308.0,3316.0,3321.0,3323.0,3327.0,3331.0,3334.0,3343.0,3345.0,3355.0,3361.0,3368.0,3367.0,3368.0,3369.0,3373.0,3377.0,3381.0,3381.0,3381.0,3382.0,3390.0,3393.0,3398.0,3400.0,3403.0,3408.0,3410.0,3412.0,3415.0,3415.0,3417.0,3418.0,3416.0,3416.0,3422.0,3421.0,3424.0,3417.0,3420.0,3427.0,3435.0,3436.0,3440.0,3439.0,3439.0,3444.0,3445.0,3446.0,3445.0,3448.0,3448.0,3450.0,3453.0,3455.0,3455.0,3456.0,3457.0,3459.0,3459.0,3459.0,3460.0,3462.0,3463.0,3465.0,3466.0,3464.0,3468.0,3469.0,3470.0,3472.0,3472.0,3478.0,3482.0,3483.0,3487.0,3488.0,3494.0,3497.0,3488.0,3485.0,3481.0,3482.0,3483.0,3484
uQsYSr64Nsg,,,,,,,,,,22.0,24.0,31.0,31.0,32.0,32.0,33.0,33.0,33.0,33.0,33.0,33.0,33.0,33.0,33.0,34.0,34.0,34.0,34.0,34.0,34.0,34.0,34.0,34.0,35.0,35.0,35.0,35.0,35.0,35.0,35.0,35.0,35.0,35.0,35.0,35.0,35.0,35.0,35.0,35.0,35.0,34.0,34.0,34.0,34.0,34.0,34.0,34.0,34.0,34.0,34.0,34.0,34.0,34.0,34.0,34.0,34.0,34.0,34.0,34.0,34.0,34.0,34.0,34.0,34.0,34.0,34.0,34.0,34.0,34.0,34.0,34.0,34.0,34.0,34.0,34.0,34.0,34.0,34.0,34.0,34.0,34.0,34.0,34.0,34.0,34.0,34.0,34.0,34.0,34.0,34.0,34.0,34.0,34.0,34.0,34.0,34.0,34.0,34.0,34.0,34.0,34.0,34.0,34.0,34.0,34.0,34.0,34.0,34.0,34.0,34.0,34.0,34.0,35.0,35.0,35.0,35
Swhv-DA9ysc,,,,,,,,,,9.0,9.0,9.0,9.0,9.0,9.0,9.0,9.0,9.0,9.0,9.0,9.0,9.0,9.0,9.0,9.0,9.0,9.0,9.0,9.0,9.0,9.0,9.0,10.0,10.0,10.0,10.0,10.0,10.0,10.0,10.0,10.0,10.0,10.0,10.0,10.0,10.0,10.0,10.0,10.0,10.0,10.0,10.0,10.0,10.0,10.0,10.0,10.0,10.0,10.0,10.0,10.0,10.0,10.0,10.0,10.0,10.0,10.0,10.0,10.0,10.0,10.0,10.0,10.0,10.0,10.0,10.0,10.0,10.0,10.0,10.0,10.0,10.0,10.0,10.0,10.0,10.0,10.0,10.0,10.0,10.0,10.0,10.0,10.0,10.0,10.0,10.0,10.0,10.0,10.0,10.0,10.0,10.0,10.0,10.0,10.0,10.0,10.0,10.0,10.0,10.0,10.0,10.0,10.0,10.0,10.0,10.0,10.0,10.0,10.0,10.0,10.0,10.0,10.0,10.0,10.0,10
WgUazhiHyy8,,,,,,,,,,147.0,147.0,148.0,148.0,148.0,148.0,148.0,148.0,148.0,148.0,148.0,148.0,148.0,148.0,148.0,148.0,148.0,148.0,148.0,148.0,148.0,148.0,148.0,148.0,148.0,148.0,148.0,148.0,148.0,148.0,148.0,148.0,148.0,148.0,148.0,148.0,148.0,148.0,148.0,148.0,148.0,148.0,148.0,149.0,149.0,149.0,150.0,150.0,150.0,150.0,149.0,149.0,149.0,150.0,150.0,150.0,150.0,150.0,150.0,150.0,150.0,150.0,151.0,152.0,152.0,152.0,152.0,152.0,152.0,152.0,152.0,152.0,152.0,152.0,152.0,152.0,152.0,152.0,152.0,152.0,152.0,152.0,152.0,152.0,152.0,151.0,151.0,151.0,153.0,153.0,153.0,153.0,153.0,153.0,153.0,153.0,153.0,153.0,154.0,154.0,154.0,154.0,154.0,154.0,154.0,154.0,154.0,154.0,154.0,154.0,154.0,154.0,154.0,154.0,155.0,155.0,155
EJgNUozioto,,,,,,,,,,129.0,137.0,147.0,152.0,155.0,156.0,156.0,156.0,156.0,156.0,157.0,157.0,157.0,158.0,158.0,157.0,157.0,157.0,157.0,157.0,157.0,157.0,157.0,158.0,158.0,158.0,158.0,158.0,158.0,158.0,158.0,159.0,159.0,159.0,159.0,159.0,159.0,159.0,158.0,158.0,158.0,158.0,158.0,158.0,158.0,158.0,158.0,158.0,158.0,158.0,158.0,158.0,158.0,158.0,158.0,162.0,162.0,158.0,158.0,158.0,160.0,160.0,160.0,160.0,160.0,160.0,160.0,160.0,160.0,160.0,160.0,160.0,160.0,160.0,160.0,160.0,160.0,160.0,160.0,160.0,160.0,160.0,160.0,160.0,160.0,159.0,159.0,159.0,160.0,160.0,160.0,160.0,160.0,160.0,160.0,160.0,160.0,160.0,160.0,160.0,160.0,160.0,160.0,160.0,160.0,160.0,160.0,161.0,161.0,161.0,161.0,161.0,161.0,161.0,161.0,161.0,161
H0i9lRosGHo,,,,,,,,,,,118.0,121.0,126.0,127.0,130.0,133.0,134.0,134.0,134.0,134.0,134.0,136.0,136.0,136.0,136.0,136.0,137.0,137.0,137.0,137.0,137.0,137.0,137.0,137.0,137.0,137.0,137.0,137.0,137.0,137.0,137.0,137.0,137.0,137.0,137.0,137.0,137.0,137.0,137.0,137.0,137.0,137.0,137.0,137.0,137.0,137.0,137.0,137.0,137.0,137.0,137.0,137.0,137.0,137.0,137.0,137.0,137.0,137.0,137.0,137.0,137.0,137.0,137.0,137.0,137.0,137.0,137.0,137.0,137.0,137.0,137.0,137.0,137.0,137.0,137.0,137.0,137.0,137.0,137.0,137.0,137.0,137.0,137.0,137.0,137.0,137.0,137.0,137.0,137.0,137.0,137.0,137.0,137.0,137.0,137.0,137.0,137.0,137.0,137.0,137.0,137.0,137.0,137.0,137.0,137.0,137.0,137.0,137.0,137.0,137.0,137.0,137.0,137.0,137.0,137.0,137
MT_UZ29w4gM,,,,,,,,,,,22.0,22.0,22.0,22.0,22.0,22.0,22.0,22.0,22.0,22.0,22.0,22.0,22.0,22.0,22.0,22.0,22.0,22.0,22.0,22.0,22.0,22.0,22.0,22.0,22.0,22.0,22.0,22.0,22.0,22.0,22.0,22.0,22.0,22.0,22.0,22.0,22.0,22.0,22.0,22.0,22.0,22.0,22.0,22.0,22.0,22.0,22.0,22.0,22.0,22.0,22.0,22.0,22.0,22.0,22.0,22.0,22.0,22.0,22.0,22.0,22.0,22.0,22.0,22.0,22.0,22.0,22.0,22.0,22.0,22.0,22.0,22.0,22.0,22.0,22.0,22.0,22.0,22.0,22.0,22.0,22.0,22.0,22.0,22.0,22.0,22.0,22.0,22.0,22.0,22.0,22.0,22.0,22.0,22.0,22.0,22.0,22.0,22.0,22.0,22.0,22.0,22.0,22.0,22.0,22.0,22.0,22.0,22.0,22.0,22.0,22.0,22.0,22.0,22.0,22.0,22
4p3__pIFO0k,,,,,,,,,,,49.0,49.0,49.0,50.0,50.0,50.0,50.0,50.0,50.0,50.0,51.0,51.0,52.0,52.0,52.0,52.0,52.0,52.0,52.0,52.0,52.0,52.0,52.0,52.0,52.0,52.0,52.0,52.0,52.0,52.0,52.0,52.0,52.0,52.0,52.0,52.0,52.0,52.0,53.0,53.0,53.0,53.0,53.0,53.0,53.0,53.0,53.0,53.0,53.0,53.0,53.0,53.0,53.0,53.0,53.0,53.0,53.0,53.0,53.0,53.0,53.0,53.0,53.0,53.0,53.0,53.0,53.0,53.0,53.0,53.0,53.0,53.0,53.0,53.0,53.0,53.0,53.0,53.0,53.0,53.0,53.0,53.0,53.0,53.0,53.0,53.0,53.0,53.0,53.0,53.0,53.0,53.0,53.0,53.0,53.0,53.0,53.0,53.0,53.0,53.0,53.0,53.0,53.0,53.0,53.0,53.0,53.0,53.0,53.0,53.0,53.0,53.0,53.0,53.0,53.0,53
fFCz81aE1w8,,,,,,,,,,,3.0,3.0,3.0,6.0,6.0,6.0,6.0,6.0,6.0,6.0,6.0,6.0,6.0,6.0,6.0,6.0,6.0,6.0,6.0,6.0,6.0,6.0,6.0,6.0,6.0,6.0,6.0,6.0,6.0,6.0,6.0,6.0,6.0,6.0,6.0,6.0,6.0,6.0,6.0,6.0,6.0,6.0,6.0,6.0,6.0,6.0,6.0,6.0,7.0,7.0,7.0,7.0,7.0,7.0,7.0,7.0,7.0,7.0,7.0,7.0,7.0,7.0,7.0,7.0,7.0,7.0,7.0,7.0,7.0,7.0,7.0,7.0,7.0,7.0,7.0,7.0,7.0,7.0,7.0,7.0,7.0,7.0,7.0,7.0,7.0,7.0,7.0,7.0,7.0,7.0,7.0,7.0,7.0,7.0,7.0,7.0,7.0,7.0,7.0,7.0,7.0,7.0,7.0,7.0,7.0,7.0,7.0,7.0,7.0,7.0,7.0,7.0,7.0,7.0,7.0,7
_LvN1NhCeIU,,,,,,,,,,,13.0,13.0,13.0,13.0,14.0,15.0,16.0,16.0,17.0,17.0,17.0,17.0,16.0,16.0,16.0,16.0,16.0,16.0,16.0,16.0,16.0,16.0,16.0,16.0,16.0,16.0,16.0,16.0,16.0,16.0,16.0,16.0,16.0,16.0,16.0,16.0,16.0,16.0,16.0,16.0,16.0,16.0,16.0,16.0,17.0,17.0,17.0,17.0,17.0,17.0,17.0,17.0,17.0,17.0,17.0,17.0,17.0,18.0,19.0,19.0,19.0,19.0,20.0,20.0,20.0,20.0,21.0,21.0,22.0,22.0,22.0,23.0,23.0,24.0,24.0,24.0,24.0,24.0,24.0,25.0,25.0,25.0,26.0,26.0,27.0,27.0,27.0,27.0,27.0,28.0,28.0,28.0,28.0,28.0,29.0,29.0,29.0,29.0,30.0,30.0,30.0,30.0,30.0,30.0,30.0,30.0,30.0,30.0,30.0,30.0,30.0,30.0,30.0,30.0,30.0,30
aZPhaD9M8P8,,,,,,,,,,,28.0,29.0,32.0,33.0,35.0,37.0,37.0,37.0,38.0,39.0,39.0,40.0,38.0,38.0,39.0,39.0,40.0,42.0,42.0,42.0,42.0,42.0,44.0,45.0,46.0,46.0,48.0,52.0,53.0,54.0,54.0,55.0,55.0,55.0,55.0,56.0,55.0,55.0,55.0,55.0,55.0,55.0,57.0,58.0,58.0,58.0,58.0,58.0,58.0,59.0,59.0,60.0,60.0,60.0,60.0,60.0,60.0,60.0,60.0,60.0,60.0,60.0,60.0,60.0,60.0,60.0,60.0,60.0,60.0,60.0,60.0,60.0,60.0,60.0,60.0,60.0,60.0,60.0,60.0,60.0,60.0,60.0,60.0,60.0,60.0,60.0,60.0,60.0,60.0,60.0,60.0,60.0,60.0,60.0,60.0,60.0,60.0,60.0,60.0,60.0,60.0,60.0,60.0,60.0,60.0,60.0,60.0,60.0,60.0,61.0,61.0,61.0,61.0,61.0,61.0,61
_kfpBH8fr9Q,,,,,,,,,,,0.0,0.0,0.0,0.0,0.0,0.0,0.0,0.0,0.0,0.0,0.0,0.0,0.0,0.0,0.0,0.0,0.0,0.0,0.0,0.0,0.0,0.0,0.0,0.0,0.0,0.0,0.0,0.0,0.0,0.0,0.0,0.0,0.0,0.0,0.0,0.0,0.0,0.0,0.0,0.0,0.0,0.0,0.0,0.0,0.0,0.0,0.0,0.0,0.0,0.0,0.0,0.0,0.0,0.0,0.0,0.0,0.0,0.0,0.0,0.0,0.0,0.0,0.0,0.0,0.0,0.0,0.0,0.0,0.0,0.0,0.0,0.0,0.0,0.0,0.0,0.0,0.0,0.0,0.0,0.0,0.0,0.0,0.0,0.0,0.0,0.0,0.0,0.0,0.0,0.0,0.0,0.0,0.0,0.0,0.0,0.0,0.0,0.0,0.0,0.0,0.0,0.0,0.0,0.0,0.0,0.0,0.0,0.0,0.0,0.0,0.0,0.0,0.0,0.0,0.0,0
AxBEV7M8E1c,,,,,,,,,,,173.0,183.0,188.0,191.0,195.0,200.0,201.0,204.0,204.0,208.0,209.0,209.0,212.0,212.0,212.0,219.0,228.0,228.0,229.0,229.0,229.0,229.0,232.0,232.0,233.0,233.0,234.0,234.0,238.0,242.0,243.0,244.0,245.0,245.0,245.0,245.0,246.0,246.0,247.0,247.0,247.0,247.0,246.0,246.0,246.0,246.0,250.0,250.0,250.0,250.0,250.0,247.0,247.0,247.0,247.0,247.0,247.0,247.0,247.0,247.0,247.0,247.0,247.0,247.0,247.0,247.0,247.0,247.0,247.0,247.0,247.0,255.0,262.0,262.0,262.0,263.0,264.0,265.0,265.0,267.0,267.0,268.0,268.0,268.0,272.0,280.0,281.0,283.0,287.0,287.0,287.0,287.0,288.0,288.0,288.0,288.0,288.0,288.0,288.0,288.0,288.0,288.0,288.0,288.0,288.0,288.0,294.0,294.0,295.0,295.0,294.0,294.0,294.0,294.0,294.0,294
GqRkcX25TPM,,,,,,,,,,,,442.0,456.0,469.0,473.0,476.0,479.0,479.0,479.0,479.0,479.0,479.0,479.0,479.0,479.0,479.0,479.0,479.0,481.0,481.0,481.0,480.0,480.0,480.0,480.0,480.0,480.0,480.0,480.0,480.0,480.0,480.0,480.0,480.0,480.0,480.0,480.0,480.0,480.0,480.0,480.0,479.0,479.0,479.0,479.0,479.0,479.0,479.0,479.0,479.0,479.0,479.0,479.0,479.0,479.0,479.0,479.0,479.0,478.0,478.0,478.0,478.0,478.0,477.0,477.0,477.0,477.0,477.0,477.0,477.0,477.0,477.0,477.0,477.0,477.0,477.0,476.0,476.0,476.0,476.0,476.0,476.0,475.0,475.0,475.0,475.0,475.0,475.0,475.0,475.0,475.0,475.0,475.0,475.0,474.0,474.0,474.0,474.0,476.0,476.0,476.0,476.0,476.0,476.0,476.0,476.0,476.0,476.0,476.0,475.0,475.0,475.0,475.0,475.0,475.0,475
JABsbaGwHcw,,,,,,,,,,,,4.0,5.0,5.0,5.0,5.0,5.0,5.0,5.0,6.0,6.0,6.0,6.0,7.0,7.0,7.0,7.0,8.0,8.0,8.0,8.0,8.0,8.0,8.0,8.0,8.0,8.0,8.0,8.0,8.0,8.0,8.0,8.0,8.0,9.0,9.0,9.0,9.0,9.0,9.0,9.0,10.0,10.0,10.0,10.0,10.0,10.0,10.0,10.0,10.0,10.0,10.0,10.0,10.0,10.0,10.0,10.0,10.0,10.0,10.0,10.0,10.0,10.0,10.0,10.0,10.0,10.0,10.0,10.0,10.0,10.0,10.0,10.0,10.0,10.0,10.0,10.0,10.0,10.0,10.0,10.0,10.0,10.0,10.0,10.0,10.0,10.0,10.0,10.0,10.0,10.0,10.0,10.0,10.0,10.0,10.0,10.0,10.0,10.0,10.0,10.0,10.0,10.0,10.0,10.0,10.0,10.0,10.0,10.0,10.0,10.0,10.0,10.0,10.0,10.0,10
8mOuSV4RzdY,,,,,,,,,,,,568.0,633.0,652.0,656.0,656.0,658.0,658.0,658.0,658.0,658.0,658.0,658.0,660.0,661.0,661.0,662.0,662.0,662.0,662.0,662.0,662.0,662.0,662.0,662.0,662.0,663.0,663.0,665.0,665.0,666.0,667.0,667.0,667.0,667.0,667.0,667.0,667.0,667.0,667.0,667.0,667.0,666.0,666.0,666.0,666.0,666.0,666.0,667.0,667.0,667.0,667.0,668.0,668.0,668.0,668.0,668.0,668.0,668.0,668.0,668.0,668.0,668.0,668.0,668.0,668.0,668.0,669.0,669.0,670.0,670.0,669.0,668.0,668.0,667.0,667.0,667.0,667.0,668.0,668.0,668.0,668.0,668.0,668.0,668.0,668.0,668.0,667.0,667.0,667.0,667.0,667.0,667.0,667.0,667.0,667.0,667.0,667.0,667.0,667.0,667.0,667.0,667.0,667.0,667.0,667.0,667.0,667.0,667.0,667.0,667.0,667.0,667.0,667.0,667.0,667
uWT79Qq52sU,,,,,,,,,,,,2043.0,2489.0,2730.0,2823.0,2938.0,3030.0,3084.0,3167.0,3214.0,3250.0,3280.0,3310.0,3332.0,3346.0,3353.0,3367.0,3370.0,3390.0,3392.0,3399.0,3401.0,3403.0,3406.0,3411.0,3418.0,3420.0,3423.0,3422.0,3426.0,3426.0,3430.0,3429.0,3430.0,3433.0,3434.0,3438.0,3441.0,3444.0,3446.0,3447.0,3446.0,3443.0,3442.0,3446.0,3450.0,3453.0,3453.0,3454.0,3456.0,3461.0,3461.0,3464.0,3465.0,3471.0,3468.0,3469.0,3469.0,3469.0,3471.0,3471.0,3473.0,3475.0,3473.0,3477.0,3480.0,3480.0,3480.0,3481.0,3483.0,3484.0,3485.0,3484.0,3485.0,3487.0,3490.0,3489.0,3491.0,3490.0,3491.0,3491.0,3492.0,3495.0,3494.0,3497.0,3498.0,3496.0,3496.0,3496.0,3497.0,3500.0,3500.0,3498.0,3497.0,3498.0,3499.0,3499.0,3502.0,3503.0,3504.0,3504.0,3504.0,3504.0,3504.0,3505.0,3505.0,3506.0,3506.0,3506.0,3505.0,3507.0,3507.0,3507.0,3507.0,3509.0,3505
5eCFXT6Gnio,,,,,,,,,,,,5818.0,7233.0,7992.0,8738.0,8991.0,9165.0,9292.0,9385.0,9453.0,9504.0,9563.0,9604.0,9641.0,9657.0,9678.0,9706.0,9717.0,9723.0,9737.0,9749.0,9754.0,9771.0,9785.0,9789.0,9796.0,9795.0,9803.0,9815.0,9825.0,9836.0,9843.0,9849.0,9856.0,9863.0,9867.0,9869.0,9876.0,9876.0,9878.0,9884.0,9887.0,9885.0,9881.0,9887.0,9893.0,9894.0,9895.0,9900.0,9905.0,9905.0,9905.0,9908.0,9911.0,9911.0,9912.0,9913.0,9914.0,9915.0,9916.0,9918.0,9920.0,9922.0,9922.0,9928.0,9928.0,9931.0,9922.0,9923.0,9921.0,9927.0,9933.0,9937.0,9938.0,9943.0,9941.0,9944.0,9949.0,9953.0,9954.0,9957.0,9959.0,9961.0,9959.0,9956.0,9961.0,9969.0,9969.0,9970.0,9973.0,9975.0,9976.0,9993.0,9997.0,10001.0,10001.0,10003.0,10006.0,10009.0,10011.0,10012.0,10012.0,10008.0,10013.0,10012.0,10011.0,10012.0,10014.0,10016.0,10017.0,10019.0,10020.0,10020.0,10023.0,10023.0,10024
E1_1-9Sd6rY,,,,,,,,,,,,88.0,154.0,162.0,166.0,172.0,171.0,171.0,173.0,172.0,173.0,174.0,174.0,175.0,176.0,176.0,177.0,177.0,177.0,176.0,176.0,176.0,176.0,176.0,177.0,177.0,177.0,176.0,176.0,176.0,176.0,176.0,176.0,176.0,176.0,177.0,177.0,177.0,177.0,177.0,177.0,177.0,177.0,177.0,177.0,177.0,177.0,177.0,177.0,177.0,177.0,177.0,177.0,177.0,177.0,177.0,177.0,177.0,177.0,177.0,177.0,177.0,177.0,177.0,177.0,177.0,177.0,177.0,177.0,177.0,177.0,177.0,177.0,177.0,177.0,177.0,177.0,177.0,177.0,177.0,177.0,177.0,177.0,177.0,177.0,177.0,177.0,177.0,177.0,177.0,177.0,177.0,177.0,177.0,177.0,177.0,177.0,177.0,177.0,177.0,177.0,177.0,177.0,177.0,177.0,177.0,178.0,178.0,178.0,178.0,178.0,178.0,178.0,178.0,178.0,178
XZWGSJQ4jso,,,,,,,,,,,,,227.0,229.0,230.0,233.0,233.0,235.0,237.0,240.0,241.0,246.0,249.0,250.0,250.0,250.0,250.0,250.0,252.0,252.0,253.0,253.0,253.0,253.0,254.0,254.0,254.0,254.0,254.0,254.0,254.0,254.0,254.0,254.0,254.0,254.0,254.0,255.0,256.0,256.0,257.0,257.0,257.0,257.0,257.0,257.0,257.0,257.0,257.0,257.0,257.0,257.0,257.0,257.0,257.0,257.0,257.0,257.0,257.0,257.0,257.0,257.0,257.0,257.0,257.0,257.0,257.0,258.0,258.0,258.0,258.0,258.0,258.0,258.0,258.0,258.0,258.0,258.0,258.0,258.0,258.0,258.0,258.0,258.0,258.0,258.0,258.0,258.0,258.0,258.0,259.0,259.0,259.0,259.0,259.0,259.0,259.0,259.0,259.0,259.0,259.0,259.0,259.0,259.0,259.0,259.0,259.0,260.0,260.0,260.0,260.0,260.0,260.0,260.0,260.0,260
pUeR7bwmtk8,,,,,,,,,,,,,0.0,0.0,0.0,0.0,0.0,0.0,0.0,0.0,0.0,0.0,0.0,0.0,0.0,0.0,0.0,0.0,0.0,0.0,0.0,0.0,0.0,0.0,0.0,0.0,0.0,0.0,0.0,0.0,0.0,0.0,0.0,0.0,0.0,0.0,0.0,0.0,0.0,0.0,0.0,0.0,0.0,0.0,0.0,0.0,0.0,0.0,0.0,0.0,0.0,0.0,0.0,0.0,0.0,0.0,0.0,0.0,0.0,0.0,0.0,0.0,0.0,0.0,0.0,0.0,0.0,0.0,0.0,0.0,0.0,0.0,0.0,0.0,0.0,0.0,0.0,0.0,0.0,0.0,0.0,0.0,0.0,0.0,0.0,0.0,0.0,0.0,0.0,0.0,0.0,0.0,0.0,0.0,0.0,0.0,0.0,0.0,0.0,0.0,0.0,0.0,0.0,0.0,0.0,0.0,0.0,0.0,0.0,0.0,0.0,0.0,0.0,0.0,0.0,0
q9leDzlNEaY,,,,,,,,,,,,,123227.0,125502.0,127489.0,129387.0,130744.0,132218.0,133312.0,134289.0,135013.0,135686.0,136261.0,136888.0,137415.0,137808.0,138108.0,138432.0,138770.0,139120.0,139502.0,139800.0,140078.0,140358.0,140519.0,140783.0,141150.0,141496.0,141867.0,142144.0,142331.0,142537.0,142777.0,142951.0,143119.0,143260.0,143426.0,143553.0,143679.0,143810.0,143940.0,144104.0,144217.0,144346.0,144475.0,144681.0,144812.0,144933.0,145078.0,145186.0,145327.0,145395.0,145508.0,145622.0,145725.0,145828.0,145954.0,146090.0,146256.0,146406.0,146532.0,146653.0,146765.0,146853.0,146963.0,147079.0,147186.0,147289.0,147364.0,147499.0,147627.0,147736.0,147838.0,147912.0,147982.0,148082.0,148174.0,148265.0,148336.0,148336.0,148409.0,148534.0,148597.0,148673.0,148755.0,148815.0,148913.0,148978.0,149046.0,149073.0,149097.0,149169.0,149231.0,149354.0,149461.0,149506.0,149566.0,149637.0,149679.0,149719.0,149772.0,149774.0,149817.0,149864.0,149861.0,149909.0,149942.0,149975.0,150010.0,150032.0,150054.0,150058.0,150131.0,150176.0,150213.0,150259
IaZiKVeDevo,,,,,,,,,,,,,233.0,237.0,237.0,240.0,242.0,242.0,242.0,244.0,244.0,247.0,247.0,247.0,247.0,247.0,248.0,249.0,250.0,251.0,251.0,252.0,252.0,253.0,253.0,254.0,255.0,256.0,259.0,259.0,259.0,259.0,264.0,265.0,267.0,267.0,267.0,267.0,268.0,269.0,270.0,272.0,272.0,273.0,275.0,276.0,276.0,276.0,277.0,278.0,278.0,278.0,280.0,280.0,280.0,280.0,282.0,283.0,284.0,284.0,284.0,284.0,284.0,287.0,287.0,286.0,286.0,286.0,287.0,288.0,288.0,289.0,291.0,292.0,292.0,293.0,295.0,297.0,297.0,297.0,297.0,299.0,299.0,299.0,300.0,300.0,301.0,301.0,302.0,302.0,302.0,302.0,302.0,303.0,303.0,304.0,305.0,305.0,305.0,305.0,305.0,306.0,306.0,307.0,308.0,308.0,309.0,309.0,309.0,310.0,310.0,310.0,310.0,311.0,312.0,313
fx7ASf23UH4,,,,,,,,,,,,,28.0,28.0,29.0,29.0,29.0,31.0,31.0,31.0,31.0,32.0,32.0,32.0,32.0,32.0,32.0,32.0,32.0,32.0,32.0,32.0,32.0,32.0,32.0,32.0,32.0,32.0,32.0,32.0,32.0,32.0,32.0,32.0,32.0,32.0,32.0,33.0,33.0,33.0,33.0,33.0,33.0,33.0,33.0,33.0,33.0,33.0,33.0,33.0,33.0,33.0,34.0,35.0,35.0,35.0,35.0,35.0,35.0,35.0,35.0,35.0,35.0,35.0,35.0,35.0,35.0,35.0,35.0,35.0,35.0,35.0,35.0,35.0,35.0,35.0,35.0,35.0,35.0,35.0,35.0,35.0,35.0,35.0,35.0,35.0,35.0,35.0,35.0,35.0,35.0,35.0,35.0,35.0,35.0,35.0,35.0,35.0,35.0,35.0,35.0,35.0,35.0,35.0,35.0,35.0,35.0,35.0,36.0,36.0,36.0,36.0,36.0,36.0,36.0,36
7qg_I0fUOZg,,,,,,,,,,,,,3271.0,3610.0,3781.0,3835.0,3841.0,3831.0,3834.0,3842.0,3841.0,3841.0,3841.0,3839.0,3839.0,3839.0,3837.0,3837.0,3837.0,3837.0,3834.0,3833.0,3823.0,3822.0,3822.0,3822.0,3818.0,3820.0,3820.0,3820.0,3820.0,3819.0,3819.0,3818.0,3818.0,3819.0,3819.0,3819.0,3819.0,3820.0,3819.0,3819.0,3816.0,3817.0,3817.0,3817.0,3816.0,3815.0,3814.0,3814.0,3813.0,3814.0,3812.0,3812.0,3811.0,3810.0,3809.0,3808.0,3809.0,3809.0,3809.0,3809.0,3809.0,3809.0,3809.0,3809.0,3809.0,3807.0,3807.0,3807.0,3805.0,3806.0,3806.0,3807.0,3808.0,3808.0,3809.0,3809.0,3808.0,3808.0,3808.0,3808.0,3808.0,3808.0,3807.0,3803.0,3803.0,3803.0,3803.0,3803.0,3803.0,3803.0,3803.0,3802.0,3802.0,3802.0,3802.0,3801.0,3798.0,3798.0,3798.0,3798.0,3800.0,3799.0,3798.0,3797.0,3797.0,3796.0,3796.0,3796.0,3797.0,3796.0,3796.0,3796.0,3796.0,3796
DY99H9kkmnc,,,,,,,,,,,,,1788.0,1969.0,1989.0,2030.0,2032.0,2034.0,2034.0,2034.0,2033.0,2033.0,2032.0,2032.0,2033.0,2031.0,2031.0,2031.0,2032.0,2032.0,2032.0,2032.0,2032.0,2033.0,2033.0,2033.0,2032.0,2031.0,2029.0,2029.0,2029.0,2029.0,2029.0,2029.0,2029.0,2029.0,2029.0,2029.0,2029.0,2029.0,2029.0,2029.0,2029.0,2029.0,2029.0,2029.0,2029.0,2029.0,2029.0,2029.0,2029.0,2029.0,2029.0,2029.0,2029.0,2029.0,2029.0,2029.0,2029.0,2029.0,2029.0,2029.0,2029.0,2029.0,2029.0,2029.0,2029.0,2029.0,2029.0,2029.0,2031.0,2031.0,2031.0,2031.0,2031.0,2031.0,2031.0,2031.0,2031.0,2031.0,2031.0,2031.0,2031.0,2031.0,2031.0,2031.0,2031.0,2031.0,2031.0,2031.0,2031.0,2031.0,2031.0,2031.0,2031.0,2030.0,2030.0,2030.0,2030.0,2030.0,2030.0,2030.0,2031.0,2031.0,2031.0,2031.0,2031.0,2031.0,2031.0,2031.0,2030.0,2029.0,2030.0,2030.0,2030.0,2028
JtQXJF5-dc8,,,,,,,,,,,,,,111.0,195.0,213.0,234.0,249.0,269.0,286.0,294.0,300.0,305.0,316.0,320.0,323.0,330.0,330.0,331.0,335.0,337.0,340.0,342.0,343.0,345.0,347.0,347.0,347.0,348.0,347.0,350.0,350.0,350.0,350.0,350.0,351.0,351.0,351.0,353.0,353.0,354.0,354.0,354.0,359.0,361.0,363.0,364.0,365.0,366.0,366.0,366.0,368.0,369.0,369.0,369.0,369.0,369.0,369.0,370.0,371.0,371.0,372.0,372.0,373.0,373.0,374.0,375.0,375.0,375.0,375.0,375.0,376.0,376.0,376.0,376.0,376.0,377.0,377.0,377.0,377.0,377.0,378.0,378.0,381.0,381.0,383.0,383.0,383.0,384.0,384.0,384.0,384.0,384.0,384.0,384.0,385.0,385.0,385.0,385.0,385.0,385.0,385.0,385.0,385.0,386.0,387.0,387.0,387.0,387.0,387.0,387.0,387.0,387.0,387.0,387.0,387
VVLa6fm4DrM,,,,,,,,,,,,,,258.0,276.0,283.0,288.0,292.0,295.0,301.0,316.0,318.0,318.0,318.0,318.0,319.0,319.0,320.0,321.0,321.0,321.0,321.0,320.0,320.0,320.0,320.0,320.0,320.0,320.0,320.0,320.0,320.0,320.0,320.0,320.0,320.0,320.0,320.0,320.0,320.0,320.0,320.0,320.0,320.0,320.0,320.0,320.0,320.0,320.0,320.0,320.0,320.0,320.0,320.0,320.0,320.0,320.0,320.0,320.0,320.0,320.0,320.0,320.0,320.0,320.0,320.0,320.0,320.0,320.0,320.0,310.0,310.0,310.0,310.0,310.0,310.0,310.0,310.0,310.0,310.0,310.0,310.0,310.0,310.0,310.0,310.0,310.0,310.0,310.0,310.0,310.0,310.0,310.0,310.0,310.0,310.0,310.0,310.0,310.0,310.0,310.0,310.0,310.0,310.0,310.0,310.0,310.0,310.0,310.0,310.0,310.0,310.0,310.0,310.0,310.0,310
82c8yho42AA,,,,,,,,,,,,,,0.0,0.0,0.0,0.0,0.0,0.0,0.0,0.0,0.0,0.0,0.0,0.0,0.0,0.0,0.0,0.0,0.0,0.0,0.0,0.0,0.0,0.0,0.0,0.0,0.0,0.0,0.0,0.0,0.0,0.0,0.0,0.0,0.0,0.0,0.0,0.0,0.0,0.0,0.0,0.0,0.0,0.0,0.0,0.0,0.0,0.0,0.0,0.0,0.0,0.0,0.0,0.0,0.0,0.0,0.0,0.0,0.0,0.0,0.0,0.0,0.0,0.0,0.0,0.0,0.0,0.0,0.0,0.0,0.0,0.0,0.0,0.0,0.0,0.0,0.0,0.0,0.0,0.0,0.0,0.0,0.0,0.0,0.0,0.0,0.0,0.0,0.0,0.0,0.0,0.0,0.0,0.0,0.0,0.0,0.0,0.0,0.0,0.0,0.0,0.0,0.0,0.0,0.0,0.0,0.0,0.0,0.0,0.0,0.0,0.0,0.0,0.0,0
nqBnrY6GrtY,,,,,,,,,,,,,,1131.0,1289.0,1361.0,1419.0,1472.0,1511.0,1566.0,1611.0,1644.0,1653.0,1678.0,1718.0,1734.0,1742.0,1755.0,1760.0,1769.0,1769.0,1775.0,1777.0,1853.0,1850.0,1852.0,1859.0,1860.0,1858.0,1859.0,1860.0,1862.0,1864.0,1864.0,1866.0,1867.0,1868.0,1871.0,1873.0,1877.0,1879.0,1876.0,1876.0,1876.0,1877.0,1877.0,1878.0,1877.0,1878.0,1878.0,1878.0,1878.0,1878.0,1879.0,1880.0,1880.0,1879.0,1880.0,1880.0,1881.0,1881.0,1881.0,1881.0,1880.0,1881.0,1881.0,1881.0,1882.0,1883.0,1883.0,1883.0,1883.0,1883.0,1883.0,1885.0,1886.0,1887.0,1887.0,1887.0,1887.0,1889.0,1889.0,1889.0,1891.0,1892.0,1892.0,1895.0,1895.0,1896.0,1897.0,1897.0,1897.0,1899.0,1899.0,1891.0,1891.0,1892.0,1892.0,1892.0,1891.0,1891.0,1891.0,1891.0,1891.0,1892.0,1892.0,1892.0,1892.0,1892.0,1892.0,1891.0,1891.0,1891.0,1891.0,1891.0,1891
QO7SpI4T-7k,,,,,,,,,,,,,,,4.0,4.0,4.0,4.0,4.0,4.0,4.0,4.0,4.0,4.0,4.0,4.0,4.0,4.0,4.0,4.0,4.0,4.0,4.0,4.0,4.0,4.0,4.0,4.0,4.0,4.0,4.0,4.0,4.0,4.0,4.0,4.0,4.0,4.0,4.0,4.0,4.0,4.0,4.0,4.0,4.0,4.0,4.0,4.0,4.0,4.0,4.0,4.0,4.0,4.0,4.0,4.0,4.0,4.0,4.0,4.0,4.0,4.0,4.0,4.0,4.0,4.0,4.0,4.0,4.0,4.0,4.0,4.0,4.0,4.0,3.0,3.0,3.0,3.0,3.0,3.0,3.0,3.0,3.0,3.0,3.0,3.0,3.0,3.0,3.0,3.0,3.0,3.0,3.0,3.0,3.0,3.0,3.0,3.0,3.0,3.0,3.0,3.0,3.0,3.0,3.0,3.0,3.0,3.0,3.0,3.0,3.0,3.0,3.0,3.0,3.0,3
lKrspmmsCOo,,,,,,,,,,,,,,,,338.0,375.0,385.0,407.0,453.0,479.0,521.0,540.0,574.0,591.0,612.0,645.0,670.0,686.0,705.0,726.0,738.0,765.0,778.0,786.0,791.0,803.0,815.0,827.0,844.0,873.0,896.0,914.0,924.0,932.0,943.0,954.0,962.0,969.0,971.0,975.0,979.0,977.0,977.0,980.0,984.0,989.0,1003.0,1010.0,1022.0,1076.0,1082.0,1080.0,1082.0,1085.0,1087.0,1088.0,1091.0,1092.0,1098.0,1098.0,1105.0,1105.0,1106.0,1107.0,1104.0,1104.0,1104.0,1106.0,1107.0,1108.0,1110.0,1114.0,1116.0,1118.0,1119.0,1119.0,1120.0,1120.0,1121.0,1121.0,1122.0,1122.0,1123.0,1123.0,1123.0,1126.0,1126.0,1126.0,1128.0,1130.0,1135.0,1134.0,1135.0,1136.0,1135.0,1136.0,1136.0,1136.0,1136.0,1138.0,1140.0,1140.0,1140.0,1140.0,1140.0,1102.0,1102.0,1102.0,1102.0,1102.0,1102.0,1099.0,1099.0,1101.0,1101
Y9d-msJ5N-g,,,,,,,,,,,,,,,,0.0,0.0,0.0,0.0,0.0,0.0,0.0,0.0,0.0,0.0,0.0,0.0,0.0,0.0,0.0,0.0,0.0,0.0,0.0,0.0,0.0,0.0,0.0,0.0,0.0,0.0,0.0,0.0,0.0,0.0,0.0,0.0,0.0,0.0,0.0,0.0,0.0,0.0,0.0,0.0,0.0,0.0,0.0,0.0,0.0,0.0,0.0,0.0,0.0,0.0,0.0,0.0,0.0,0.0,0.0,0.0,0.0,0.0,0.0,0.0,0.0,0.0,0.0,0.0,0.0,0.0,0.0,0.0,0.0,0.0,0.0,0.0,0.0,0.0,0.0,0.0,0.0,0.0,0.0,0.0,0.0,0.0,0.0,0.0,0.0,0.0,0.0,0.0,0.0,0.0,0.0,0.0,0.0,0.0,0.0,0.0,0.0,0.0,0.0,0.0,0.0,0.0,0.0,0.0,0.0,0.0,0.0,0.0,0.0,0.0,0
aU8CK3BA4Ww,,,,,,,,,,,,,,,,3.0,4.0,4.0,4.0,4.0,4.0,4.0,4.0,4.0,4.0,4.0,4.0,5.0,5.0,5.0,5.0,5.0,5.0,5.0,5.0,5.0,5.0,5.0,5.0,5.0,5.0,5.0,5.0,5.0,5.0,5.0,5.0,5.0,5.0,5.0,5.0,5.0,5.0,5.0,5.0,5.0,5.0,5.0,5.0,5.0,5.0,5.0,5.0,5.0,5.0,5.0,5.0,5.0,5.0,5.0,5.0,5.0,5.0,5.0,5.0,5.0,5.0,5.0,5.0,5.0,5.0,5.0,5.0,5.0,5.0,5.0,5.0,5.0,5.0,5.0,5.0,5.0,5.0,5.0,5.0,5.0,5.0,5.0,5.0,5.0,5.0,5.0,5.0,5.0,5.0,5.0,5.0,5.0,5.0,5.0,5.0,5.0,5.0,5.0,5.0,5.0,5.0,5.0,5.0,5.0,5.0,5.0,5.0,5.0,5.0,5
b3ZJPaCOx0I,,,,,,,,,,,,,,,,256.0,280.0,292.0,299.0,300.0,300.0,300.0,300.0,300.0,301.0,300.0,300.0,300.0,300.0,300.0,300.0,300.0,300.0,300.0,300.0,300.0,300.0,300.0,300.0,300.0,300.0,300.0,300.0,300.0,300.0,300.0,300.0,300.0,300.0,300.0,300.0,300.0,300.0,300.0,300.0,300.0,300.0,300.0,300.0,300.0,300.0,298.0,298.0,298.0,298.0,298.0,298.0,298.0,298.0,298.0,298.0,298.0,297.0,297.0,297.0,297.0,297.0,297.0,297.0,297.0,297.0,297.0,297.0,297.0,297.0,297.0,297.0,297.0,297.0,297.0,297.0,297.0,297.0,297.0,297.0,297.0,297.0,297.0,297.0,297.0,297.0,297.0,297.0,297.0,297.0,297.0,297.0,297.0,297.0,297.0,297.0,297.0,297.0,297.0,297.0,297.0,297.0,297.0,297.0,297.0,297.0,297.0,295.0,295.0,295.0,295
blDmPGaGa9Y,,,,,,,,,,,,,,,,192.0,233.0,239.0,245.0,250.0,259.0,267.0,268.0,269.0,271.0,271.0,271.0,272.0,272.0,272.0,272.0,272.0,272.0,272.0,272.0,272.0,272.0,272.0,272.0,272.0,272.0,272.0,272.0,272.0,272.0,272.0,272.0,272.0,272.0,272.0,272.0,272.0,272.0,272.0,272.0,272.0,272.0,272.0,272.0,272.0,272.0,272.0,272.0,272.0,272.0,272.0,272.0,272.0,272.0,272.0,272.0,272.0,272.0,272.0,272.0,272.0,272.0,272.0,272.0,272.0,272.0,272.0,272.0,272.0,272.0,272.0,272.0,272.0,272.0,272.0,272.0,272.0,272.0,272.0,272.0,272.0,272.0,272.0,272.0,272.0,272.0,272.0,272.0,272.0,272.0,272.0,272.0,272.0,272.0,272.0,272.0,272.0,272.0,272.0,272.0,272.0,272.0,272.0,272.0,272.0,272.0,272.0,272.0,272.0,272.0,272
kEmYsca-CU4,,,,,,,,,,,,,,,,7.0,8.0,10.0,14.0,15.0,17.0,18.0,18.0,18.0,18.0,18.0,18.0,18.0,18.0,18.0,18.0,19.0,19.0,19.0,19.0,19.0,19.0,19.0,19.0,19.0,19.0,19.0,19.0,19.0,19.0,19.0,19.0,19.0,19.0,19.0,19.0,19.0,19.0,19.0,19.0,19.0,19.0,19.0,19.0,19.0,19.0,19.0,19.0,19.0,19.0,19.0,19.0,19.0,19.0,19.0,19.0,19.0,19.0,19.0,19.0,19.0,19.0,19.0,19.0,19.0,19.0,19.0,19.0,19.0,19.0,19.0,19.0,19.0,19.0,19.0,19.0,19.0,19.0,19.0,19.0,19.0,19.0,19.0,19.0,19.0,19.0,19.0,19.0,19.0,19.0,19.0,19.0,19.0,19.0,19.0,19.0,19.0,19.0,19.0,19.0,19.0,19.0,19.0,19.0,19.0,19.0,19.0,19.0,19.0,19.0,19
LzfbiTGS7KE,,,,,,,,,,,,,,,,,0.0,0.0,0.0,0.0,0.0,0.0,0.0,0.0,0.0,0.0,0.0,0.0,0.0,0.0,0.0,0.0,0.0,0.0,0.0,0.0,0.0,0.0,0.0,0.0,0.0,0.0,0.0,0.0,0.0,0.0,0.0,0.0,0.0,0.0,0.0,0.0,0.0,0.0,0.0,0.0,0.0,0.0,0.0,0.0,0.0,0.0,0.0,0.0,0.0,0.0,0.0,0.0,0.0,0.0,0.0,0.0,0.0,0.0,0.0,0.0,0.0,0.0,0.0,0.0,0.0,0.0,0.0,0.0,0.0,0.0,0.0,0.0,0.0,0.0,0.0,0.0,0.0,0.0,0.0,0.0,0.0,0.0,0.0,0.0,0.0,0.0,0.0,0.0,0.0,0.0,0.0,0.0,0.0,0.0,0.0,0.0,0.0,0.0,0.0,0.0,0.0,0.0,0.0,0.0,0.0,0.0,0.0,0.0,0.0,0
9v_-Td_0yC4,,,,,,,,,,,,,,,,,,718.0,776.0,801.0,828.0,855.0,882.0,894.0,900.0,907.0,912.0,914.0,920.0,923.0,927.0,931.0,936.0,942.0,945.0,945.0,945.0,945.0,944.0,944.0,944.0,944.0,944.0,944.0,944.0,944.0,944.0,944.0,944.0,944.0,944.0,944.0,944.0,944.0,944.0,944.0,944.0,944.0,944.0,944.0,944.0,944.0,944.0,945.0,945.0,945.0,945.0,945.0,945.0,945.0,945.0,945.0,945.0,945.0,945.0,945.0,945.0,945.0,945.0,945.0,945.0,945.0,945.0,945.0,945.0,945.0,945.0,945.0,945.0,945.0,944.0,944.0,944.0,944.0,944.0,944.0,944.0,944.0,944.0,944.0,944.0,944.0,944.0,944.0,944.0,944.0,944.0,944.0,944.0,944.0,944.0,944.0,944.0,944.0,944.0,944.0,944.0,943.0,944.0,944.0,944.0,944.0,944.0,944.0,944.0,944
5ty7c5t8lUY,,,,,,,,,,,,,,,,,,901.0,955.0,988.0,1017.0,1028.0,1028.0,1029.0,1030.0,1031.0,1032.0,1031.0,1032.0,1032.0,1032.0,1033.0,1031.0,1031.0,1032.0,1032.0,1032.0,1032.0,1030.0,1030.0,1030.0,1030.0,1030.0,1030.0,1030.0,1030.0,1030.0,1030.0,1030.0,1030.0,1030.0,1030.0,1030.0,1030.0,1029.0,1029.0,1029.0,1029.0,1029.0,1029.0,1029.0,1030.0,1030.0,1030.0,1030.0,1030.0,1030.0,1030.0,1030.0,1030.0,1030.0,1030.0,1030.0,1031.0,1031.0,1031.0,1032.0,1032.0,1032.0,1032.0,1032.0,1032.0,1032.0,1032.0,1032.0,1031.0,1031.0,1031.0,1031.0,1031.0,1031.0,1031.0,1031.0,1031.0,1031.0,1031.0,1031.0,1029.0,1029.0,1029.0,1029.0,1029.0,1029.0,1029.0,1028.0,1028.0,1028.0,1028.0,1028.0,1028.0,1027.0,1027.0,1027.0,1027.0,1028.0,1028.0,1028.0,1028.0,1028.0,1028.0,1028.0,1027.0,1027.0,1027.0,1027.0,1027
esp_gUf2CK0,,,,,,,,,,,,,,,,,,,0.0,0.0,0.0,0.0,0.0,0.0,0.0,0.0,0.0,0.0,0.0,0.0,0.0,0.0,0.0,0.0,0.0,0.0,0.0,0.0,0.0,0.0,0.0,0.0,0.0,0.0,0.0,0.0,0.0,0.0,0.0,0.0,0.0,0.0,0.0,0.0,0.0,0.0,0.0,0.0,0.0,0.0,0.0,0.0,0.0,0.0,0.0,0.0,0.0,0.0,0.0,0.0,0.0,0.0,0.0,0.0,0.0,0.0,0.0,0.0,0.0,0.0,0.0,0.0,0.0,0.0,0.0,0.0,0.0,0.0,0.0,0.0,0.0,0.0,0.0,0.0,0.0,0.0,0.0,0.0,0.0,0.0,0.0,0.0,0.0,0.0,0.0,0.0,0.0,0.0,0.0,0.0,0.0,0.0,0.0,0.0,0.0,0.0,0.0,0.0,0.0,0.0,0.0,0.0,0.0,0.0,0.0,0
u7I4aL6X7i4,,,,,,,,,,,,,,,,,,,0.0,0.0,0.0,0.0,0.0,0.0,0.0,0.0,0.0,0.0,0.0,0.0,0.0,0.0,0.0,0.0,0.0,0.0,0.0,0.0,0.0,0.0,0.0,0.0,0.0,0.0,0.0,0.0,0.0,0.0,0.0,0.0,0.0,0.0,0.0,0.0,0.0,0.0,0.0,0.0,0.0,0.0,0.0,0.0,0.0,0.0,0.0,0.0,0.0,0.0,0.0,0.0,0.0,0.0,0.0,0.0,0.0,0.0,0.0,0.0,0.0,0.0,0.0,0.0,0.0,0.0,0.0,0.0,0.0,0.0,0.0,0.0,0.0,0.0,0.0,0.0,0.0,0.0,0.0,0.0,0.0,0.0,0.0,0.0,0.0,0.0,0.0,0.0,0.0,0.0,0.0,0.0,0.0,0.0,0.0,0.0,0.0,0.0,0.0,0.0,0.0,0.0,0.0,0.0,0.0,0.0,0.0,0
-aBFyYhHZOo,,,,,,,,,,,,,,,,,,,536.0,537.0,539.0,539.0,541.0,541.0,542.0,542.0,542.0,542.0,542.0,542.0,542.0,542.0,542.0,541.0,541.0,541.0,541.0,541.0,541.0,541.0,541.0,541.0,541.0,541.0,541.0,541.0,541.0,541.0,541.0,539.0,539.0,539.0,539.0,539.0,539.0,539.0,539.0,539.0,539.0,539.0,539.0,539.0,539.0,539.0,539.0,539.0,539.0,539.0,539.0,539.0,539.0,539.0,539.0,539.0,539.0,539.0,539.0,539.0,539.0,539.0,539.0,539.0,539.0,539.0,539.0,539.0,539.0,539.0,539.0,539.0,539.0,539.0,539.0,539.0,539.0,539.0,539.0,539.0,539.0,539.0,539.0,539.0,539.0,539.0,539.0,539.0,539.0,539.0,539.0,539.0,539.0,539.0,539.0,539.0,539.0,539.0,539.0,539.0,539.0,539.0,539.0,539.0,539.0,539.0,539.0,539
HmFUIJiISxY,,,,,,,,,,,,,,,,,,,369.0,370.0,374.0,374.0,376.0,376.0,377.0,380.0,384.0,384.0,384.0,384.0,388.0,388.0,393.0,393.0,397.0,397.0,399.0,399.0,399.0,399.0,399.0,399.0,401.0,402.0,402.0,403.0,403.0,404.0,404.0,404.0,404.0,404.0,404.0,405.0,405.0,405.0,405.0,406.0,407.0,407.0,407.0,407.0,408.0,408.0,408.0,408.0,408.0,408.0,408.0,408.0,408.0,408.0,408.0,408.0,408.0,408.0,408.0,408.0,408.0,408.0,408.0,408.0,408.0,408.0,408.0,408.0,408.0,408.0,408.0,409.0,409.0,409.0,409.0,409.0,409.0,409.0,409.0,409.0,409.0,409.0,409.0,409.0,409.0,409.0,409.0,409.0,409.0,409.0,409.0,409.0,409.0,409.0,409.0,409.0,409.0,409.0,409.0,409.0,409.0,409.0,409.0,409.0,409.0,409.0,409.0,409
Sx4iTCWze_o,,,,,,,,,,,,,,,,,,,522.0,525.0,527.0,527.0,527.0,527.0,527.0,527.0,527.0,527.0,527.0,527.0,527.0,527.0,527.0,527.0,527.0,527.0,527.0,527.0,527.0,527.0,527.0,527.0,527.0,527.0,527.0,527.0,526.0,526.0,526.0,526.0,526.0,526.0,526.0,526.0,526.0,526.0,526.0,526.0,526.0,526.0,526.0,526.0,526.0,526.0,526.0,526.0,526.0,526.0,526.0,526.0,526.0,526.0,526.0,526.0,526.0,526.0,526.0,525.0,525.0,525.0,525.0,525.0,524.0,524.0,524.0,524.0,524.0,524.0,524.0,524.0,524.0,524.0,524.0,524.0,524.0,524.0,524.0,524.0,524.0,524.0,524.0,524.0,524.0,524.0,524.0,524.0,524.0,524.0,524.0,524.0,524.0,524.0,524.0,524.0,524.0,524.0,524.0,524.0,524.0,524.0,524.0,524.0,524.0,524.0,524.0,524
9esJ8CnrhCU,,,,,,,,,,,,,,,,,,,626.0,626.0,626.0,626.0,626.0,626.0,626.0,626.0,626.0,626.0,626.0,627.0,627.0,628.0,628.0,628.0,628.0,628.0,628.0,628.0,628.0,630.0,630.0,630.0,630.0,630.0,630.0,630.0,630.0,630.0,630.0,630.0,630.0,630.0,630.0,630.0,630.0,630.0,630.0,630.0,630.0,630.0,630.0,630.0,630.0,630.0,630.0,630.0,630.0,630.0,630.0,630.0,630.0,630.0,630.0,630.0,630.0,630.0,630.0,629.0,629.0,629.0,629.0,629.0,629.0,629.0,629.0,629.0,629.0,629.0,629.0,629.0,629.0,629.0,629.0,629.0,629.0,629.0,629.0,629.0,629.0,629.0,629.0,629.0,629.0,629.0,629.0,628.0,628.0,628.0,628.0,628.0,628.0,628.0,628.0,628.0,628.0,628.0,628.0,628.0,628.0,628.0,628.0,628.0,628.0,628.0,628.0,628
p-11lL9mDxQ,,,,,,,,,,,,,,,,,,,0.0,0.0,0.0,0.0,0.0,0.0,0.0,0.0,0.0,0.0,0.0,0.0,0.0,0.0,0.0,0.0,0.0,0.0,0.0,0.0,0.0,0.0,0.0,0.0,0.0,0.0,0.0,0.0,0.0,0.0,0.0,0.0,0.0,0.0,0.0,0.0,0.0,0.0,0.0,0.0,0.0,0.0,0.0,0.0,0.0,0.0,0.0,0.0,0.0,0.0,0.0,0.0,0.0,0.0,0.0,0.0,0.0,0.0,0.0,0.0,0.0,0.0,0.0,0.0,0.0,0.0,0.0,0.0,0.0,0.0,0.0,0.0,0.0,0.0,0.0,0.0,0.0,0.0,0.0,0.0,0.0,0.0,0.0,0.0,0.0,0.0,0.0,0.0,0.0,0.0,0.0,0.0,0.0,0.0,0.0,0.0,0.0,0.0,0.0,0.0,0.0,0.0,0.0,0.0,0.0,0.0,0.0,0
VRvu3V55nfI,,,,,,,,,,,,,,,,,,,432.0,461.0,471.0,473.0,480.0,490.0,494.0,497.0,498.0,498.0,499.0,500.0,501.0,501.0,501.0,502.0,504.0,504.0,503.0,503.0,503.0,505.0,505.0,505.0,505.0,505.0,505.0,505.0,505.0,505.0,505.0,505.0,505.0,505.0,505.0,505.0,505.0,505.0,505.0,505.0,505.0,505.0,505.0,505.0,505.0,505.0,505.0,505.0,505.0,505.0,505.0,505.0,505.0,505.0,505.0,505.0,505.0,505.0,505.0,505.0,505.0,505.0,505.0,505.0,505.0,505.0,503.0,503.0,503.0,503.0,502.0,502.0,502.0,502.0,502.0,502.0,502.0,502.0,502.0,502.0,502.0,502.0,502.0,502.0,502.0,502.0,502.0,501.0,501.0,501.0,501.0,501.0,501.0,501.0,501.0,501.0,501.0,501.0,501.0,501.0,501.0,501.0,500.0,500.0,500.0,500.0,500.0,500
U0SSk3ZadbM,,,,,,,,,,,,,,,,,,,,2746.0,2956.0,2993.0,3038.0,3080.0,3120.0,3159.0,3210.0,3223.0,3231.0,3232.0,3232.0,3230.0,3229.0,3203.0,3202.0,3204.0,3204.0,3204.0,3204.0,3204.0,3204.0,3204.0,3204.0,3204.0,3204.0,3204.0,3197.0,3197.0,3197.0,3195.0,3190.0,3190.0,3185.0,3186.0,3186.0,3186.0,3015.0,3014.0,3013.0,3013.0,3012.0,3011.0,3010.0,3010.0,3009.0,3006.0,3006.0,3007.0,3007.0,3006.0,3006.0,3003.0,3003.0,3003.0,3004.0,3004.0,3003.0,3003.0,3003.0,3002.0,3001.0,3001.0,2999.0,2998.0,2997.0,2998.0,2998.0,2998.0,2998.0,2998.0,2997.0,2996.0,2997.0,2994.0,2995.0,2995.0,2995.0,2995.0,2995.0,2995.0,2995.0,2995.0,2995.0,2995.0,2995.0,2995.0,2995.0,2995.0,2995.0,2994.0,2994.0,2986.0,2986.0,2986.0,2985.0,2984.0,2984.0,2984.0,2983.0,2983.0,2983.0,2982.0,2980.0,2980.0,2980.0,2980
bAynBoGBqEM,,,,,,,,,,,,,,,,,,,,93.0,150.0,159.0,169.0,175.0,177.0,183.0,186.0,186.0,187.0,187.0,187.0,187.0,187.0,187.0,187.0,187.0,187.0,187.0,187.0,187.0,187.0,187.0,187.0,187.0,188.0,188.0,188.0,188.0,188.0,188.0,188.0,188.0,188.0,188.0,188.0,188.0,189.0,189.0,189.0,189.0,189.0,189.0,189.0,189.0,189.0,189.0,189.0,189.0,189.0,189.0,189.0,189.0,189.0,189.0,189.0,190.0,190.0,190.0,191.0,191.0,191.0,191.0,192.0,192.0,193.0,193.0,193.0,193.0,193.0,193.0,193.0,193.0,193.0,193.0,193.0,193.0,193.0,193.0,193.0,193.0,193.0,193.0,193.0,192.0,192.0,192.0,192.0,192.0,192.0,192.0,192.0,192.0,192.0,199.0,199.0,199.0,199.0,199.0,199.0,199.0,199.0,199.0,200.0,199.0,199.0,199
LYCTAeLaE0I,,,,,,,,,,,,,,,,,,,,,67.0,92.0,102.0,103.0,109.0,132.0,133.0,135.0,135.0,135.0,136.0,136.0,136.0,136.0,136.0,136.0,140.0,140.0,145.0,145.0,145.0,145.0,145.0,146.0,146.0,147.0,147.0,147.0,147.0,147.0,147.0,147.0,147.0,147.0,147.0,147.0,147.0,147.0,147.0,147.0,147.0,147.0,147.0,147.0,147.0,147.0,147.0,148.0,148.0,148.0,148.0,148.0,148.0,148.0,148.0,148.0,148.0,148.0,148.0,148.0,148.0,148.0,148.0,148.0,148.0,148.0,148.0,148.0,148.0,148.0,148.0,148.0,148.0,148.0,148.0,148.0,148.0,148.0,148.0,148.0,148.0,148.0,148.0,148.0,148.0,148.0,148.0,148.0,148.0,148.0,148.0,148.0,148.0,148.0,148.0,148.0,148.0,148.0,148.0,148.0,148.0,148.0,148.0,148.0,148.0,148
EuHr3gQdjOo,,,,,,,,,,,,,,,,,,,,,166.0,209.0,217.0,219.0,219.0,222.0,223.0,224.0,224.0,224.0,224.0,224.0,224.0,224.0,224.0,224.0,224.0,224.0,224.0,224.0,224.0,224.0,224.0,224.0,224.0,224.0,224.0,224.0,224.0,224.0,224.0,224.0,224.0,224.0,224.0,224.0,224.0,224.0,224.0,224.0,224.0,224.0,224.0,224.0,224.0,224.0,224.0,224.0,224.0,224.0,224.0,224.0,224.0,224.0,224.0,224.0,224.0,224.0,224.0,224.0,224.0,224.0,224.0,224.0,224.0,224.0,224.0,224.0,224.0,224.0,224.0,224.0,224.0,224.0,224.0,224.0,224.0,224.0,224.0,224.0,224.0,224.0,224.0,224.0,224.0,224.0,224.0,224.0,224.0,224.0,224.0,224.0,224.0,224.0,224.0,224.0,224.0,224.0,224.0,224.0,223.0,223.0,223.0,223.0,223.0,223
C-v5bYqOVpk,,,,,,,,,,,,,,,,,,,,,499.0,846.0,894.0,884.0,888.0,889.0,892.0,895.0,895.0,896.0,896.0,896.0,896.0,896.0,897.0,868.0,836.0,836.0,836.0,836.0,836.0,835.0,835.0,835.0,835.0,835.0,835.0,835.0,835.0,835.0,835.0,835.0,835.0,835.0,835.0,835.0,835.0,835.0,835.0,835.0,835.0,835.0,835.0,836.0,836.0,836.0,836.0,836.0,836.0,836.0,836.0,836.0,836.0,836.0,836.0,846.0,847.0,847.0,847.0,847.0,847.0,847.0,847.0,847.0,847.0,847.0,847.0,847.0,847.0,847.0,848.0,849.0,849.0,849.0,850.0,850.0,850.0,850.0,850.0,850.0,850.0,850.0,850.0,850.0,850.0,850.0,850.0,850.0,850.0,850.0,850.0,850.0,850.0,850.0,850.0,850.0,850.0,850.0,850.0,850.0,850.0,850.0,851.0,851.0,851.0,851
SJrklhlVztA,,,,,,,,,,,,,,,,,,,,,0.0,0.0,0.0,0.0,0.0,0.0,0.0,0.0,0.0,0.0,0.0,0.0,0.0,0.0,0.0,0.0,0.0,0.0,0.0,0.0,0.0,0.0,0.0,0.0,0.0,0.0,0.0,0.0,0.0,0.0,0.0,0.0,0.0,0.0,0.0,0.0,0.0,0.0,0.0,0.0,0.0,0.0,0.0,0.0,0.0,0.0,0.0,0.0,0.0,0.0,0.0,0.0,0.0,0.0,0.0,0.0,0.0,0.0,0.0,0.0,0.0,0.0,0.0,0.0,0.0,0.0,0.0,0.0,0.0,0.0,0.0,0.0,0.0,0.0,0.0,0.0,0.0,0.0,0.0,0.0,0.0,0.0,0.0,0.0,0.0,0.0,0.0,0.0,0.0,0.0,0.0,0.0,0.0,0.0,0.0,0.0,0.0,0.0,0.0,0.0,0.0,0.0,0.0,0.0,0.0,0
bHgT-hdNAXo,,,,,,,,,,,,,,,,,,,,,10.0,10.0,10.0,10.0,10.0,10.0,10.0,10.0,10.0,10.0,10.0,10.0,10.0,10.0,10.0,10.0,10.0,10.0,10.0,11.0,11.0,11.0,10.0,10.0,10.0,10.0,10.0,10.0,10.0,10.0,10.0,10.0,10.0,10.0,10.0,10.0,10.0,10.0,10.0,10.0,10.0,10.0,10.0,10.0,10.0,10.0,10.0,10.0,10.0,10.0,10.0,10.0,10.0,10.0,10.0,10.0,10.0,10.0,10.0,10.0,10.0,11.0,11.0,11.0,11.0,11.0,11.0,11.0,11.0,11.0,11.0,11.0,11.0,11.0,11.0,11.0,11.0,11.0,11.0,11.0,11.0,11.0,11.0,11.0,11.0,11.0,11.0,11.0,11.0,11.0,11.0,11.0,11.0,11.0,11.0,11.0,11.0,11.0,11.0,11.0,11.0,11.0,11.0,11.0,11.0,11
V5OXbVlnxic,,,,,,,,,,,,,,,,,,,,,24.0,24.0,24.0,24.0,24.0,24.0,24.0,25.0,25.0,25.0,25.0,25.0,25.0,25.0,25.0,25.0,25.0,25.0,25.0,25.0,25.0,25.0,25.0,25.0,25.0,25.0,25.0,25.0,25.0,25.0,25.0,25.0,25.0,25.0,25.0,25.0,25.0,25.0,25.0,25.0,25.0,25.0,25.0,25.0,25.0,25.0,25.0,25.0,25.0,25.0,25.0,25.0,25.0,25.0,25.0,25.0,25.0,25.0,25.0,25.0,25.0,25.0,25.0,25.0,25.0,25.0,25.0,25.0,25.0,25.0,25.0,25.0,25.0,25.0,25.0,25.0,25.0,25.0,25.0,25.0,25.0,25.0,26.0,26.0,26.0,26.0,26.0,26.0,26.0,26.0,26.0,26.0,26.0,26.0,26.0,26.0,26.0,26.0,26.0,26.0,26.0,26.0,26.0,26.0,26.0,26
3YpJ-sD5Xng,,,,,,,,,,,,,,,,,,,,,19.0,24.0,26.0,28.0,29.0,31.0,33.0,33.0,34.0,36.0,36.0,38.0,38.0,39.0,39.0,40.0,40.0,40.0,40.0,40.0,40.0,40.0,41.0,41.0,41.0,42.0,42.0,42.0,42.0,42.0,42.0,42.0,42.0,42.0,42.0,42.0,42.0,42.0,42.0,42.0,42.0,42.0,42.0,42.0,42.0,42.0,42.0,43.0,43.0,43.0,43.0,43.0,43.0,43.0,43.0,43.0,43.0,43.0,43.0,43.0,43.0,43.0,43.0,43.0,42.0,42.0,42.0,42.0,42.0,42.0,42.0,42.0,42.0,42.0,42.0,42.0,42.0,42.0,42.0,42.0,42.0,42.0,42.0,42.0,42.0,42.0,42.0,42.0,42.0,42.0,42.0,42.0,42.0,42.0,42.0,42.0,43.0,43.0,43.0,43.0,43.0,43.0,43.0,43.0,43.0,43
Y1Lw8RiIyLI,,,,,,,,,,,,,,,,,,,,,606.0,618.0,621.0,624.0,628.0,631.0,633.0,634.0,634.0,634.0,638.0,639.0,639.0,640.0,640.0,640.0,640.0,643.0,643.0,643.0,645.0,646.0,646.0,646.0,647.0,647.0,647.0,647.0,647.0,647.0,647.0,647.0,647.0,647.0,647.0,647.0,647.0,647.0,647.0,647.0,647.0,647.0,647.0,647.0,647.0,647.0,647.0,647.0,647.0,647.0,647.0,647.0,647.0,647.0,647.0,647.0,647.0,647.0,647.0,647.0,647.0,647.0,647.0,647.0,647.0,647.0,647.0,647.0,647.0,647.0,647.0,647.0,647.0,647.0,647.0,647.0,647.0,647.0,647.0,647.0,647.0,647.0,647.0,646.0,646.0,646.0,646.0,646.0,646.0,646.0,646.0,646.0,646.0,646.0,646.0,646.0,646.0,646.0,646.0,646.0,646.0,646.0,646.0,646.0,646.0,646
CPQykIvczJU,,,,,,,,,,,,,,,,,,,,,326.0,334.0,338.0,343.0,345.0,351.0,354.0,355.0,355.0,355.0,355.0,355.0,355.0,355.0,355.0,355.0,357.0,357.0,357.0,357.0,357.0,357.0,357.0,357.0,357.0,357.0,357.0,357.0,357.0,357.0,357.0,357.0,357.0,357.0,357.0,357.0,357.0,357.0,357.0,357.0,357.0,357.0,357.0,357.0,357.0,357.0,357.0,357.0,357.0,357.0,357.0,357.0,357.0,357.0,357.0,357.0,357.0,357.0,357.0,357.0,357.0,357.0,357.0,357.0,358.0,358.0,358.0,358.0,358.0,358.0,358.0,358.0,358.0,358.0,358.0,359.0,359.0,359.0,359.0,359.0,359.0,359.0,359.0,359.0,359.0,359.0,359.0,359.0,359.0,359.0,359.0,359.0,359.0,359.0,359.0,359.0,359.0,359.0,359.0,359.0,359.0,359.0,359.0,359.0,359.0,359
UG5jR87TtJA,,,,,,,,,,,,,,,,,,,,,10517.0,10841.0,11097.0,11259.0,11508.0,11658.0,11786.0,11912.0,12021.0,12103.0,12170.0,12246.0,12331.0,12421.0,12503.0,12570.0,12653.0,12689.0,12742.0,12768.0,12803.0,12832.0,12860.0,12883.0,12909.0,12945.0,12983.0,13009.0,13023.0,13034.0,13055.0,13075.0,13085.0,13102.0,13131.0,13143.0,13160.0,13176.0,13200.0,13224.0,13266.0,13292.0,13302.0,13306.0,13330.0,13339.0,13348.0,13361.0,13376.0,13380.0,13398.0,13417.0,13440.0,13451.0,13463.0,13486.0,13507.0,13520.0,13547.0,13566.0,13584.0,13598.0,13615.0,13624.0,13630.0,13642.0,13654.0,13662.0,13673.0,13676.0,13682.0,13689.0,13704.0,13724.0,13735.0,13751.0,13767.0,13779.0,13791.0,13801.0,13819.0,13835.0,13852.0,13871.0,13882.0,13897.0,13906.0,13917.0,13931.0,13943.0,13954.0,13966.0,13980.0,14001.0,14027.0,14047.0,14058.0,14074.0,14086.0,14095.0,14092.0,14099.0,14122.0,14134.0,14153.0,14164
u-SgOAZyZ0o,,,,,,,,,,,,,,,,,,,,,,34.0,34.0,34.0,34.0,34.0,34.0,34.0,34.0,34.0,34.0,34.0,34.0,34.0,34.0,34.0,34.0,34.0,34.0,35.0,35.0,35.0,35.0,35.0,35.0,35.0,35.0,35.0,35.0,35.0,35.0,35.0,35.0,35.0,35.0,35.0,35.0,35.0,35.0,35.0,35.0,35.0,35.0,35.0,35.0,35.0,35.0,35.0,35.0,35.0,35.0,35.0,35.0,35.0,35.0,35.0,35.0,35.0,35.0,35.0,35.0,35.0,35.0,35.0,35.0,35.0,35.0,35.0,35.0,35.0,35.0,35.0,35.0,35.0,35.0,35.0,35.0,35.0,35.0,35.0,35.0,35.0,35.0,35.0,35.0,35.0,35.0,35.0,35.0,35.0,35.0,35.0,35.0,35.0,35.0,35.0,35.0,35.0,35.0,35.0,35.0,35.0,35.0,35.0,35.0,35
KhPFdHWEnGo,,,,,,,,,,,,,,,,,,,,,,133.0,133.0,135.0,135.0,135.0,135.0,136.0,136.0,136.0,137.0,137.0,137.0,138.0,138.0,138.0,138.0,138.0,138.0,138.0,138.0,140.0,140.0,140.0,140.0,141.0,141.0,141.0,142.0,141.0,141.0,141.0,141.0,141.0,141.0,141.0,141.0,141.0,141.0,141.0,142.0,142.0,142.0,142.0,142.0,142.0,142.0,142.0,142.0,142.0,142.0,142.0,142.0,142.0,142.0,142.0,142.0,142.0,142.0,142.0,142.0,142.0,142.0,142.0,142.0,142.0,142.0,142.0,142.0,142.0,142.0,142.0,142.0,142.0,142.0,142.0,142.0,142.0,142.0,142.0,142.0,142.0,142.0,143.0,143.0,143.0,143.0,143.0,143.0,143.0,143.0,143.0,143.0,143.0,143.0,143.0,144.0,144.0,144.0,144.0,143.0,143.0,143.0,144.0,144.0,144
Vd65l451KI4,,,,,,,,,,,,,,,,,,,,,,522.0,744.0,889.0,947.0,1004.0,1044.0,1194.0,1266.0,1303.0,1321.0,1336.0,1349.0,1360.0,1371.0,1381.0,1396.0,1411.0,1425.0,1432.0,1440.0,1444.0,1449.0,1451.0,1456.0,1464.0,1468.0,1470.0,1473.0,1474.0,1476.0,1480.0,1479.0,1483.0,1481.0,1483.0,1485.0,1480.0,1483.0,1483.0,1490.0,1497.0,1499.0,1499.0,1502.0,1503.0,1506.0,1510.0,1511.0,1512.0,1515.0,1518.0,1519.0,1521.0,1523.0,1524.0,1524.0,1524.0,1525.0,1526.0,1528.0,1528.0,1533.0,1535.0,1535.0,1536.0,1537.0,1399.0,1382.0,1383.0,1385.0,1384.0,1384.0,1386.0,1388.0,1391.0,1391.0,1392.0,1393.0,1396.0,1399.0,1401.0,1401.0,1403.0,1406.0,1406.0,1407.0,1407.0,1407.0,1410.0,1411.0,1410.0,1412.0,1412.0,1412.0,1414.0,1414.0,1416.0,1416.0,1416.0,1416.0,1416.0,1416.0,1420.0,1420.0,1418
nDqYdjwuDRI,,,,,,,,,,,,,,,,,,,,,,29.0,40.0,45.0,48.0,49.0,51.0,52.0,52.0,55.0,57.0,57.0,59.0,60.0,61.0,61.0,61.0,61.0,61.0,64.0,67.0,73.0,74.0,77.0,82.0,87.0,89.0,91.0,92.0,92.0,92.0,93.0,93.0,96.0,97.0,100.0,106.0,106.0,106.0,106.0,106.0,106.0,106.0,106.0,106.0,106.0,106.0,107.0,107.0,107.0,107.0,108.0,107.0,106.0,106.0,106.0,106.0,105.0,106.0,106.0,106.0,106.0,107.0,106.0,106.0,107.0,107.0,108.0,109.0,109.0,109.0,109.0,109.0,109.0,109.0,109.0,109.0,109.0,109.0,109.0,109.0,109.0,109.0,109.0,109.0,109.0,109.0,109.0,109.0,109.0,109.0,109.0,109.0,109.0,109.0,107.0,107.0,107.0,107.0,107.0,107.0,107.0,107.0,107.0,107.0,107
P9IuJcJCNsI,,,,,,,,,,,,,,,,,,,,,,1915.0,2003.0,2029.0,2045.0,2055.0,2061.0,2069.0,2076.0,2082.0,2086.0,2087.0,2090.0,2091.0,2093.0,2096.0,2099.0,2104.0,2106.0,2107.0,2109.0,2109.0,2112.0,2114.0,2115.0,2113.0,2112.0,2113.0,2113.0,2113.0,2113.0,2113.0,2113.0,2113.0,2113.0,2113.0,2113.0,2113.0,2111.0,2113.0,2113.0,2114.0,2114.0,2107.0,2107.0,2107.0,2107.0,2107.0,2107.0,2107.0,2107.0,2107.0,2106.0,2106.0,2105.0,2105.0,2105.0,2105.0,2105.0,2105.0,2105.0,2105.0,2106.0,2105.0,2105.0,2105.0,2105.0,2105.0,2105.0,2103.0,2103.0,2103.0,2103.0,2103.0,2103.0,2103.0,2103.0,2103.0,2103.0,2102.0,2102.0,2102.0,2102.0,2102.0,2101.0,2101.0,2101.0,2101.0,2101.0,2100.0,2100.0,2100.0,2100.0,2100.0,2100.0,2100.0,2100.0,2100.0,2100.0,2100.0,2100.0,2100.0,2099.0,2099.0,2099.0,2099
0HqGFEzEJtg,,,,,,,,,,,,,,,,,,,,,,,42.0,49.0,53.0,54.0,57.0,59.0,62.0,63.0,65.0,65.0,66.0,69.0,69.0,69.0,69.0,70.0,70.0,70.0,71.0,71.0,72.0,72.0,73.0,73.0,75.0,76.0,78.0,79.0,79.0,79.0,79.0,79.0,80.0,80.0,80.0,80.0,81.0,81.0,81.0,81.0,84.0,87.0,87.0,88.0,89.0,89.0,90.0,90.0,90.0,91.0,91.0,91.0,93.0,93.0,93.0,93.0,93.0,92.0,94.0,94.0,94.0,94.0,94.0,94.0,95.0,95.0,95.0,97.0,99.0,99.0,99.0,99.0,99.0,100.0,100.0,100.0,100.0,100.0,100.0,100.0,100.0,100.0,100.0,100.0,100.0,100.0,100.0,100.0,100.0,100.0,101.0,101.0,101.0,101.0,102.0,102.0,102.0,103.0,103.0,104.0,104.0,104.0,104.0,104
UrIYVetyV-Q,,,,,,,,,,,,,,,,,,,,,,,92.0,94.0,97.0,98.0,98.0,98.0,98.0,98.0,98.0,98.0,98.0,98.0,98.0,98.0,98.0,98.0,98.0,98.0,98.0,98.0,98.0,98.0,98.0,98.0,98.0,98.0,98.0,98.0,98.0,98.0,98.0,98.0,98.0,98.0,98.0,98.0,98.0,98.0,98.0,98.0,98.0,98.0,98.0,98.0,98.0,98.0,98.0,98.0,98.0,98.0,98.0,98.0,98.0,98.0,98.0,98.0,98.0,98.0,98.0,98.0,98.0,98.0,98.0,98.0,98.0,98.0,98.0,98.0,98.0,98.0,98.0,98.0,98.0,98.0,98.0,98.0,98.0,98.0,98.0,98.0,98.0,98.0,98.0,98.0,98.0,98.0,98.0,98.0,98.0,98.0,98.0,98.0,98.0,98.0,98.0,98.0,98.0,98.0,98.0,98.0,98.0,98.0,98.0,98
AX0jQYaIeDc,,,,,,,,,,,,,,,,,,,,,,,16088.0,19709.0,20984.0,21655.0,22078.0,22395.0,22691.0,22909.0,23068.0,23177.0,23271.0,23344.0,23407.0,23488.0,23645.0,23745.0,23793.0,23845.0,23892.0,23936.0,23968.0,24048.0,24101.0,24133.0,24150.0,24186.0,24218.0,24243.0,24265.0,24284.0,24310.0,24332.0,24353.0,24373.0,24392.0,24402.0,24429.0,24436.0,24454.0,24447.0,24452.0,24466.0,24483.0,24495.0,24547.0,24560.0,24582.0,24601.0,24623.0,24637.0,24666.0,24683.0,24691.0,24701.0,24719.0,24745.0,24787.0,24829.0,24876.0,24900.0,24924.0,24933.0,24937.0,24948.0,24957.0,24959.0,24973.0,24987.0,24993.0,25000.0,25017.0,25027.0,25028.0,25044.0,25058.0,25069.0,25080.0,25123.0,25136.0,25143.0,25152.0,25159.0,25175.0,25182.0,25185.0,25190.0,25198.0,25174.0,25177.0,25188.0,25195.0,25204.0,25210.0,25228.0,25232.0,25239.0,25244.0,25243.0,25255.0,25260.0,25263.0,25273.0,25277.0,25288
yeDXaxUNzEQ,,,,,,,,,,,,,,,,,,,,,,,11.0,11.0,11.0,11.0,11.0,11.0,11.0,11.0,11.0,11.0,11.0,11.0,11.0,11.0,11.0,11.0,11.0,11.0,11.0,11.0,11.0,11.0,11.0,11.0,11.0,11.0,11.0,11.0,11.0,11.0,11.0,11.0,11.0,11.0,11.0,11.0,11.0,11.0,11.0,11.0,11.0,11.0,11.0,11.0,11.0,11.0,11.0,11.0,11.0,11.0,11.0,11.0,11.0,11.0,11.0,11.0,11.0,11.0,11.0,11.0,11.0,11.0,11.0,11.0,11.0,11.0,11.0,11.0,11.0,11.0,11.0,11.0,11.0,11.0,11.0,11.0,11.0,11.0,11.0,11.0,11.0,11.0,11.0,11.0,11.0,11.0,11.0,11.0,11.0,11.0,11.0,11.0,11.0,11.0,11.0,11.0,11.0,11.0,11.0,10.0,10.0,10.0,10.0,10
_oxkM9D6ZlY,,,,,,,,,,,,,,,,,,,,,,,81.0,103.0,116.0,121.0,125.0,127.0,132.0,132.0,137.0,138.0,144.0,147.0,150.0,153.0,157.0,161.0,163.0,165.0,167.0,167.0,169.0,170.0,174.0,174.0,175.0,175.0,175.0,176.0,177.0,179.0,182.0,182.0,184.0,184.0,184.0,184.0,182.0,182.0,184.0,185.0,186.0,186.0,187.0,189.0,193.0,199.0,199.0,201.0,201.0,202.0,202.0,202.0,203.0,204.0,207.0,207.0,207.0,207.0,208.0,208.0,208.0,208.0,209.0,209.0,208.0,209.0,210.0,212.0,212.0,212.0,214.0,214.0,214.0,216.0,215.0,216.0,217.0,217.0,217.0,218.0,218.0,219.0,219.0,220.0,221.0,222.0,223.0,224.0,226.0,226.0,227.0,227.0,227.0,227.0,229.0,229.0,229.0,229.0,229.0,229.0,230.0,230.0,230.0,230
Z_yvJ2k8QMQ,,,,,,,,,,,,,,,,,,,,,,,0.0,0.0,0.0,0.0,0.0,0.0,0.0,0.0,0.0,0.0,0.0,0.0,0.0,0.0,0.0,0.0,0.0,0.0,0.0,0.0,0.0,0.0,0.0,0.0,0.0,0.0,0.0,0.0,0.0,0.0,0.0,0.0,0.0,0.0,0.0,0.0,0.0,0.0,0.0,0.0,0.0,0.0,0.0,0.0,0.0,0.0,0.0,0.0,0.0,0.0,0.0,0.0,0.0,0.0,0.0,0.0,0.0,0.0,0.0,0.0,0.0,0.0,0.0,0.0,0.0,0.0,0.0,0.0,0.0,0.0,0.0,0.0,0.0,0.0,0.0,0.0,0.0,0.0,0.0,0.0,0.0,0.0,0.0,0.0,0.0,0.0,0.0,0.0,0.0,0.0,0.0,0.0,0.0,0.0,0.0,0.0,0.0,0.0,0.0,0.0,0.0,0.0,0.0,0
41vCvQzydy8,,,,,,,,,,,,,,,,,,,,,,,,782.0,785.0,793.0,800.0,807.0,807.0,812.0,815.0,817.0,817.0,820.0,822.0,824.0,825.0,825.0,825.0,827.0,827.0,828.0,829.0,832.0,832.0,832.0,832.0,832.0,832.0,832.0,832.0,834.0,835.0,835.0,835.0,836.0,837.0,837.0,838.0,838.0,839.0,839.0,839.0,841.0,841.0,842.0,842.0,842.0,842.0,842.0,843.0,843.0,843.0,843.0,843.0,844.0,846.0,846.0,847.0,847.0,847.0,847.0,847.0,847.0,847.0,848.0,848.0,849.0,849.0,849.0,851.0,852.0,852.0,852.0,852.0,853.0,853.0,854.0,854.0,854.0,854.0,854.0,854.0,853.0,853.0,853.0,853.0,853.0,853.0,853.0,853.0,853.0,853.0,853.0,853.0,853.0,853.0,853.0,853.0,853.0,853.0,853.0,853.0,853.0,853.0,852
rkYuufTXkL8,,,,,,,,,,,,,,,,,,,,,,,,0.0,0.0,0.0,0.0,0.0,0.0,0.0,0.0,0.0,0.0,0.0,0.0,0.0,0.0,0.0,0.0,0.0,0.0,0.0,0.0,0.0,0.0,0.0,0.0,0.0,0.0,0.0,0.0,0.0,0.0,0.0,0.0,0.0,0.0,0.0,0.0,0.0,0.0,0.0,0.0,0.0,0.0,0.0,0.0,0.0,0.0,0.0,0.0,0.0,0.0,0.0,0.0,0.0,0.0,0.0,0.0,0.0,0.0,0.0,0.0,0.0,0.0,0.0,0.0,0.0,0.0,0.0,0.0,0.0,0.0,0.0,0.0,0.0,0.0,0.0,0.0,0.0,0.0,0.0,0.0,0.0,0.0,0.0,0.0,0.0,0.0,0.0,0.0,0.0,0.0,0.0,0.0,0.0,0.0,0.0,0.0,0.0,0.0,0.0,0.0,0.0,0.0,0
7XRcflf_E0c,,,,,,,,,,,,,,,,,,,,,,,,3320.0,3433.0,3570.0,3670.0,3773.0,3907.0,4014.0,4120.0,4222.0,4313.0,4399.0,4494.0,4575.0,4728.0,4881.0,4976.0,5080.0,5210.0,5285.0,5408.0,5509.0,5640.0,5751.0,5820.0,5931.0,6032.0,6180.0,6330.0,6445.0,6541.0,6647.0,6727.0,6832.0,6920.0,7024.0,7121.0,7213.0,7316.0,7415.0,7533.0,7618.0,7739.0,7868.0,7967.0,8035.0,8100.0,8181.0,8258.0,8326.0,8441.0,8540.0,8610.0,8670.0,8727.0,8788.0,8839.0,8921.0,8991.0,9077.0,9129.0,9191.0,9253.0,9278.0,9302.0,9337.0,9371.0,9401.0,9420.0,9431.0,9445.0,9479.0,9513.0,9560.0,9605.0,9647.0,9703.0,9748.0,9830.0,9901.0,9940.0,10010.0,10064.0,10110.0,10161.0,10249.0,10310.0,10355.0,10402.0,10465.0,10508.0,10569.0,10624.0,10700.0,10750.0,10781.0,10803.0,10858.0,10911.0,10966.0,11006.0,11040.0,11054.0,11067
g7Sdo5CqHbw,,,,,,,,,,,,,,,,,,,,,,,,,19.0,19.0,19.0,19.0,19.0,19.0,19.0,19.0,19.0,19.0,19.0,19.0,19.0,19.0,19.0,19.0,19.0,19.0,19.0,19.0,19.0,19.0,19.0,19.0,19.0,19.0,19.0,19.0,19.0,19.0,19.0,19.0,19.0,19.0,19.0,19.0,19.0,19.0,19.0,19.0,19.0,19.0,19.0,19.0,19.0,19.0,19.0,19.0,19.0,19.0,19.0,19.0,19.0,19.0,19.0,19.0,19.0,19.0,19.0,19.0,19.0,19.0,19.0,19.0,19.0,19.0,19.0,19.0,19.0,19.0,19.0,19.0,19.0,19.0,19.0,19.0,19.0,19.0,19.0,19.0,19.0,19.0,19.0,19.0,19.0,19.0,19.0,19.0,19.0,19.0,19.0,19.0,19.0,19.0,19.0,19.0,19.0,19.0,19.0,19.0,19.0,19
IKrHWN37GNQ,,,,,,,,,,,,,,,,,,,,,,,,,395.0,461.0,488.0,494.0,507.0,515.0,521.0,524.0,527.0,530.0,518.0,518.0,520.0,521.0,525.0,526.0,530.0,531.0,535.0,540.0,541.0,545.0,546.0,549.0,550.0,555.0,555.0,561.0,562.0,564.0,565.0,567.0,566.0,568.0,570.0,572.0,573.0,574.0,573.0,575.0,576.0,577.0,578.0,578.0,577.0,579.0,576.0,576.0,576.0,576.0,576.0,576.0,576.0,578.0,578.0,578.0,579.0,580.0,581.0,581.0,581.0,582.0,583.0,583.0,585.0,586.0,584.0,584.0,586.0,585.0,585.0,583.0,582.0,583.0,583.0,586.0,586.0,586.0,586.0,587.0,587.0,587.0,588.0,589.0,589.0,590.0,590.0,591.0,592.0,593.0,592.0,592.0,593.0,592.0,594.0,593.0,593.0,593.0,593.0,593.0,592.0,592
2h5tva_XJXM,,,,,,,,,,,,,,,,,,,,,,,,,0.0,0.0,0.0,0.0,0.0,0.0,0.0,0.0,0.0,0.0,0.0,0.0,0.0,0.0,0.0,0.0,0.0,0.0,0.0,0.0,0.0,0.0,0.0,0.0,0.0,0.0,0.0,0.0,0.0,0.0,0.0,0.0,0.0,0.0,0.0,0.0,0.0,0.0,0.0,0.0,0.0,0.0,0.0,0.0,0.0,0.0,0.0,0.0,0.0,0.0,0.0,0.0,0.0,0.0,0.0,0.0,0.0,0.0,0.0,0.0,0.0,0.0,0.0,0.0,0.0,0.0,0.0,0.0,0.0,0.0,0.0,0.0,0.0,0.0,0.0,0.0,0.0,0.0,0.0,0.0,0.0,0.0,0.0,0.0,0.0,0.0,0.0,0.0,0.0,0.0,0.0,0.0,0.0,0.0,0.0,0.0,0.0,0.0,0.0,0.0,0.0,0
ejpX3fTXQDQ,,,,,,,,,,,,,,,,,,,,,,,,,58.0,58.0,58.0,58.0,58.0,58.0,58.0,58.0,58.0,58.0,58.0,58.0,58.0,58.0,58.0,58.0,58.0,58.0,58.0,58.0,58.0,58.0,58.0,58.0,58.0,58.0,58.0,58.0,58.0,58.0,58.0,58.0,58.0,58.0,58.0,58.0,58.0,58.0,58.0,58.0,58.0,58.0,58.0,58.0,58.0,58.0,58.0,58.0,58.0,59.0,59.0,59.0,59.0,59.0,59.0,59.0,59.0,59.0,59.0,59.0,59.0,59.0,59.0,59.0,59.0,59.0,59.0,59.0,59.0,59.0,59.0,59.0,59.0,59.0,59.0,59.0,59.0,59.0,59.0,59.0,59.0,59.0,59.0,59.0,59.0,59.0,59.0,59.0,59.0,59.0,59.0,59.0,59.0,59.0,59.0,59.0,59.0,59.0,59.0,59.0,59.0,59
g7Sdo5CqHbw,,,,,,,,,,,,,,,,,,,,,,,,,19.0,19.0,19.0,19.0,19.0,19.0,19.0,19.0,19.0,19.0,19.0,19.0,19.0,19.0,19.0,19.0,19.0,19.0,19.0,19.0,19.0,19.0,19.0,19.0,19.0,19.0,19.0,19.0,19.0,19.0,19.0,19.0,19.0,19.0,19.0,19.0,19.0,19.0,19.0,19.0,19.0,19.0,19.0,19.0,19.0,19.0,19.0,19.0,19.0,19.0,19.0,19.0,19.0,19.0,19.0,19.0,19.0,19.0,19.0,19.0,19.0,19.0,19.0,19.0,19.0,19.0,19.0,19.0,19.0,19.0,19.0,19.0,19.0,19.0,19.0,19.0,19.0,19.0,19.0,19.0,19.0,19.0,19.0,19.0,19.0,19.0,19.0,19.0,19.0,19.0,19.0,19.0,19.0,19.0,19.0,19.0,19.0,19.0,19.0,19.0,19.0,19
o8Qmkz0emPk,,,,,,,,,,,,,,,,,,,,,,,,,0.0,0.0,0.0,0.0,0.0,0.0,0.0,0.0,0.0,0.0,0.0,0.0,0.0,0.0,0.0,0.0,0.0,0.0,0.0,0.0,0.0,0.0,0.0,0.0,0.0,0.0,0.0,0.0,0.0,0.0,0.0,0.0,0.0,0.0,0.0,0.0,0.0,0.0,0.0,0.0,0.0,0.0,0.0,0.0,0.0,0.0,0.0,0.0,0.0,0.0,0.0,0.0,0.0,0.0,0.0,0.0,0.0,0.0,0.0,0.0,0.0,0.0,0.0,0.0,0.0,0.0,0.0,0.0,0.0,0.0,0.0,0.0,0.0,0.0,0.0,0.0,0.0,0.0,0.0,0.0,0.0,0.0,0.0,0.0,0.0,0.0,0.0,0.0,0.0,0.0,0.0,0.0,0.0,0.0,0.0,0.0,0.0,0.0,0.0,0.0,0.0,0
PdqePTWMDSg,,,,,,,,,,,,,,,,,,,,,,,,,0.0,0.0,0.0,0.0,0.0,0.0,0.0,0.0,0.0,0.0,0.0,0.0,0.0,0.0,0.0,0.0,0.0,0.0,0.0,0.0,0.0,0.0,0.0,0.0,0.0,0.0,0.0,0.0,0.0,0.0,0.0,0.0,0.0,0.0,0.0,0.0,0.0,0.0,0.0,0.0,0.0,0.0,0.0,0.0,0.0,0.0,0.0,0.0,0.0,0.0,0.0,0.0,0.0,0.0,0.0,0.0,0.0,0.0,0.0,0.0,0.0,0.0,0.0,0.0,0.0,0.0,0.0,0.0,0.0,0.0,0.0,0.0,0.0,0.0,0.0,0.0,0.0,0.0,0.0,0.0,0.0,0.0,0.0,0.0,0.0,0.0,0.0,0.0,0.0,0.0,0.0,0.0,0.0,0.0,0.0,0.0,0.0,0.0,0.0,0.0,0.0,0
uVFoKBZh3tU,,,,,,,,,,,,,,,,,,,,,,,,,,404.0,662.0,748.0,836.0,917.0,972.0,1185.0,1364.0,1389.0,1417.0,1430.0,1448.0,1456.0,1410.0,1430.0,1473.0,1482.0,1496.0,1513.0,1523.0,1529.0,1535.0,1540.0,1543.0,1549.0,1550.0,1555.0,1560.0,1568.0,1572.0,1576.0,1578.0,1578.0,1579.0,1580.0,1583.0,1588.0,1588.0,1590.0,1590.0,1591.0,1591.0,1591.0,1593.0,1593.0,1593.0,1594.0,1595.0,1595.0,1595.0,1596.0,1596.0,1596.0,1596.0,1598.0,1598.0,1598.0,1600.0,1602.0,1602.0,1602.0,1602.0,1603.0,1601.0,1605.0,1605.0,1606.0,1607.0,1607.0,1611.0,1611.0,1613.0,1613.0,1613.0,1614.0,1614.0,1616.0,1615.0,1616.0,1622.0,1622.0,1625.0,1627.0,1627.0,1629.0,1626.0,1631.0,1632.0,1633.0,1633.0,1634.0,1637.0,1638.0,1643.0,1642.0,1643.0,1643.0,1643.0,1644.0,1644.0,1644
mlFYPXLeJm4,,,,,,,,,,,,,,,,,,,,,,,,,,782.0,930.0,963.0,1011.0,1044.0,1095.0,1104.0,1119.0,1120.0,1122.0,1123.0,1122.0,1123.0,1124.0,1124.0,1126.0,1126.0,1126.0,1126.0,1125.0,1124.0,1124.0,1124.0,1124.0,1124.0,1125.0,1125.0,1125.0,1124.0,1124.0,1124.0,1124.0,1123.0,1122.0,1122.0,1122.0,1122.0,1122.0,1122.0,1122.0,1120.0,1120.0,1119.0,1119.0,1118.0,1118.0,1118.0,1117.0,1117.0,1117.0,1117.0,1117.0,1117.0,1117.0,1117.0,1117.0,1117.0,1112.0,1112.0,1112.0,1112.0,1112.0,1112.0,1112.0,1111.0,1111.0,1111.0,1111.0,1110.0,1109.0,1109.0,1109.0,1109.0,1109.0,1109.0,1109.0,1108.0,1108.0,1108.0,1108.0,1108.0,1108.0,1108.0,1108.0,1108.0,1107.0,1107.0,1107.0,1107.0,1107.0,1106.0,1106.0,1106.0,1105.0,1105.0,1105.0,1105.0,1105.0,1105.0,1105.0,1105
WGIIDxycxjo,,,,,,,,,,,,,,,,,,,,,,,,,,348.0,370.0,380.0,391.0,401.0,410.0,411.0,413.0,422.0,424.0,429.0,433.0,441.0,443.0,446.0,474.0,491.0,496.0,496.0,499.0,499.0,501.0,501.0,509.0,513.0,518.0,518.0,522.0,523.0,523.0,524.0,524.0,524.0,525.0,525.0,525.0,525.0,525.0,525.0,526.0,526.0,526.0,526.0,527.0,527.0,528.0,530.0,530.0,530.0,531.0,531.0,531.0,533.0,533.0,534.0,534.0,534.0,533.0,534.0,535.0,535.0,535.0,535.0,535.0,535.0,535.0,535.0,535.0,535.0,535.0,537.0,538.0,538.0,538.0,538.0,538.0,540.0,540.0,540.0,540.0,540.0,540.0,541.0,542.0,542.0,542.0,542.0,542.0,543.0,543.0,544.0,544.0,544.0,544.0,544.0,544.0,544.0,544.0,544.0,544.0,544
-EK0Ko7Z9co,,,,,,,,,,,,,,,,,,,,,,,,,,,,,,,,,,,,,,,,,,,,,,,,,,,,,,,,,,,,,,,,,,,,,,,,,,,,,,,,,,,,,,,,,,,,,,,,,,,,,,,,,,,,,,,,,,,,,,,,,,,,,,
OJ8htxQx8jM,,,,,,,,,,,,,,,,,,,,,,,,,,,41.0,43.0,47.0,50.0,50.0,56.0,57.0,58.0,59.0,59.0,59.0,59.0,59.0,59.0,59.0,59.0,59.0,59.0,59.0,59.0,59.0,59.0,59.0,59.0,59.0,61.0,62.0,62.0,63.0,63.0,63.0,63.0,63.0,63.0,63.0,63.0,63.0,64.0,65.0,65.0,65.0,65.0,65.0,65.0,65.0,65.0,65.0,65.0,65.0,65.0,65.0,65.0,65.0,65.0,65.0,65.0,65.0,65.0,65.0,65.0,65.0,65.0,65.0,65.0,65.0,66.0,66.0,66.0,66.0,65.0,65.0,65.0,65.0,65.0,66.0,66.0,66.0,66.0,67.0,67.0,67.0,67.0,67.0,67.0,67.0,67.0,67.0,67.0,67.0,67.0,67.0,67.0,67.0,67.0,67.0,67.0,67.0,67.0,67.0,67
c9J5Szk7-2Y,,,,,,,,,,,,,,,,,,,,,,,,,,,0.0,0.0,0.0,0.0,0.0,0.0,0.0,0.0,0.0,0.0,0.0,0.0,0.0,0.0,0.0,0.0,0.0,0.0,0.0,0.0,0.0,0.0,0.0,0.0,0.0,0.0,0.0,0.0,0.0,0.0,0.0,0.0,0.0,0.0,0.0,0.0,0.0,0.0,0.0,0.0,0.0,0.0,0.0,0.0,8.0,16.0,19.0,27.0,30.0,38.0,40.0,42.0,46.0,53.0,58.0,62.0,65.0,72.0,77.0,83.0,89.0,96.0,99.0,100.0,103.0,106.0,110.0,113.0,118.0,126.0,133.0,137.0,140.0,147.0,150.0,157.0,166.0,173.0,182.0,189.0,197.0,202.0,213.0,224.0,228.0,235.0,261.0,278.0,298.0,314.0,333.0,352.0,363.0,369.0,371.0,371.0,372.0,372.0,372.0,372
zlJjCKIg7QI,,,,,,,,,,,,,,,,,,,,,,,,,,,42.0,43.0,44.0,46.0,46.0,47.0,48.0,49.0,49.0,49.0,52.0,52.0,52.0,52.0,53.0,55.0,55.0,55.0,55.0,56.0,57.0,59.0,60.0,60.0,61.0,62.0,63.0,64.0,64.0,64.0,65.0,65.0,65.0,65.0,65.0,65.0,65.0,66.0,66.0,66.0,66.0,66.0,66.0,66.0,66.0,66.0,66.0,66.0,66.0,66.0,66.0,66.0,66.0,66.0,47.0,47.0,47.0,47.0,47.0,47.0,47.0,47.0,47.0,48.0,48.0,47.0,48.0,48.0,48.0,48.0,48.0,48.0,47.0,47.0,47.0,47.0,48.0,48.0,48.0,48.0,48.0,48.0,48.0,48.0,48.0,48.0,48.0,48.0,48.0,48.0,48.0,48.0,48.0,48.0,48.0,48.0,48.0,48.0,48.0,48
Arudb0XC6u4,,,,,,,,,,,,,,,,,,,,,,,,,,,129.0,139.0,139.0,141.0,146.0,146.0,146.0,146.0,146.0,146.0,146.0,147.0,147.0,148.0,148.0,148.0,148.0,148.0,148.0,148.0,148.0,149.0,149.0,149.0,149.0,149.0,149.0,149.0,149.0,149.0,149.0,149.0,147.0,147.0,147.0,147.0,147.0,147.0,147.0,147.0,147.0,147.0,147.0,147.0,147.0,147.0,147.0,147.0,147.0,147.0,147.0,147.0,147.0,147.0,147.0,147.0,147.0,147.0,147.0,147.0,147.0,147.0,147.0,147.0,147.0,147.0,147.0,147.0,147.0,147.0,147.0,147.0,147.0,147.0,146.0,146.0,146.0,146.0,146.0,146.0,146.0,146.0,146.0,146.0,146.0,146.0,146.0,146.0,146.0,146.0,146.0,146.0,146.0,146.0,146.0,146.0,146.0,146.0,146.0,146
Jv0vbGSW1eA,,,,,,,,,,,,,,,,,,,,,,,,,,,51.0,51.0,51.0,51.0,51.0,51.0,51.0,51.0,51.0,51.0,52.0,52.0,52.0,52.0,52.0,52.0,52.0,52.0,52.0,52.0,52.0,52.0,54.0,54.0,54.0,54.0,54.0,54.0,54.0,54.0,54.0,54.0,54.0,54.0,54.0,54.0,54.0,54.0,54.0,54.0,54.0,54.0,54.0,54.0,54.0,54.0,54.0,54.0,54.0,54.0,54.0,54.0,54.0,54.0,54.0,54.0,54.0,54.0,54.0,54.0,54.0,54.0,54.0,54.0,54.0,54.0,54.0,54.0,54.0,54.0,54.0,54.0,54.0,54.0,54.0,54.0,53.0,53.0,53.0,53.0,53.0,53.0,53.0,53.0,53.0,53.0,53.0,53.0,53.0,53.0,53.0,53.0,53.0,53.0,53.0,53.0,53.0,53.0,53.0,53
tKlWejma2wo,,,,,,,,,,,,,,,,,,,,,,,,,,,55.0,60.0,63.0,63.0,66.0,69.0,74.0,76.0,78.0,78.0,78.0,80.0,80.0,81.0,81.0,81.0,82.0,82.0,85.0,86.0,86.0,91.0,91.0,92.0,92.0,92.0,92.0,92.0,93.0,93.0,93.0,93.0,93.0,93.0,93.0,94.0,94.0,93.0,93.0,93.0,93.0,93.0,94.0,94.0,94.0,94.0,95.0,95.0,95.0,95.0,95.0,96.0,96.0,96.0,97.0,97.0,97.0,97.0,97.0,97.0,97.0,97.0,97.0,98.0,98.0,98.0,98.0,98.0,98.0,98.0,98.0,98.0,98.0,98.0,98.0,98.0,97.0,97.0,97.0,97.0,97.0,97.0,98.0,98.0,98.0,99.0,99.0,99.0,99.0,99.0,99.0,99.0,99.0,99.0,99.0,99.0,99.0,99.0,99.0,99
_RpfZimvX_M,,,,,,,,,,,,,,,,,,,,,,,,,,,236.0,252.0,258.0,258.0,262.0,261.0,264.0,265.0,265.0,265.0,264.0,266.0,266.0,266.0,266.0,266.0,266.0,266.0,266.0,267.0,267.0,267.0,267.0,267.0,267.0,267.0,267.0,267.0,267.0,267.0,267.0,267.0,267.0,267.0,267.0,267.0,267.0,267.0,267.0,266.0,266.0,267.0,267.0,267.0,267.0,267.0,267.0,267.0,267.0,267.0,267.0,267.0,267.0,267.0,264.0,264.0,264.0,264.0,264.0,264.0,264.0,264.0,264.0,264.0,264.0,264.0,264.0,264.0,264.0,264.0,264.0,264.0,264.0,264.0,264.0,264.0,264.0,264.0,264.0,264.0,264.0,264.0,264.0,264.0,264.0,264.0,264.0,264.0,264.0,264.0,264.0,264.0,264.0,264.0,264.0,264.0,263.0,263.0,263.0,263
hV7RHU0Svd8,,,,,,,,,,,,,,,,,,,,,,,,,,,,130.0,132.0,132.0,132.0,132.0,132.0,133.0,134.0,135.0,136.0,136.0,137.0,137.0,137.0,138.0,138.0,138.0,138.0,138.0,138.0,138.0,140.0,140.0,140.0,140.0,140.0,140.0,140.0,143.0,144.0,145.0,148.0,149.0,149.0,149.0,150.0,151.0,151.0,151.0,152.0,152.0,152.0,152.0,152.0,152.0,154.0,156.0,156.0,156.0,157.0,158.0,159.0,159.0,159.0,159.0,159.0,160.0,161.0,161.0,161.0,161.0,161.0,161.0,161.0,161.0,161.0,161.0,161.0,161.0,161.0,161.0,162.0,162.0,162.0,162.0,163.0,165.0,165.0,165.0,165.0,165.0,167.0,167.0,168.0,168.0,168.0,169.0,170.0,170.0,170.0,170.0,170.0,170.0,170.0,170.0,170.0,170.0,172.0,172
ZbO9PBdFRdc,,,,,,,,,,,,,,,,,,,,,,,,,,,,1100.0,1701.0,1923.0,2096.0,2224.0,2313.0,2407.0,2499.0,2627.0,2710.0,2787.0,2863.0,2931.0,2981.0,3037.0,3080.0,3143.0,3208.0,3282.0,3334.0,3390.0,3450.0,3493.0,3552.0,3634.0,3713.0,3738.0,3744.0,3752.0,3761.0,3774.0,3784.0,3794.0,3800.0,3812.0,3818.0,3820.0,3829.0,3826.0,3831.0,3835.0,3846.0,3945.0,3949.0,3954.0,3960.0,3965.0,3970.0,3976.0,4006.0,4013.0,4016.0,4019.0,4022.0,4029.0,4030.0,4033.0,4038.0,4040.0,4044.0,4047.0,4050.0,4055.0,4059.0,4065.0,4067.0,4068.0,4070.0,4075.0,4077.0,4081.0,4083.0,4088.0,4093.0,4103.0,4122.0,4129.0,4138.0,4144.0,4147.0,4149.0,4157.0,4164.0,4170.0,4172.0,4171.0,4170.0,4173.0,4173.0,4173.0,4176.0,4179.0,4184.0,4185.0,4188.0,4196.0,4198.0,4198.0,4202
5MK1eJ30Isw,,,,,,,,,,,,,,,,,,,,,,,,,,,,108.0,185.0,205.0,214.0,226.0,230.0,233.0,236.0,238.0,244.0,247.0,251.0,272.0,274.0,278.0,279.0,282.0,301.0,301.0,305.0,311.0,312.0,312.0,314.0,318.0,321.0,321.0,322.0,328.0,335.0,335.0,335.0,336.0,336.0,336.0,338.0,339.0,339.0,339.0,339.0,339.0,339.0,339.0,339.0,339.0,339.0,339.0,339.0,339.0,339.0,340.0,340.0,340.0,340.0,340.0,340.0,340.0,341.0,341.0,341.0,341.0,342.0,342.0,342.0,342.0,342.0,342.0,342.0,342.0,342.0,342.0,342.0,342.0,342.0,342.0,342.0,342.0,342.0,342.0,342.0,342.0,343.0,343.0,343.0,343.0,343.0,343.0,343.0,343.0,343.0,343.0,343.0,343.0,343.0,343.0,343.0,343.0,343.0,343
CIsEE6BfJ9M,,,,,,,,,,,,,,,,,,,,,,,,,,,,15.0,15.0,15.0,15.0,15.0,15.0,15.0,15.0,15.0,15.0,15.0,15.0,15.0,15.0,15.0,15.0,15.0,15.0,15.0,15.0,15.0,15.0,15.0,15.0,15.0,15.0,15.0,15.0,15.0,15.0,15.0,15.0,15.0,15.0,16.0,16.0,16.0,16.0,16.0,16.0,16.0,16.0,16.0,16.0,16.0,16.0,16.0,16.0,16.0,16.0,16.0,16.0,16.0,16.0,16.0,16.0,16.0,16.0,16.0,16.0,16.0,16.0,16.0,16.0,16.0,16.0,16.0,16.0,16.0,16.0,16.0,16.0,16.0,16.0,16.0,16.0,16.0,16.0,16.0,16.0,16.0,16.0,16.0,16.0,16.0,16.0,16.0,16.0,16.0,16.0,16.0,16.0,16.0,16.0,16.0,16.0,16.0,16.0,16
xn8mQqz2xmM,,,,,,,,,,,,,,,,,,,,,,,,,,,,49256.0,53578.0,56333.0,58574.0,60365.0,61684.0,63040.0,64293.0,65219.0,66455.0,67450.0,68266.0,68897.0,69412.0,69903.0,70366.0,70903.0,71477.0,71962.0,72510.0,73089.0,73862.0,74933.0,75322.0,75750.0,75936.0,76274.0,76586.0,76886.0,77158.0,77374.0,77633.0,77961.0,78248.0,78464.0,78664.0,78842.0,79024.0,79186.0,79344.0,79475.0,79619.0,79780.0,79926.0,80080.0,80209.0,80317.0,80430.0,80592.0,80733.0,80865.0,80968.0,81087.0,81195.0,81386.0,81523.0,81640.0,81725.0,81809.0,81905.0,81999.0,82116.0,82205.0,82290.0,82348.0,82437.0,82528.0,82613.0,82688.0,82773.0,82863.0,82968.0,83050.0,83005.0,83068.0,83153.0,83233.0,83315.0,83402.0,83477.0,83535.0,83595.0,83683.0,83759.0,83824.0,83815.0,83882.0,83942.0,83995.0,84067.0,84136.0,84201.0,84235.0,84273.0,84312.0,84322.0,84357.0,84399.0,84448
Es7ivQl99HI,,,,,,,,,,,,,,,,,,,,,,,,,,,,143.0,154.0,161.0,166.0,171.0,174.0,178.0,180.0,181.0,183.0,183.0,183.0,184.0,184.0,184.0,184.0,184.0,184.0,184.0,184.0,184.0,184.0,184.0,185.0,186.0,187.0,187.0,187.0,187.0,187.0,187.0,187.0,187.0,187.0,186.0,186.0,186.0,186.0,187.0,189.0,189.0,189.0,189.0,189.0,190.0,190.0,190.0,191.0,191.0,191.0,192.0,192.0,192.0,191.0,191.0,191.0,191.0,191.0,191.0,191.0,191.0,191.0,191.0,191.0,191.0,191.0,191.0,191.0,191.0,191.0,191.0,190.0,190.0,190.0,190.0,190.0,191.0,191.0,191.0,191.0,191.0,191.0,191.0,191.0,191.0,191.0,191.0,191.0,192.0,192.0,192.0,192.0,192.0,192.0,192.0,192.0,192.0,192.0,192
EsHk1bUpkGQ,,,,,,,,,,,,,,,,,,,,,,,,,,,,49.0,52.0,52.0,52.0,52.0,52.0,53.0,55.0,56.0,56.0,57.0,57.0,58.0,59.0,60.0,61.0,61.0,61.0,62.0,62.0,63.0,64.0,65.0,65.0,65.0,65.0,66.0,67.0,68.0,69.0,70.0,70.0,70.0,71.0,71.0,71.0,71.0,72.0,72.0,72.0,72.0,72.0,72.0,73.0,73.0,73.0,73.0,73.0,73.0,73.0,73.0,73.0,73.0,73.0,73.0,73.0,73.0,73.0,73.0,73.0,73.0,73.0,73.0,73.0,73.0,73.0,73.0,73.0,73.0,73.0,73.0,73.0,73.0,73.0,73.0,73.0,73.0,73.0,73.0,73.0,73.0,73.0,73.0,73.0,73.0,73.0,73.0,73.0,73.0,73.0,73.0,73.0,73.0,73.0,73.0,73.0,73.0,73.0,73
57uo7v_CAPw,,,,,,,,,,,,,,,,,,,,,,,,,,,,80.0,80.0,80.0,80.0,80.0,80.0,80.0,80.0,80.0,80.0,80.0,80.0,80.0,80.0,80.0,80.0,80.0,80.0,80.0,80.0,80.0,80.0,80.0,80.0,80.0,80.0,80.0,80.0,80.0,80.0,80.0,80.0,80.0,80.0,80.0,80.0,80.0,80.0,80.0,80.0,80.0,80.0,80.0,80.0,80.0,80.0,81.0,81.0,81.0,81.0,81.0,81.0,81.0,81.0,81.0,81.0,81.0,81.0,81.0,81.0,81.0,81.0,81.0,82.0,82.0,82.0,82.0,82.0,82.0,82.0,82.0,82.0,82.0,82.0,82.0,82.0,82.0,82.0,82.0,82.0,82.0,82.0,82.0,82.0,82.0,82.0,82.0,82.0,82.0,82.0,82.0,82.0,82.0,82.0,82.0,82.0,82.0,82.0,82
UeIeli0LNQ4,,,,,,,,,,,,,,,,,,,,,,,,,,,,97.0,97.0,97.0,97.0,97.0,97.0,97.0,97.0,97.0,97.0,97.0,97.0,97.0,97.0,97.0,97.0,97.0,97.0,97.0,97.0,97.0,97.0,97.0,97.0,97.0,97.0,97.0,97.0,97.0,97.0,97.0,97.0,97.0,97.0,97.0,97.0,97.0,97.0,97.0,97.0,97.0,97.0,97.0,97.0,97.0,97.0,97.0,97.0,97.0,97.0,97.0,97.0,97.0,97.0,97.0,97.0,97.0,97.0,97.0,97.0,97.0,97.0,97.0,97.0,97.0,97.0,97.0,97.0,97.0,97.0,97.0,97.0,97.0,97.0,97.0,97.0,97.0,97.0,97.0,97.0,97.0,97.0,97.0,97.0,97.0,97.0,97.0,97.0,97.0,97.0,97.0,97.0,97.0,97.0,97.0,97.0,97.0,97.0,97
HGq91f-6ouk,,,,,,,,,,,,,,,,,,,,,,,,,,,,55.0,55.0,55.0,55.0,55.0,55.0,55.0,55.0,56.0,56.0,56.0,56.0,56.0,56.0,56.0,56.0,56.0,56.0,56.0,56.0,56.0,56.0,56.0,56.0,56.0,56.0,56.0,56.0,56.0,56.0,56.0,56.0,56.0,56.0,56.0,56.0,56.0,56.0,56.0,56.0,56.0,56.0,56.0,56.0,56.0,56.0,55.0,55.0,55.0,55.0,55.0,55.0,55.0,55.0,55.0,55.0,55.0,55.0,55.0,55.0,55.0,55.0,55.0,57.0,57.0,57.0,57.0,57.0,57.0,57.0,57.0,57.0,57.0,57.0,57.0,57.0,57.0,57.0,57.0,57.0,57.0,57.0,57.0,57.0,57.0,57.0,57.0,57.0,57.0,57.0,57.0,57.0,57.0,57.0,57.0,57.0,57.0,57.0,57
fWmpzmBOW7Y,,,,,,,,,,,,,,,,,,,,,,,,,,,,,301.0,327.0,346.0,356.0,355.0,363.0,366.0,369.0,383.0,386.0,415.0,422.0,428.0,427.0,439.0,443.0,450.0,453.0,453.0,458.0,458.0,458.0,464.0,465.0,466.0,465.0,464.0,464.0,465.0,465.0,467.0,467.0,467.0,467.0,468.0,472.0,472.0,471.0,471.0,475.0,475.0,475.0,475.0,475.0,475.0,475.0,475.0,475.0,475.0,475.0,476.0,476.0,476.0,476.0,474.0,476.0,476.0,476.0,476.0,477.0,477.0,477.0,478.0,480.0,480.0,490.0,490.0,490.0,490.0,490.0,491.0,491.0,492.0,492.0,492.0,492.0,492.0,492.0,494.0,496.0,496.0,496.0,498.0,498.0,499.0,500.0,500.0,500.0,500.0,497.0,498.0,500.0,501.0,501.0,501.0,501.0,501.0,501
yzSgtOko0Po,,,,,,,,,,,,,,,,,,,,,,,,,,,,,72.0,72.0,73.0,74.0,74.0,78.0,78.0,78.0,78.0,78.0,78.0,78.0,78.0,77.0,77.0,77.0,77.0,77.0,77.0,77.0,77.0,77.0,77.0,77.0,77.0,77.0,77.0,77.0,77.0,77.0,77.0,77.0,77.0,77.0,77.0,77.0,77.0,77.0,77.0,77.0,77.0,77.0,77.0,77.0,77.0,77.0,77.0,77.0,77.0,77.0,77.0,77.0,77.0,77.0,77.0,77.0,77.0,77.0,77.0,77.0,77.0,77.0,77.0,77.0,77.0,77.0,77.0,77.0,77.0,77.0,77.0,77.0,77.0,77.0,77.0,77.0,77.0,77.0,77.0,77.0,77.0,77.0,77.0,77.0,77.0,77.0,77.0,77.0,77.0,77.0,77.0,77.0,77.0,77.0,77.0,77.0,77.0,77
oWfR7sKGu_o,,,,,,,,,,,,,,,,,,,,,,,,,,,,,8.0,8.0,8.0,8.0,8.0,8.0,8.0,8.0,8.0,8.0,8.0,8.0,8.0,8.0,8.0,8.0,8.0,8.0,8.0,8.0,8.0,8.0,8.0,8.0,8.0,8.0,8.0,8.0,8.0,8.0,8.0,8.0,8.0,8.0,8.0,8.0,8.0,8.0,8.0,8.0,8.0,8.0,8.0,8.0,8.0,8.0,8.0,8.0,8.0,8.0,8.0,8.0,8.0,8.0,8.0,8.0,8.0,8.0,8.0,8.0,8.0,8.0,8.0,8.0,8.0,8.0,8.0,8.0,8.0,8.0,8.0,8.0,8.0,8.0,8.0,8.0,8.0,8.0,8.0,8.0,8.0,8.0,8.0,8.0,8.0,8.0,8.0,8.0,8.0,8.0,8.0,8.0,8.0,8.0,8.0,8.0,8.0,9
9gS6W6rFddk,,,,,,,,,,,,,,,,,,,,,,,,,,,,,,21.0,23.0,23.0,23.0,23.0,23.0,24.0,24.0,24.0,24.0,24.0,25.0,25.0,25.0,25.0,25.0,25.0,25.0,25.0,25.0,25.0,25.0,25.0,25.0,25.0,25.0,25.0,25.0,25.0,25.0,25.0,25.0,25.0,25.0,25.0,25.0,25.0,25.0,25.0,25.0,25.0,25.0,25.0,25.0,25.0,25.0,25.0,25.0,25.0,25.0,25.0,25.0,25.0,25.0,25.0,25.0,25.0,25.0,25.0,25.0,25.0,25.0,25.0,25.0,25.0,25.0,25.0,25.0,25.0,25.0,25.0,25.0,25.0,25.0,25.0,25.0,25.0,25.0,25.0,25.0,25.0,25.0,25.0,25.0,25.0,25.0,25.0,25.0,25.0,25.0,25.0,25.0,25.0,25.0,25.0,25.0,25
i8B2lFVy6kA,,,,,,,,,,,,,,,,,,,,,,,,,,,,,,26.0,26.0,27.0,29.0,29.0,30.0,30.0,30.0,30.0,30.0,30.0,30.0,30.0,30.0,30.0,30.0,30.0,30.0,30.0,30.0,31.0,31.0,31.0,31.0,31.0,31.0,31.0,31.0,31.0,31.0,31.0,31.0,31.0,31.0,31.0,31.0,31.0,31.0,31.0,31.0,31.0,31.0,31.0,31.0,31.0,31.0,31.0,31.0,31.0,31.0,31.0,31.0,31.0,31.0,31.0,31.0,31.0,31.0,31.0,31.0,31.0,31.0,31.0,31.0,31.0,31.0,31.0,31.0,31.0,31.0,31.0,31.0,31.0,31.0,31.0,31.0,31.0,31.0,31.0,31.0,31.0,31.0,31.0,31.0,31.0,31.0,31.0,31.0,31.0,31.0,31.0,31.0,31.0,31.0,31.0,31.0,31
dSkx-D2bEio,,,,,,,,,,,,,,,,,,,,,,,,,,,,,,0.0,0.0,0.0,0.0,0.0,0.0,0.0,0.0,0.0,0.0,0.0,0.0,0.0,0.0,0.0,0.0,0.0,0.0,0.0,0.0,0.0,0.0,0.0,0.0,0.0,0.0,0.0,0.0,0.0,0.0,0.0,0.0,0.0,0.0,0.0,0.0,0.0,0.0,0.0,0.0,0.0,0.0,0.0,0.0,0.0,0.0,0.0,0.0,0.0,0.0,0.0,0.0,0.0,0.0,0.0,0.0,0.0,0.0,0.0,0.0,0.0,0.0,0.0,0.0,0.0,0.0,0.0,0.0,0.0,0.0,0.0,0.0,0.0,0.0,0.0,0.0,0.0,0.0,0.0,0.0,0.0,0.0,0.0,0.0,0.0,0.0,0.0,0.0,0.0,0.0,0.0,0.0,0.0,0.0,0.0,0.0,0
fs6SqNi0S6k,,,,,,,,,,,,,,,,,,,,,,,,,,,,,,3362.0,4214.0,4458.0,4575.0,4636.0,4680.0,4713.0,4742.0,4765.0,4783.0,4791.0,4806.0,4820.0,4829.0,4857.0,4887.0,4904.0,4915.0,4921.0,4932.0,4939.0,4947.0,4950.0,4955.0,4961.0,4966.0,4974.0,4977.0,4980.0,4984.0,4986.0,4985.0,4983.0,4983.0,4985.0,4989.0,4990.0,4986.0,4990.0,4991.0,4995.0,5004.0,5003.0,5003.0,5003.0,5004.0,5006.0,5010.0,5014.0,5017.0,5017.0,5019.0,5023.0,5022.0,5024.0,5027.0,5030.0,5030.0,5032.0,5034.0,5034.0,5037.0,5039.0,5044.0,5047.0,5049.0,5050.0,5050.0,5053.0,5053.0,5054.0,5054.0,5055.0,5056.0,5056.0,5057.0,5057.0,5057.0,5058.0,5059.0,5060.0,5061.0,5062.0,5062.0,5062.0,5069.0,5071.0,5071.0,5071.0,5072.0,5073.0,5076.0,5075.0,5075.0,5078.0,5078.0,5079
hxMcN-cIpJc,,,,,,,,,,,,,,,,,,,,,,,,,,,,,,3615.0,4024.0,4220.0,4351.0,4392.0,4437.0,4476.0,4504.0,4546.0,4562.0,4598.0,4618.0,4638.0,4657.0,4668.0,4673.0,4682.0,4686.0,4694.0,4703.0,4715.0,4719.0,4727.0,4738.0,4742.0,4753.0,4755.0,4759.0,4760.0,4765.0,4767.0,4771.0,4773.0,4774.0,4772.0,4773.0,4774.0,4774.0,4773.0,4774.0,4778.0,4780.0,4781.0,4780.0,4780.0,4780.0,4779.0,4779.0,4780.0,4782.0,4782.0,4782.0,4782.0,4784.0,4782.0,4783.0,4783.0,4783.0,4784.0,4783.0,4783.0,4782.0,4781.0,4780.0,4779.0,4781.0,4781.0,4783.0,4783.0,4774.0,4775.0,4776.0,4775.0,4775.0,4786.0,4787.0,4788.0,4789.0,4789.0,4789.0,4790.0,4790.0,4791.0,4792.0,4792.0,4794.0,4793.0,4791.0,4793.0,4786.0,4784.0,4786.0,4785.0,4784.0,4780.0,4780.0,4780
sjVZ21P0B74,,,,,,,,,,,,,,,,,,,,,,,,,,,,,,,35.0,37.0,38.0,38.0,39.0,41.0,41.0,41.0,42.0,42.0,42.0,43.0,43.0,43.0,43.0,43.0,44.0,44.0,44.0,44.0,44.0,44.0,44.0,44.0,45.0,45.0,45.0,45.0,45.0,45.0,45.0,46.0,46.0,46.0,46.0,46.0,46.0,46.0,46.0,46.0,46.0,46.0,46.0,46.0,46.0,46.0,46.0,46.0,46.0,46.0,47.0,47.0,47.0,47.0,47.0,47.0,47.0,47.0,47.0,47.0,47.0,47.0,47.0,47.0,47.0,47.0,47.0,47.0,47.0,47.0,47.0,47.0,47.0,47.0,47.0,47.0,47.0,47.0,47.0,47.0,47.0,47.0,47.0,47.0,47.0,47.0,47.0,47.0,47.0,47.0,47.0,47.0,47.0,47.0,47.0,48
97mFAsQ6YsM,,,,,,,,,,,,,,,,,,,,,,,,,,,,,,,932.0,1122.0,1241.0,1312.0,1343.0,1367.0,1395.0,1416.0,1433.0,1439.0,1445.0,1457.0,1463.0,1473.0,1483.0,1487.0,1498.0,1502.0,1505.0,1518.0,1532.0,1534.0,1535.0,1538.0,1539.0,1541.0,1543.0,1548.0,1550.0,1551.0,1551.0,1551.0,1551.0,1551.0,1554.0,1556.0,1556.0,1557.0,1558.0,1562.0,1563.0,1564.0,1565.0,1566.0,1568.0,1569.0,1570.0,1570.0,1570.0,1570.0,1574.0,1576.0,1576.0,1576.0,1576.0,1576.0,1577.0,1577.0,1578.0,1578.0,1578.0,1579.0,1581.0,1581.0,1581.0,1582.0,1583.0,1580.0,1581.0,1581.0,1581.0,1581.0,1583.0,1583.0,1583.0,1583.0,1583.0,1583.0,1579.0,1579.0,1579.0,1579.0,1580.0,1579.0,1579.0,1579.0,1579.0,1579.0,1583.0,1583.0,1583.0,1584.0,1584.0,1584.0,1584.0,1584
HFZUAXhdnHk,,,,,,,,,,,,,,,,,,,,,,,,,,,,,,,10317.0,10337.0,10371.0,10399.0,10429.0,10454.0,10485.0,10512.0,10536.0,10549.0,10575.0,10604.0,10622.0,10628.0,10641.0,10677.0,10689.0,10697.0,10701.0,10710.0,10726.0,10736.0,10745.0,10757.0,10762.0,10768.0,10773.0,10785.0,10799.0,10810.0,10814.0,10828.0,10834.0,10844.0,10849.0,10831.0,10838.0,10847.0,10852.0,10861.0,10868.0,10874.0,10879.0,10883.0,10893.0,10904.0,10915.0,10919.0,10924.0,10931.0,10931.0,10940.0,10946.0,10955.0,10958.0,10962.0,10962.0,10967.0,10975.0,10975.0,10974.0,10981.0,10988.0,10992.0,10996.0,10996.0,11003.0,10967.0,10972.0,10974.0,10985.0,10986.0,10987.0,10988.0,10989.0,10991.0,10994.0,11006.0,11007.0,11006.0,11009.0,11011.0,11017.0,11019.0,11020.0,11024.0,11026.0,11029.0,11033.0,11031.0,11027.0,11032.0,11030.0,11031.0,11033.0,11038
i4c6m49jbu4,,,,,,,,,,,,,,,,,,,,,,,,,,,,,,,,229.0,253.0,285.0,312.0,326.0,331.0,343.0,348.0,356.0,362.0,372.0,375.0,383.0,385.0,387.0,389.0,395.0,397.0,398.0,399.0,403.0,407.0,407.0,410.0,412.0,418.0,418.0,420.0,420.0,421.0,421.0,421.0,426.0,429.0,431.0,431.0,431.0,433.0,433.0,434.0,436.0,436.0,436.0,436.0,436.0,437.0,437.0,437.0,437.0,437.0,437.0,437.0,437.0,438.0,440.0,441.0,441.0,441.0,441.0,441.0,441.0,441.0,441.0,441.0,441.0,441.0,441.0,441.0,441.0,442.0,442.0,442.0,443.0,443.0,443.0,444.0,444.0,444.0,444.0,444.0,444.0,444.0,443.0,443.0,443.0,444.0,444.0,444.0,444.0,444.0,444.0,444.0,444.0,444.0,444
WvDLvYZzC9Y,,,,,,,,,,,,,,,,,,,,,,,,,,,,,,,,26.0,54.0,69.0,76.0,76.0,78.0,83.0,86.0,90.0,91.0,92.0,94.0,95.0,95.0,96.0,97.0,99.0,100.0,102.0,102.0,103.0,103.0,104.0,106.0,107.0,107.0,108.0,109.0,110.0,111.0,111.0,112.0,113.0,113.0,114.0,115.0,115.0,115.0,116.0,116.0,116.0,116.0,116.0,116.0,116.0,117.0,117.0,117.0,117.0,117.0,118.0,118.0,118.0,118.0,118.0,118.0,118.0,118.0,118.0,118.0,118.0,119.0,119.0,119.0,120.0,120.0,120.0,120.0,120.0,120.0,120.0,120.0,121.0,122.0,122.0,122.0,122.0,122.0,122.0,123.0,123.0,123.0,123.0,123.0,123.0,123.0,123.0,123.0,123.0,123.0,123.0,123.0,123.0,124.0,124
sT24ed9AJtg,,,,,,,,,,,,,,,,,,,,,,,,,,,,,,,,73.0,109.0,117.0,123.0,129.0,136.0,138.0,141.0,142.0,145.0,148.0,149.0,150.0,151.0,152.0,154.0,156.0,156.0,156.0,156.0,158.0,159.0,159.0,159.0,160.0,160.0,160.0,161.0,163.0,165.0,165.0,167.0,167.0,168.0,168.0,170.0,170.0,170.0,170.0,170.0,170.0,170.0,170.0,170.0,170.0,170.0,170.0,170.0,170.0,170.0,170.0,170.0,170.0,170.0,170.0,170.0,170.0,170.0,170.0,170.0,170.0,170.0,170.0,170.0,170.0,170.0,170.0,170.0,170.0,170.0,170.0,170.0,170.0,170.0,170.0,170.0,170.0,170.0,170.0,170.0,170.0,170.0,170.0,170.0,170.0,170.0,170.0,170.0,170.0,170.0,170.0,170.0,170.0,170.0,170
BKm-Cmh-8sE,,,,,,,,,,,,,,,,,,,,,,,,,,,,,,,,157.0,159.0,159.0,161.0,163.0,165.0,166.0,167.0,168.0,169.0,169.0,170.0,170.0,172.0,176.0,176.0,176.0,177.0,177.0,177.0,178.0,178.0,178.0,178.0,179.0,179.0,179.0,179.0,179.0,180.0,180.0,180.0,180.0,180.0,181.0,182.0,182.0,182.0,182.0,182.0,182.0,182.0,184.0,184.0,184.0,185.0,185.0,185.0,185.0,185.0,186.0,186.0,186.0,186.0,186.0,186.0,186.0,186.0,186.0,186.0,186.0,186.0,186.0,186.0,186.0,186.0,186.0,186.0,186.0,186.0,186.0,186.0,186.0,186.0,186.0,186.0,186.0,186.0,186.0,184.0,184.0,184.0,184.0,184.0,184.0,184.0,184.0,184.0,184.0,183.0,183.0,183.0,183.0,183.0,183
x9aTWqMoz_k,,,,,,,,,,,,,,,,,,,,,,,,,,,,,,,,,180.0,180.0,180.0,180.0,180.0,180.0,180.0,180.0,180.0,180.0,180.0,180.0,180.0,180.0,180.0,180.0,180.0,180.0,180.0,180.0,180.0,180.0,180.0,180.0,180.0,180.0,180.0,180.0,180.0,180.0,180.0,180.0,180.0,180.0,181.0,181.0,181.0,181.0,181.0,181.0,181.0,181.0,181.0,181.0,181.0,181.0,181.0,181.0,181.0,181.0,181.0,181.0,181.0,181.0,181.0,181.0,181.0,181.0,181.0,181.0,181.0,181.0,181.0,181.0,181.0,181.0,181.0,181.0,181.0,181.0,181.0,181.0,181.0,181.0,181.0,181.0,181.0,181.0,181.0,181.0,181.0,181.0,181.0,182.0,182.0,182.0,182.0,182.0,182.0,182.0,182.0,182.0,182.0,183
vvMjzTHHdww,,,,,,,,,,,,,,,,,,,,,,,,,,,,,,,,,14.0,14.0,14.0,14.0,14.0,14.0,15.0,15.0,15.0,15.0,15.0,15.0,15.0,15.0,15.0,15.0,15.0,15.0,15.0,15.0,15.0,15.0,15.0,15.0,15.0,15.0,15.0,15.0,15.0,15.0,15.0,15.0,15.0,15.0,15.0,15.0,15.0,15.0,15.0,15.0,15.0,15.0,15.0,15.0,15.0,15.0,15.0,15.0,15.0,15.0,15.0,15.0,15.0,15.0,15.0,15.0,15.0,15.0,15.0,15.0,15.0,15.0,15.0,15.0,15.0,15.0,15.0,15.0,15.0,15.0,15.0,15.0,15.0,15.0,15.0,15.0,15.0,15.0,15.0,15.0,15.0,15.0,15.0,15.0,15.0,15.0,15.0,15.0,15.0,15.0,15.0,15.0,15.0,15
RGpnlEcruSU,,,,,,,,,,,,,,,,,,,,,,,,,,,,,,,,,9.0,9.0,9.0,9.0,9.0,9.0,9.0,9.0,9.0,9.0,9.0,9.0,9.0,9.0,9.0,9.0,9.0,9.0,9.0,9.0,9.0,9.0,9.0,9.0,9.0,9.0,9.0,9.0,9.0,9.0,9.0,9.0,9.0,9.0,9.0,9.0,9.0,9.0,9.0,9.0,9.0,9.0,9.0,9.0,9.0,9.0,9.0,9.0,9.0,9.0,9.0,9.0,9.0,9.0,9.0,9.0,9.0,9.0,9.0,9.0,9.0,9.0,9.0,9.0,9.0,9.0,9.0,9.0,9.0,9.0,9.0,9.0,9.0,9.0,9.0,9.0,9.0,9.0,9.0,9.0,9.0,9.0,9.0,9.0,9.0,9.0,9.0,9.0,9.0,9.0,9.0,9.0,9.0,9
AvypHCP30Cs,,,,,,,,,,,,,,,,,,,,,,,,,,,,,,,,,24.0,67.0,74.0,75.0,76.0,76.0,76.0,76.0,77.0,77.0,77.0,73.0,73.0,73.0,77.0,77.0,77.0,77.0,77.0,77.0,77.0,77.0,77.0,77.0,77.0,77.0,77.0,77.0,77.0,77.0,77.0,77.0,77.0,77.0,77.0,77.0,77.0,77.0,77.0,77.0,77.0,77.0,77.0,77.0,77.0,77.0,77.0,77.0,77.0,77.0,77.0,77.0,77.0,77.0,77.0,77.0,77.0,77.0,77.0,77.0,77.0,77.0,77.0,77.0,77.0,77.0,77.0,77.0,77.0,77.0,77.0,77.0,77.0,77.0,77.0,77.0,77.0,77.0,77.0,77.0,77.0,77.0,77.0,77.0,77.0,77.0,77.0,77.0,77.0,77.0,77.0,77.0,77.0,77
XcZf9KI7sx4,,,,,,,,,,,,,,,,,,,,,,,,,,,,,,,,,140.0,166.0,180.0,193.0,204.0,211.0,214.0,217.0,221.0,224.0,226.0,226.0,228.0,229.0,230.0,235.0,236.0,237.0,237.0,238.0,239.0,240.0,240.0,242.0,242.0,242.0,242.0,242.0,244.0,244.0,243.0,244.0,247.0,247.0,248.0,249.0,249.0,249.0,250.0,250.0,250.0,249.0,249.0,249.0,249.0,249.0,249.0,250.0,250.0,250.0,250.0,250.0,250.0,250.0,250.0,250.0,250.0,250.0,250.0,250.0,250.0,250.0,250.0,250.0,250.0,250.0,250.0,250.0,250.0,250.0,250.0,251.0,251.0,252.0,252.0,252.0,252.0,252.0,252.0,252.0,252.0,252.0,252.0,252.0,252.0,252.0,252.0,252.0,252.0,252.0,252.0,252.0,252.0,252
1_POUdzAiyA,,,,,,,,,,,,,,,,,,,,,,,,,,,,,,,,,403.0,528.0,581.0,615.0,640.0,659.0,665.0,685.0,697.0,702.0,707.0,716.0,722.0,725.0,730.0,735.0,743.0,746.0,751.0,752.0,757.0,759.0,761.0,762.0,763.0,764.0,766.0,767.0,770.0,771.0,773.0,776.0,778.0,781.0,783.0,783.0,782.0,782.0,784.0,785.0,785.0,785.0,785.0,785.0,785.0,785.0,785.0,786.0,786.0,786.0,789.0,790.0,790.0,791.0,792.0,792.0,792.0,792.0,795.0,796.0,797.0,797.0,797.0,797.0,797.0,797.0,796.0,796.0,797.0,797.0,799.0,800.0,800.0,801.0,801.0,801.0,801.0,801.0,801.0,802.0,803.0,803.0,805.0,806.0,806.0,807.0,809.0,810.0,811.0,811.0,812.0,812.0,812.0,812
IgywphLf1ps,,,,,,,,,,,,,,,,,,,,,,,,,,,,,,,,,0.0,0.0,0.0,0.0,0.0,0.0,0.0,0.0,0.0,0.0,0.0,0.0,0.0,0.0,0.0,0.0,0.0,0.0,0.0,0.0,0.0,0.0,0.0,0.0,0.0,0.0,0.0,0.0,0.0,0.0,0.0,0.0,0.0,0.0,0.0,0.0,0.0,0.0,0.0,0.0,0.0,0.0,0.0,0.0,0.0,0.0,0.0,0.0,0.0,0.0,0.0,0.0,0.0,0.0,0.0,0.0,0.0,0.0,0.0,0.0,0.0,0.0,0.0,0.0,0.0,0.0,0.0,0.0,0.0,0.0,0.0,0.0,0.0,0.0,0.0,0.0,0.0,0.0,0.0,0.0,0.0,0.0,0.0,0.0,0.0,0.0,0.0,0.0,0.0,0.0,0.0,0.0,0.0,0
EIL1MXBv8Pk,,,,,,,,,,,,,,,,,,,,,,,,,,,,,,,,,1478.0,2326.0,2572.0,2691.0,2787.0,2857.0,2917.0,2981.0,3032.0,3049.0,3079.0,3078.0,3098.0,3113.0,3126.0,3136.0,3141.0,3146.0,3160.0,3160.0,3162.0,3166.0,3171.0,3180.0,3186.0,3189.0,3194.0,3199.0,3201.0,3203.0,3204.0,3206.0,3209.0,3209.0,3218.0,3216.0,3214.0,3216.0,3219.0,3220.0,3221.0,3223.0,3228.0,3228.0,3229.0,3233.0,3233.0,3235.0,3236.0,3236.0,3236.0,3236.0,3238.0,3239.0,3242.0,3243.0,3244.0,3242.0,3243.0,3247.0,3247.0,3249.0,3252.0,3254.0,3256.0,3258.0,3259.0,3259.0,3258.0,3258.0,3260.0,3263.0,3264.0,3265.0,3265.0,3265.0,3265.0,3266.0,3266.0,3266.0,3266.0,3266.0,3266.0,3266.0,3264.0,3261.0,3262.0,3262.0,3262.0,3262.0,3262.0,3266.0,3267.0,3265
IG_KWRuAsGA,,,,,,,,,,,,,,,,,,,,,,,,,,,,,,,,,0.0,0.0,0.0,0.0,0.0,0.0,0.0,0.0,0.0,0.0,0.0,0.0,0.0,0.0,0.0,0.0,0.0,0.0,0.0,0.0,0.0,0.0,0.0,0.0,0.0,0.0,0.0,0.0,0.0,0.0,0.0,0.0,0.0,0.0,0.0,0.0,0.0,0.0,0.0,0.0,0.0,0.0,0.0,0.0,0.0,0.0,0.0,0.0,0.0,0.0,0.0,0.0,0.0,0.0,0.0,0.0,0.0,0.0,0.0,0.0,0.0,0.0,0.0,0.0,0.0,0.0,0.0,0.0,0.0,0.0,0.0,0.0,0.0,0.0,0.0,0.0,0.0,0.0,0.0,0.0,0.0,0.0,0.0,0.0,0.0,0.0,0.0,0.0,0.0,0.0,0.0,0.0,0.0,0
iKcwkvQnImo,,,,,,,,,,,,,,,,,,,,,,,,,,,,,,,,,1029.0,1037.0,1041.0,1045.0,1051.0,1051.0,1052.0,1052.0,1053.0,1053.0,1053.0,1052.0,1053.0,1054.0,1054.0,1054.0,1054.0,1055.0,1056.0,1056.0,1056.0,1056.0,1055.0,1055.0,1055.0,1056.0,1056.0,1057.0,1057.0,1058.0,1058.0,1059.0,1059.0,1059.0,1059.0,1059.0,1059.0,1059.0,1059.0,1059.0,1059.0,1059.0,1059.0,1059.0,1059.0,1059.0,1059.0,1059.0,1059.0,1059.0,1059.0,1060.0,1060.0,1060.0,1060.0,1060.0,1061.0,1061.0,1061.0,1057.0,1057.0,1056.0,1056.0,1056.0,1056.0,1056.0,1056.0,1056.0,1056.0,1056.0,1056.0,1056.0,1056.0,1056.0,1056.0,1054.0,1054.0,1054.0,1054.0,1054.0,1054.0,1054.0,1054.0,1054.0,1054.0,1054.0,1054.0,1053.0,1053.0,1053.0,1052.0,1052.0,1052.0,1052
GGYo0Ya-4xE,,,,,,,,,,,,,,,,,,,,,,,,,,,,,,,,,350.0,585.0,641.0,692.0,757.0,778.0,799.0,803.0,815.0,820.0,828.0,835.0,838.0,845.0,852.0,853.0,854.0,860.0,872.0,872.0,871.0,874.0,874.0,874.0,879.0,879.0,881.0,882.0,882.0,883.0,883.0,883.0,883.0,884.0,883.0,885.0,885.0,886.0,887.0,888.0,890.0,895.0,897.0,902.0,904.0,905.0,906.0,906.0,909.0,911.0,911.0,914.0,915.0,916.0,916.0,916.0,918.0,918.0,918.0,918.0,918.0,918.0,917.0,918.0,918.0,920.0,920.0,920.0,919.0,920.0,921.0,921.0,922.0,922.0,922.0,923.0,923.0,926.0,928.0,935.0,935.0,938.0,938.0,938.0,939.0,939.0,940.0,941.0,941.0,942.0,943.0,943.0,949.0,952
y9siAY03BCQ,,,,,,,,,,,,,,,,,,,,,,,,,,,,,,,,,2298.0,3307.0,3584.0,3754.0,3927.0,4079.0,4162.0,4234.0,4291.0,4339.0,4369.0,4405.0,4433.0,4461.0,4495.0,4511.0,4527.0,4541.0,4558.0,4572.0,4584.0,4597.0,4614.0,4638.0,4641.0,4651.0,4664.0,4676.0,4687.0,4699.0,4704.0,4713.0,4720.0,4724.0,4731.0,4741.0,4746.0,4751.0,4753.0,4756.0,4766.0,4768.0,4774.0,4786.0,4799.0,4809.0,4819.0,4826.0,4835.0,4837.0,4838.0,4842.0,4846.0,4856.0,4864.0,4873.0,4882.0,4884.0,4890.0,4897.0,4904.0,4907.0,4910.0,4912.0,4919.0,4926.0,4932.0,4937.0,4939.0,4943.0,4944.0,4951.0,4955.0,4958.0,4972.0,4975.0,4977.0,4983.0,4988.0,4987.0,4987.0,4989.0,4991.0,4997.0,4998.0,5003.0,5002.0,5005.0,5007.0,5010.0,5013.0,5020.0,5030.0,5040
gjHcbWTXqEY,,,,,,,,,,,,,,,,,,,,,,,,,,,,,,,,,,3751.0,6658.0,8120.0,9496.0,10380.0,11306.0,11818.0,12146.0,12324.0,12494.0,12615.0,12731.0,12793.0,12886.0,12959.0,13055.0,13121.0,13175.0,13244.0,13285.0,13334.0,13384.0,13430.0,13464.0,13507.0,13534.0,13561.0,13593.0,13565.0,13595.0,13610.0,13635.0,13653.0,13674.0,13694.0,13723.0,13745.0,13762.0,13787.0,13806.0,13814.0,13825.0,13837.0,13857.0,13841.0,13693.0,13698.0,13706.0,13716.0,13733.0,13744.0,13780.0,13794.0,13799.0,13808.0,13811.0,13819.0,13827.0,13834.0,13843.0,13854.0,13869.0,13883.0,13896.0,13943.0,13972.0,13988.0,13997.0,14003.0,14010.0,14017.0,14024.0,14034.0,14043.0,14051.0,14055.0,14077.0,14082.0,14095.0,14097.0,14109.0,14113.0,14117.0,14125.0,14129.0,14135.0,14137.0,14131.0,14138.0,14140.0,14143.0,14149.0,14153
h7ouCL2WZ5o,,,,,,,,,,,,,,,,,,,,,,,,,,,,,,,,,,7.0,9.0,9.0,9.0,9.0,10.0,10.0,10.0,10.0,10.0,10.0,10.0,10.0,10.0,10.0,10.0,10.0,10.0,10.0,10.0,10.0,10.0,10.0,10.0,10.0,10.0,10.0,10.0,10.0,10.0,10.0,10.0,10.0,10.0,10.0,10.0,10.0,10.0,10.0,10.0,10.0,10.0,10.0,10.0,10.0,10.0,10.0,10.0,10.0,10.0,10.0,10.0,10.0,10.0,10.0,10.0,10.0,10.0,10.0,10.0,10.0,10.0,10.0,10.0,10.0,10.0,10.0,10.0,10.0,10.0,10.0,10.0,10.0,10.0,10.0,10.0,10.0,10.0,10.0,10.0,10.0,10.0,10.0,10.0,10.0,10.0,10.0,10.0,10.0,10.0,10.0,10.0,10
fCVqOG8F8NI,,,,,,,,,,,,,,,,,,,,,,,,,,,,,,,,,,0.0,0.0,0.0,0.0,0.0,0.0,0.0,0.0,0.0,0.0,0.0,0.0,0.0,0.0,0.0,0.0,0.0,0.0,0.0,0.0,0.0,0.0,0.0,0.0,0.0,0.0,0.0,0.0,0.0,0.0,0.0,0.0,0.0,0.0,0.0,0.0,0.0,0.0,0.0,0.0,0.0,0.0,0.0,0.0,0.0,0.0,0.0,0.0,0.0,0.0,0.0,0.0,0.0,0.0,0.0,0.0,0.0,0.0,0.0,0.0,0.0,0.0,0.0,0.0,0.0,0.0,0.0,0.0,0.0,0.0,0.0,0.0,0.0,0.0,0.0,0.0,0.0,0.0,0.0,0.0,0.0,0.0,0.0,0.0,0.0,0.0,0.0,0.0,0.0,0.0,0.0,0.0,0
eM8wJQUvqtI,,,,,,,,,,,,,,,,,,,,,,,,,,,,,,,,,,0.0,0.0,0.0,0.0,0.0,0.0,0.0,0.0,0.0,0.0,0.0,0.0,0.0,0.0,0.0,0.0,0.0,0.0,0.0,0.0,0.0,0.0,0.0,0.0,0.0,0.0,0.0,0.0,0.0,0.0,0.0,0.0,0.0,0.0,0.0,0.0,0.0,0.0,0.0,0.0,0.0,0.0,0.0,0.0,0.0,0.0,0.0,0.0,0.0,0.0,0.0,0.0,0.0,0.0,0.0,0.0,0.0,0.0,0.0,0.0,0.0,0.0,0.0,0.0,0.0,0.0,0.0,0.0,0.0,0.0,0.0,0.0,0.0,0.0,0.0,0.0,0.0,0.0,0.0,0.0,0.0,0.0,0.0,0.0,0.0,0.0,0.0,0.0,0.0,0.0,0.0,0.0,0
nhntH2wn3m0,,,,,,,,,,,,,,,,,,,,,,,,,,,,,,,,,,262.0,266.0,275.0,281.0,285.0,287.0,286.0,286.0,289.0,290.0,293.0,298.0,302.0,307.0,308.0,311.0,312.0,313.0,312.0,313.0,313.0,318.0,320.0,323.0,323.0,319.0,322.0,325.0,329.0,330.0,333.0,334.0,336.0,337.0,338.0,338.0,337.0,337.0,338.0,338.0,340.0,340.0,340.0,341.0,342.0,342.0,344.0,344.0,346.0,347.0,347.0,347.0,347.0,347.0,348.0,349.0,349.0,350.0,350.0,350.0,350.0,351.0,352.0,353.0,353.0,353.0,354.0,354.0,354.0,354.0,354.0,354.0,354.0,354.0,354.0,354.0,355.0,355.0,356.0,357.0,357.0,357.0,357.0,357.0,359.0,359.0,359.0,359.0,359.0,365.0,365.0,365.0,369
VSlfs3s5mtk,,,,,,,,,,,,,,,,,,,,,,,,,,,,,,,,,,27929.0,30050.0,31640.0,33475.0,33650.0,33731.0,33776.0,33798.0,33795.0,33797.0,33797.0,33796.0,33797.0,33801.0,33800.0,33803.0,33801.0,33800.0,33800.0,33772.0,33762.0,33751.0,33729.0,33721.0,33709.0,33700.0,33696.0,33695.0,33686.0,33684.0,33663.0,33662.0,33661.0,33663.0,33665.0,33662.0,33662.0,33657.0,33652.0,33648.0,33647.0,33645.0,33637.0,33636.0,33631.0,33621.0,33621.0,33618.0,33608.0,33608.0,33605.0,33597.0,33587.0,33582.0,33575.0,33570.0,33569.0,33558.0,33548.0,33545.0,33545.0,33543.0,33540.0,33543.0,33536.0,33539.0,33540.0,33527.0,33522.0,33522.0,33515.0,33516.0,33508.0,33508.0,33506.0,33503.0,33498.0,33495.0,33488.0,33484.0,33483.0,33478.0,33468.0,33461.0,33457.0,33455.0,33453.0,33449.0,33446.0,33443.0,33441.0,33438.0,33432
uav-2BxMv9U,,,,,,,,,,,,,,,,,,,,,,,,,,,,,,,,,,114.0,132.0,146.0,162.0,167.0,175.0,179.0,182.0,187.0,187.0,193.0,199.0,203.0,206.0,206.0,208.0,210.0,212.0,215.0,219.0,220.0,223.0,227.0,232.0,234.0,236.0,237.0,237.0,238.0,239.0,239.0,241.0,244.0,246.0,247.0,248.0,248.0,248.0,250.0,251.0,252.0,253.0,253.0,254.0,255.0,256.0,257.0,253.0,255.0,258.0,259.0,260.0,261.0,263.0,265.0,267.0,269.0,272.0,273.0,275.0,275.0,279.0,279.0,280.0,280.0,281.0,281.0,282.0,283.0,285.0,285.0,286.0,286.0,290.0,291.0,292.0,293.0,294.0,295.0,298.0,302.0,304.0,308.0,309.0,313.0,314.0,317.0,317.0,318.0,318.0,318.0,322.0,322
TaMDD8tebc0,,,,,,,,,,,,,,,,,,,,,,,,,,,,,,,,,,,126.0,137.0,140.0,143.0,145.0,148.0,150.0,151.0,151.0,153.0,153.0,153.0,153.0,153.0,153.0,153.0,153.0,153.0,153.0,153.0,153.0,153.0,153.0,153.0,153.0,153.0,153.0,153.0,153.0,153.0,153.0,153.0,153.0,153.0,153.0,153.0,153.0,153.0,153.0,153.0,153.0,153.0,153.0,153.0,153.0,153.0,153.0,153.0,153.0,153.0,153.0,153.0,153.0,153.0,153.0,153.0,153.0,153.0,153.0,153.0,153.0,153.0,153.0,153.0,153.0,153.0,153.0,153.0,153.0,153.0,153.0,153.0,153.0,153.0,153.0,153.0,153.0,153.0,153.0,153.0,153.0,153.0,153.0,153.0,153.0,153.0,153.0,154.0,154.0,154.0,154.0,154
Ui6G36AH2cQ,,,,,,,,,,,,,,,,,,,,,,,,,,,,,,,,,,,1404.0,2074.0,2416.0,2583.0,2718.0,2800.0,2875.0,2925.0,2964.0,2993.0,3054.0,3140.0,3168.0,3203.0,3235.0,3245.0,3254.0,3265.0,3281.0,3288.0,3300.0,3312.0,3330.0,3345.0,3348.0,3358.0,3361.0,3365.0,3371.0,3380.0,3389.0,3398.0,3425.0,3434.0,3445.0,3454.0,3463.0,3483.0,3498.0,3511.0,3527.0,3546.0,3573.0,3593.0,3603.0,3623.0,3636.0,3655.0,3669.0,3677.0,3698.0,3705.0,3712.0,3724.0,3744.0,3756.0,3767.0,3777.0,3783.0,3795.0,3808.0,3816.0,3823.0,3832.0,3846.0,3868.0,3929.0,3963.0,3988.0,4005.0,4033.0,4045.0,4055.0,4069.0,4082.0,4089.0,4094.0,4102.0,4109.0,4117.0,4128.0,4134.0,4140.0,4151.0,4160.0,4171.0,4176.0,4181.0,4189.0,4196.0,4203.0,4207
fcBpQYnNsQ0,,,,,,,,,,,,,,,,,,,,,,,,,,,,,,,,,,,480.0,631.0,643.0,650.0,653.0,654.0,657.0,660.0,662.0,665.0,665.0,667.0,668.0,668.0,670.0,671.0,671.0,671.0,671.0,672.0,672.0,672.0,672.0,672.0,672.0,672.0,672.0,672.0,672.0,672.0,672.0,672.0,672.0,672.0,672.0,672.0,672.0,672.0,672.0,672.0,672.0,672.0,672.0,673.0,673.0,673.0,673.0,673.0,673.0,673.0,673.0,673.0,673.0,673.0,673.0,673.0,673.0,673.0,673.0,673.0,673.0,673.0,673.0,673.0,673.0,673.0,673.0,673.0,673.0,673.0,673.0,673.0,673.0,673.0,674.0,674.0,674.0,674.0,674.0,674.0,674.0,674.0,674.0,674.0,674.0,675.0,675.0,675.0,675.0,675.0,675.0,675
HxROxHdBQ2g,,,,,,,,,,,,,,,,,,,,,,,,,,,,,,,,,,,,,693.0,693.0,693.0,693.0,694.0,694.0,694.0,694.0,694.0,694.0,694.0,694.0,694.0,694.0,694.0,694.0,694.0,694.0,694.0,694.0,694.0,694.0,694.0,694.0,694.0,694.0,694.0,694.0,694.0,693.0,693.0,693.0,693.0,692.0,692.0,691.0,691.0,692.0,692.0,692.0,693.0,693.0,693.0,693.0,693.0,693.0,693.0,692.0,692.0,692.0,692.0,692.0,692.0,692.0,692.0,692.0,692.0,692.0,692.0,692.0,692.0,692.0,692.0,692.0,692.0,692.0,693.0,693.0,693.0,693.0,693.0,693.0,693.0,693.0,694.0,694.0,694.0,694.0,694.0,694.0,694.0,694.0,694.0,694.0,694.0,693.0,693.0,693.0,693.0,692
wxJn3ntOzo0,,,,,,,,,,,,,,,,,,,,,,,,,,,,,,,,,,,,,0.0,0.0,0.0,0.0,0.0,0.0,0.0,0.0,0.0,0.0,0.0,0.0,0.0,0.0,0.0,0.0,0.0,0.0,0.0,0.0,0.0,0.0,0.0,0.0,0.0,0.0,0.0,0.0,0.0,0.0,0.0,0.0,0.0,0.0,0.0,0.0,0.0,0.0,0.0,0.0,0.0,0.0,0.0,0.0,0.0,0.0,0.0,0.0,0.0,0.0,0.0,0.0,0.0,0.0,0.0,0.0,0.0,0.0,0.0,0.0,0.0,0.0,0.0,0.0,0.0,0.0,0.0,0.0,0.0,0.0,0.0,0.0,0.0,0.0,0.0,0.0,0.0,0.0,0.0,0.0,0.0,0.0,0.0,0.0,0.0,0.0,0.0,0.0,0.0,0
yebNIHKAC4A,,,,,,,,,,,,,,,,,,,,,,,,,,,,,,,,,,,,,19671.0,20506.0,21315.0,22049.0,23179.0,24037.0,24857.0,25831.0,26946.0,27877.0,28755.0,29794.0,31161.0,32085.0,33134.0,34234.0,35136.0,36420.0,37512.0,38671.0,39695.0,40776.0,41873.0,42910.0,43869.0,44893.0,45792.0,46739.0,47841.0,48959.0,50072.0,51062.0,52253.0,53230.0,54286.0,55331.0,56389.0,57318.0,58362.0,59323.0,60354.0,61340.0,62366.0,63460.0,64468.0,65413.0,66371.0,67236.0,68064.0,68980.0,70050.0,71080.0,71893.0,72621.0,73286.0,73999.0,74796.0,75835.0,76748.0,77549.0,78291.0,79049.0,79799.0,80747.0,81647.0,82808.0,83556.0,84188.0,84851.0,85449.0,86269.0,87445.0,88650.0,89498.0,90301.0,91008.0,91758.0,92640.0,93654.0,95135.0,96093.0,96886.0,97407.0,98113.0,98898.0,100019.0,101240.0,102134.0,102899.0,103915
JGm4y5LrNck,,,,,,,,,,,,,,,,,,,,,,,,,,,,,,,,,,,,,80.0,84.0,86.0,86.0,89.0,90.0,90.0,90.0,90.0,90.0,90.0,90.0,90.0,91.0,93.0,93.0,93.0,94.0,94.0,94.0,94.0,94.0,94.0,94.0,94.0,95.0,95.0,95.0,95.0,95.0,95.0,95.0,95.0,95.0,95.0,95.0,95.0,95.0,95.0,95.0,95.0,95.0,95.0,95.0,95.0,95.0,95.0,95.0,95.0,95.0,95.0,95.0,95.0,95.0,95.0,95.0,95.0,95.0,95.0,95.0,94.0,94.0,94.0,94.0,94.0,94.0,94.0,94.0,94.0,94.0,94.0,94.0,94.0,94.0,94.0,94.0,94.0,94.0,94.0,94.0,94.0,94.0,94.0,94.0,94.0,94.0,94.0,94.0,94.0,94
_rZv_WE4tNM,,,,,,,,,,,,,,,,,,,,,,,,,,,,,,,,,,,,,,374.0,445.0,473.0,479.0,483.0,485.0,485.0,486.0,486.0,486.0,486.0,486.0,486.0,486.0,486.0,486.0,486.0,487.0,487.0,487.0,487.0,486.0,486.0,485.0,485.0,485.0,485.0,485.0,485.0,485.0,485.0,485.0,485.0,485.0,485.0,485.0,485.0,485.0,485.0,485.0,485.0,485.0,485.0,485.0,485.0,485.0,485.0,485.0,485.0,485.0,485.0,484.0,484.0,484.0,484.0,484.0,484.0,484.0,484.0,484.0,485.0,485.0,485.0,485.0,484.0,484.0,484.0,484.0,484.0,484.0,484.0,484.0,484.0,484.0,484.0,483.0,483.0,483.0,483.0,483.0,483.0,483.0,483.0,482.0,482.0,482.0,482.0,482.0,482
fnwrXSoMWQY,,,,,,,,,,,,,,,,,,,,,,,,,,,,,,,,,,,,,,0.0,0.0,0.0,0.0,0.0,0.0,0.0,0.0,0.0,0.0,0.0,0.0,0.0,0.0,0.0,0.0,0.0,0.0,0.0,0.0,0.0,0.0,0.0,0.0,0.0,0.0,0.0,0.0,0.0,0.0,0.0,0.0,0.0,0.0,0.0,0.0,0.0,0.0,0.0,0.0,0.0,0.0,0.0,0.0,0.0,0.0,0.0,0.0,0.0,0.0,0.0,0.0,0.0,0.0,0.0,0.0,0.0,0.0,0.0,0.0,0.0,0.0,0.0,0.0,0.0,0.0,0.0,0.0,0.0,0.0,0.0,0.0,0.0,0.0,0.0,0.0,0.0,0.0,0.0,0.0,0.0,0.0,0.0,0.0,0.0,0.0,0.0,0.0,0
I59enzHf2bs,,,,,,,,,,,,,,,,,,,,,,,,,,,,,,,,,,,,,,,123.0,156.0,167.0,173.0,181.0,187.0,187.0,189.0,191.0,197.0,199.0,201.0,204.0,204.0,204.0,206.0,207.0,209.0,210.0,211.0,211.0,211.0,212.0,212.0,213.0,213.0,213.0,213.0,214.0,215.0,217.0,219.0,219.0,219.0,220.0,220.0,220.0,220.0,221.0,221.0,221.0,221.0,222.0,222.0,222.0,222.0,221.0,222.0,224.0,224.0,224.0,224.0,225.0,225.0,226.0,226.0,226.0,227.0,227.0,227.0,227.0,228.0,230.0,230.0,230.0,231.0,231.0,231.0,232.0,232.0,232.0,232.0,232.0,232.0,232.0,232.0,232.0,232.0,232.0,232.0,232.0,232.0,232.0,232.0,232.0,232.0,232.0,232
GQKS6wsybyE,,,,,,,,,,,,,,,,,,,,,,,,,,,,,,,,,,,,,,,8.0,8.0,8.0,8.0,8.0,8.0,8.0,8.0,8.0,8.0,8.0,8.0,8.0,8.0,8.0,8.0,8.0,8.0,8.0,8.0,8.0,8.0,8.0,8.0,8.0,8.0,8.0,8.0,8.0,8.0,8.0,8.0,8.0,8.0,8.0,8.0,8.0,8.0,8.0,8.0,8.0,8.0,8.0,8.0,8.0,8.0,8.0,8.0,8.0,8.0,8.0,8.0,8.0,8.0,8.0,8.0,8.0,8.0,8.0,8.0,8.0,8.0,8.0,8.0,8.0,8.0,8.0,8.0,8.0,8.0,8.0,8.0,8.0,8.0,8.0,8.0,8.0,8.0,8.0,8.0,8.0,8.0,8.0,8.0,8.0,8.0,8.0,8
8wKIggUnUVY,,,,,,,,,,,,,,,,,,,,,,,,,,,,,,,,,,,,,,,560.0,586.0,626.0,665.0,683.0,700.0,709.0,714.0,717.0,724.0,727.0,733.0,737.0,740.0,748.0,749.0,751.0,752.0,752.0,754.0,755.0,757.0,759.0,760.0,760.0,769.0,770.0,772.0,772.0,772.0,773.0,774.0,774.0,776.0,776.0,777.0,780.0,780.0,780.0,780.0,780.0,780.0,780.0,780.0,780.0,780.0,780.0,780.0,780.0,780.0,780.0,780.0,781.0,782.0,782.0,783.0,783.0,784.0,784.0,784.0,784.0,784.0,784.0,785.0,785.0,786.0,786.0,787.0,787.0,789.0,789.0,790.0,790.0,791.0,791.0,791.0,792.0,793.0,795.0,795.0,796.0,796.0,796.0,796.0,796.0,796.0,796.0,796
4Tp4mmHlvRY,,,,,,,,,,,,,,,,,,,,,,,,,,,,,,,,,,,,,,,295.0,307.0,310.0,315.0,315.0,319.0,325.0,329.0,332.0,336.0,336.0,337.0,340.0,344.0,345.0,347.0,351.0,355.0,360.0,364.0,364.0,364.0,364.0,367.0,368.0,368.0,368.0,368.0,369.0,369.0,369.0,369.0,369.0,370.0,370.0,370.0,370.0,370.0,370.0,371.0,372.0,376.0,376.0,376.0,376.0,376.0,379.0,380.0,380.0,383.0,384.0,384.0,384.0,384.0,384.0,384.0,384.0,384.0,384.0,384.0,384.0,384.0,385.0,385.0,385.0,385.0,382.0,382.0,382.0,382.0,382.0,382.0,382.0,382.0,382.0,382.0,382.0,382.0,382.0,382.0,382.0,382.0,381.0,381.0,381.0,381.0,381.0,381
jDn427-eusY,,,,,,,,,,,,,,,,,,,,,,,,,,,,,,,,,,,,,,,,0.0,0.0,0.0,0.0,0.0,0.0,0.0,0.0,0.0,0.0,0.0,0.0,0.0,0.0,0.0,0.0,0.0,0.0,0.0,0.0,0.0,0.0,0.0,0.0,0.0,0.0,0.0,0.0,0.0,0.0,0.0,0.0,0.0,0.0,0.0,0.0,0.0,0.0,0.0,0.0,0.0,0.0,0.0,0.0,0.0,0.0,0.0,0.0,0.0,0.0,0.0,0.0,0.0,0.0,0.0,0.0,0.0,0.0,0.0,0.0,0.0,0.0,0.0,0.0,0.0,0.0,0.0,0.0,0.0,0.0,0.0,0.0,0.0,0.0,0.0,0.0,0.0,0.0,0.0,0.0,0.0,0.0,0.0,0.0,0.0,0.0,0
aNBiA1NKdOg,,,,,,,,,,,,,,,,,,,,,,,,,,,,,,,,,,,,,,,,543.0,543.0,543.0,543.0,543.0,543.0,543.0,543.0,543.0,543.0,543.0,543.0,544.0,543.0,543.0,543.0,543.0,543.0,543.0,543.0,543.0,543.0,543.0,543.0,543.0,543.0,544.0,544.0,544.0,544.0,544.0,544.0,544.0,544.0,544.0,544.0,545.0,546.0,546.0,546.0,546.0,546.0,545.0,546.0,546.0,546.0,546.0,546.0,545.0,545.0,544.0,544.0,543.0,543.0,543.0,544.0,544.0,544.0,544.0,543.0,543.0,543.0,543.0,543.0,543.0,543.0,543.0,543.0,543.0,543.0,543.0,543.0,543.0,543.0,543.0,543.0,544.0,544.0,545.0,545.0,545.0,543.0,542.0,542.0,542.0,542.0,542
5kMOgZ1IpnM,,,,,,,,,,,,,,,,,,,,,,,,,,,,,,,,,,,,,,,,369.0,394.0,395.0,395.0,398.0,398.0,398.0,398.0,397.0,399.0,400.0,400.0,400.0,400.0,400.0,401.0,401.0,401.0,400.0,400.0,400.0,400.0,400.0,400.0,399.0,399.0,399.0,399.0,399.0,399.0,399.0,399.0,398.0,398.0,398.0,398.0,399.0,399.0,399.0,398.0,398.0,398.0,398.0,398.0,398.0,398.0,398.0,398.0,398.0,398.0,398.0,398.0,398.0,398.0,398.0,398.0,398.0,398.0,398.0,398.0,398.0,398.0,398.0,398.0,396.0,396.0,396.0,396.0,396.0,396.0,396.0,396.0,396.0,396.0,396.0,396.0,395.0,395.0,395.0,395.0,395.0,395.0,395.0,395.0,395.0,395.0,395
RvYLJh1SCWs,,,,,,,,,,,,,,,,,,,,,,,,,,,,,,,,,,,,,,,,0.0,0.0,0.0,0.0,0.0,0.0,0.0,0.0,0.0,0.0,0.0,0.0,0.0,0.0,0.0,0.0,0.0,0.0,0.0,0.0,0.0,0.0,0.0,0.0,0.0,0.0,0.0,0.0,0.0,0.0,0.0,0.0,0.0,0.0,0.0,0.0,0.0,0.0,0.0,0.0,0.0,0.0,0.0,0.0,0.0,0.0,0.0,0.0,0.0,0.0,0.0,0.0,0.0,0.0,0.0,0.0,0.0,0.0,0.0,0.0,0.0,0.0,0.0,0.0,0.0,0.0,0.0,0.0,0.0,0.0,0.0,0.0,0.0,0.0,0.0,0.0,0.0,0.0,0.0,0.0,0.0,0.0,0.0,0.0,0.0,0.0,0
KRRU59JrsC4,,,,,,,,,,,,,,,,,,,,,,,,,,,,,,,,,,,,,,,,401.0,446.0,451.0,463.0,468.0,469.0,469.0,472.0,475.0,475.0,475.0,476.0,476.0,475.0,476.0,475.0,476.0,476.0,476.0,477.0,477.0,477.0,476.0,477.0,477.0,477.0,477.0,478.0,478.0,478.0,478.0,478.0,478.0,478.0,478.0,478.0,478.0,478.0,478.0,479.0,479.0,479.0,479.0,479.0,479.0,479.0,480.0,480.0,480.0,480.0,480.0,480.0,480.0,481.0,481.0,481.0,481.0,481.0,481.0,481.0,481.0,482.0,482.0,482.0,482.0,482.0,482.0,482.0,482.0,482.0,482.0,482.0,482.0,482.0,482.0,482.0,482.0,482.0,482.0,482.0,482.0,482.0,482.0,482.0,482.0,482.0,482
pbsKbpKotfY,,,,,,,,,,,,,,,,,,,,,,,,,,,,,,,,,,,,,,,,0.0,0.0,0.0,0.0,0.0,0.0,0.0,0.0,0.0,0.0,0.0,0.0,0.0,0.0,0.0,0.0,0.0,0.0,0.0,0.0,0.0,0.0,0.0,0.0,0.0,0.0,0.0,0.0,0.0,0.0,0.0,0.0,0.0,0.0,0.0,0.0,0.0,0.0,0.0,0.0,0.0,0.0,0.0,0.0,0.0,0.0,0.0,0.0,0.0,0.0,0.0,0.0,0.0,0.0,0.0,0.0,0.0,0.0,0.0,0.0,0.0,0.0,0.0,0.0,0.0,0.0,0.0,0.0,0.0,0.0,0.0,0.0,0.0,0.0,0.0,0.0,0.0,0.0,0.0,0.0,0.0,0.0,0.0,0.0,0.0,0.0,0
99Dtv9F4yfo,,,,,,,,,,,,,,,,,,,,,,,,,,,,,,,,,,,,,,,,820.0,899.0,922.0,940.0,956.0,960.0,964.0,973.0,978.0,993.0,1001.0,1002.0,1007.0,1007.0,1012.0,1016.0,1017.0,1019.0,1020.0,1023.0,1025.0,1028.0,1030.0,1030.0,1030.0,1032.0,1032.0,1032.0,1034.0,1036.0,1036.0,1037.0,1040.0,1040.0,1040.0,1041.0,1043.0,1046.0,1047.0,1048.0,1049.0,1052.0,1054.0,1055.0,1056.0,1058.0,1061.0,1064.0,1064.0,1065.0,1065.0,1070.0,1073.0,1075.0,1076.0,1077.0,1078.0,1079.0,1080.0,1080.0,1080.0,1080.0,1081.0,1082.0,1082.0,1083.0,1085.0,1087.0,1088.0,1089.0,1090.0,1091.0,1092.0,1094.0,1096.0,1096.0,1099.0,1100.0,1100.0,1102.0,1103.0,1107.0,1108.0,1110.0,1111.0,1111.0,1111
GoA5PGZo6YU,,,,,,,,,,,,,,,,,,,,,,,,,,,,,,,,,,,,,,,,,25.0,45.0,52.0,52.0,52.0,52.0,52.0,52.0,52.0,51.0,51.0,51.0,51.0,51.0,51.0,51.0,51.0,51.0,51.0,51.0,51.0,51.0,51.0,51.0,51.0,51.0,51.0,51.0,50.0,50.0,50.0,50.0,50.0,50.0,50.0,50.0,50.0,50.0,50.0,50.0,50.0,50.0,49.0,49.0,49.0,49.0,49.0,49.0,49.0,49.0,49.0,49.0,49.0,49.0,49.0,49.0,49.0,49.0,49.0,49.0,49.0,49.0,49.0,49.0,49.0,49.0,49.0,49.0,49.0,49.0,49.0,49.0,49.0,49.0,49.0,49.0,49.0,49.0,49.0,49.0,49.0,49.0,49.0,49.0,49.0,49
ool85N-OhXM,,,,,,,,,,,,,,,,,,,,,,,,,,,,,,,,,,,,,,,,,51.0,62.0,63.0,67.0,71.0,73.0,74.0,75.0,75.0,76.0,76.0,76.0,76.0,76.0,76.0,76.0,77.0,77.0,77.0,78.0,78.0,77.0,77.0,77.0,77.0,77.0,77.0,78.0,78.0,78.0,78.0,79.0,79.0,79.0,79.0,79.0,79.0,79.0,79.0,79.0,79.0,79.0,80.0,80.0,80.0,80.0,81.0,81.0,81.0,81.0,82.0,82.0,82.0,83.0,82.0,82.0,82.0,82.0,82.0,82.0,82.0,82.0,82.0,82.0,82.0,82.0,82.0,82.0,82.0,82.0,82.0,82.0,82.0,82.0,82.0,82.0,82.0,82.0,82.0,82.0,82.0,82.0,82.0,82.0,82.0,82
-FYqar9V2OA,,,,,,,,,,,,,,,,,,,,,,,,,,,,,,,,,,,,,,,,,434.0,700.0,818.0,909.0,946.0,971.0,994.0,1011.0,1026.0,1042.0,1049.0,1064.0,1068.0,1077.0,1090.0,1096.0,1108.0,1110.0,1118.0,1126.0,1131.0,1135.0,1135.0,1134.0,1138.0,1141.0,1140.0,1146.0,1148.0,1149.0,1149.0,1150.0,1152.0,1153.0,1155.0,1157.0,1157.0,1159.0,1160.0,1161.0,1162.0,1164.0,1165.0,1166.0,1166.0,1166.0,1166.0,1167.0,1167.0,1168.0,1168.0,1168.0,1168.0,1168.0,1169.0,1170.0,1169.0,1170.0,1170.0,1171.0,1172.0,1172.0,1174.0,1174.0,1174.0,1174.0,1174.0,1174.0,1175.0,1175.0,1175.0,1175.0,1175.0,1175.0,1175.0,1175.0,1175.0,1175.0,1175.0,1175.0,1175.0,1175.0,1175.0,1175.0,1175.0,1175
Mk-lWh31BK4,,,,,,,,,,,,,,,,,,,,,,,,,,,,,,,,,,,,,,,,,2030.0,2859.0,3071.0,3248.0,3382.0,3471.0,3530.0,3592.0,3666.0,3703.0,3742.0,3763.0,3794.0,3834.0,3848.0,3873.0,3897.0,3921.0,3948.0,3963.0,3979.0,3998.0,4013.0,4029.0,4046.0,4062.0,4087.0,4105.0,4117.0,4131.0,4144.0,4158.0,4172.0,4176.0,4189.0,4202.0,4209.0,4211.0,4214.0,4223.0,4225.0,4236.0,4238.0,4244.0,4252.0,4258.0,4271.0,4274.0,4286.0,4300.0,4305.0,4311.0,4318.0,4333.0,4336.0,4345.0,4348.0,4348.0,4349.0,4354.0,4358.0,4360.0,4362.0,4363.0,4368.0,4368.0,4367.0,4374.0,4374.0,4374.0,4381.0,4381.0,4392.0,4392.0,4393.0,4393.0,4394.0,4394.0,4397.0,4394.0,4394.0,4393.0,4400.0,4399.0,4400.0,4401
N7jXK752k1w,,,,,,,,,,,,,,,,,,,,,,,,,,,,,,,,,,,,,,,,,,48.0,84.0,100.0,109.0,117.0,123.0,131.0,139.0,147.0,150.0,155.0,156.0,157.0,157.0,160.0,161.0,166.0,166.0,166.0,168.0,169.0,170.0,171.0,173.0,177.0,177.0,177.0,177.0,177.0,178.0,178.0,181.0,181.0,181.0,182.0,182.0,182.0,183.0,183.0,183.0,183.0,184.0,184.0,185.0,187.0,188.0,189.0,189.0,189.0,190.0,191.0,193.0,193.0,193.0,194.0,194.0,194.0,198.0,198.0,198.0,198.0,199.0,199.0,199.0,199.0,199.0,199.0,200.0,200.0,201.0,201.0,201.0,201.0,201.0,201.0,202.0,202.0,202.0,202.0,203.0,203.0,203.0,203.0,204.0,204
bJmjcymsK6g,,,,,,,,,,,,,,,,,,,,,,,,,,,,,,,,,,,,,,,,,,0.0,0.0,0.0,0.0,0.0,0.0,0.0,0.0,0.0,0.0,0.0,0.0,0.0,0.0,0.0,0.0,0.0,0.0,0.0,0.0,0.0,0.0,0.0,0.0,0.0,0.0,0.0,0.0,0.0,0.0,0.0,0.0,0.0,0.0,0.0,0.0,0.0,0.0,0.0,0.0,0.0,0.0,0.0,0.0,0.0,0.0,0.0,0.0,0.0,0.0,0.0,0.0,0.0,0.0,0.0,0.0,0.0,0.0,0.0,0.0,0.0,0.0,0.0,0.0,0.0,0.0,0.0,0.0,0.0,0.0,0.0,0.0,0.0,0.0,0.0,0.0,0.0,0.0,0.0,0.0,0.0,0.0,0.0,0.0,0
2QmF0B2vQMs,,,,,,,,,,,,,,,,,,,,,,,,,,,,,,,,,,,,,,,,,,46.0,52.0,53.0,53.0,53.0,53.0,53.0,54.0,54.0,55.0,58.0,58.0,58.0,58.0,58.0,60.0,60.0,60.0,60.0,60.0,60.0,60.0,60.0,60.0,60.0,60.0,60.0,60.0,60.0,60.0,60.0,64.0,64.0,64.0,64.0,64.0,64.0,64.0,62.0,62.0,62.0,62.0,62.0,62.0,62.0,63.0,63.0,63.0,63.0,63.0,63.0,65.0,65.0,65.0,65.0,66.0,66.0,66.0,66.0,66.0,66.0,66.0,66.0,66.0,66.0,66.0,66.0,66.0,66.0,67.0,67.0,67.0,67.0,68.0,68.0,68.0,68.0,68.0,68.0,68.0,68.0,68.0,68.0,68.0,68
95vnWIWU2tA,,,,,,,,,,,,,,,,,,,,,,,,,,,,,,,,,,,,,,,,,,0.0,0.0,0.0,0.0,0.0,0.0,0.0,0.0,0.0,0.0,0.0,0.0,0.0,0.0,0.0,0.0,0.0,0.0,0.0,0.0,0.0,0.0,0.0,0.0,0.0,0.0,0.0,0.0,0.0,0.0,0.0,0.0,0.0,0.0,0.0,0.0,0.0,0.0,0.0,0.0,0.0,0.0,0.0,0.0,0.0,0.0,0.0,0.0,0.0,0.0,0.0,0.0,0.0,0.0,0.0,0.0,0.0,0.0,0.0,0.0,0.0,0.0,0.0,0.0,0.0,0.0,0.0,0.0,0.0,0.0,0.0,0.0,0.0,0.0,0.0,0.0,0.0,0.0,0.0,0.0,0.0,0.0,0.0,0.0,0
J__90L047eI,,,,,,,,,,,,,,,,,,,,,,,,,,,,,,,,,,,,,,,,,,1.0,2.0,2.0,2.0,2.0,2.0,2.0,2.0,2.0,2.0,2.0,2.0,2.0,2.0,2.0,2.0,2.0,2.0,2.0,2.0,2.0,2.0,2.0,2.0,2.0,2.0,2.0,2.0,2.0,2.0,2.0,2.0,2.0,2.0,2.0,2.0,2.0,2.0,2.0,2.0,2.0,2.0,2.0,2.0,2.0,2.0,2.0,2.0,2.0,2.0,2.0,2.0,2.0,2.0,2.0,2.0,2.0,2.0,2.0,2.0,2.0,2.0,2.0,2.0,2.0,2.0,2.0,2.0,2.0,2.0,2.0,2.0,2.0,2.0,2.0,2.0,2.0,2.0,2.0,2.0,2.0,2.0,2.0,2.0,2
_MQPXxKQ-dg,,,,,,,,,,,,,,,,,,,,,,,,,,,,,,,,,,,,,,,,,,1854.0,1876.0,1901.0,1928.0,1948.0,1964.0,1976.0,1985.0,1990.0,2001.0,2015.0,2021.0,2023.0,2027.0,2027.0,2028.0,2032.0,2034.0,2039.0,2040.0,2041.0,2043.0,2045.0,2044.0,2045.0,2049.0,2051.0,2053.0,2053.0,2056.0,2056.0,2059.0,2064.0,2066.0,2070.0,2071.0,2070.0,2072.0,2073.0,2074.0,2074.0,2075.0,2077.0,2082.0,2082.0,2083.0,2083.0,2082.0,2082.0,2082.0,2082.0,2085.0,2085.0,2086.0,2092.0,2093.0,2098.0,2098.0,2098.0,2099.0,2101.0,2103.0,2103.0,2102.0,2102.0,2102.0,2101.0,2102.0,2102.0,2102.0,2102.0,2102.0,2102.0,2100.0,2101.0,2100.0,2102.0,2103.0,2103.0,2103.0,2103.0,2103.0,2104.0,2104.0,2104
8nAnoSJ7UAE,,,,,,,,,,,,,,,,,,,,,,,,,,,,,,,,,,,,,,,,,,152.0,162.0,165.0,167.0,172.0,174.0,177.0,178.0,179.0,181.0,181.0,184.0,186.0,187.0,186.0,187.0,188.0,189.0,189.0,189.0,190.0,192.0,192.0,192.0,193.0,193.0,193.0,194.0,195.0,195.0,196.0,196.0,196.0,196.0,196.0,196.0,196.0,197.0,197.0,198.0,200.0,200.0,202.0,202.0,202.0,202.0,202.0,202.0,204.0,204.0,204.0,204.0,204.0,204.0,204.0,204.0,204.0,204.0,204.0,204.0,204.0,204.0,204.0,204.0,204.0,204.0,204.0,206.0,208.0,209.0,209.0,209.0,212.0,212.0,212.0,213.0,213.0,213.0,213.0,213.0,213.0,213.0,213.0,213.0,213
TLbvzVKroWQ,,,,,,,,,,,,,,,,,,,,,,,,,,,,,,,,,,,,,,,,,,957.0,1150.0,1283.0,1370.0,1414.0,1431.0,1445.0,1463.0,1477.0,1487.0,1499.0,1508.0,1529.0,1570.0,1599.0,1609.0,1618.0,1623.0,1628.0,1637.0,1647.0,1649.0,1650.0,1655.0,1657.0,1658.0,1660.0,1660.0,1662.0,1666.0,1672.0,1678.0,1679.0,1683.0,1683.0,1683.0,1683.0,1684.0,1685.0,1687.0,1687.0,1688.0,1688.0,1688.0,1689.0,1689.0,1689.0,1690.0,1690.0,1690.0,1691.0,1691.0,1692.0,1694.0,1693.0,1695.0,1695.0,1695.0,1695.0,1695.0,1692.0,1692.0,1692.0,1692.0,1694.0,1694.0,1694.0,1694.0,1694.0,1693.0,1693.0,1694.0,1694.0,1694.0,1694.0,1693.0,1693.0,1693.0,1692.0,1692.0,1692.0,1692.0,1692.0,1692.0,1692
TLbvzVKroWQ,,,,,,,,,,,,,,,,,,,,,,,,,,,,,,,,,,,,,,,,,,957.0,1150.0,1283.0,1370.0,1414.0,1431.0,1445.0,1463.0,1477.0,1487.0,1499.0,1508.0,1529.0,1570.0,1599.0,1609.0,1618.0,1623.0,1628.0,1637.0,1647.0,1649.0,1650.0,1655.0,1657.0,1658.0,1660.0,1660.0,1662.0,1666.0,1672.0,1678.0,1679.0,1683.0,1683.0,1683.0,1683.0,1684.0,1685.0,1687.0,1687.0,1688.0,1688.0,1688.0,1689.0,1689.0,1689.0,1690.0,1690.0,1690.0,1691.0,1691.0,1692.0,1694.0,1693.0,1695.0,1695.0,1695.0,1695.0,1695.0,1692.0,1692.0,1692.0,1692.0,1694.0,1694.0,1694.0,1694.0,1694.0,1693.0,1693.0,1694.0,1694.0,1694.0,1694.0,1693.0,1693.0,1693.0,1692.0,1692.0,1692.0,1692.0,1692.0,1692.0,1692
Iy8-qPT8rQE,,,,,,,,,,,,,,,,,,,,,,,,,,,,,,,,,,,,,,,,,,663.0,1162.0,1337.0,1422.0,1472.0,1514.0,1559.0,1597.0,1625.0,1646.0,1652.0,1660.0,1665.0,1673.0,1681.0,1692.0,1698.0,1704.0,1707.0,1711.0,1715.0,1719.0,1724.0,1724.0,1728.0,1731.0,1732.0,1739.0,1739.0,1741.0,1745.0,1747.0,1748.0,1753.0,1758.0,1760.0,1762.0,1763.0,1763.0,1763.0,1769.0,1769.0,1769.0,1771.0,1772.0,1774.0,1775.0,1775.0,1775.0,1775.0,1778.0,1781.0,1782.0,1775.0,1776.0,1776.0,1778.0,1778.0,1779.0,1785.0,1786.0,1790.0,1793.0,1796.0,1794.0,1794.0,1794.0,1791.0,1791.0,1792.0,1793.0,1793.0,1794.0,1796.0,1795.0,1795.0,1795.0,1798.0,1799.0,1800.0,1803.0,1805.0,1805.0,1805.0,1805
gC7cURZsiH8,,,,,,,,,,,,,,,,,,,,,,,,,,,,,,,,,,,,,,,,,,,3444.0,3827.0,4086.0,4264.0,4389.0,4487.0,4567.0,4646.0,4730.0,4794.0,4856.0,4898.0,4922.0,4990.0,5038.0,5092.0,5140.0,5192.0,5245.0,5287.0,5323.0,5359.0,5397.0,5426.0,5443.0,5475.0,5522.0,5580.0,5626.0,5656.0,5675.0,5693.0,5706.0,5729.0,5746.0,5761.0,5771.0,5780.0,5778.0,5809.0,5827.0,5837.0,5849.0,5860.0,5870.0,5881.0,5883.0,5889.0,5894.0,5899.0,5907.0,5911.0,5916.0,5915.0,5913.0,5915.0,5917.0,5920.0,5923.0,5929.0,5932.0,5933.0,5933.0,5934.0,5935.0,5933.0,5942.0,5944.0,5949.0,5952.0,5952.0,5956.0,5962.0,5963.0,5968.0,5971.0,5976.0,5978.0,5973.0,5954.0,5957.0,5960.0,5962.0,5961
j8sdZyr8yMI,,,,,,,,,,,,,,,,,,,,,,,,,,,,,,,,,,,,,,,,,,,153.0,158.0,160.0,160.0,160.0,160.0,160.0,160.0,159.0,159.0,159.0,159.0,159.0,159.0,159.0,159.0,159.0,159.0,159.0,159.0,159.0,159.0,159.0,159.0,159.0,159.0,159.0,159.0,159.0,159.0,159.0,159.0,159.0,159.0,159.0,159.0,159.0,159.0,159.0,159.0,159.0,159.0,159.0,159.0,159.0,159.0,159.0,159.0,159.0,159.0,159.0,159.0,159.0,159.0,159.0,159.0,159.0,159.0,159.0,159.0,159.0,159.0,159.0,159.0,159.0,159.0,159.0,159.0,159.0,159.0,159.0,159.0,159.0,159.0,159.0,157.0,157.0,157.0,157.0,157.0,157.0,157.0,157.0,157
kFipqqUntXU,,,,,,,,,,,,,,,,,,,,,,,,,,,,,,,,,,,,,,,,,,,69.0,70.0,73.0,75.0,75.0,77.0,78.0,78.0,78.0,78.0,78.0,78.0,78.0,78.0,78.0,78.0,79.0,79.0,79.0,80.0,80.0,80.0,81.0,82.0,82.0,83.0,84.0,85.0,86.0,88.0,88.0,88.0,89.0,89.0,89.0,89.0,89.0,89.0,89.0,89.0,89.0,90.0,90.0,90.0,90.0,90.0,90.0,90.0,91.0,92.0,92.0,92.0,92.0,95.0,95.0,95.0,95.0,96.0,97.0,97.0,97.0,97.0,97.0,97.0,97.0,97.0,97.0,98.0,98.0,98.0,98.0,100.0,100.0,100.0,100.0,100.0,100.0,100.0,100.0,100.0,101.0,102.0,102.0,102
JC2J-10_8wk,,,,,,,,,,,,,,,,,,,,,,,,,,,,,,,,,,,,,,,,,,,7148.0,7400.0,7473.0,7524.0,7562.0,7606.0,7622.0,7645.0,7675.0,7700.0,7713.0,7730.0,7740.0,7749.0,7765.0,7777.0,7790.0,7801.0,7815.0,7818.0,7825.0,7836.0,7843.0,7855.0,7861.0,7877.0,7881.0,7895.0,7895.0,7899.0,7908.0,7912.0,7921.0,7930.0,7933.0,7937.0,7939.0,7943.0,7945.0,7946.0,7948.0,7956.0,7959.0,7962.0,7963.0,7967.0,7974.0,7974.0,7977.0,7978.0,7979.0,7977.0,7982.0,7984.0,7988.0,7992.0,7991.0,7994.0,7994.0,8001.0,8003.0,8004.0,8018.0,8023.0,8026.0,8029.0,8030.0,8031.0,8033.0,8033.0,8035.0,8035.0,8037.0,8041.0,8044.0,8043.0,8046.0,8050.0,8053.0,8052.0,8057.0,8057.0,8046.0,8046
NtDzH9Imz-8,,,,,,,,,,,,,,,,,,,,,,,,,,,,,,,,,,,,,,,,,,,745.0,863.0,979.0,1113.0,1145.0,1161.0,1179.0,1260.0,1331.0,1371.0,1396.0,1409.0,1441.0,1483.0,1497.0,1518.0,1531.0,1535.0,1544.0,1549.0,1553.0,1556.0,1557.0,1547.0,1547.0,1551.0,1552.0,1555.0,1555.0,1555.0,1557.0,1557.0,1557.0,1561.0,1561.0,1562.0,1563.0,1565.0,1567.0,1567.0,1567.0,1571.0,1580.0,1584.0,1587.0,1588.0,1590.0,1592.0,1593.0,1593.0,1593.0,1594.0,1594.0,1595.0,1596.0,1596.0,1596.0,1596.0,1596.0,1598.0,1599.0,1600.0,1602.0,1602.0,1605.0,1606.0,1606.0,1606.0,1606.0,1607.0,1607.0,1607.0,1607.0,1607.0,1609.0,1609.0,1610.0,1611.0,1610.0,1610.0,1610.0,1610.0,1610.0,1611
3hJCo2UOrhg,,,,,,,,,,,,,,,,,,,,,,,,,,,,,,,,,,,,,,,,,,,478.0,478.0,485.0,484.0,487.0,488.0,489.0,491.0,490.0,490.0,490.0,490.0,490.0,489.0,488.0,489.0,490.0,494.0,498.0,497.0,497.0,497.0,496.0,497.0,497.0,498.0,499.0,499.0,499.0,499.0,499.0,499.0,499.0,501.0,501.0,502.0,501.0,501.0,501.0,502.0,502.0,504.0,504.0,504.0,504.0,504.0,505.0,505.0,505.0,506.0,506.0,507.0,508.0,508.0,508.0,509.0,509.0,509.0,509.0,510.0,510.0,510.0,510.0,512.0,512.0,512.0,512.0,514.0,516.0,516.0,516.0,517.0,517.0,516.0,516.0,516.0,517.0,517.0,518.0,518.0,518.0,518.0,518.0,518
Iu4qA8FrUz8,,,,,,,,,,,,,,,,,,,,,,,,,,,,,,,,,,,,,,,,,,,229.0,296.0,336.0,365.0,387.0,399.0,405.0,409.0,410.0,412.0,412.0,412.0,414.0,412.0,414.0,414.0,414.0,414.0,415.0,416.0,416.0,415.0,416.0,415.0,415.0,415.0,415.0,415.0,415.0,416.0,416.0,416.0,416.0,416.0,416.0,416.0,416.0,416.0,416.0,416.0,416.0,417.0,417.0,417.0,417.0,417.0,417.0,417.0,417.0,418.0,419.0,420.0,420.0,420.0,420.0,420.0,420.0,420.0,420.0,420.0,420.0,421.0,421.0,421.0,421.0,421.0,422.0,424.0,424.0,424.0,424.0,424.0,424.0,424.0,424.0,424.0,424.0,424.0,424.0,424.0,424.0,424.0,424.0,424
7ZSUITgxjw4,,,,,,,,,,,,,,,,,,,,,,,,,,,,,,,,,,,,,,,,,,,,151.0,206.0,219.0,225.0,227.0,230.0,230.0,235.0,238.0,238.0,238.0,237.0,237.0,237.0,237.0,237.0,237.0,237.0,237.0,237.0,237.0,237.0,238.0,238.0,238.0,238.0,238.0,238.0,238.0,238.0,238.0,238.0,238.0,238.0,238.0,238.0,238.0,238.0,238.0,238.0,238.0,238.0,238.0,238.0,238.0,238.0,238.0,239.0,240.0,240.0,240.0,240.0,240.0,240.0,240.0,240.0,240.0,240.0,240.0,240.0,240.0,240.0,240.0,240.0,240.0,240.0,240.0,240.0,240.0,240.0,240.0,240.0,240.0,240.0,240.0,240.0,240.0,240.0,240.0,240.0,240.0,240.0,240
v22K_Cyvspw,,,,,,,,,,,,,,,,,,,,,,,,,,,,,,,,,,,,,,,,,,,,7816.0,7849.0,7871.0,7879.0,7890.0,7894.0,7904.0,7904.0,7906.0,7913.0,7916.0,7919.0,7924.0,7930.0,7930.0,7934.0,7937.0,7939.0,7938.0,7938.0,7938.0,7940.0,7941.0,7942.0,7941.0,7944.0,7945.0,7945.0,7947.0,7946.0,7952.0,7955.0,7955.0,7953.0,7956.0,7956.0,7957.0,7955.0,7956.0,7955.0,7957.0,7957.0,7958.0,7957.0,7955.0,7953.0,7952.0,7949.0,7952.0,7950.0,7949.0,7951.0,7951.0,7953.0,7952.0,7952.0,7951.0,7948.0,7946.0,7946.0,7945.0,7947.0,7949.0,7948.0,7946.0,7949.0,7949.0,7950.0,7939.0,7938.0,7939.0,7939.0,7938.0,7937.0,7934.0,7936.0,7937.0,7935.0,7935.0,7935.0,7933.0,7934.0,7934
JK-7RKsU3fw,,,,,,,,,,,,,,,,,,,,,,,,,,,,,,,,,,,,,,,,,,,,4972.0,6657.0,7340.0,7795.0,8163.0,8398.0,8571.0,8730.0,8846.0,8939.0,9015.0,9079.0,9134.0,9168.0,9210.0,9190.0,9213.0,9230.0,9257.0,9279.0,9299.0,9332.0,9279.0,9286.0,9319.0,9341.0,9355.0,9375.0,9384.0,9390.0,9415.0,9433.0,9440.0,9448.0,9459.0,9495.0,9507.0,9515.0,9518.0,9529.0,9530.0,9538.0,9548.0,9554.0,9558.0,9561.0,9566.0,9575.0,9584.0,9587.0,9591.0,9593.0,9594.0,9603.0,9604.0,9607.0,9613.0,9616.0,9624.0,9629.0,9633.0,9633.0,9635.0,9637.0,9646.0,9648.0,9649.0,9650.0,9655.0,9658.0,9660.0,9664.0,9671.0,9679.0,9679.0,9683.0,9680.0,9685.0,9686.0,9687.0,9694.0,9695.0,9693
H8MutZ54wXc,,,,,,,,,,,,,,,,,,,,,,,,,,,,,,,,,,,,,,,,,,,,170.0,170.0,170.0,170.0,170.0,170.0,170.0,170.0,170.0,170.0,170.0,170.0,170.0,170.0,170.0,170.0,170.0,170.0,170.0,170.0,170.0,171.0,171.0,171.0,171.0,171.0,171.0,171.0,172.0,172.0,173.0,173.0,173.0,174.0,174.0,175.0,176.0,176.0,176.0,176.0,176.0,176.0,176.0,176.0,176.0,176.0,177.0,177.0,177.0,177.0,177.0,177.0,177.0,177.0,177.0,177.0,177.0,177.0,178.0,178.0,178.0,178.0,178.0,178.0,178.0,178.0,179.0,179.0,179.0,180.0,180.0,180.0,180.0,180.0,180.0,181.0,181.0,181.0,181.0,181.0,181.0,181.0,181
2c-wYRiITQA,,,,,,,,,,,,,,,,,,,,,,,,,,,,,,,,,,,,,,,,,,,,29.0,31.0,31.0,33.0,33.0,34.0,35.0,35.0,35.0,36.0,36.0,36.0,36.0,37.0,37.0,39.0,39.0,39.0,39.0,39.0,39.0,39.0,39.0,39.0,39.0,40.0,40.0,40.0,40.0,40.0,40.0,40.0,40.0,40.0,40.0,40.0,40.0,40.0,40.0,41.0,41.0,41.0,41.0,41.0,41.0,41.0,41.0,41.0,41.0,41.0,41.0,41.0,41.0,41.0,41.0,41.0,41.0,41.0,41.0,41.0,42.0,42.0,42.0,42.0,42.0,42.0,42.0,42.0,42.0,42.0,42.0,42.0,42.0,42.0,42.0,42.0,42.0,42.0,42.0,42.0,42.0,42.0,42
9ixxUqV73Fk,,,,,,,,,,,,,,,,,,,,,,,,,,,,,,,,,,,,,,,,,,,,80.0,80.0,81.0,82.0,82.0,82.0,82.0,82.0,82.0,82.0,82.0,82.0,82.0,82.0,82.0,82.0,82.0,82.0,82.0,82.0,86.0,86.0,87.0,88.0,88.0,88.0,89.0,89.0,88.0,88.0,90.0,90.0,90.0,91.0,91.0,92.0,92.0,92.0,92.0,92.0,92.0,92.0,93.0,95.0,97.0,97.0,97.0,97.0,97.0,97.0,97.0,97.0,97.0,97.0,97.0,97.0,97.0,97.0,97.0,97.0,97.0,97.0,97.0,98.0,98.0,98.0,98.0,98.0,100.0,100.0,101.0,101.0,102.0,102.0,102.0,102.0,102.0,103.0,103.0,104.0,105.0,106.0,106
vkQ7pM2Rb3s,,,,,,,,,,,,,,,,,,,,,,,,,,,,,,,,,,,,,,,,,,,,400.0,445.0,472.0,502.0,531.0,553.0,576.0,595.0,603.0,607.0,620.0,629.0,647.0,654.0,660.0,668.0,672.0,675.0,683.0,686.0,690.0,697.0,703.0,708.0,711.0,720.0,724.0,731.0,742.0,743.0,744.0,747.0,745.0,746.0,748.0,750.0,751.0,753.0,753.0,754.0,754.0,757.0,758.0,761.0,762.0,761.0,762.0,768.0,768.0,769.0,770.0,772.0,774.0,775.0,777.0,780.0,781.0,782.0,782.0,782.0,784.0,786.0,786.0,786.0,787.0,787.0,787.0,787.0,787.0,789.0,789.0,789.0,791.0,791.0,791.0,793.0,790.0,790.0,790.0,791.0,793.0,794.0,794
c3mnsAW1WwQ,,,,,,,,,,,,,,,,,,,,,,,,,,,,,,,,,,,,,,,,,,,,,44.0,45.0,45.0,46.0,47.0,48.0,48.0,48.0,48.0,48.0,48.0,48.0,48.0,48.0,49.0,49.0,49.0,49.0,49.0,49.0,49.0,49.0,49.0,49.0,49.0,49.0,49.0,49.0,49.0,49.0,49.0,49.0,49.0,49.0,49.0,49.0,49.0,49.0,49.0,49.0,49.0,49.0,49.0,49.0,49.0,49.0,49.0,49.0,49.0,49.0,49.0,49.0,49.0,49.0,49.0,49.0,49.0,49.0,49.0,49.0,49.0,49.0,49.0,49.0,49.0,49.0,49.0,49.0,49.0,49.0,49.0,49.0,49.0,49.0,49.0,49.0,49.0,49.0,49.0,49.0,49.0,49
oadi-X_AvHA,,,,,,,,,,,,,,,,,,,,,,,,,,,,,,,,,,,,,,,,,,,,,174.0,196.0,204.0,205.0,205.0,207.0,207.0,209.0,210.0,211.0,212.0,212.0,214.0,216.0,218.0,218.0,218.0,218.0,219.0,219.0,219.0,219.0,219.0,219.0,219.0,219.0,219.0,219.0,219.0,219.0,219.0,219.0,219.0,218.0,218.0,218.0,219.0,220.0,220.0,220.0,220.0,220.0,220.0,220.0,221.0,221.0,221.0,221.0,221.0,221.0,221.0,221.0,221.0,221.0,221.0,221.0,221.0,221.0,221.0,222.0,223.0,223.0,223.0,224.0,224.0,224.0,224.0,224.0,224.0,224.0,224.0,224.0,224.0,225.0,225.0,224.0,224.0,224.0,225.0,225.0,225.0,226
BxY5l4ZK61I,,,,,,,,,,,,,,,,,,,,,,,,,,,,,,,,,,,,,,,,,,,,,0.0,0.0,0.0,0.0,0.0,0.0,0.0,0.0,0.0,0.0,0.0,0.0,0.0,0.0,0.0,0.0,0.0,0.0,0.0,0.0,0.0,0.0,0.0,0.0,0.0,0.0,0.0,0.0,0.0,0.0,0.0,0.0,0.0,0.0,0.0,0.0,0.0,0.0,0.0,0.0,0.0,0.0,0.0,0.0,0.0,0.0,0.0,0.0,0.0,0.0,0.0,0.0,0.0,0.0,0.0,0.0,0.0,0.0,0.0,0.0,0.0,0.0,0.0,0.0,0.0,0.0,0.0,0.0,0.0,0.0,0.0,0.0,0.0,0.0,0.0,0.0,0.0,0.0,0.0,0.0,0.0,0
NFXxhdwuBXY,,,,,,,,,,,,,,,,,,,,,,,,,,,,,,,,,,,,,,,,,,,,,1251.0,1381.0,1458.0,1520.0,1557.0,1592.0,1623.0,1640.0,1658.0,1662.0,1674.0,1689.0,1736.0,1789.0,1798.0,1808.0,1823.0,1826.0,1844.0,1852.0,1858.0,1868.0,1891.0,1902.0,1904.0,1907.0,1915.0,1920.0,1933.0,1938.0,1941.0,1942.0,1943.0,1945.0,1948.0,1950.0,1944.0,1945.0,1947.0,1955.0,1957.0,1959.0,1961.0,1965.0,1966.0,1968.0,1971.0,1972.0,1974.0,1978.0,1981.0,1984.0,1988.0,1989.0,1997.0,2001.0,2003.0,2004.0,2004.0,2004.0,2004.0,2005.0,2005.0,2005.0,2005.0,2009.0,2010.0,2010.0,2011.0,2011.0,2011.0,2010.0,2013.0,2013.0,2014.0,2014.0,2013.0,2013.0,2013.0,2014.0,2014.0,2015
hdLI_UzpMgw,,,,,,,,,,,,,,,,,,,,,,,,,,,,,,,,,,,,,,,,,,,,,,158.0,160.0,163.0,166.0,171.0,175.0,179.0,180.0,180.0,184.0,188.0,190.0,195.0,199.0,203.0,206.0,206.0,205.0,207.0,207.0,209.0,209.0,210.0,211.0,213.0,214.0,215.0,217.0,218.0,218.0,219.0,219.0,219.0,220.0,222.0,222.0,223.0,224.0,225.0,225.0,225.0,225.0,228.0,228.0,228.0,228.0,228.0,228.0,228.0,227.0,227.0,227.0,227.0,227.0,227.0,227.0,227.0,228.0,228.0,228.0,229.0,229.0,229.0,229.0,229.0,229.0,229.0,228.0,228.0,229.0,229.0,229.0,229.0,229.0,229.0,229.0,229.0,229.0,229.0,229.0,229
8V2SpdoRxTk,,,,,,,,,,,,,,,,,,,,,,,,,,,,,,,,,,,,,,,,,,,,,,368.0,368.0,368.0,368.0,368.0,368.0,368.0,368.0,368.0,368.0,368.0,368.0,368.0,368.0,368.0,368.0,368.0,368.0,369.0,369.0,369.0,369.0,369.0,369.0,369.0,369.0,369.0,369.0,369.0,369.0,369.0,369.0,369.0,369.0,369.0,369.0,369.0,369.0,369.0,369.0,369.0,369.0,369.0,369.0,369.0,368.0,368.0,368.0,369.0,369.0,369.0,369.0,369.0,369.0,368.0,368.0,368.0,368.0,368.0,368.0,368.0,368.0,368.0,369.0,369.0,369.0,369.0,369.0,369.0,369.0,369.0,369.0,369.0,371.0,370.0,370.0,370.0,371.0,371.0,371.0,371
edTij5oTD6U,,,,,,,,,,,,,,,,,,,,,,,,,,,,,,,,,,,,,,,,,,,,,,190.0,190.0,190.0,190.0,191.0,191.0,191.0,191.0,192.0,192.0,192.0,192.0,192.0,192.0,193.0,193.0,193.0,193.0,193.0,193.0,193.0,193.0,193.0,193.0,193.0,193.0,193.0,193.0,193.0,193.0,193.0,194.0,194.0,194.0,194.0,194.0,194.0,194.0,194.0,194.0,194.0,194.0,194.0,194.0,194.0,194.0,194.0,194.0,195.0,195.0,194.0,194.0,194.0,194.0,194.0,194.0,194.0,194.0,194.0,194.0,194.0,194.0,194.0,194.0,194.0,194.0,194.0,194.0,194.0,194.0,195.0,195.0,195.0,195.0,195.0,195.0,195.0,195.0,195.0,195.0,195
uy6deO3OWas,,,,,,,,,,,,,,,,,,,,,,,,,,,,,,,,,,,,,,,,,,,,,,9.0,12.0,12.0,12.0,12.0,12.0,12.0,12.0,12.0,12.0,12.0,12.0,12.0,12.0,12.0,12.0,12.0,12.0,12.0,12.0,12.0,12.0,12.0,12.0,12.0,12.0,12.0,13.0,13.0,13.0,13.0,13.0,13.0,13.0,13.0,13.0,13.0,13.0,13.0,13.0,13.0,14.0,14.0,14.0,14.0,14.0,14.0,14.0,14.0,14.0,14.0,14.0,14.0,14.0,14.0,14.0,14.0,14.0,14.0,14.0,14.0,14.0,14.0,14.0,14.0,14.0,14.0,14.0,14.0,14.0,14.0,14.0,14.0,14.0,14.0,14.0,14.0,14.0,14.0,14.0,14
CgCVZdcKcqY,,,,,,,,,,,,,,,,,,,,,,,,,,,,,,,,,,,,,,,,,,,,,,385670.0,388881.0,391865.0,394884.0,397400.0,400748.0,403154.0,404673.0,406283.0,407445.0,408778.0,409859.0,411106.0,412321.0,413295.0,414358.0,415240.0,416139.0,416889.0,417903.0,418826.0,419626.0,420493.0,421417.0,422114.0,422918.0,423105.0,423860.0,424539.0,425305.0,425925.0,426572.0,427162.0,426673.0,427554.0,428986.0,430195.0,431251.0,431749.0,432447.0,432829.0,433536.0,434155.0,434780.0,435331.0,435821.0,436031.0,436568.0,437230.0,437782.0,438164.0,438618.0,439233.0,439838.0,440528.0,440914.0,441304.0,441553.0,441780.0,442138.0,442327.0,442575.0,442928.0,443236.0,443486.0,443713.0,443915.0,444138.0,444503.0,444726.0,445006.0,445233.0,445414.0,445598.0,445668.0,445819.0,446058.0,446182.0,446398.0,446537.0,446210
cVY-lgH0jhA,,,,,,,,,,,,,,,,,,,,,,,,,,,,,,,,,,,,,,,,,,,,,,,43.0,45.0,48.0,50.0,50.0,50.0,50.0,50.0,50.0,50.0,50.0,50.0,50.0,50.0,50.0,50.0,50.0,50.0,50.0,50.0,50.0,50.0,50.0,50.0,50.0,50.0,50.0,50.0,50.0,50.0,50.0,50.0,50.0,50.0,50.0,50.0,50.0,50.0,50.0,50.0,50.0,50.0,50.0,50.0,50.0,50.0,50.0,50.0,50.0,50.0,50.0,50.0,50.0,50.0,50.0,50.0,50.0,50.0,50.0,50.0,50.0,50.0,50.0,50.0,50.0,50.0,50.0,50.0,50.0,50.0,50.0,50.0,50.0,50.0,50.0,50.0,50.0,50.0,50.0,50
7_yW-9m57ng,,,,,,,,,,,,,,,,,,,,,,,,,,,,,,,,,,,,,,,,,,,,,,,3.0,3.0,3.0,6.0,8.0,9.0,9.0,9.0,11.0,12.0,12.0,12.0,12.0,12.0,13.0,13.0,13.0,13.0,13.0,14.0,14.0,15.0,15.0,15.0,15.0,15.0,15.0,15.0,15.0,15.0,15.0,15.0,15.0,15.0,15.0,15.0,15.0,15.0,16.0,16.0,17.0,17.0,17.0,17.0,17.0,17.0,17.0,17.0,17.0,17.0,17.0,17.0,17.0,17.0,17.0,17.0,17.0,17.0,17.0,17.0,17.0,17.0,17.0,17.0,17.0,18.0,18.0,18.0,18.0,18.0,18.0,18.0,18.0,18.0,18.0,18.0,18.0,18.0,18.0,18
D5QtUaIuW5E,,,,,,,,,,,,,,,,,,,,,,,,,,,,,,,,,,,,,,,,,,,,,,,218.0,318.0,341.0,352.0,368.0,374.0,378.0,380.0,383.0,383.0,383.0,384.0,385.0,386.0,388.0,391.0,392.0,393.0,394.0,395.0,396.0,396.0,396.0,396.0,396.0,396.0,398.0,399.0,399.0,399.0,399.0,400.0,400.0,401.0,401.0,401.0,400.0,400.0,400.0,400.0,400.0,400.0,401.0,402.0,402.0,402.0,402.0,402.0,398.0,398.0,398.0,399.0,399.0,399.0,400.0,400.0,400.0,400.0,400.0,400.0,401.0,401.0,401.0,401.0,401.0,401.0,401.0,401.0,401.0,401.0,400.0,400.0,400.0,400.0,400.0,400.0,400.0,400.0,401.0,401
YN8sIDIp78k,,,,,,,,,,,,,,,,,,,,,,,,,,,,,,,,,,,,,,,,,,,,,,,119.0,138.0,141.0,141.0,142.0,142.0,144.0,144.0,144.0,144.0,144.0,144.0,144.0,147.0,148.0,148.0,148.0,149.0,149.0,149.0,149.0,149.0,149.0,149.0,149.0,149.0,149.0,149.0,149.0,149.0,149.0,149.0,151.0,151.0,151.0,151.0,151.0,151.0,151.0,152.0,152.0,152.0,152.0,152.0,152.0,152.0,152.0,152.0,152.0,152.0,152.0,152.0,152.0,152.0,152.0,152.0,152.0,152.0,153.0,153.0,153.0,153.0,153.0,153.0,154.0,154.0,154.0,154.0,154.0,154.0,154.0,154.0,154.0,154.0,154.0,154.0,154.0,154.0,154.0,154
W6qfC4DtcYc,,,,,,,,,,,,,,,,,,,,,,,,,,,,,,,,,,,,,,,,,,,,,,,,19.0,19.0,20.0,21.0,21.0,21.0,21.0,21.0,21.0,21.0,21.0,21.0,21.0,21.0,21.0,21.0,21.0,21.0,21.0,21.0,21.0,21.0,22.0,22.0,22.0,22.0,22.0,22.0,22.0,22.0,22.0,22.0,22.0,22.0,22.0,22.0,22.0,22.0,22.0,22.0,22.0,22.0,22.0,22.0,22.0,22.0,22.0,22.0,22.0,22.0,22.0,22.0,22.0,22.0,22.0,22.0,22.0,22.0,22.0,22.0,22.0,22.0,22.0,22.0,22.0,22.0,22.0,22.0,22.0,22.0,22.0,22.0,22.0,22.0,22.0,22.0,22.0,22.0,22
q35LeLrG7m8,,,,,,,,,,,,,,,,,,,,,,,,,,,,,,,,,,,,,,,,,,,,,,,,95.0,102.0,104.0,105.0,105.0,105.0,105.0,105.0,105.0,105.0,105.0,105.0,105.0,105.0,105.0,105.0,103.0,103.0,102.0,102.0,102.0,102.0,102.0,102.0,102.0,102.0,102.0,102.0,102.0,102.0,102.0,102.0,102.0,102.0,102.0,102.0,102.0,102.0,102.0,102.0,102.0,102.0,102.0,102.0,102.0,102.0,102.0,102.0,102.0,102.0,102.0,102.0,102.0,102.0,102.0,102.0,102.0,102.0,102.0,102.0,102.0,102.0,102.0,102.0,102.0,102.0,102.0,102.0,102.0,102.0,102.0,102.0,102.0,102.0,102.0,102.0,102.0,102.0,102
mUeTDV07F9o,,,,,,,,,,,,,,,,,,,,,,,,,,,,,,,,,,,,,,,,,,,,,,,,327.0,333.0,335.0,337.0,337.0,335.0,336.0,336.0,337.0,336.0,336.0,336.0,336.0,336.0,336.0,336.0,336.0,336.0,337.0,337.0,337.0,337.0,337.0,338.0,338.0,338.0,338.0,338.0,338.0,338.0,338.0,338.0,338.0,338.0,338.0,338.0,338.0,338.0,338.0,338.0,338.0,338.0,338.0,338.0,338.0,338.0,338.0,338.0,338.0,338.0,338.0,338.0,338.0,338.0,338.0,338.0,338.0,338.0,338.0,338.0,338.0,338.0,338.0,338.0,338.0,338.0,338.0,338.0,338.0,338.0,338.0,338.0,339.0,339.0,339.0,339.0,339.0,339.0,339
AZaNvjs7PeQ,,,,,,,,,,,,,,,,,,,,,,,,,,,,,,,,,,,,,,,,,,,,,,,,647.0,681.0,700.0,712.0,717.0,722.0,724.0,738.0,739.0,743.0,751.0,754.0,761.0,762.0,767.0,767.0,769.0,772.0,773.0,773.0,775.0,775.0,775.0,777.0,777.0,777.0,777.0,777.0,777.0,777.0,778.0,778.0,778.0,778.0,778.0,777.0,778.0,778.0,778.0,778.0,778.0,778.0,778.0,778.0,778.0,778.0,778.0,778.0,778.0,778.0,778.0,778.0,778.0,777.0,778.0,778.0,778.0,778.0,778.0,778.0,778.0,778.0,778.0,778.0,778.0,778.0,778.0,778.0,778.0,778.0,778.0,778.0,778.0,777.0,777.0,776.0,776.0,776.0,776
IVDMKsJj-pQ,,,,,,,,,,,,,,,,,,,,,,,,,,,,,,,,,,,,,,,,,,,,,,,,195.0,198.0,198.0,200.0,201.0,202.0,202.0,203.0,203.0,203.0,203.0,204.0,204.0,204.0,204.0,206.0,206.0,206.0,206.0,206.0,206.0,206.0,206.0,206.0,206.0,206.0,206.0,206.0,206.0,207.0,208.0,208.0,208.0,208.0,209.0,209.0,209.0,209.0,209.0,209.0,209.0,210.0,210.0,210.0,211.0,214.0,214.0,214.0,214.0,214.0,214.0,214.0,215.0,215.0,215.0,215.0,215.0,215.0,215.0,215.0,215.0,215.0,215.0,215.0,215.0,215.0,216.0,216.0,216.0,216.0,216.0,216.0,216.0,216.0,216.0,216.0,216.0,216.0,217
DbWHR_DDfUY,,,,,,,,,,,,,,,,,,,,,,,,,,,,,,,,,,,,,,,,,,,,,,,,111.0,117.0,121.0,123.0,124.0,125.0,125.0,126.0,126.0,126.0,126.0,126.0,126.0,126.0,126.0,126.0,126.0,126.0,126.0,126.0,126.0,125.0,125.0,125.0,125.0,125.0,127.0,127.0,127.0,128.0,128.0,128.0,129.0,129.0,129.0,129.0,129.0,129.0,129.0,129.0,129.0,129.0,129.0,129.0,129.0,128.0,128.0,129.0,129.0,129.0,129.0,129.0,129.0,129.0,129.0,129.0,128.0,128.0,128.0,128.0,128.0,128.0,128.0,128.0,128.0,128.0,128.0,129.0,129.0,129.0,129.0,129.0,129.0,129.0,129.0,129.0,129.0,129.0,129
DLZ8DogIMPs,,,,,,,,,,,,,,,,,,,,,,,,,,,,,,,,,,,,,,,,,,,,,,,,6420.0,6564.0,6691.0,6790.0,6868.0,6972.0,7033.0,7070.0,7107.0,7148.0,7254.0,7324.0,7363.0,7384.0,7389.0,7389.0,7390.0,7392.0,7402.0,7409.0,7413.0,7419.0,7422.0,7427.0,7433.0,7438.0,7442.0,7445.0,7449.0,7449.0,7452.0,7458.0,7459.0,7461.0,7465.0,7460.0,7460.0,7465.0,7468.0,7472.0,7473.0,7474.0,7475.0,7477.0,7480.0,7484.0,7483.0,7483.0,7485.0,7487.0,7489.0,7489.0,7493.0,7495.0,7498.0,7499.0,7502.0,7507.0,7507.0,7507.0,7509.0,7512.0,7514.0,7516.0,7525.0,7536.0,7547.0,7551.0,7559.0,7564.0,7571.0,7578.0,7585.0,7585.0,7585.0,7585.0,7584.0,7584.0,7584
8tzv_THMMj4,,,,,,,,,,,,,,,,,,,,,,,,,,,,,,,,,,,,,,,,,,,,,,,,285.0,375.0,389.0,392.0,393.0,392.0,393.0,393.0,393.0,393.0,393.0,392.0,392.0,392.0,392.0,392.0,392.0,392.0,392.0,393.0,393.0,392.0,392.0,392.0,392.0,392.0,392.0,392.0,392.0,392.0,392.0,392.0,392.0,392.0,392.0,392.0,392.0,392.0,392.0,392.0,392.0,392.0,392.0,392.0,392.0,392.0,392.0,392.0,392.0,392.0,392.0,392.0,392.0,392.0,392.0,392.0,392.0,392.0,392.0,392.0,393.0,393.0,393.0,393.0,392.0,392.0,392.0,392.0,392.0,392.0,392.0,392.0,392.0,392.0,392.0,392.0,392.0,392.0,392
E3Xgzzh50H0,,,,,,,,,,,,,,,,,,,,,,,,,,,,,,,,,,,,,,,,,,,,,,,,0.0,0.0,0.0,0.0,0.0,0.0,0.0,0.0,0.0,0.0,0.0,0.0,0.0,0.0,0.0,0.0,0.0,0.0,0.0,0.0,0.0,0.0,0.0,0.0,0.0,0.0,0.0,0.0,0.0,0.0,0.0,0.0,0.0,0.0,0.0,0.0,0.0,0.0,0.0,0.0,0.0,0.0,0.0,0.0,0.0,0.0,0.0,0.0,0.0,0.0,0.0,0.0,0.0,0.0,0.0,0.0,0.0,0.0,0.0,0.0,0.0,0.0,0.0,0.0,0.0,0.0,0.0,0.0,0.0,0.0,0.0,0.0,0.0,0.0,0.0,0.0,0.0,0.0,0
1VO5KiU-7Eg,,,,,,,,,,,,,,,,,,,,,,,,,,,,,,,,,,,,,,,,,,,,,,,,3.0,3.0,3.0,3.0,3.0,3.0,3.0,3.0,3.0,3.0,3.0,3.0,3.0,3.0,3.0,3.0,3.0,3.0,3.0,3.0,3.0,3.0,3.0,3.0,3.0,3.0,3.0,3.0,3.0,3.0,3.0,3.0,3.0,3.0,3.0,3.0,3.0,3.0,3.0,3.0,3.0,3.0,3.0,3.0,3.0,3.0,3.0,3.0,3.0,3.0,3.0,3.0,3.0,3.0,3.0,3.0,3.0,3.0,3.0,3.0,3.0,3.0,3.0,3.0,3.0,3.0,3.0,3.0,3.0,3.0,3.0,3.0,3.0,3.0,3.0,3.0,3.0,3.0,3
3mqMQUSyLPA,,,,,,,,,,,,,,,,,,,,,,,,,,,,,,,,,,,,,,,,,,,,,,,,57.0,71.0,75.0,79.0,87.0,87.0,87.0,88.0,89.0,90.0,89.0,89.0,90.0,91.0,91.0,91.0,91.0,91.0,91.0,91.0,91.0,91.0,92.0,92.0,92.0,92.0,92.0,92.0,92.0,92.0,92.0,92.0,92.0,93.0,94.0,94.0,95.0,95.0,95.0,95.0,95.0,95.0,95.0,96.0,96.0,96.0,96.0,96.0,96.0,96.0,96.0,96.0,96.0,96.0,96.0,96.0,96.0,96.0,96.0,96.0,96.0,96.0,96.0,96.0,96.0,96.0,96.0,96.0,96.0,96.0,96.0,96.0,96.0,95.0,95.0,98.0,98.0,98.0,98
7wmI0p2E6j0,,,,,,,,,,,,,,,,,,,,,,,,,,,,,,,,,,,,,,,,,,,,,,,,39.0,39.0,40.0,40.0,40.0,40.0,40.0,40.0,40.0,40.0,42.0,42.0,42.0,42.0,42.0,42.0,42.0,42.0,42.0,42.0,42.0,42.0,42.0,42.0,42.0,42.0,42.0,42.0,42.0,42.0,42.0,42.0,42.0,42.0,42.0,42.0,42.0,42.0,42.0,42.0,42.0,42.0,42.0,42.0,42.0,42.0,42.0,42.0,42.0,42.0,42.0,42.0,42.0,42.0,42.0,42.0,42.0,42.0,42.0,42.0,42.0,42.0,43.0,43.0,43.0,43.0,43.0,43.0,43.0,43.0,43.0,43.0,43.0,43.0,43.0,43.0,43.0,43.0,43
yDBteBsTNnI,,,,,,,,,,,,,,,,,,,,,,,,,,,,,,,,,,,,,,,,,,,,,,,,0.0,0.0,0.0,0.0,0.0,0.0,0.0,0.0,0.0,0.0,0.0,0.0,0.0,0.0,0.0,0.0,0.0,0.0,0.0,0.0,0.0,0.0,0.0,0.0,0.0,0.0,0.0,0.0,0.0,0.0,0.0,0.0,0.0,0.0,0.0,0.0,0.0,0.0,0.0,0.0,0.0,0.0,0.0,0.0,0.0,0.0,0.0,0.0,0.0,0.0,0.0,0.0,0.0,0.0,0.0,0.0,0.0,0.0,0.0,0.0,0.0,0.0,0.0,0.0,0.0,0.0,0.0,0.0,0.0,0.0,0.0,0.0,0.0,0.0,0.0,0.0,0.0,0.0,0
lB3C0Kpbg_0,,,,,,,,,,,,,,,,,,,,,,,,,,,,,,,,,,,,,,,,,,,,,,,,37.0,37.0,37.0,37.0,37.0,37.0,37.0,37.0,38.0,38.0,39.0,39.0,40.0,40.0,40.0,40.0,40.0,40.0,40.0,40.0,40.0,40.0,40.0,40.0,40.0,40.0,41.0,41.0,41.0,41.0,42.0,42.0,42.0,42.0,42.0,42.0,42.0,42.0,42.0,42.0,42.0,42.0,43.0,43.0,43.0,43.0,43.0,43.0,43.0,43.0,43.0,43.0,43.0,43.0,43.0,43.0,43.0,43.0,43.0,43.0,43.0,43.0,43.0,43.0,43.0,43.0,43.0,43.0,43.0,43.0,43.0,43.0,43.0,43.0,43.0,43.0,43.0,43.0,43
dF9rN7eOVks,,,,,,,,,,,,,,,,,,,,,,,,,,,,,,,,,,,,,,,,,,,,,,,,311.0,376.0,402.0,403.0,403.0,403.0,403.0,403.0,403.0,403.0,403.0,403.0,403.0,403.0,403.0,403.0,403.0,403.0,401.0,401.0,401.0,401.0,401.0,401.0,401.0,401.0,401.0,401.0,401.0,401.0,401.0,401.0,401.0,401.0,401.0,401.0,401.0,401.0,401.0,401.0,401.0,401.0,401.0,401.0,401.0,400.0,400.0,400.0,400.0,399.0,399.0,399.0,399.0,399.0,399.0,398.0,398.0,398.0,398.0,398.0,397.0,396.0,396.0,396.0,396.0,396.0,396.0,396.0,396.0,396.0,396.0,396.0,396.0,396.0,396.0,396.0,396.0,396.0,396
wa0Eh9C7CCI,,,,,,,,,,,,,,,,,,,,,,,,,,,,,,,,,,,,,,,,,,,,,,,,122.0,123.0,123.0,124.0,125.0,125.0,126.0,125.0,125.0,125.0,125.0,125.0,125.0,125.0,125.0,125.0,124.0,124.0,124.0,124.0,124.0,124.0,124.0,124.0,124.0,124.0,124.0,124.0,124.0,124.0,124.0,124.0,124.0,124.0,124.0,124.0,124.0,124.0,124.0,124.0,124.0,124.0,124.0,122.0,122.0,122.0,121.0,121.0,121.0,121.0,121.0,121.0,121.0,121.0,121.0,121.0,121.0,121.0,121.0,121.0,121.0,121.0,121.0,121.0,121.0,121.0,121.0,121.0,121.0,121.0,121.0,121.0,121.0,121.0,121.0,121.0,121.0,121.0,121
ZIUNkJ2V0cs,,,,,,,,,,,,,,,,,,,,,,,,,,,,,,,,,,,,,,,,,,,,,,,,0.0,0.0,0.0,0.0,0.0,0.0,0.0,0.0,0.0,0.0,0.0,0.0,0.0,0.0,0.0,0.0,0.0,0.0,0.0,0.0,0.0,0.0,0.0,0.0,0.0,0.0,0.0,0.0,0.0,0.0,0.0,0.0,0.0,0.0,0.0,0.0,0.0,0.0,0.0,0.0,0.0,0.0,0.0,0.0,0.0,0.0,0.0,0.0,0.0,0.0,0.0,0.0,0.0,0.0,0.0,0.0,0.0,0.0,0.0,0.0,0.0,0.0,0.0,0.0,0.0,0.0,0.0,0.0,0.0,0.0,0.0,0.0,0.0,0.0,0.0,0.0,0.0,0.0,0
R8kRJ6FFUsA,,,,,,,,,,,,,,,,,,,,,,,,,,,,,,,,,,,,,,,,,,,,,,,,820.0,824.0,830.0,831.0,833.0,833.0,837.0,838.0,838.0,839.0,839.0,838.0,839.0,839.0,841.0,840.0,841.0,842.0,842.0,842.0,842.0,844.0,846.0,846.0,846.0,846.0,847.0,847.0,848.0,848.0,848.0,848.0,848.0,848.0,849.0,849.0,850.0,851.0,851.0,851.0,851.0,851.0,851.0,851.0,851.0,851.0,851.0,851.0,853.0,853.0,853.0,853.0,853.0,853.0,853.0,855.0,857.0,857.0,857.0,857.0,857.0,857.0,857.0,857.0,857.0,857.0,857.0,857.0,857.0,857.0,857.0,857.0,857.0,857.0,857.0,858.0,858.0,858.0,858
5GAGJt4Vew0,,,,,,,,,,,,,,,,,,,,,,,,,,,,,,,,,,,,,,,,,,,,,,,,576.0,576.0,576.0,582.0,582.0,582.0,588.0,589.0,591.0,591.0,591.0,592.0,592.0,592.0,591.0,591.0,591.0,591.0,591.0,591.0,591.0,591.0,591.0,591.0,591.0,591.0,591.0,591.0,591.0,591.0,591.0,591.0,591.0,591.0,591.0,590.0,590.0,590.0,590.0,590.0,590.0,590.0,590.0,590.0,590.0,590.0,590.0,590.0,590.0,590.0,590.0,590.0,590.0,590.0,590.0,590.0,590.0,590.0,590.0,590.0,590.0,590.0,590.0,590.0,590.0,590.0,590.0,590.0,590.0,590.0,590.0,590.0,590.0,590.0,590.0,590.0,590.0,590.0,590
GpRczHt0lBE,,,,,,,,,,,,,,,,,,,,,,,,,,,,,,,,,,,,,,,,,,,,,,,,0.0,0.0,0.0,0.0,0.0,0.0,0.0,0.0,0.0,0.0,0.0,0.0,0.0,0.0,0.0,0.0,0.0,0.0,0.0,0.0,0.0,0.0,0.0,0.0,0.0,0.0,0.0,0.0,0.0,0.0,0.0,0.0,0.0,0.0,0.0,0.0,0.0,0.0,0.0,0.0,0.0,0.0,0.0,0.0,0.0,0.0,0.0,0.0,0.0,0.0,0.0,0.0,0.0,0.0,0.0,0.0,0.0,0.0,0.0,0.0,0.0,0.0,0.0,0.0,0.0,0.0,0.0,0.0,0.0,0.0,0.0,0.0,0.0,0.0,0.0,0.0,0.0,0.0,0
4RTcBgcVtOE,,,,,,,,,,,,,,,,,,,,,,,,,,,,,,,,,,,,,,,,,,,,,,,,266.0,299.0,319.0,326.0,332.0,341.0,344.0,345.0,347.0,348.0,350.0,353.0,358.0,358.0,359.0,361.0,361.0,361.0,362.0,363.0,364.0,364.0,366.0,366.0,366.0,365.0,365.0,365.0,365.0,366.0,367.0,367.0,367.0,368.0,368.0,368.0,368.0,370.0,370.0,370.0,371.0,370.0,370.0,370.0,370.0,371.0,373.0,373.0,373.0,373.0,373.0,374.0,375.0,374.0,374.0,374.0,374.0,375.0,375.0,375.0,375.0,374.0,377.0,377.0,377.0,377.0,377.0,377.0,377.0,377.0,377.0,377.0,377.0,376.0,376.0,377.0,377.0,378.0,378
nJdlElIDWYE,,,,,,,,,,,,,,,,,,,,,,,,,,,,,,,,,,,,,,,,,,,,,,,,,392.0,394.0,406.0,416.0,422.0,427.0,438.0,442.0,442.0,444.0,451.0,453.0,458.0,456.0,459.0,459.0,459.0,450.0,453.0,453.0,454.0,454.0,454.0,454.0,454.0,454.0,456.0,456.0,456.0,456.0,458.0,458.0,458.0,458.0,459.0,459.0,459.0,459.0,459.0,459.0,460.0,460.0,460.0,463.0,463.0,464.0,464.0,464.0,460.0,462.0,462.0,462.0,463.0,464.0,464.0,464.0,464.0,464.0,464.0,464.0,464.0,465.0,466.0,467.0,466.0,466.0,466.0,466.0,467.0,467.0,467.0,467.0,465.0,465.0,465.0,465.0,466.0,466
W8ml4ryPwic,,,,,,,,,,,,,,,,,,,,,,,,,,,,,,,,,,,,,,,,,,,,,,,,,5874.0,6284.0,7424.0,9728.0,12080.0,14313.0,16385.0,18361.0,19992.0,20856.0,20900.0,20945.0,20971.0,20997.0,21032.0,21069.0,21083.0,21106.0,21136.0,21175.0,21206.0,21230.0,21250.0,21261.0,21272.0,21290.0,21305.0,21319.0,21331.0,21343.0,21367.0,21375.0,21386.0,21406.0,21404.0,21411.0,21420.0,21430.0,21439.0,21446.0,21458.0,21465.0,21469.0,21471.0,21476.0,21479.0,21479.0,21483.0,21483.0,21491.0,21491.0,21494.0,21498.0,21502.0,21505.0,21508.0,21506.0,21497.0,21497.0,21505.0,21507.0,21494.0,21500.0,21503.0,21502.0,21508.0,21512.0,21518.0,21523.0,21527.0,21522.0,21528.0,21533.0,21538.0,21535.0,21537.0,21540.0,21536
x6ICoe6Ntnw,,,,,,,,,,,,,,,,,,,,,,,,,,,,,,,,,,,,,,,,,,,,,,,,,1845.0,1928.0,1980.0,2020.0,2090.0,2115.0,2144.0,2177.0,2204.0,2219.0,2248.0,2260.0,2284.0,2309.0,2339.0,2349.0,2366.0,2383.0,2394.0,2404.0,2418.0,2428.0,2449.0,2482.0,2512.0,2543.0,2557.0,2566.0,2571.0,2575.0,2580.0,2587.0,2594.0,2603.0,2609.0,2613.0,2620.0,2623.0,2629.0,2628.0,2631.0,2634.0,2638.0,2643.0,2646.0,2647.0,2646.0,2645.0,2647.0,2648.0,2651.0,2655.0,2657.0,2664.0,2667.0,2668.0,2670.0,2671.0,2673.0,2678.0,2682.0,2687.0,2691.0,2698.0,2710.0,2713.0,2727.0,2731.0,2732.0,2734.0,2735.0,2737.0,2738.0,2738.0,2739.0,2741.0,2742.0,2747
kOV4qANBdPE,,,,,,,,,,,,,,,,,,,,,,,,,,,,,,,,,,,,,,,,,,,,,,,,,84.0,87.0,87.0,88.0,88.0,88.0,88.0,89.0,89.0,89.0,90.0,90.0,90.0,90.0,91.0,91.0,91.0,92.0,92.0,92.0,92.0,92.0,92.0,92.0,92.0,92.0,92.0,92.0,92.0,92.0,92.0,92.0,92.0,92.0,92.0,92.0,92.0,92.0,92.0,92.0,92.0,92.0,92.0,92.0,92.0,92.0,92.0,92.0,92.0,92.0,92.0,92.0,92.0,92.0,92.0,92.0,92.0,92.0,92.0,92.0,92.0,93.0,93.0,93.0,93.0,93.0,93.0,93.0,93.0,93.0,93.0,93.0,93.0,93.0,92.0,92.0,92.0,92
ltOT9r6oa8g,,,,,,,,,,,,,,,,,,,,,,,,,,,,,,,,,,,,,,,,,,,,,,,,,62.0,62.0,62.0,62.0,62.0,62.0,62.0,62.0,62.0,62.0,62.0,62.0,62.0,62.0,62.0,62.0,62.0,62.0,62.0,62.0,62.0,62.0,62.0,62.0,62.0,62.0,62.0,62.0,62.0,62.0,62.0,62.0,62.0,62.0,62.0,62.0,62.0,62.0,62.0,62.0,62.0,62.0,62.0,62.0,62.0,62.0,62.0,62.0,62.0,62.0,62.0,62.0,62.0,62.0,62.0,62.0,62.0,62.0,62.0,62.0,62.0,62.0,62.0,62.0,62.0,62.0,62.0,62.0,62.0,62.0,62.0,62.0,62.0,62.0,62.0,62.0,62.0,62
XW1-morHUiU,,,,,,,,,,,,,,,,,,,,,,,,,,,,,,,,,,,,,,,,,,,,,,,,,351.0,364.0,373.0,379.0,381.0,384.0,386.0,387.0,390.0,392.0,392.0,392.0,392.0,392.0,392.0,392.0,392.0,393.0,393.0,393.0,393.0,393.0,392.0,392.0,392.0,392.0,393.0,394.0,395.0,395.0,395.0,395.0,395.0,395.0,395.0,395.0,396.0,397.0,397.0,397.0,398.0,398.0,398.0,398.0,398.0,398.0,398.0,398.0,398.0,398.0,398.0,398.0,398.0,399.0,399.0,400.0,400.0,400.0,400.0,400.0,400.0,399.0,399.0,399.0,399.0,399.0,399.0,399.0,399.0,400.0,399.0,399.0,399.0,399.0,399.0,399.0,399.0,399
LRhTNZ99LDY,,,,,,,,,,,,,,,,,,,,,,,,,,,,,,,,,,,,,,,,,,,,,,,,,,1038.0,1455.0,1591.0,1687.0,1753.0,1788.0,1814.0,1838.0,1854.0,1860.0,1869.0,1872.0,1879.0,1886.0,1889.0,1891.0,1894.0,1898.0,1899.0,1897.0,1898.0,1898.0,1900.0,1901.0,1901.0,1902.0,1905.0,1905.0,1907.0,1907.0,1904.0,1906.0,1907.0,1907.0,1907.0,1907.0,1907.0,1907.0,1907.0,1907.0,1907.0,1909.0,1909.0,1909.0,1910.0,1910.0,1910.0,1909.0,1909.0,1909.0,1909.0,1909.0,1909.0,1910.0,1910.0,1910.0,1907.0,1907.0,1907.0,1907.0,1908.0,1908.0,1908.0,1909.0,1909.0,1909.0,1909.0,1909.0,1909.0,1909.0,1909.0,1909.0,1908.0,1909.0,1909.0,1909.0,1909
XuBE8ns_Ato,,,,,,,,,,,,,,,,,,,,,,,,,,,,,,,,,,,,,,,,,,,,,,,,,,2080.0,2832.0,3089.0,3300.0,3438.0,3526.0,3613.0,3697.0,3762.0,3833.0,3870.0,3894.0,3873.0,3909.0,3973.0,4015.0,4032.0,4048.0,4063.0,4067.0,4073.0,4078.0,4084.0,4093.0,4096.0,4100.0,4102.0,4108.0,4112.0,4117.0,4122.0,4123.0,4129.0,4131.0,4133.0,4136.0,4139.0,4143.0,4145.0,4148.0,4147.0,4151.0,4150.0,4155.0,4156.0,4160.0,4160.0,4165.0,4167.0,4166.0,4159.0,4162.0,4166.0,4167.0,4174.0,4178.0,4182.0,4183.0,4185.0,4186.0,4189.0,4190.0,4191.0,4192.0,4193.0,4195.0,4195.0,4195.0,4198.0,4202.0,4204.0,4208.0,4209.0,4214.0,4214.0,4214.0,4218
Ns216UEVvRQ,,,,,,,,,,,,,,,,,,,,,,,,,,,,,,,,,,,,,,,,,,,,,,,,,,229.0,236.0,239.0,241.0,245.0,245.0,246.0,246.0,247.0,247.0,247.0,247.0,248.0,249.0,249.0,250.0,250.0,250.0,250.0,250.0,250.0,250.0,251.0,251.0,251.0,251.0,251.0,251.0,251.0,251.0,251.0,251.0,252.0,252.0,252.0,252.0,252.0,252.0,252.0,252.0,252.0,252.0,252.0,252.0,252.0,252.0,252.0,252.0,252.0,252.0,252.0,252.0,252.0,252.0,252.0,252.0,252.0,252.0,252.0,252.0,252.0,252.0,252.0,252.0,252.0,252.0,252.0,252.0,252.0,252.0,252.0,252.0,252.0,252.0,252.0,252.0,252
gEDtbt5-wtU,,,,,,,,,,,,,,,,,,,,,,,,,,,,,,,,,,,,,,,,,,,,,,,,,,0.0,0.0,0.0,0.0,0.0,0.0,0.0,0.0,0.0,0.0,0.0,0.0,0.0,0.0,0.0,0.0,0.0,0.0,0.0,0.0,0.0,0.0,0.0,0.0,0.0,0.0,0.0,0.0,0.0,0.0,0.0,0.0,0.0,0.0,0.0,0.0,0.0,0.0,0.0,0.0,0.0,0.0,0.0,0.0,0.0,0.0,0.0,0.0,0.0,0.0,0.0,0.0,0.0,0.0,0.0,0.0,0.0,0.0,0.0,0.0,0.0,0.0,0.0,0.0,0.0,0.0,0.0,0.0,0.0,0.0,0.0,0.0,0.0,0.0,0.0,0.0,0
KEFG06sNbDs,,,,,,,,,,,,,,,,,,,,,,,,,,,,,,,,,,,,,,,,,,,,,,,,,,15.0,17.0,19.0,20.0,20.0,20.0,20.0,20.0,21.0,21.0,21.0,21.0,21.0,21.0,21.0,21.0,21.0,21.0,21.0,22.0,22.0,22.0,22.0,22.0,22.0,22.0,23.0,23.0,23.0,23.0,23.0,24.0,24.0,24.0,24.0,24.0,24.0,24.0,24.0,24.0,24.0,24.0,24.0,24.0,24.0,24.0,24.0,24.0,24.0,24.0,24.0,24.0,24.0,24.0,24.0,24.0,24.0,24.0,24.0,24.0,24.0,24.0,24.0,24.0,24.0,24.0,24.0,24.0,24.0,24.0,24.0,24.0,24.0,24.0,24.0,24.0,24
SI0h-FkWd08,,,,,,,,,,,,,,,,,,,,,,,,,,,,,,,,,,,,,,,,,,,,,,,,,,94.0,124.0,135.0,140.0,156.0,157.0,157.0,158.0,159.0,160.0,164.0,163.0,165.0,166.0,165.0,167.0,169.0,169.0,169.0,169.0,169.0,170.0,170.0,171.0,171.0,171.0,171.0,171.0,171.0,171.0,170.0,170.0,170.0,170.0,170.0,170.0,170.0,170.0,170.0,169.0,169.0,169.0,169.0,169.0,169.0,169.0,169.0,169.0,169.0,169.0,169.0,169.0,169.0,169.0,169.0,169.0,170.0,170.0,170.0,170.0,170.0,170.0,170.0,170.0,170.0,170.0,170.0,170.0,170.0,170.0,170.0,170.0,170.0,171.0,171.0,171.0,171
u0nVsDzpjRU,,,,,,,,,,,,,,,,,,,,,,,,,,,,,,,,,,,,,,,,,,,,,,,,,,104.0,119.0,120.0,122.0,125.0,126.0,127.0,127.0,128.0,128.0,128.0,128.0,128.0,128.0,128.0,129.0,129.0,129.0,129.0,129.0,129.0,129.0,129.0,129.0,129.0,129.0,129.0,129.0,129.0,129.0,129.0,129.0,128.0,128.0,128.0,128.0,128.0,128.0,128.0,128.0,128.0,128.0,128.0,128.0,128.0,128.0,128.0,128.0,128.0,128.0,128.0,128.0,128.0,128.0,128.0,128.0,128.0,128.0,128.0,128.0,128.0,128.0,128.0,128.0,128.0,127.0,127.0,127.0,127.0,127.0,127.0,127.0,127.0,127.0,127.0,127.0,127
ZZ1lfi_oXto,,,,,,,,,,,,,,,,,,,,,,,,,,,,,,,,,,,,,,,,,,,,,,,,,,203.0,225.0,228.0,231.0,233.0,235.0,235.0,236.0,238.0,237.0,237.0,237.0,238.0,238.0,238.0,239.0,239.0,239.0,239.0,239.0,239.0,239.0,240.0,240.0,239.0,240.0,240.0,240.0,240.0,240.0,240.0,240.0,240.0,240.0,240.0,240.0,240.0,240.0,240.0,240.0,240.0,240.0,240.0,243.0,243.0,243.0,243.0,243.0,243.0,243.0,243.0,243.0,243.0,243.0,243.0,243.0,243.0,243.0,243.0,243.0,243.0,243.0,243.0,243.0,243.0,244.0,244.0,244.0,244.0,244.0,244.0,243.0,243.0,243.0,243.0,243.0,244
1XAhJEswbCM,,,,,,,,,,,,,,,,,,,,,,,,,,,,,,,,,,,,,,,,,,,,,,,,,,,66.0,66.0,68.0,68.0,68.0,68.0,68.0,68.0,68.0,68.0,68.0,68.0,68.0,68.0,68.0,68.0,68.0,68.0,68.0,68.0,68.0,68.0,68.0,68.0,68.0,68.0,68.0,69.0,69.0,69.0,69.0,69.0,69.0,69.0,69.0,69.0,69.0,69.0,70.0,70.0,70.0,70.0,70.0,70.0,70.0,70.0,70.0,70.0,70.0,70.0,70.0,70.0,70.0,70.0,70.0,70.0,70.0,70.0,70.0,70.0,70.0,70.0,70.0,70.0,70.0,70.0,70.0,70.0,70.0,70.0,70.0,70.0,70.0,70.0,70.0,70
DX_QE4d5fP4,,,,,,,,,,,,,,,,,,,,,,,,,,,,,,,,,,,,,,,,,,,,,,,,,,,39.0,51.0,52.0,52.0,54.0,54.0,54.0,54.0,54.0,54.0,55.0,55.0,55.0,55.0,55.0,55.0,55.0,55.0,55.0,55.0,55.0,55.0,55.0,56.0,56.0,56.0,56.0,56.0,56.0,56.0,56.0,56.0,56.0,56.0,56.0,56.0,56.0,56.0,56.0,56.0,56.0,56.0,56.0,56.0,56.0,56.0,56.0,56.0,56.0,56.0,56.0,56.0,56.0,56.0,56.0,56.0,56.0,56.0,56.0,56.0,56.0,56.0,56.0,56.0,56.0,56.0,56.0,56.0,56.0,56.0,56.0,56.0,56.0,56.0,56.0,56
rRzdwV0Tr6w,,,,,,,,,,,,,,,,,,,,,,,,,,,,,,,,,,,,,,,,,,,,,,,,,,,146.0,215.0,590.0,604.0,613.0,618.0,621.0,625.0,626.0,628.0,632.0,645.0,638.0,635.0,636.0,639.0,639.0,629.0,627.0,626.0,625.0,625.0,615.0,610.0,609.0,584.0,576.0,570.0,556.0,547.0,544.0,534.0,531.0,531.0,515.0,512.0,507.0,505.0,504.0,499.0,497.0,492.0,491.0,490.0,490.0,480.0,469.0,465.0,464.0,460.0,461.0,456.0,452.0,450.0,449.0,447.0,448.0,447.0,444.0,444.0,431.0,431.0,431.0,431.0,431.0,430.0,430.0,434.0,449.0,454.0,402.0,401.0,401.0,401.0,401.0,401
Kubud_aEkN0,,,,,,,,,,,,,,,,,,,,,,,,,,,,,,,,,,,,,,,,,,,,,,,,,,,24865.0,26337.0,27180.0,27542.0,27800.0,28032.0,28190.0,28314.0,28425.0,28519.0,28613.0,28703.0,28794.0,28879.0,28974.0,29053.0,29105.0,29193.0,29250.0,29300.0,29333.0,29428.0,29477.0,29525.0,29559.0,29599.0,29628.0,29662.0,29775.0,29784.0,29790.0,29790.0,29788.0,29787.0,29782.0,29785.0,29786.0,29789.0,29793.0,29794.0,29787.0,29785.0,29779.0,29781.0,29771.0,29767.0,29765.0,29760.0,29758.0,29753.0,29751.0,29746.0,29746.0,29743.0,29740.0,29730.0,29731.0,29727.0,29724.0,29717.0,29713.0,29709.0,29709.0,29706.0,29703.0,29704.0,29704.0,29702.0,29702.0,29694.0,29687.0,29684.0,29651.0,29646.0,29651.0,29648
1ObLUoB4rSY,,,,,,,,,,,,,,,,,,,,,,,,,,,,,,,,,,,,,,,,,,,,,,,,,,,,47.0,48.0,49.0,50.0,49.0,50.0,50.0,50.0,50.0,50.0,50.0,50.0,50.0,50.0,50.0,50.0,51.0,50.0,50.0,50.0,50.0,50.0,50.0,50.0,50.0,49.0,49.0,49.0,49.0,49.0,49.0,49.0,49.0,49.0,49.0,49.0,49.0,49.0,50.0,50.0,50.0,50.0,50.0,50.0,50.0,50.0,50.0,50.0,50.0,50.0,50.0,50.0,50.0,50.0,50.0,50.0,50.0,50.0,50.0,50.0,50.0,50.0,50.0,50.0,50.0,50.0,51.0,51.0,51.0,51.0,51.0,51.0,51.0,52.0,52
wJ9cnMRYKCI,,,,,,,,,,,,,,,,,,,,,,,,,,,,,,,,,,,,,,,,,,,,,,,,,,,,46.0,63.0,72.0,77.0,77.0,78.0,81.0,84.0,85.0,87.0,87.0,87.0,87.0,88.0,89.0,90.0,90.0,90.0,90.0,90.0,90.0,90.0,91.0,91.0,92.0,92.0,93.0,93.0,94.0,96.0,96.0,96.0,96.0,98.0,98.0,98.0,98.0,102.0,103.0,103.0,105.0,105.0,110.0,110.0,111.0,112.0,112.0,112.0,112.0,112.0,112.0,112.0,112.0,112.0,112.0,112.0,112.0,112.0,112.0,112.0,112.0,112.0,112.0,112.0,112.0,112.0,112.0,112.0,112.0,112.0,112.0,112.0,112.0,112.0,112
CuCUKGyco80,,,,,,,,,,,,,,,,,,,,,,,,,,,,,,,,,,,,,,,,,,,,,,,,,,,,,2242.0,2242.0,2242.0,2243.0,2242.0,2242.0,2243.0,2243.0,2243.0,2243.0,2243.0,2243.0,2244.0,2245.0,2246.0,2248.0,2248.0,2251.0,2252.0,2252.0,2248.0,2249.0,2249.0,2249.0,2250.0,2251.0,2252.0,2252.0,2253.0,2253.0,2253.0,2253.0,2253.0,2253.0,2254.0,2258.0,2258.0,2258.0,2259.0,2258.0,2259.0,2260.0,2261.0,2261.0,2262.0,2262.0,2263.0,2263.0,2263.0,2263.0,2263.0,2263.0,2266.0,2267.0,2268.0,2267.0,2268.0,2270.0,2271.0,2270.0,2270.0,2270.0,2269.0,2268.0,2269.0,2269.0,2269.0,2261.0,2262.0,2262.0,2263.0,2263.0,2263.0,2263
hP092xFmmUo,,,,,,,,,,,,,,,,,,,,,,,,,,,,,,,,,,,,,,,,,,,,,,,,,,,,,1017.0,1017.0,1017.0,1020.0,1020.0,1020.0,1020.0,1020.0,1021.0,1021.0,1021.0,1021.0,1021.0,1021.0,1021.0,1021.0,1021.0,1021.0,1022.0,1022.0,1022.0,1022.0,1022.0,1022.0,1022.0,1022.0,1022.0,1022.0,1022.0,1022.0,1020.0,1020.0,1019.0,1019.0,1019.0,1018.0,1018.0,1018.0,1019.0,1020.0,1022.0,1022.0,1022.0,1022.0,1022.0,1022.0,1022.0,1022.0,1022.0,1022.0,1022.0,1022.0,1022.0,1022.0,1022.0,1022.0,1022.0,1023.0,1023.0,1023.0,1022.0,1022.0,1023.0,1022.0,1022.0,1023.0,1023.0,1022.0,1022.0,1023.0,1023.0,1023.0,1023.0,1023
HmAtJr0Mhh4,,,,,,,,,,,,,,,,,,,,,,,,,,,,,,,,,,,,,,,,,,,,,,,,,,,,,,7510.0,8146.0,8626.0,9022.0,9133.0,9204.0,9363.0,9494.0,9592.0,9627.0,9620.0,9658.0,9692.0,9715.0,9765.0,9788.0,9778.0,9803.0,9816.0,9840.0,9844.0,9868.0,9873.0,9887.0,9905.0,9918.0,9927.0,9942.0,9934.0,9946.0,9959.0,9967.0,9980.0,9987.0,9996.0,10005.0,10012.0,10027.0,10031.0,10043.0,10052.0,10061.0,10070.0,10072.0,10079.0,10084.0,10091.0,10104.0,10107.0,10113.0,10126.0,10135.0,10149.0,10158.0,10172.0,10176.0,10190.0,10184.0,10188.0,10179.0,10184.0,10188.0,10193.0,10200.0,10207.0,10211.0,10213.0,10192.0,10197.0,10205.0,10209.0,10213.0,10219
HmAtJr0Mhh4,,,,,,,,,,,,,,,,,,,,,,,,,,,,,,,,,,,,,,,,,,,,,,,,,,,,,,7510.0,8146.0,8626.0,9022.0,9133.0,9204.0,9363.0,9494.0,9592.0,9627.0,9620.0,9658.0,9692.0,9715.0,9765.0,9788.0,9778.0,9803.0,9816.0,9840.0,9844.0,9868.0,9873.0,9887.0,9905.0,9918.0,9927.0,9942.0,9934.0,9946.0,9959.0,9967.0,9980.0,9987.0,9996.0,10005.0,10012.0,10027.0,10031.0,10043.0,10052.0,10061.0,10070.0,10072.0,10079.0,10084.0,10091.0,10104.0,10107.0,10113.0,10126.0,10135.0,10149.0,10158.0,10172.0,10176.0,10190.0,10184.0,10188.0,10179.0,10184.0,10188.0,10193.0,10200.0,10207.0,10211.0,10213.0,10192.0,10197.0,10205.0,10209.0,10213.0,10219
2wD2rTqMxzk,,,,,,,,,,,,,,,,,,,,,,,,,,,,,,,,,,,,,,,,,,,,,,,,,,,,,,0.0,0.0,0.0,0.0,0.0,0.0,0.0,0.0,0.0,0.0,0.0,0.0,0.0,0.0,0.0,0.0,0.0,0.0,0.0,0.0,0.0,0.0,0.0,0.0,0.0,0.0,0.0,0.0,0.0,0.0,0.0,0.0,0.0,0.0,0.0,0.0,0.0,0.0,0.0,0.0,0.0,0.0,0.0,0.0,0.0,0.0,0.0,0.0,0.0,0.0,0.0,0.0,0.0,0.0,0.0,0.0,0.0,0.0,0.0,0.0,0.0,0.0,0.0,0.0,0.0,0.0,0.0,0.0,0.0,0.0,0.0,0.0,0
dOQhdCgz5uM,,,,,,,,,,,,,,,,,,,,,,,,,,,,,,,,,,,,,,,,,,,,,,,,,,,,,,216.0,240.0,250.0,266.0,277.0,282.0,287.0,289.0,296.0,312.0,316.0,319.0,323.0,327.0,327.0,331.0,334.0,335.0,339.0,339.0,341.0,342.0,343.0,343.0,345.0,346.0,346.0,346.0,348.0,348.0,350.0,351.0,352.0,354.0,354.0,358.0,361.0,362.0,362.0,363.0,365.0,367.0,367.0,368.0,368.0,369.0,369.0,369.0,370.0,371.0,371.0,371.0,371.0,371.0,373.0,373.0,374.0,374.0,374.0,376.0,377.0,376.0,377.0,378.0,378.0,378.0,378.0,378.0,378.0,378.0,379.0,379.0,379
LXyDbMdkYyg,,,,,,,,,,,,,,,,,,,,,,,,,,,,,,,,,,,,,,,,,,,,,,,,,,,,,,7640.0,7660.0,7679.0,7711.0,7726.0,7743.0,7755.0,7773.0,7785.0,7800.0,7803.0,7815.0,7827.0,7832.0,7839.0,7841.0,7858.0,7863.0,7869.0,7878.0,7884.0,7890.0,7905.0,7918.0,7925.0,7929.0,7933.0,7939.0,7945.0,7954.0,7955.0,7965.0,7969.0,7974.0,7977.0,7984.0,7985.0,7987.0,7990.0,7991.0,7990.0,7995.0,7996.0,7997.0,7998.0,7999.0,8001.0,8006.0,8007.0,8009.0,8009.0,8012.0,8016.0,8017.0,8019.0,8019.0,8025.0,8033.0,8037.0,8039.0,8039.0,8044.0,8048.0,8055.0,8059.0,8060.0,8058.0,8054.0,8056.0,8057.0,8056.0,8057.0,8058
ekSi00FkIOE,,,,,,,,,,,,,,,,,,,,,,,,,,,,,,,,,,,,,,,,,,,,,,,,,,,,,,92.0,92.0,92.0,92.0,92.0,92.0,92.0,92.0,92.0,91.0,91.0,91.0,91.0,91.0,91.0,91.0,91.0,91.0,91.0,91.0,91.0,91.0,91.0,91.0,91.0,91.0,91.0,91.0,90.0,90.0,90.0,90.0,90.0,90.0,90.0,90.0,90.0,90.0,90.0,90.0,91.0,91.0,91.0,91.0,91.0,91.0,91.0,91.0,91.0,91.0,91.0,91.0,91.0,91.0,91.0,91.0,91.0,91.0,91.0,91.0,91.0,91.0,91.0,91.0,91.0,91.0,91.0,91.0,91.0,91.0,91.0,91.0,91
LMM-SsNBPzk,,,,,,,,,,,,,,,,,,,,,,,,,,,,,,,,,,,,,,,,,,,,,,,,,,,,,,486.0,507.0,515.0,522.0,523.0,534.0,540.0,541.0,544.0,548.0,554.0,555.0,555.0,556.0,556.0,557.0,557.0,557.0,557.0,558.0,558.0,558.0,558.0,558.0,558.0,558.0,558.0,558.0,557.0,558.0,559.0,560.0,560.0,560.0,561.0,561.0,562.0,562.0,563.0,563.0,563.0,564.0,564.0,564.0,564.0,564.0,564.0,564.0,564.0,563.0,563.0,563.0,563.0,563.0,563.0,564.0,564.0,564.0,564.0,564.0,564.0,564.0,564.0,564.0,564.0,564.0,564.0,564.0,564.0,564.0,564.0,564.0,564
xPjsHkGNZ7U,,,,,,,,,,,,,,,,,,,,,,,,,,,,,,,,,,,,,,,,,,,,,,,,,,,,,,,43.0,58.0,61.0,64.0,64.0,65.0,67.0,67.0,67.0,68.0,68.0,70.0,70.0,70.0,70.0,70.0,70.0,70.0,70.0,70.0,70.0,70.0,71.0,71.0,71.0,71.0,71.0,71.0,73.0,74.0,74.0,74.0,74.0,74.0,76.0,76.0,76.0,76.0,76.0,76.0,76.0,76.0,76.0,76.0,76.0,76.0,76.0,76.0,76.0,76.0,76.0,76.0,76.0,76.0,75.0,75.0,75.0,75.0,75.0,75.0,75.0,75.0,75.0,75.0,75.0,75.0,75.0,75.0,75.0,76.0,76.0,76
oX7AqV__lEY,,,,,,,,,,,,,,,,,,,,,,,,,,,,,,,,,,,,,,,,,,,,,,,,,,,,,,,6531.0,6623.0,6752.0,6823.0,6858.0,6890.0,6901.0,6902.0,6909.0,6913.0,6913.0,6914.0,6918.0,6930.0,6935.0,6940.0,6941.0,6945.0,6946.0,6946.0,6949.0,6949.0,6949.0,6950.0,6950.0,6953.0,6958.0,6967.0,6969.0,6970.0,6975.0,6975.0,6977.0,6977.0,6977.0,6980.0,6981.0,6982.0,6983.0,6984.0,6985.0,6985.0,6986.0,6988.0,6990.0,6990.0,6991.0,6994.0,6995.0,6995.0,6996.0,6994.0,6994.0,6994.0,6993.0,6993.0,6994.0,6994.0,6995.0,6997.0,6997.0,6997.0,6998.0,6998.0,6998.0,6998.0,6997.0,7000.0,7000.0,7001.0,7003.0,7003
GYH-biN2P8U,,,,,,,,,,,,,,,,,,,,,,,,,,,,,,,,,,,,,,,,,,,,,,,,,,,,,,,351.0,352.0,352.0,352.0,352.0,354.0,351.0,351.0,352.0,352.0,352.0,352.0,352.0,352.0,352.0,352.0,351.0,351.0,351.0,350.0,350.0,350.0,350.0,350.0,350.0,350.0,350.0,350.0,350.0,350.0,350.0,351.0,351.0,351.0,351.0,351.0,351.0,351.0,351.0,351.0,351.0,351.0,351.0,351.0,351.0,351.0,351.0,351.0,351.0,351.0,351.0,351.0,351.0,351.0,351.0,351.0,351.0,351.0,351.0,351.0,351.0,351.0,351.0,351.0,351.0,351.0,351.0,351.0,351.0,351.0,351.0,351
rr4gKSjmh9Q,,,,,,,,,,,,,,,,,,,,,,,,,,,,,,,,,,,,,,,,,,,,,,,,,,,,,,,1259.0,1272.0,1292.0,1305.0,1310.0,1318.0,1324.0,1332.0,1342.0,1344.0,1348.0,1354.0,1362.0,1365.0,1376.0,1380.0,1382.0,1389.0,1391.0,1400.0,1406.0,1410.0,1411.0,1415.0,1418.0,1424.0,1433.0,1435.0,1437.0,1442.0,1443.0,1443.0,1444.0,1448.0,1451.0,1452.0,1453.0,1458.0,1457.0,1458.0,1447.0,1448.0,1448.0,1445.0,1447.0,1447.0,1448.0,1448.0,1451.0,1453.0,1454.0,1456.0,1459.0,1459.0,1459.0,1460.0,1460.0,1461.0,1461.0,1461.0,1460.0,1460.0,1460.0,1460.0,1460.0,1459.0,1459.0,1460.0,1460.0,1460.0,1460.0,1460
S1eUWmTiyUI,,,,,,,,,,,,,,,,,,,,,,,,,,,,,,,,,,,,,,,,,,,,,,,,,,,,,,,125.0,135.0,138.0,137.0,138.0,139.0,139.0,144.0,146.0,150.0,153.0,155.0,156.0,160.0,161.0,160.0,160.0,160.0,160.0,160.0,161.0,161.0,163.0,164.0,164.0,164.0,164.0,164.0,164.0,165.0,165.0,165.0,165.0,166.0,167.0,167.0,168.0,168.0,169.0,169.0,170.0,170.0,170.0,170.0,170.0,170.0,171.0,171.0,171.0,171.0,171.0,172.0,173.0,174.0,174.0,174.0,175.0,175.0,175.0,178.0,178.0,178.0,178.0,179.0,179.0,179.0,179.0,182.0,182.0,182.0,182.0,182
im6Df9xTRno,,,,,,,,,,,,,,,,,,,,,,,,,,,,,,,,,,,,,,,,,,,,,,,,,,,,,,,1797.0,2102.0,2297.0,2429.0,2493.0,2531.0,2558.0,2599.0,2622.0,2642.0,2661.0,2675.0,2686.0,2697.0,2707.0,2729.0,2743.0,2754.0,2765.0,2777.0,2785.0,2789.0,2798.0,2802.0,2803.0,2809.0,2814.0,2823.0,2826.0,2819.0,2829.0,2838.0,2843.0,2848.0,2848.0,2854.0,2856.0,2861.0,2866.0,2871.0,2874.0,2878.0,2883.0,2887.0,2877.0,2881.0,2883.0,2884.0,2891.0,2892.0,2894.0,2894.0,2905.0,2911.0,2922.0,2932.0,2938.0,2949.0,2959.0,2963.0,2968.0,2968.0,2969.0,2968.0,2970.0,2973.0,2976.0,2977.0,2978.0,2977.0,2949.0,2951
MI43nl84gEg,,,,,,,,,,,,,,,,,,,,,,,,,,,,,,,,,,,,,,,,,,,,,,,,,,,,,,,210.0,210.0,210.0,210.0,210.0,210.0,212.0,212.0,212.0,212.0,212.0,212.0,212.0,212.0,212.0,212.0,212.0,212.0,212.0,212.0,212.0,213.0,213.0,213.0,213.0,213.0,213.0,213.0,213.0,213.0,213.0,213.0,213.0,213.0,213.0,213.0,213.0,213.0,216.0,216.0,216.0,216.0,216.0,216.0,216.0,216.0,216.0,216.0,216.0,216.0,216.0,216.0,217.0,217.0,217.0,217.0,217.0,217.0,218.0,218.0,218.0,218.0,218.0,218.0,218.0,218.0,218.0,218.0,218.0,218.0,218.0,218
XaPsEZSO_HQ,,,,,,,,,,,,,,,,,,,,,,,,,,,,,,,,,,,,,,,,,,,,,,,,,,,,,,,0.0,0.0,0.0,0.0,0.0,0.0,0.0,0.0,0.0,0.0,0.0,0.0,0.0,0.0,0.0,0.0,0.0,0.0,0.0,0.0,0.0,0.0,0.0,0.0,0.0,0.0,0.0,0.0,0.0,0.0,0.0,0.0,0.0,0.0,0.0,0.0,0.0,0.0,0.0,0.0,0.0,0.0,0.0,0.0,0.0,0.0,0.0,0.0,0.0,0.0,0.0,0.0,0.0,0.0,0.0,0.0,0.0,0.0,0.0,0.0,0.0,0.0,0.0,0.0,0.0,0.0,0.0,0.0,0.0,0.0,0.0,0
SD-iazrjQMs,,,,,,,,,,,,,,,,,,,,,,,,,,,,,,,,,,,,,,,,,,,,,,,,,,,,,,,517.0,517.0,518.0,521.0,521.0,521.0,522.0,522.0,522.0,522.0,523.0,525.0,525.0,525.0,525.0,525.0,526.0,526.0,526.0,526.0,526.0,526.0,526.0,527.0,527.0,527.0,527.0,527.0,527.0,527.0,528.0,528.0,529.0,528.0,529.0,530.0,531.0,531.0,533.0,533.0,533.0,533.0,532.0,532.0,533.0,533.0,533.0,534.0,534.0,534.0,534.0,534.0,534.0,535.0,535.0,535.0,536.0,536.0,536.0,536.0,536.0,536.0,536.0,537.0,537.0,538.0,538.0,538.0,538.0,538.0,538.0,538
fsMWdnx_wuI,,,,,,,,,,,,,,,,,,,,,,,,,,,,,,,,,,,,,,,,,,,,,,,,,,,,,,,850.0,1047.0,1117.0,1146.0,1177.0,1203.0,1227.0,1240.0,1254.0,1267.0,1281.0,1301.0,1315.0,1323.0,1330.0,1340.0,1346.0,1352.0,1360.0,1364.0,1367.0,1373.0,1392.0,1397.0,1398.0,1399.0,1404.0,1410.0,1412.0,1413.0,1424.0,1426.0,1430.0,1434.0,1443.0,1445.0,1456.0,1458.0,1460.0,1465.0,1468.0,1472.0,1472.0,1485.0,1488.0,1494.0,1495.0,1501.0,1505.0,1512.0,1513.0,1514.0,1513.0,1514.0,1516.0,1518.0,1518.0,1517.0,1519.0,1520.0,1521.0,1522.0,1522.0,1522.0,1524.0,1525.0,1529.0,1529.0,1529.0,1530.0,1530.0,1532
k66D-Nftjt8,,,,,,,,,,,,,,,,,,,,,,,,,,,,,,,,,,,,,,,,,,,,,,,,,,,,,,,,496.0,496.0,496.0,498.0,498.0,499.0,500.0,499.0,499.0,500.0,500.0,500.0,500.0,500.0,501.0,500.0,500.0,500.0,500.0,500.0,500.0,500.0,498.0,498.0,498.0,498.0,498.0,498.0,498.0,498.0,498.0,498.0,497.0,498.0,499.0,501.0,501.0,501.0,499.0,499.0,499.0,499.0,500.0,500.0,500.0,499.0,499.0,499.0,499.0,499.0,499.0,499.0,500.0,500.0,501.0,503.0,503.0,503.0,503.0,503.0,503.0,503.0,503.0,503.0,504.0,504.0,504.0,504.0,503.0,503.0,503
KTdpE45DzBQ,,,,,,,,,,,,,,,,,,,,,,,,,,,,,,,,,,,,,,,,,,,,,,,,,,,,,,,,1049.0,1050.0,1051.0,1053.0,1055.0,1056.0,1056.0,1057.0,1062.0,1062.0,1070.0,1070.0,1074.0,1087.0,1091.0,1094.0,1094.0,1095.0,1095.0,1095.0,1096.0,1098.0,1100.0,1100.0,1100.0,1100.0,1102.0,1103.0,1104.0,1105.0,1105.0,1106.0,1106.0,1106.0,1107.0,1107.0,1108.0,1108.0,1109.0,1109.0,1109.0,1109.0,1110.0,1114.0,1115.0,1115.0,1115.0,1115.0,1115.0,1115.0,1116.0,1116.0,1117.0,1118.0,1118.0,1120.0,1120.0,1120.0,1122.0,1122.0,1122.0,1122.0,1122.0,1123.0,1123.0,1123.0,1124.0,1123.0,1123.0,1124.0,1125
yjNz4epG4nA,,,,,,,,,,,,,,,,,,,,,,,,,,,,,,,,,,,,,,,,,,,,,,,,,,,,,,,,6.0,6.0,6.0,6.0,6.0,6.0,6.0,6.0,6.0,6.0,6.0,6.0,6.0,6.0,6.0,6.0,6.0,6.0,6.0,6.0,6.0,6.0,6.0,6.0,6.0,6.0,6.0,6.0,6.0,6.0,6.0,6.0,6.0,6.0,6.0,6.0,6.0,6.0,6.0,6.0,6.0,6.0,6.0,6.0,6.0,6.0,6.0,6.0,6.0,6.0,6.0,6.0,6.0,6.0,6.0,6.0,6.0,6.0,6.0,6.0,6.0,6.0,6.0,6.0,6.0,6.0,6.0,6.0,6.0,6.0,6
0K920EdpV6M,,,,,,,,,,,,,,,,,,,,,,,,,,,,,,,,,,,,,,,,,,,,,,,,,,,,,,,,531.0,537.0,548.0,564.0,574.0,590.0,599.0,611.0,619.0,624.0,632.0,640.0,651.0,655.0,660.0,663.0,667.0,674.0,678.0,681.0,685.0,687.0,690.0,690.0,690.0,692.0,693.0,696.0,696.0,704.0,708.0,708.0,712.0,714.0,714.0,716.0,716.0,716.0,717.0,717.0,717.0,717.0,718.0,719.0,719.0,719.0,720.0,720.0,721.0,721.0,721.0,722.0,722.0,723.0,723.0,723.0,724.0,724.0,725.0,725.0,725.0,726.0,726.0,727.0,727.0,727.0,727.0,730.0,732.0,732.0,733
j0K557F8i4U,,,,,,,,,,,,,,,,,,,,,,,,,,,,,,,,,,,,,,,,,,,,,,,,,,,,,,,,0.0,0.0,0.0,0.0,0.0,0.0,0.0,0.0,0.0,0.0,0.0,0.0,0.0,0.0,0.0,0.0,0.0,0.0,0.0,0.0,0.0,0.0,0.0,0.0,0.0,0.0,0.0,0.0,0.0,0.0,0.0,0.0,0.0,0.0,0.0,0.0,0.0,0.0,0.0,0.0,0.0,0.0,0.0,0.0,0.0,0.0,0.0,0.0,0.0,0.0,0.0,0.0,0.0,0.0,0.0,0.0,0.0,0.0,0.0,0.0,0.0,0.0,0.0,0.0,0.0,0.0,0.0,0.0,0.0,0.0,0
St8bnQbnwTg,,,,,,,,,,,,,,,,,,,,,,,,,,,,,,,,,,,,,,,,,,,,,,,,,,,,,,,,79.0,102.0,116.0,119.0,127.0,137.0,143.0,145.0,149.0,152.0,155.0,162.0,164.0,169.0,172.0,175.0,178.0,181.0,183.0,182.0,183.0,185.0,187.0,189.0,191.0,196.0,196.0,196.0,200.0,200.0,200.0,200.0,201.0,203.0,205.0,206.0,207.0,207.0,208.0,211.0,211.0,211.0,213.0,213.0,213.0,213.0,215.0,215.0,215.0,215.0,215.0,215.0,217.0,218.0,219.0,220.0,221.0,224.0,224.0,226.0,227.0,227.0,227.0,227.0,227.0,228.0,228.0,228.0,228.0,228.0,229
NMKXgYKAYG0,,,,,,,,,,,,,,,,,,,,,,,,,,,,,,,,,,,,,,,,,,,,,,,,,,,,,,,,187.0,199.0,202.0,206.0,206.0,209.0,214.0,217.0,217.0,220.0,221.0,223.0,225.0,225.0,225.0,229.0,228.0,229.0,229.0,230.0,230.0,229.0,230.0,231.0,231.0,232.0,232.0,233.0,233.0,233.0,233.0,233.0,233.0,233.0,234.0,234.0,234.0,234.0,235.0,235.0,235.0,235.0,235.0,236.0,236.0,236.0,236.0,236.0,236.0,235.0,235.0,235.0,235.0,235.0,235.0,235.0,235.0,235.0,235.0,235.0,235.0,235.0,235.0,235.0,235.0,235.0,235.0,235.0,235.0,236.0,236
44vtGio2o3s,,,,,,,,,,,,,,,,,,,,,,,,,,,,,,,,,,,,,,,,,,,,,,,,,,,,,,,,,15.0,21.0,22.0,22.0,22.0,22.0,22.0,23.0,23.0,24.0,24.0,24.0,24.0,24.0,25.0,25.0,25.0,25.0,26.0,26.0,26.0,26.0,26.0,26.0,26.0,26.0,26.0,26.0,26.0,26.0,26.0,26.0,26.0,26.0,26.0,26.0,26.0,27.0,27.0,27.0,27.0,27.0,27.0,27.0,27.0,27.0,27.0,27.0,27.0,27.0,27.0,27.0,28.0,28.0,28.0,28.0,28.0,28.0,28.0,28.0,28.0,28.0,28.0,28.0,28.0,28.0,28.0,28.0,28.0,28
djwfUdAZo04,,,,,,,,,,,,,,,,,,,,,,,,,,,,,,,,,,,,,,,,,,,,,,,,,,,,,,,,,163.0,195.0,200.0,200.0,200.0,201.0,201.0,201.0,201.0,201.0,201.0,201.0,201.0,201.0,201.0,201.0,201.0,201.0,201.0,201.0,201.0,201.0,201.0,201.0,201.0,201.0,201.0,201.0,201.0,201.0,201.0,201.0,202.0,201.0,201.0,201.0,201.0,201.0,201.0,201.0,201.0,201.0,201.0,201.0,201.0,201.0,201.0,201.0,201.0,201.0,201.0,201.0,201.0,201.0,201.0,201.0,201.0,201.0,201.0,201.0,201.0,201.0,201.0,201.0,200.0,200.0,200.0,200.0,200.0,200
7Ftq4vszznI,,,,,,,,,,,,,,,,,,,,,,,,,,,,,,,,,,,,,,,,,,,,,,,,,,,,,,,,,214.0,214.0,214.0,214.0,214.0,214.0,214.0,214.0,214.0,214.0,214.0,214.0,214.0,214.0,214.0,214.0,214.0,214.0,214.0,214.0,214.0,214.0,214.0,214.0,214.0,214.0,214.0,214.0,214.0,214.0,214.0,214.0,214.0,214.0,214.0,214.0,214.0,214.0,214.0,214.0,214.0,214.0,214.0,214.0,214.0,214.0,214.0,214.0,214.0,214.0,214.0,214.0,214.0,214.0,214.0,214.0,214.0,214.0,214.0,214.0,214.0,214.0,214.0,214.0,214.0,214.0,214.0,214.0,214.0,259
DyX5Hy91s_M,,,,,,,,,,,,,,,,,,,,,,,,,,,,,,,,,,,,,,,,,,,,,,,,,,,,,,,,,16.0,16.0,18.0,18.0,19.0,19.0,19.0,19.0,19.0,19.0,19.0,19.0,19.0,19.0,19.0,19.0,19.0,19.0,20.0,20.0,20.0,20.0,20.0,20.0,20.0,20.0,20.0,20.0,20.0,20.0,20.0,20.0,20.0,20.0,20.0,20.0,20.0,20.0,20.0,20.0,20.0,20.0,20.0,20.0,20.0,20.0,20.0,20.0,20.0,20.0,20.0,20.0,20.0,20.0,20.0,20.0,20.0,20.0,20.0,20.0,20.0,20.0,20.0,20.0,20.0,20.0,20.0,20.0,20.0,20
djwfUdAZo04,,,,,,,,,,,,,,,,,,,,,,,,,,,,,,,,,,,,,,,,,,,,,,,,,,,,,,,,,163.0,195.0,200.0,200.0,200.0,201.0,201.0,201.0,201.0,201.0,201.0,201.0,201.0,201.0,201.0,201.0,201.0,201.0,201.0,201.0,201.0,201.0,201.0,201.0,201.0,201.0,201.0,201.0,201.0,201.0,201.0,201.0,202.0,201.0,201.0,201.0,201.0,201.0,201.0,201.0,201.0,201.0,201.0,201.0,201.0,201.0,201.0,201.0,201.0,201.0,201.0,201.0,201.0,201.0,201.0,201.0,201.0,201.0,201.0,201.0,201.0,201.0,201.0,201.0,200.0,200.0,200.0,200.0,200.0,200
nXp46X3AUI4,,,,,,,,,,,,,,,,,,,,,,,,,,,,,,,,,,,,,,,,,,,,,,,,,,,,,,,,,78.0,100.0,103.0,106.0,109.0,110.0,111.0,111.0,111.0,112.0,112.0,112.0,113.0,113.0,113.0,113.0,113.0,113.0,113.0,113.0,113.0,114.0,114.0,114.0,114.0,114.0,114.0,113.0,114.0,114.0,114.0,114.0,114.0,114.0,114.0,114.0,114.0,114.0,112.0,112.0,112.0,112.0,112.0,112.0,112.0,112.0,112.0,112.0,112.0,112.0,112.0,112.0,112.0,112.0,112.0,112.0,112.0,112.0,112.0,112.0,112.0,112.0,112.0,114.0,114.0,118.0,124.0,129.0,134.0,137
rZjpVpAt3oI,,,,,,,,,,,,,,,,,,,,,,,,,,,,,,,,,,,,,,,,,,,,,,,,,,,,,,,,,,0.0,0.0,0.0,0.0,0.0,0.0,0.0,0.0,0.0,0.0,0.0,0.0,0.0,0.0,0.0,0.0,0.0,0.0,0.0,0.0,0.0,0.0,0.0,0.0,0.0,0.0,0.0,0.0,0.0,0.0,0.0,0.0,0.0,0.0,0.0,0.0,0.0,0.0,0.0,0.0,0.0,0.0,0.0,0.0,0.0,0.0,0.0,0.0,0.0,0.0,0.0,0.0,0.0,0.0,0.0,0.0,0.0,0.0,0.0,0.0,0.0,0.0,0.0,0.0,0.0,0.0,0.0,0.0,0
qg3phnuF5bo,,,,,,,,,,,,,,,,,,,,,,,,,,,,,,,,,,,,,,,,,,,,,,,,,,,,,,,,,,143.0,539.0,547.0,555.0,562.0,579.0,592.0,602.0,612.0,614.0,619.0,620.0,625.0,627.0,629.0,636.0,638.0,638.0,639.0,642.0,647.0,647.0,648.0,648.0,649.0,649.0,650.0,648.0,648.0,649.0,650.0,651.0,651.0,651.0,651.0,652.0,653.0,654.0,656.0,658.0,659.0,661.0,663.0,665.0,669.0,673.0,622.0,613.0,477.0,412.0,417.0,433.0,445.0,468.0,490.0,512.0,529.0,540.0,550.0,561.0,563.0,568.0,572.0,578.0,582.0,586.0,590.0,592.0,594
ubWZPcaK0sM,,,,,,,,,,,,,,,,,,,,,,,,,,,,,,,,,,,,,,,,,,,,,,,,,,,,,,,,,,99.0,102.0,103.0,103.0,103.0,103.0,103.0,103.0,103.0,103.0,102.0,102.0,102.0,102.0,102.0,102.0,102.0,102.0,102.0,103.0,103.0,103.0,103.0,103.0,103.0,103.0,103.0,103.0,103.0,103.0,103.0,103.0,103.0,103.0,103.0,103.0,103.0,103.0,103.0,103.0,103.0,103.0,103.0,103.0,103.0,103.0,103.0,103.0,103.0,103.0,103.0,103.0,103.0,103.0,103.0,103.0,103.0,103.0,103.0,103.0,103.0,103.0,102.0,102.0,102.0,102.0,102.0,102.0,102
7zQj2vK61Xs,,,,,,,,,,,,,,,,,,,,,,,,,,,,,,,,,,,,,,,,,,,,,,,,,,,,,,,,,,258.0,259.0,260.0,264.0,264.0,264.0,264.0,266.0,266.0,267.0,267.0,267.0,268.0,269.0,270.0,272.0,274.0,274.0,274.0,275.0,275.0,275.0,275.0,275.0,275.0,275.0,275.0,275.0,275.0,275.0,275.0,275.0,275.0,274.0,274.0,274.0,274.0,274.0,274.0,274.0,274.0,274.0,274.0,274.0,274.0,274.0,271.0,271.0,271.0,271.0,271.0,271.0,271.0,271.0,271.0,271.0,271.0,271.0,271.0,271.0,271.0,271.0,271.0,271.0,271.0,271.0,271.0,271.0,271
hRiloShKJsY,,,,,,,,,,,,,,,,,,,,,,,,,,,,,,,,,,,,,,,,,,,,,,,,,,,,,,,,,,,222.0,222.0,224.0,224.0,224.0,224.0,226.0,227.0,227.0,227.0,228.0,230.0,230.0,230.0,229.0,229.0,229.0,231.0,231.0,233.0,233.0,233.0,234.0,234.0,234.0,235.0,234.0,236.0,236.0,236.0,236.0,236.0,236.0,237.0,237.0,237.0,238.0,238.0,238.0,238.0,238.0,238.0,238.0,238.0,238.0,238.0,238.0,238.0,238.0,238.0,238.0,238.0,238.0,238.0,238.0,238.0,238.0,238.0,238.0,239.0,239.0,239.0,239.0,239.0,239.0,239.0,239.0,239
AYJ6G8z9rCM,,,,,,,,,,,,,,,,,,,,,,,,,,,,,,,,,,,,,,,,,,,,,,,,,,,,,,,,,,,77.0,88.0,100.0,110.0,117.0,120.0,120.0,125.0,127.0,128.0,130.0,131.0,131.0,133.0,132.0,133.0,134.0,137.0,139.0,141.0,142.0,143.0,145.0,145.0,144.0,146.0,146.0,146.0,146.0,146.0,147.0,148.0,148.0,149.0,149.0,150.0,149.0,149.0,149.0,149.0,151.0,151.0,151.0,151.0,151.0,151.0,151.0,151.0,151.0,151.0,151.0,151.0,151.0,151.0,151.0,151.0,151.0,151.0,151.0,151.0,151.0,151.0,151.0,151.0,151.0,151.0,152.0,152
i5h0x5twPB8,,,,,,,,,,,,,,,,,,,,,,,,,,,,,,,,,,,,,,,,,,,,,,,,,,,,,,,,,,,1218.0,1222.0,1224.0,1235.0,1239.0,1248.0,1252.0,1258.0,1265.0,1269.0,1272.0,1276.0,1278.0,1285.0,1288.0,1292.0,1293.0,1307.0,1312.0,1317.0,1326.0,1337.0,1349.0,1354.0,1360.0,1362.0,1371.0,1374.0,1382.0,1393.0,1403.0,1410.0,1420.0,1423.0,1425.0,1426.0,1429.0,1430.0,1434.0,1436.0,1437.0,1438.0,1441.0,1449.0,1450.0,1452.0,1453.0,1456.0,1458.0,1460.0,1461.0,1463.0,1464.0,1466.0,1466.0,1469.0,1470.0,1471.0,1473.0,1474.0,1475.0,1477.0,1477.0,1478.0,1478.0,1480.0,1480.0,1487
RRDuNfNWT28,,,,,,,,,,,,,,,,,,,,,,,,,,,,,,,,,,,,,,,,,,,,,,,,,,,,,,,,,,,412.0,412.0,412.0,412.0,412.0,411.0,411.0,410.0,410.0,410.0,410.0,410.0,410.0,410.0,410.0,410.0,411.0,412.0,412.0,412.0,412.0,412.0,412.0,412.0,412.0,412.0,412.0,412.0,412.0,413.0,413.0,413.0,413.0,413.0,413.0,413.0,413.0,413.0,413.0,413.0,413.0,413.0,413.0,413.0,412.0,413.0,413.0,413.0,413.0,413.0,413.0,413.0,413.0,413.0,413.0,413.0,413.0,413.0,413.0,413.0,413.0,413.0,413.0,413.0,413.0,413.0,413.0,414
jDrP5Pb2f_o,,,,,,,,,,,,,,,,,,,,,,,,,,,,,,,,,,,,,,,,,,,,,,,,,,,,,,,,,,,,136.0,139.0,138.0,141.0,146.0,146.0,148.0,155.0,156.0,156.0,156.0,156.0,157.0,157.0,157.0,157.0,157.0,158.0,158.0,158.0,158.0,158.0,158.0,158.0,158.0,158.0,158.0,158.0,158.0,158.0,158.0,158.0,158.0,158.0,158.0,158.0,158.0,158.0,158.0,158.0,160.0,161.0,161.0,160.0,160.0,158.0,158.0,157.0,157.0,158.0,158.0,158.0,158.0,158.0,158.0,159.0,159.0,159.0,160.0,160.0,160.0,161.0,161.0,161.0,161.0,161.0,162
Q6wnGhkFQh8,,,,,,,,,,,,,,,,,,,,,,,,,,,,,,,,,,,,,,,,,,,,,,,,,,,,,,,,,,,,,78.0,80.0,80.0,82.0,82.0,82.0,82.0,83.0,86.0,86.0,86.0,86.0,86.0,86.0,86.0,86.0,86.0,86.0,87.0,87.0,87.0,87.0,87.0,87.0,87.0,87.0,87.0,87.0,87.0,87.0,87.0,87.0,87.0,87.0,88.0,88.0,88.0,88.0,88.0,88.0,88.0,88.0,88.0,88.0,88.0,88.0,88.0,88.0,88.0,88.0,88.0,88.0,88.0,88.0,88.0,88.0,88.0,88.0,88.0,88.0,88.0,88.0,88.0,88.0,88.0,88
bRktSOL4i4E,,,,,,,,,,,,,,,,,,,,,,,,,,,,,,,,,,,,,,,,,,,,,,,,,,,,,,,,,,,,,39.0,66.0,75.0,88.0,94.0,95.0,98.0,98.0,99.0,100.0,101.0,101.0,101.0,101.0,101.0,101.0,101.0,101.0,101.0,101.0,101.0,101.0,101.0,101.0,101.0,101.0,101.0,101.0,102.0,103.0,103.0,103.0,103.0,103.0,104.0,104.0,104.0,104.0,104.0,104.0,104.0,104.0,105.0,105.0,105.0,105.0,105.0,105.0,105.0,105.0,105.0,105.0,105.0,105.0,105.0,105.0,105.0,105.0,105.0,105.0,105.0,105.0,105.0,105.0,105.0,105
Q92FDT9SQ90,,,,,,,,,,,,,,,,,,,,,,,,,,,,,,,,,,,,,,,,,,,,,,,,,,,,,,,,,,,,,26.0,26.0,26.0,26.0,26.0,26.0,26.0,26.0,26.0,26.0,26.0,26.0,26.0,26.0,26.0,26.0,26.0,26.0,26.0,26.0,26.0,26.0,26.0,26.0,26.0,26.0,26.0,26.0,26.0,26.0,26.0,26.0,26.0,26.0,26.0,26.0,26.0,26.0,26.0,26.0,26.0,26.0,26.0,26.0,26.0,26.0,26.0,25.0,25.0,25.0,25.0,25.0,25.0,25.0,25.0,25.0,25.0,25.0,25.0,25.0,25.0,25.0,25.0,25.0,25.0,25
1w5sFvynzQU,,,,,,,,,,,,,,,,,,,,,,,,,,,,,,,,,,,,,,,,,,,,,,,,,,,,,,,,,,,,,116.0,117.0,117.0,117.0,118.0,118.0,118.0,118.0,118.0,118.0,121.0,122.0,122.0,117.0,117.0,118.0,118.0,120.0,120.0,122.0,124.0,125.0,128.0,129.0,130.0,130.0,130.0,130.0,130.0,131.0,131.0,131.0,131.0,131.0,131.0,131.0,131.0,132.0,132.0,134.0,134.0,134.0,134.0,134.0,134.0,134.0,134.0,134.0,134.0,135.0,135.0,135.0,135.0,136.0,135.0,135.0,135.0,135.0,135.0,135.0,135.0,135.0,135.0,135.0,135.0,135
-_WpIwUb7kQ,,,,,,,,,,,,,,,,,,,,,,,,,,,,,,,,,,,,,,,,,,,,,,,,,,,,,,,,,,,,,0.0,0.0,0.0,0.0,0.0,0.0,0.0,0.0,0.0,0.0,0.0,0.0,0.0,0.0,0.0,0.0,0.0,0.0,0.0,0.0,0.0,0.0,0.0,0.0,0.0,0.0,0.0,0.0,0.0,0.0,0.0,0.0,0.0,0.0,0.0,0.0,0.0,0.0,0.0,0.0,0.0,0.0,0.0,0.0,0.0,0.0,0.0,0.0,0.0,0.0,0.0,0.0,0.0,0.0,0.0,0.0,0.0,0.0,0.0,0.0,0.0,0.0,0.0,0.0,0.0,0
pGGqA0GvWJY,,,,,,,,,,,,,,,,,,,,,,,,,,,,,,,,,,,,,,,,,,,,,,,,,,,,,,,,,,,,,0.0,0.0,0.0,0.0,0.0,0.0,0.0,0.0,0.0,0.0,0.0,0.0,0.0,0.0,0.0,0.0,0.0,0.0,0.0,0.0,0.0,0.0,0.0,0.0,0.0,0.0,0.0,0.0,0.0,0.0,0.0,0.0,0.0,0.0,0.0,0.0,0.0,0.0,0.0,0.0,0.0,0.0,0.0,0.0,0.0,0.0,0.0,0.0,0.0,0.0,0.0,0.0,0.0,0.0,0.0,0.0,0.0,0.0,0.0,0.0,0.0,0.0,0.0,0.0,0.0,0
IzTgsU9hjYw,,,,,,,,,,,,,,,,,,,,,,,,,,,,,,,,,,,,,,,,,,,,,,,,,,,,,,,,,,,,,409.0,409.0,409.0,409.0,409.0,409.0,409.0,409.0,409.0,411.0,411.0,411.0,414.0,414.0,414.0,414.0,414.0,414.0,415.0,415.0,415.0,414.0,415.0,415.0,415.0,416.0,428.0,430.0,430.0,430.0,430.0,430.0,430.0,430.0,430.0,430.0,430.0,430.0,430.0,430.0,430.0,430.0,430.0,430.0,430.0,430.0,431.0,431.0,431.0,431.0,431.0,431.0,431.0,431.0,431.0,431.0,431.0,431.0,431.0,431.0,431.0,431.0,430.0,430.0,430.0,430
5RlW3iXkonE,,,,,,,,,,,,,,,,,,,,,,,,,,,,,,,,,,,,,,,,,,,,,,,,,,,,,,,,,,,,,1502.0,1623.0,1685.0,1714.0,1736.0,1759.0,1783.0,1788.0,1799.0,1806.0,1811.0,1827.0,1834.0,1840.0,1850.0,1856.0,1867.0,1872.0,1874.0,1876.0,1883.0,1894.0,1904.0,1911.0,1915.0,1917.0,1916.0,1917.0,1917.0,1920.0,1923.0,1923.0,1924.0,1923.0,1923.0,1923.0,1922.0,1922.0,1922.0,1921.0,1921.0,1920.0,1920.0,1920.0,1918.0,1919.0,1919.0,1919.0,1919.0,1919.0,1919.0,1920.0,1920.0,1920.0,1920.0,1920.0,1919.0,1918.0,1918.0,1918.0,1918.0,1918.0,1917.0,1917.0,1917.0,1917
nRCTy2N_otk,,,,,,,,,,,,,,,,,,,,,,,,,,,,,,,,,,,,,,,,,,,,,,,,,,,,,,,,,,,,,,178.0,214.0,227.0,229.0,238.0,241.0,243.0,243.0,243.0,243.0,243.0,243.0,243.0,243.0,243.0,243.0,243.0,242.0,241.0,241.0,241.0,240.0,240.0,240.0,240.0,240.0,240.0,240.0,240.0,240.0,240.0,240.0,240.0,240.0,240.0,240.0,240.0,240.0,240.0,240.0,240.0,240.0,240.0,240.0,240.0,240.0,240.0,240.0,240.0,240.0,240.0,240.0,240.0,240.0,240.0,240.0,240.0,240.0,240.0,240.0,240.0,240.0,240.0,240.0,240
ii7pCbr0dXE,,,,,,,,,,,,,,,,,,,,,,,,,,,,,,,,,,,,,,,,,,,,,,,,,,,,,,,,,,,,,,0.0,0.0,0.0,0.0,0.0,0.0,0.0,0.0,0.0,0.0,0.0,0.0,0.0,0.0,0.0,0.0,0.0,0.0,0.0,0.0,0.0,0.0,0.0,0.0,0.0,0.0,0.0,0.0,0.0,0.0,0.0,0.0,0.0,0.0,0.0,0.0,0.0,0.0,0.0,0.0,0.0,0.0,0.0,0.0,0.0,0.0,0.0,0.0,0.0,0.0,0.0,0.0,0.0,0.0,0.0,0.0,0.0,0.0,0.0,0.0,0.0,0.0,0.0,0.0,0
YgKq8EyMaTs,,,,,,,,,,,,,,,,,,,,,,,,,,,,,,,,,,,,,,,,,,,,,,,,,,,,,,,,,,,,,,0.0,0.0,0.0,0.0,0.0,0.0,0.0,0.0,0.0,0.0,0.0,0.0,0.0,0.0,0.0,0.0,0.0,0.0,0.0,0.0,0.0,0.0,0.0,0.0,0.0,0.0,0.0,0.0,0.0,0.0,0.0,0.0,0.0,0.0,0.0,0.0,0.0,0.0,0.0,0.0,0.0,0.0,0.0,0.0,0.0,0.0,0.0,0.0,0.0,0.0,0.0,0.0,0.0,0.0,0.0,0.0,0.0,0.0,0.0,0.0,0.0,0.0,0.0,0.0,0
qnu66n_1xEo,,,,,,,,,,,,,,,,,,,,,,,,,,,,,,,,,,,,,,,,,,,,,,,,,,,,,,,,,,,,,,0.0,0.0,0.0,0.0,0.0,0.0,0.0,0.0,0.0,0.0,0.0,0.0,0.0,0.0,0.0,0.0,0.0,0.0,0.0,0.0,0.0,0.0,0.0,0.0,0.0,0.0,0.0,0.0,0.0,0.0,0.0,0.0,0.0,0.0,0.0,0.0,0.0,0.0,0.0,0.0,0.0,0.0,0.0,0.0,0.0,0.0,0.0,0.0,0.0,0.0,0.0,0.0,0.0,0.0,0.0,0.0,0.0,0.0,0.0,0.0,0.0,0.0,0.0,0.0,0
-Mm2Js7eTYQ,,,,,,,,,,,,,,,,,,,,,,,,,,,,,,,,,,,,,,,,,,,,,,,,,,,,,,,,,,,,,,0.0,0.0,0.0,0.0,0.0,0.0,0.0,0.0,0.0,0.0,0.0,0.0,0.0,0.0,0.0,0.0,0.0,0.0,0.0,0.0,0.0,0.0,0.0,0.0,0.0,0.0,0.0,0.0,0.0,0.0,0.0,0.0,0.0,0.0,0.0,0.0,0.0,0.0,0.0,0.0,0.0,0.0,0.0,0.0,0.0,0.0,0.0,0.0,0.0,0.0,0.0,0.0,0.0,0.0,0.0,0.0,0.0,0.0,0.0,0.0,0.0,0.0,0.0,0.0,0
dQ6rza9Zuh0,,,,,,,,,,,,,,,,,,,,,,,,,,,,,,,,,,,,,,,,,,,,,,,,,,,,,,,,,,,,,,0.0,0.0,0.0,0.0,0.0,0.0,0.0,0.0,0.0,0.0,0.0,0.0,0.0,0.0,0.0,0.0,0.0,0.0,0.0,0.0,0.0,0.0,0.0,0.0,0.0,0.0,0.0,0.0,0.0,0.0,0.0,0.0,0.0,0.0,0.0,0.0,0.0,0.0,0.0,0.0,0.0,0.0,0.0,0.0,0.0,0.0,0.0,0.0,0.0,0.0,0.0,0.0,0.0,0.0,0.0,0.0,0.0,0.0,0.0,0.0,0.0,0.0,0.0,0.0,0
qadt7J5MBF0,,,,,,,,,,,,,,,,,,,,,,,,,,,,,,,,,,,,,,,,,,,,,,,,,,,,,,,,,,,,,,0.0,0.0,0.0,0.0,0.0,0.0,0.0,0.0,0.0,0.0,0.0,0.0,0.0,0.0,0.0,0.0,0.0,0.0,0.0,0.0,0.0,0.0,0.0,0.0,0.0,0.0,0.0,0.0,0.0,0.0,0.0,0.0,0.0,0.0,0.0,0.0,0.0,0.0,0.0,0.0,0.0,0.0,0.0,0.0,0.0,0.0,0.0,0.0,0.0,0.0,0.0,0.0,0.0,0.0,0.0,0.0,0.0,0.0,0.0,0.0,0.0,0.0,0.0,0.0,0
sXDktEtro5A,,,,,,,,,,,,,,,,,,,,,,,,,,,,,,,,,,,,,,,,,,,,,,,,,,,,,,,,,,,,,,89.0,107.0,120.0,123.0,126.0,131.0,133.0,140.0,139.0,143.0,144.0,147.0,147.0,147.0,150.0,150.0,150.0,150.0,150.0,150.0,150.0,150.0,150.0,150.0,150.0,150.0,150.0,150.0,150.0,150.0,150.0,150.0,150.0,150.0,150.0,150.0,150.0,150.0,150.0,150.0,150.0,151.0,152.0,152.0,153.0,153.0,153.0,153.0,153.0,153.0,153.0,154.0,154.0,154.0,154.0,154.0,154.0,154.0,155.0,155.0,155.0,155.0,155.0,155.0,155
QlxC0B3hGX8,,,,,,,,,,,,,,,,,,,,,,,,,,,,,,,,,,,,,,,,,,,,,,,,,,,,,,,,,,,,,,14.0,31.0,35.0,37.0,38.0,41.0,42.0,42.0,43.0,44.0,44.0,44.0,44.0,44.0,44.0,45.0,45.0,45.0,45.0,45.0,45.0,45.0,45.0,45.0,45.0,45.0,45.0,45.0,45.0,45.0,45.0,45.0,45.0,45.0,45.0,45.0,45.0,45.0,45.0,45.0,45.0,45.0,45.0,45.0,45.0,45.0,45.0,45.0,45.0,45.0,45.0,45.0,45.0,45.0,45.0,45.0,45.0,45.0,45.0,45.0,45.0,45.0,45.0,45.0,45
uvGIJUl-N90,,,,,,,,,,,,,,,,,,,,,,,,,,,,,,,,,,,,,,,,,,,,,,,,,,,,,,,,,,,,,,61.0,63.0,64.0,64.0,67.0,67.0,67.0,67.0,67.0,67.0,67.0,68.0,69.0,69.0,69.0,69.0,69.0,70.0,70.0,70.0,70.0,70.0,71.0,71.0,71.0,71.0,71.0,71.0,71.0,71.0,71.0,71.0,71.0,71.0,72.0,72.0,72.0,72.0,72.0,72.0,72.0,72.0,72.0,72.0,72.0,72.0,72.0,72.0,72.0,72.0,72.0,72.0,72.0,72.0,72.0,72.0,72.0,72.0,72.0,72.0,72.0,72.0,72.0,72.0,72
u5wMLWs6LSs,,,,,,,,,,,,,,,,,,,,,,,,,,,,,,,,,,,,,,,,,,,,,,,,,,,,,,,,,,,,,,,2440.0,3729.0,4120.0,4361.0,4565.0,4688.0,4811.0,4893.0,4972.0,5031.0,5081.0,5148.0,5212.0,5269.0,5306.0,5344.0,5388.0,5433.0,5489.0,5545.0,5602.0,5632.0,5661.0,5684.0,5708.0,5723.0,5739.0,5752.0,5784.0,5801.0,5828.0,5868.0,5881.0,5894.0,5895.0,5917.0,5931.0,5935.0,5920.0,5936.0,5933.0,5945.0,5956.0,5964.0,5977.0,5972.0,5982.0,5981.0,5990.0,5994.0,5998.0,6008.0,6029.0,6037.0,6045.0,6052.0,6058.0,6064.0,6074.0,6099.0,6121.0,6133.0,6144.0,6153
bHfhtHpta6g,,,,,,,,,,,,,,,,,,,,,,,,,,,,,,,,,,,,,,,,,,,,,,,,,,,,,,,,,,,,,,,280.0,303.0,327.0,345.0,352.0,358.0,364.0,370.0,379.0,384.0,390.0,392.0,397.0,401.0,403.0,405.0,406.0,406.0,411.0,412.0,414.0,418.0,419.0,420.0,420.0,421.0,426.0,427.0,431.0,432.0,432.0,432.0,434.0,434.0,434.0,436.0,437.0,439.0,440.0,440.0,441.0,441.0,441.0,442.0,444.0,451.0,451.0,451.0,453.0,454.0,453.0,456.0,457.0,457.0,458.0,458.0,459.0,462.0,464.0,467.0,472.0,473.0,474.0,474
CDZV_OYptNQ,,,,,,,,,,,,,,,,,,,,,,,,,,,,,,,,,,,,,,,,,,,,,,,,,,,,,,,,,,,,,,,188.0,207.0,224.0,234.0,240.0,241.0,246.0,255.0,260.0,265.0,268.0,271.0,276.0,277.0,277.0,278.0,281.0,282.0,286.0,287.0,288.0,289.0,289.0,291.0,292.0,292.0,293.0,294.0,295.0,296.0,297.0,298.0,298.0,298.0,298.0,298.0,298.0,298.0,299.0,300.0,301.0,301.0,300.0,300.0,300.0,301.0,302.0,303.0,304.0,304.0,304.0,304.0,304.0,304.0,304.0,304.0,305.0,305.0,304.0,304.0,304.0,304.0,304.0,306
b5_mDuDx58M,,,,,,,,,,,,,,,,,,,,,,,,,,,,,,,,,,,,,,,,,,,,,,,,,,,,,,,,,,,,,,,23.0,23.0,23.0,24.0,24.0,24.0,24.0,24.0,24.0,24.0,24.0,24.0,24.0,24.0,24.0,24.0,24.0,24.0,24.0,24.0,24.0,24.0,24.0,24.0,24.0,24.0,24.0,24.0,24.0,24.0,25.0,25.0,25.0,25.0,25.0,25.0,25.0,25.0,25.0,25.0,25.0,25.0,25.0,25.0,25.0,25.0,25.0,25.0,25.0,25.0,25.0,25.0,25.0,25.0,25.0,25.0,25.0,25.0,25.0,25.0,25.0,25.0,25.0,25
ncFqMb_I-g4,,,,,,,,,,,,,,,,,,,,,,,,,,,,,,,,,,,,,,,,,,,,,,,,,,,,,,,,,,,,,,,1410.0,1763.0,1998.0,2173.0,2382.0,2493.0,2581.0,2648.0,2721.0,2762.0,2830.0,2864.0,2878.0,2908.0,2935.0,2977.0,3011.0,3046.0,3067.0,3090.0,3116.0,3137.0,3158.0,3173.0,3204.0,3222.0,3242.0,3268.0,3285.0,3307.0,3323.0,3346.0,3368.0,3390.0,3420.0,3441.0,3463.0,3504.0,3607.0,3752.0,3815.0,3889.0,3987.0,4128.0,4179.0,4214.0,4242.0,4282.0,4332.0,4355.0,4383.0,4437.0,4452.0,4492.0,4524.0,4552.0,4587.0,4626.0,4675.0,4705.0,4731.0,4762.0,4800.0,4831
ptxTqR91i8k,,,,,,,,,,,,,,,,,,,,,,,,,,,,,,,,,,,,,,,,,,,,,,,,,,,,,,,,,,,,,,,1.0,2.0,2.0,2.0,2.0,2.0,2.0,2.0,2.0,2.0,2.0,2.0,2.0,2.0,2.0,2.0,2.0,2.0,2.0,2.0,2.0,2.0,2.0,2.0,2.0,2.0,2.0,2.0,2.0,2.0,2.0,2.0,2.0,2.0,2.0,2.0,2.0,2.0,2.0,2.0,2.0,2.0,2.0,2.0,2.0,2.0,2.0,2.0,2.0,2.0,2.0,2.0,2.0,2.0,2.0,2.0,2.0,2.0,2.0,2.0,2.0,2.0,2.0,2
2RudddUtM-k,,,,,,,,,,,,,,,,,,,,,,,,,,,,,,,,,,,,,,,,,,,,,,,,,,,,,,,,,,,,,,,60.0,81.0,96.0,102.0,105.0,106.0,110.0,116.0,121.0,124.0,129.0,132.0,141.0,143.0,144.0,146.0,146.0,147.0,148.0,150.0,153.0,155.0,157.0,159.0,159.0,159.0,159.0,159.0,160.0,162.0,162.0,163.0,163.0,163.0,164.0,164.0,166.0,166.0,166.0,166.0,167.0,167.0,168.0,168.0,169.0,169.0,170.0,170.0,170.0,170.0,170.0,170.0,170.0,173.0,173.0,173.0,173.0,173.0,173.0,173.0,173.0,173.0,173.0,173
zq5mr3ePY1I,,,,,,,,,,,,,,,,,,,,,,,,,,,,,,,,,,,,,,,,,,,,,,,,,,,,,,,,,,,,,,,,,6923.0,6924.0,6935.0,6967.0,7005.0,7023.0,7034.0,7046.0,7057.0,7067.0,7079.0,7090.0,7102.0,7110.0,7116.0,7121.0,7121.0,7128.0,7132.0,7133.0,7136.0,7139.0,7140.0,7141.0,7141.0,7136.0,7138.0,7137.0,7140.0,7141.0,7144.0,7149.0,7150.0,7151.0,7152.0,7152.0,7149.0,7140.0,7142.0,7143.0,7144.0,7146.0,7146.0,7147.0,7147.0,7147.0,7149.0,7149.0,7150.0,7153.0,7156.0,7158.0,7159.0,7158.0,7158.0,7159.0,7160.0,7159.0,7161.0,7162.0,7157.0,7155
moBZTmNUkB8,,,,,,,,,,,,,,,,,,,,,,,,,,,,,,,,,,,,,,,,,,,,,,,,,,,,,,,,,,,,,,,,,62.0,84.0,93.0,99.0,113.0,124.0,133.0,144.0,147.0,149.0,151.0,155.0,156.0,161.0,163.0,166.0,171.0,175.0,178.0,179.0,182.0,183.0,185.0,186.0,191.0,191.0,190.0,191.0,191.0,191.0,191.0,191.0,193.0,193.0,194.0,195.0,196.0,197.0,199.0,202.0,203.0,203.0,206.0,207.0,209.0,210.0,210.0,210.0,210.0,210.0,210.0,210.0,210.0,210.0,211.0,211.0,211.0,211.0,210.0,210.0,210.0,210
eUe2iugtdKw,,,,,,,,,,,,,,,,,,,,,,,,,,,,,,,,,,,,,,,,,,,,,,,,,,,,,,,,,,,,,,,,,155.0,166.0,171.0,177.0,180.0,188.0,192.0,201.0,202.0,202.0,204.0,205.0,210.0,210.0,210.0,211.0,212.0,213.0,214.0,215.0,215.0,217.0,217.0,218.0,218.0,220.0,221.0,223.0,225.0,226.0,228.0,231.0,232.0,232.0,233.0,233.0,233.0,233.0,233.0,233.0,233.0,234.0,234.0,234.0,235.0,235.0,235.0,235.0,235.0,235.0,235.0,235.0,235.0,236.0,236.0,236.0,236.0,236.0,236.0,236.0,236.0,236
NwtIN7SSDiQ,,,,,,,,,,,,,,,,,,,,,,,,,,,,,,,,,,,,,,,,,,,,,,,,,,,,,,,,,,,,,,,,,71.0,108.0,133.0,151.0,160.0,167.0,191.0,202.0,209.0,217.0,218.0,224.0,226.0,241.0,242.0,243.0,246.0,247.0,248.0,250.0,253.0,256.0,257.0,260.0,261.0,262.0,263.0,266.0,267.0,269.0,270.0,270.0,269.0,269.0,269.0,271.0,274.0,276.0,277.0,278.0,280.0,281.0,281.0,281.0,282.0,282.0,282.0,282.0,282.0,282.0,283.0,284.0,284.0,284.0,284.0,284.0,284.0,284.0,285.0,285.0,286.0,286
MTiD_LreuOs,,,,,,,,,,,,,,,,,,,,,,,,,,,,,,,,,,,,,,,,,,,,,,,,,,,,,,,,,,,,,,,,,70.0,73.0,74.0,74.0,75.0,75.0,75.0,75.0,75.0,75.0,75.0,75.0,75.0,75.0,75.0,75.0,76.0,76.0,76.0,76.0,76.0,76.0,76.0,76.0,76.0,76.0,76.0,76.0,76.0,76.0,76.0,76.0,76.0,76.0,76.0,76.0,76.0,76.0,76.0,76.0,77.0,77.0,77.0,77.0,77.0,77.0,77.0,77.0,77.0,77.0,77.0,77.0,77.0,77.0,77.0,77.0,77.0,77.0,77.0,77.0,77.0,77
_6Zvxj0s7SE,,,,,,,,,,,,,,,,,,,,,,,,,,,,,,,,,,,,,,,,,,,,,,,,,,,,,,,,,,,,,,,,,2029.0,4410.0,4816.0,5144.0,9147.0,16087.0,20784.0,22270.0,23922.0,25250.0,25817.0,26222.0,26555.0,26565.0,26680.0,26812.0,26868.0,27021.0,27119.0,27218.0,27211.0,27196.0,27401.0,27352.0,27365.0,27476.0,27435.0,27440.0,27470.0,27488.0,27575.0,27649.0,27622.0,27669.0,27683.0,27681.0,27499.0,27503.0,27503.0,27534.0,27523.0,27520.0,27514.0,27508.0,27502.0,27455.0,27452.0,27450.0,27441.0,27445.0,27422.0,27426.0,27413.0,27408.0,27413.0,27246.0,27241.0,27124.0,27122.0,27110.0,27102.0,27103
63eW5v4X7AY,,,,,,,,,,,,,,,,,,,,,,,,,,,,,,,,,,,,,,,,,,,,,,,,,,,,,,,,,,,,,,,,,593.0,807.0,849.0,888.0,896.0,912.0,930.0,947.0,963.0,978.0,985.0,992.0,1006.0,1014.0,1020.0,1020.0,1026.0,1029.0,1033.0,1033.0,1043.0,1047.0,1050.0,1055.0,1059.0,1061.0,1063.0,1069.0,1072.0,1068.0,1078.0,1085.0,1088.0,1090.0,1092.0,1095.0,1100.0,1104.0,1111.0,1112.0,1117.0,1118.0,1124.0,1125.0,1125.0,1129.0,1133.0,1137.0,1136.0,1139.0,1142.0,1141.0,1144.0,1147.0,1148.0,1154.0,1155.0,1156.0,1160.0,1164.0,1167.0,1167
5g0hr6VKFQE,,,,,,,,,,,,,,,,,,,,,,,,,,,,,,,,,,,,,,,,,,,,,,,,,,,,,,,,,,,,,,,,,122.0,190.0,204.0,214.0,213.0,215.0,218.0,220.0,225.0,228.0,229.0,230.0,232.0,234.0,234.0,237.0,239.0,241.0,242.0,244.0,246.0,246.0,246.0,246.0,249.0,250.0,251.0,251.0,252.0,252.0,253.0,256.0,256.0,257.0,257.0,257.0,258.0,258.0,258.0,258.0,258.0,259.0,259.0,259.0,259.0,259.0,259.0,259.0,259.0,260.0,260.0,260.0,260.0,260.0,260.0,260.0,260.0,260.0,260.0,261.0,261.0,260
cp0eesd7h_w,,,,,,,,,,,,,,,,,,,,,,,,,,,,,,,,,,,,,,,,,,,,,,,,,,,,,,,,,,,,,,,,,48.0,48.0,49.0,49.0,50.0,53.0,53.0,53.0,53.0,54.0,55.0,55.0,55.0,56.0,56.0,55.0,55.0,55.0,55.0,56.0,56.0,56.0,57.0,58.0,59.0,59.0,61.0,61.0,62.0,62.0,62.0,62.0,62.0,62.0,62.0,62.0,62.0,62.0,62.0,62.0,62.0,63.0,64.0,64.0,65.0,65.0,65.0,66.0,66.0,67.0,68.0,68.0,69.0,70.0,70.0,70.0,70.0,70.0,70.0,70.0,70.0,72
iT4qPQ5g3hE,,,,,,,,,,,,,,,,,,,,,,,,,,,,,,,,,,,,,,,,,,,,,,,,,,,,,,,,,,,,,,,,,0.0,0.0,0.0,0.0,0.0,0.0,0.0,0.0,0.0,0.0,0.0,0.0,0.0,0.0,0.0,0.0,0.0,0.0,0.0,0.0,0.0,0.0,0.0,0.0,0.0,0.0,0.0,0.0,0.0,0.0,0.0,0.0,0.0,0.0,0.0,0.0,0.0,0.0,0.0,0.0,0.0,0.0,0.0,0.0,0.0,0.0,0.0,0.0,0.0,0.0,0.0,0.0,0.0,0.0,0.0,0.0,0.0,0.0,0.0,0.0,0.0,0
dat5EoFqZyc,,,,,,,,,,,,,,,,,,,,,,,,,,,,,,,,,,,,,,,,,,,,,,,,,,,,,,,,,,,,,,,,,76.0,84.0,90.0,93.0,94.0,95.0,98.0,98.0,98.0,98.0,98.0,100.0,101.0,103.0,105.0,106.0,108.0,108.0,108.0,109.0,109.0,109.0,110.0,110.0,110.0,110.0,110.0,110.0,112.0,112.0,112.0,111.0,111.0,111.0,112.0,112.0,112.0,112.0,113.0,114.0,114.0,114.0,114.0,115.0,117.0,117.0,118.0,118.0,118.0,118.0,118.0,118.0,118.0,118.0,118.0,118.0,118.0,118.0,118.0,118.0,118.0,118
Nad5gfs-aoE,,,,,,,,,,,,,,,,,,,,,,,,,,,,,,,,,,,,,,,,,,,,,,,,,,,,,,,,,,,,,,,,,7.0,7.0,7.0,7.0,7.0,7.0,7.0,7.0,7.0,7.0,7.0,7.0,7.0,7.0,7.0,7.0,7.0,7.0,7.0,7.0,7.0,7.0,7.0,7.0,7.0,7.0,7.0,7.0,7.0,7.0,7.0,7.0,7.0,7.0,7.0,7.0,7.0,7.0,7.0,7.0,7.0,7.0,7.0,7.0,7.0,7.0,7.0,7.0,7.0,7.0,7.0,7.0,7.0,7.0,7.0,7.0,7.0,7.0,7.0,7.0,7.0,7
Tb6dCJrNkjc,,,,,,,,,,,,,,,,,,,,,,,,,,,,,,,,,,,,,,,,,,,,,,,,,,,,,,,,,,,,,,,,,0.0,0.0,0.0,0.0,0.0,0.0,0.0,0.0,0.0,0.0,0.0,0.0,0.0,0.0,0.0,0.0,0.0,0.0,0.0,0.0,0.0,0.0,0.0,0.0,0.0,0.0,0.0,0.0,0.0,0.0,0.0,0.0,0.0,0.0,0.0,0.0,0.0,0.0,0.0,0.0,0.0,0.0,0.0,0.0,0.0,0.0,0.0,0.0,0.0,0.0,0.0,0.0,0.0,0.0,0.0,0.0,0.0,0.0,0.0,0.0,0.0,0
ggBqyUqawK0,,,,,,,,,,,,,,,,,,,,,,,,,,,,,,,,,,,,,,,,,,,,,,,,,,,,,,,,,,,,,,,,,26.0,26.0,26.0,27.0,28.0,28.0,29.0,29.0,29.0,29.0,29.0,30.0,30.0,31.0,31.0,30.0,30.0,30.0,30.0,30.0,30.0,30.0,31.0,31.0,31.0,31.0,31.0,32.0,32.0,32.0,32.0,32.0,32.0,32.0,32.0,32.0,32.0,32.0,32.0,32.0,33.0,33.0,34.0,34.0,34.0,34.0,34.0,34.0,34.0,34.0,35.0,36.0,36.0,36.0,36.0,37.0,37.0,37.0,37.0,38.0,38.0,38
Z-IrVhChIqQ,,,,,,,,,,,,,,,,,,,,,,,,,,,,,,,,,,,,,,,,,,,,,,,,,,,,,,,,,,,,,,,,,686.0,687.0,687.0,687.0,687.0,687.0,687.0,687.0,687.0,688.0,689.0,688.0,688.0,689.0,692.0,692.0,693.0,694.0,693.0,693.0,693.0,693.0,693.0,694.0,694.0,695.0,695.0,695.0,695.0,695.0,695.0,695.0,695.0,695.0,695.0,695.0,695.0,695.0,695.0,695.0,695.0,696.0,696.0,696.0,697.0,697.0,697.0,697.0,697.0,696.0,695.0,696.0,697.0,697.0,697.0,699.0,700.0,700.0,700.0,700.0,700.0,704
pngXLNuXBm4,,,,,,,,,,,,,,,,,,,,,,,,,,,,,,,,,,,,,,,,,,,,,,,,,,,,,,,,,,,,,,,,,,497.0,512.0,528.0,535.0,538.0,538.0,538.0,538.0,539.0,540.0,540.0,540.0,540.0,540.0,540.0,540.0,540.0,539.0,539.0,539.0,539.0,539.0,537.0,537.0,537.0,537.0,537.0,537.0,537.0,537.0,537.0,537.0,537.0,537.0,537.0,537.0,537.0,537.0,537.0,537.0,537.0,537.0,537.0,537.0,537.0,537.0,537.0,537.0,537.0,537.0,537.0,537.0,537.0,537.0,537.0,537.0,536.0,536.0,536.0,536.0,536
wAWGWlwHi3s,,,,,,,,,,,,,,,,,,,,,,,,,,,,,,,,,,,,,,,,,,,,,,,,,,,,,,,,,,,,,,,,,,28.0,30.0,31.0,33.0,33.0,33.0,33.0,33.0,33.0,33.0,33.0,34.0,35.0,35.0,35.0,35.0,35.0,36.0,37.0,37.0,37.0,37.0,37.0,37.0,37.0,37.0,37.0,37.0,37.0,37.0,37.0,38.0,38.0,38.0,38.0,38.0,38.0,38.0,38.0,38.0,38.0,38.0,38.0,38.0,38.0,38.0,38.0,38.0,38.0,38.0,38.0,38.0,38.0,38.0,38.0,38.0,38.0,38.0,38.0,38.0,38
__lPoBFinTo,,,,,,,,,,,,,,,,,,,,,,,,,,,,,,,,,,,,,,,,,,,,,,,,,,,,,,,,,,,,,,,,,,0.0,0.0,0.0,0.0,0.0,0.0,0.0,0.0,0.0,0.0,0.0,0.0,0.0,0.0,0.0,0.0,0.0,0.0,0.0,0.0,0.0,0.0,0.0,0.0,0.0,0.0,0.0,0.0,0.0,0.0,0.0,0.0,0.0,0.0,0.0,0.0,0.0,0.0,0.0,0.0,0.0,0.0,0.0,0.0,0.0,0.0,0.0,0.0,0.0,0.0,0.0,0.0,0.0,0.0,0.0,0.0,0.0,0.0,0.0,0.0,0
eLPjnO8TW_M,,,,,,,,,,,,,,,,,,,,,,,,,,,,,,,,,,,,,,,,,,,,,,,,,,,,,,,,,,,,,,,,,,1454.0,1540.0,1591.0,1632.0,1634.0,1631.0,1629.0,1628.0,1628.0,1627.0,1628.0,1627.0,1626.0,1626.0,1626.0,1626.0,1625.0,1624.0,1623.0,1623.0,1623.0,1623.0,1623.0,1622.0,1622.0,1622.0,1622.0,1622.0,1622.0,1622.0,1622.0,1620.0,1620.0,1620.0,1620.0,1620.0,1620.0,1618.0,1618.0,1618.0,1618.0,1618.0,1618.0,1618.0,1618.0,1618.0,1617.0,1617.0,1592.0,1592.0,1592.0,1592.0,1592.0,1592.0,1590.0,1590.0,1590.0,1590.0,1590.0,1590.0,1590
busYXvdzAfw,,,,,,,,,,,,,,,,,,,,,,,,,,,,,,,,,,,,,,,,,,,,,,,,,,,,,,,,,,,,,,,,,,0.0,0.0,0.0,0.0,0.0,0.0,0.0,0.0,0.0,0.0,0.0,0.0,0.0,0.0,0.0,0.0,0.0,0.0,0.0,0.0,0.0,0.0,0.0,0.0,0.0,0.0,0.0,0.0,0.0,0.0,0.0,0.0,0.0,0.0,0.0,0.0,0.0,0.0,0.0,0.0,0.0,0.0,0.0,0.0,0.0,0.0,0.0,0.0,0.0,0.0,0.0,0.0,0.0,0.0,0.0,0.0,0.0,0.0,0.0,0.0,0
ynoqiBKBhBc,,,,,,,,,,,,,,,,,,,,,,,,,,,,,,,,,,,,,,,,,,,,,,,,,,,,,,,,,,,,,,,,,,,267.0,306.0,328.0,331.0,341.0,351.0,361.0,363.0,363.0,366.0,366.0,366.0,367.0,367.0,368.0,368.0,369.0,369.0,369.0,369.0,369.0,369.0,369.0,369.0,369.0,369.0,369.0,369.0,369.0,369.0,369.0,369.0,369.0,370.0,370.0,370.0,370.0,370.0,370.0,370.0,370.0,370.0,370.0,370.0,370.0,370.0,370.0,370.0,370.0,370.0,370.0,370.0,370.0,371.0,371.0,371.0,371.0,371.0,371.0,371
tztQWolzG04,,,,,,,,,,,,,,,,,,,,,,,,,,,,,,,,,,,,,,,,,,,,,,,,,,,,,,,,,,,,,,,,,,,40.0,47.0,54.0,60.0,60.0,62.0,64.0,66.0,68.0,72.0,76.0,79.0,79.0,77.0,78.0,78.0,79.0,79.0,79.0,79.0,80.0,80.0,80.0,80.0,82.0,82.0,84.0,85.0,85.0,85.0,84.0,84.0,84.0,84.0,84.0,84.0,84.0,85.0,85.0,86.0,88.0,88.0,88.0,88.0,88.0,88.0,88.0,88.0,89.0,88.0,89.0,89.0,89.0,89.0,90.0,90.0,90.0,90.0,92.0,92
WXS-o57VJ5w,,,,,,,,,,,,,,,,,,,,,,,,,,,,,,,,,,,,,,,,,,,,,,,,,,,,,,,,,,,,,,,,,,,21031.0,33125.0,34739.0,35894.0,36836.0,37210.0,37754.0,38163.0,38690.0,39047.0,39289.0,39475.0,39679.0,39868.0,40047.0,40210.0,40359.0,40504.0,40628.0,40786.0,40943.0,41069.0,41197.0,41323.0,41471.0,41611.0,41702.0,41806.0,41964.0,42147.0,42311.0,42440.0,42525.0,42608.0,42736.0,42818.0,42944.0,43034.0,43131.0,43235.0,43332.0,43443.0,43546.0,43637.0,43735.0,43835.0,44199.0,44513.0,44617.0,44698.0,44808.0,44901.0,44983.0,44969.0,45054.0,45123.0,45229.0,45306.0,45379.0,45454
2BAXPAkLl88,,,,,,,,,,,,,,,,,,,,,,,,,,,,,,,,,,,,,,,,,,,,,,,,,,,,,,,,,,,,,,,,,,,,889.0,1035.0,1119.0,1168.0,1196.0,1231.0,1265.0,1285.0,1306.0,1318.0,1329.0,1343.0,1350.0,1363.0,1369.0,1380.0,1386.0,1396.0,1417.0,1436.0,1451.0,1457.0,1461.0,1466.0,1469.0,1476.0,1478.0,1482.0,1484.0,1485.0,1489.0,1493.0,1494.0,1493.0,1496.0,1498.0,1498.0,1500.0,1500.0,1504.0,1506.0,1509.0,1510.0,1513.0,1515.0,1516.0,1517.0,1521.0,1521.0,1521.0,1521.0,1522.0,1521.0,1508.0,1510.0,1511.0,1511.0,1511.0,1513
VKw4L8Z0SUI,,,,,,,,,,,,,,,,,,,,,,,,,,,,,,,,,,,,,,,,,,,,,,,,,,,,,,,,,,,,,,,,,,,,10.0,16.0,23.0,28.0,32.0,34.0,35.0,38.0,40.0,41.0,42.0,42.0,44.0,46.0,48.0,48.0,48.0,50.0,51.0,52.0,53.0,53.0,53.0,54.0,55.0,56.0,57.0,57.0,57.0,58.0,59.0,59.0,59.0,60.0,60.0,60.0,61.0,61.0,61.0,61.0,61.0,61.0,61.0,61.0,61.0,62.0,62.0,62.0,62.0,62.0,62.0,63.0,64.0,64.0,64.0,64.0,64.0,64.0,64
KVoYIOffenk,,,,,,,,,,,,,,,,,,,,,,,,,,,,,,,,,,,,,,,,,,,,,,,,,,,,,,,,,,,,,,,,,,,,108.0,367.0,389.0,389.0,391.0,391.0,391.0,392.0,392.0,392.0,392.0,392.0,392.0,392.0,392.0,392.0,392.0,392.0,392.0,392.0,392.0,392.0,392.0,392.0,392.0,392.0,392.0,392.0,392.0,392.0,392.0,392.0,393.0,393.0,393.0,393.0,393.0,393.0,393.0,393.0,393.0,393.0,393.0,393.0,393.0,393.0,393.0,393.0,393.0,393.0,393.0,393.0,393.0,393.0,393.0,393.0,393.0,393.0,393
Pl88TpRRWkI,,,,,,,,,,,,,,,,,,,,,,,,,,,,,,,,,,,,,,,,,,,,,,,,,,,,,,,,,,,,,,,,,,,,599.0,668.0,701.0,726.0,737.0,757.0,766.0,768.0,772.0,776.0,778.0,782.0,785.0,789.0,795.0,796.0,799.0,802.0,804.0,804.0,804.0,806.0,807.0,810.0,812.0,813.0,813.0,813.0,814.0,814.0,814.0,815.0,816.0,816.0,816.0,816.0,816.0,818.0,819.0,820.0,821.0,823.0,824.0,824.0,825.0,824.0,825.0,826.0,827.0,827.0,829.0,830.0,830.0,831.0,832.0,832.0,832.0,832.0,833
ZWM6YDl77QA,,,,,,,,,,,,,,,,,,,,,,,,,,,,,,,,,,,,,,,,,,,,,,,,,,,,,,,,,,,,,,,,,,,,1054.0,1120.0,1161.0,1193.0,1215.0,1234.0,1250.0,1262.0,1268.0,1299.0,1302.0,1325.0,1327.0,1331.0,1338.0,1346.0,1350.0,1350.0,1358.0,1361.0,1361.0,1363.0,1365.0,1365.0,1367.0,1368.0,1369.0,1369.0,1370.0,1369.0,1370.0,1373.0,1376.0,1376.0,1375.0,1375.0,1377.0,1380.0,1380.0,1380.0,1380.0,1381.0,1381.0,1381.0,1382.0,1383.0,1383.0,1383.0,1383.0,1383.0,1383.0,1383.0,1383.0,1383.0,1383.0,1383.0,1383.0,1383.0,1386
G1nEmpviph0,,,,,,,,,,,,,,,,,,,,,,,,,,,,,,,,,,,,,,,,,,,,,,,,,,,,,,,,,,,,,,,,,,,,47.0,47.0,47.0,48.0,48.0,48.0,48.0,48.0,48.0,48.0,48.0,48.0,48.0,48.0,48.0,48.0,48.0,48.0,48.0,48.0,48.0,48.0,48.0,48.0,48.0,48.0,48.0,48.0,48.0,48.0,48.0,48.0,48.0,48.0,48.0,48.0,48.0,48.0,48.0,48.0,48.0,48.0,48.0,48.0,48.0,48.0,48.0,48.0,48.0,48.0,48.0,48.0,48.0,48.0,48.0,48.0,48.0,48.0,48
rcj_g0g78RA,,,,,,,,,,,,,,,,,,,,,,,,,,,,,,,,,,,,,,,,,,,,,,,,,,,,,,,,,,,,,,,,,,,,,2.0,3.0,3.0,3.0,3.0,4.0,4.0,4.0,4.0,4.0,4.0,4.0,4.0,4.0,4.0,4.0,4.0,4.0,4.0,4.0,4.0,4.0,4.0,4.0,4.0,4.0,4.0,4.0,4.0,4.0,4.0,4.0,4.0,4.0,4.0,4.0,4.0,4.0,4.0,4.0,4.0,4.0,4.0,4.0,4.0,4.0,4.0,4.0,4.0,4.0,4.0,4.0,4.0,4.0,4.0,4.0,4.0,4
HRPRapEiJmo,,,,,,,,,,,,,,,,,,,,,,,,,,,,,,,,,,,,,,,,,,,,,,,,,,,,,,,,,,,,,,,,,,,,,0.0,0.0,0.0,0.0,0.0,0.0,0.0,0.0,0.0,0.0,0.0,0.0,0.0,0.0,0.0,0.0,0.0,0.0,0.0,0.0,0.0,0.0,0.0,0.0,0.0,0.0,0.0,0.0,0.0,0.0,0.0,0.0,0.0,0.0,0.0,0.0,0.0,0.0,0.0,0.0,0.0,0.0,0.0,0.0,0.0,0.0,0.0,0.0,0.0,0.0,0.0,0.0,0.0,0.0,0.0,0.0,0.0,0
hRgz0d_mpC4,,,,,,,,,,,,,,,,,,,,,,,,,,,,,,,,,,,,,,,,,,,,,,,,,,,,,,,,,,,,,,,,,,,,,11.0,15.0,15.0,16.0,16.0,17.0,17.0,17.0,17.0,17.0,17.0,17.0,17.0,17.0,17.0,17.0,18.0,19.0,19.0,19.0,19.0,19.0,19.0,19.0,19.0,19.0,19.0,19.0,19.0,19.0,19.0,19.0,19.0,19.0,19.0,19.0,19.0,19.0,19.0,19.0,19.0,19.0,19.0,19.0,19.0,19.0,19.0,19.0,19.0,19.0,19.0,19.0,19.0,19.0,19.0,19.0,19.0,19
U2558gJwxrk,,,,,,,,,,,,,,,,,,,,,,,,,,,,,,,,,,,,,,,,,,,,,,,,,,,,,,,,,,,,,,,,,,,,,0.0,0.0,0.0,0.0,0.0,0.0,0.0,0.0,0.0,0.0,0.0,0.0,0.0,0.0,0.0,0.0,0.0,0.0,0.0,0.0,0.0,0.0,0.0,0.0,0.0,0.0,0.0,0.0,0.0,0.0,0.0,0.0,0.0,0.0,0.0,0.0,0.0,0.0,0.0,0.0,0.0,0.0,0.0,0.0,0.0,0.0,0.0,0.0,0.0,0.0,0.0,0.0,0.0,0.0,0.0,0.0,0.0,0
WMIaOhC_Jyk,,,,,,,,,,,,,,,,,,,,,,,,,,,,,,,,,,,,,,,,,,,,,,,,,,,,,,,,,,,,,,,,,,,,,,657.0,664.0,670.0,671.0,670.0,673.0,673.0,674.0,674.0,674.0,674.0,674.0,674.0,674.0,675.0,675.0,677.0,677.0,677.0,677.0,676.0,676.0,675.0,674.0,674.0,674.0,674.0,675.0,675.0,675.0,675.0,675.0,675.0,675.0,675.0,675.0,675.0,675.0,675.0,675.0,675.0,675.0,675.0,675.0,675.0,675.0,675.0,675.0,675.0,675.0,675.0,674.0,674.0,674.0,674.0,674.0,674
SOHkVelqFpc,,,,,,,,,,,,,,,,,,,,,,,,,,,,,,,,,,,,,,,,,,,,,,,,,,,,,,,,,,,,,,,,,,,,,,11.0,11.0,11.0,11.0,11.0,11.0,11.0,11.0,11.0,11.0,11.0,11.0,11.0,11.0,11.0,11.0,11.0,11.0,11.0,11.0,11.0,11.0,11.0,11.0,11.0,11.0,11.0,11.0,11.0,11.0,11.0,11.0,11.0,11.0,11.0,11.0,11.0,11.0,11.0,11.0,11.0,11.0,11.0,11.0,11.0,11.0,11.0,11.0,11.0,11.0,11.0,11.0,11.0,11.0,11.0,11.0,11
aTgzm7a7f78,,,,,,,,,,,,,,,,,,,,,,,,,,,,,,,,,,,,,,,,,,,,,,,,,,,,,,,,,,,,,,,,,,,,,,52.0,69.0,74.0,77.0,78.0,78.0,78.0,78.0,78.0,79.0,79.0,79.0,80.0,80.0,80.0,80.0,80.0,80.0,80.0,80.0,80.0,81.0,81.0,83.0,83.0,83.0,83.0,83.0,83.0,83.0,83.0,83.0,83.0,83.0,83.0,83.0,83.0,84.0,84.0,84.0,84.0,84.0,84.0,84.0,84.0,84.0,84.0,84.0,84.0,84.0,84.0,84.0,85.0,85.0,85.0,85.0,85
lFPPI7yO8PM,,,,,,,,,,,,,,,,,,,,,,,,,,,,,,,,,,,,,,,,,,,,,,,,,,,,,,,,,,,,,,,,,,,,,,0.0,0.0,0.0,0.0,0.0,0.0,0.0,0.0,0.0,0.0,0.0,0.0,0.0,0.0,0.0,0.0,0.0,0.0,0.0,0.0,0.0,0.0,0.0,0.0,0.0,0.0,0.0,0.0,0.0,0.0,0.0,0.0,0.0,0.0,0.0,0.0,0.0,0.0,0.0,0.0,0.0,0.0,0.0,0.0,0.0,0.0,0.0,0.0,0.0,0.0,0.0,0.0,0.0,0.0,0.0,0.0,0
1m9gGoRYfIA,,,,,,,,,,,,,,,,,,,,,,,,,,,,,,,,,,,,,,,,,,,,,,,,,,,,,,,,,,,,,,,,,,,,,,216.0,271.0,299.0,313.0,328.0,333.0,340.0,340.0,345.0,345.0,346.0,347.0,347.0,347.0,348.0,350.0,351.0,351.0,351.0,351.0,351.0,351.0,351.0,351.0,351.0,351.0,351.0,351.0,351.0,352.0,353.0,353.0,353.0,354.0,354.0,354.0,354.0,354.0,354.0,355.0,355.0,355.0,355.0,355.0,355.0,355.0,355.0,355.0,354.0,354.0,354.0,354.0,354.0,354.0,354.0,354.0,354
XjxCFww-cU4,,,,,,,,,,,,,,,,,,,,,,,,,,,,,,,,,,,,,,,,,,,,,,,,,,,,,,,,,,,,,,,,,,,,,,148.0,148.0,150.0,150.0,150.0,150.0,152.0,152.0,152.0,153.0,153.0,154.0,155.0,155.0,155.0,155.0,155.0,156.0,156.0,157.0,157.0,157.0,160.0,160.0,160.0,160.0,162.0,162.0,162.0,163.0,163.0,163.0,163.0,164.0,164.0,164.0,164.0,164.0,164.0,164.0,165.0,165.0,165.0,165.0,165.0,165.0,165.0,166.0,166.0,166.0,166.0,165.0,165.0,165.0,165.0,165.0,165
eDUkyGpM5d4,,,,,,,,,,,,,,,,,,,,,,,,,,,,,,,,,,,,,,,,,,,,,,,,,,,,,,,,,,,,,,,,,,,,,,10.0,19.0,23.0,23.0,23.0,24.0,24.0,24.0,24.0,24.0,25.0,25.0,26.0,27.0,27.0,27.0,27.0,27.0,27.0,28.0,28.0,30.0,30.0,30.0,30.0,30.0,30.0,30.0,30.0,30.0,30.0,30.0,30.0,30.0,30.0,30.0,31.0,31.0,31.0,31.0,31.0,31.0,31.0,31.0,31.0,31.0,31.0,31.0,31.0,31.0,31.0,31.0,31.0,31.0,32.0,32.0,32
lGZUsofobgQ,,,,,,,,,,,,,,,,,,,,,,,,,,,,,,,,,,,,,,,,,,,,,,,,,,,,,,,,,,,,,,,,,,,,,,80.0,105.0,122.0,131.0,138.0,143.0,157.0,164.0,169.0,175.0,179.0,183.0,187.0,191.0,194.0,200.0,201.0,204.0,204.0,207.0,208.0,209.0,210.0,210.0,212.0,213.0,213.0,213.0,214.0,215.0,218.0,222.0,222.0,222.0,225.0,225.0,225.0,226.0,226.0,226.0,226.0,226.0,226.0,226.0,226.0,227.0,227.0,228.0,227.0,230.0,230.0,230.0,231.0,231.0,232.0,233.0,234
EG2hlb6ydWc,,,,,,,,,,,,,,,,,,,,,,,,,,,,,,,,,,,,,,,,,,,,,,,,,,,,,,,,,,,,,,,,,,,,,,46.0,46.0,46.0,46.0,46.0,46.0,79.0,116.0,154.0,178.0,219.0,247.0,285.0,346.0,376.0,415.0,463.0,508.0,544.0,587.0,624.0,652.0,720.0,770.0,834.0,898.0,977.0,977.0,977.0,977.0,977.0,977.0,977.0,977.0,977.0,977.0,977.0,977.0,977.0,978.0,978.0,978.0,978.0,978.0,979.0,979.0,979.0,978.0,978.0,978.0,978.0,977.0,977.0,977.0,977.0,977.0,977
eXLLC96eyLk,,,,,,,,,,,,,,,,,,,,,,,,,,,,,,,,,,,,,,,,,,,,,,,,,,,,,,,,,,,,,,,,,,,,,,2424.0,2520.0,2551.0,2570.0,2585.0,2601.0,2607.0,2613.0,2617.0,2618.0,2618.0,2619.0,2616.0,2616.0,2616.0,2616.0,2616.0,2615.0,2615.0,2615.0,2615.0,2615.0,2615.0,2615.0,2616.0,2616.0,2616.0,2616.0,2616.0,2616.0,2616.0,2616.0,2616.0,2612.0,2612.0,2612.0,2610.0,2609.0,2610.0,2610.0,2610.0,2607.0,2607.0,2607.0,2606.0,2605.0,2606.0,2606.0,2606.0,2606.0,2606.0,2606.0,2606.0,2606.0,2606.0,2606.0,2606
SPBcMZUEThs,,,,,,,,,,,,,,,,,,,,,,,,,,,,,,,,,,,,,,,,,,,,,,,,,,,,,,,,,,,,,,,,,,,,,,1.0,1.0,1.0,1.0,1.0,1.0,1.0,1.0,1.0,1.0,1.0,1.0,1.0,1.0,1.0,1.0,1.0,1.0,1.0,1.0,1.0,1.0,1.0,1.0,1.0,2.0,2.0,2.0,2.0,2.0,2.0,2.0,2.0,2.0,2.0,2.0,2.0,2.0,2.0,2.0,2.0,2.0,2.0,2.0,2.0,2.0,2.0,2.0,2.0,2.0,2.0,2.0,2.0,2.0,2.0,2.0,2
y4Gxxp_gaRE,,,,,,,,,,,,,,,,,,,,,,,,,,,,,,,,,,,,,,,,,,,,,,,,,,,,,,,,,,,,,,,,,,,,,,1.0,1.0,1.0,1.0,1.0,1.0,1.0,1.0,1.0,1.0,1.0,1.0,1.0,1.0,1.0,1.0,1.0,1.0,1.0,1.0,1.0,1.0,1.0,1.0,1.0,1.0,1.0,1.0,1.0,1.0,1.0,1.0,1.0,1.0,1.0,1.0,1.0,1.0,1.0,1.0,1.0,1.0,1.0,1.0,1.0,1.0,1.0,1.0,1.0,1.0,1.0,1.0,1.0,1.0,1.0,1.0,1
2pnCM4vbzt0,,,,,,,,,,,,,,,,,,,,,,,,,,,,,,,,,,,,,,,,,,,,,,,,,,,,,,,,,,,,,,,,,,,,,,8.0,8.0,8.0,8.0,8.0,8.0,8.0,8.0,8.0,8.0,8.0,8.0,8.0,8.0,9.0,9.0,9.0,9.0,9.0,9.0,9.0,9.0,9.0,9.0,9.0,9.0,9.0,9.0,9.0,9.0,9.0,9.0,9.0,9.0,9.0,9.0,9.0,9.0,9.0,9.0,9.0,9.0,9.0,9.0,9.0,9.0,9.0,9.0,9.0,9.0,9.0,9.0,9.0,9.0,9.0,9.0,9
yZgyH54AD4g,,,,,,,,,,,,,,,,,,,,,,,,,,,,,,,,,,,,,,,,,,,,,,,,,,,,,,,,,,,,,,,,,,,,,,70.0,70.0,70.0,70.0,70.0,70.0,70.0,70.0,70.0,70.0,70.0,70.0,70.0,70.0,70.0,70.0,70.0,70.0,70.0,70.0,70.0,70.0,70.0,70.0,70.0,70.0,70.0,70.0,70.0,70.0,71.0,70.0,70.0,70.0,70.0,70.0,70.0,70.0,70.0,70.0,70.0,70.0,70.0,70.0,71.0,71.0,71.0,71.0,71.0,71.0,71.0,71.0,71.0,71.0,71.0,71.0,71
xKtiWJtMJ8k,,,,,,,,,,,,,,,,,,,,,,,,,,,,,,,,,,,,,,,,,,,,,,,,,,,,,,,,,,,,,,,,,,,,,,,74.0,130.0,143.0,148.0,151.0,155.0,161.0,166.0,169.0,169.0,165.0,169.0,172.0,173.0,185.0,186.0,186.0,186.0,186.0,399.0,773.0,1145.0,1366.0,1391.0,1411.0,1583.0,1735.0,1738.0,1744.0,1748.0,1750.0,1752.0,1753.0,1754.0,1754.0,1755.0,1756.0,1757.0,1757.0,1758.0,1761.0,1814.0,1858.0,1892.0,1926.0,1961.0,1990.0,2016.0,2020.0,2028.0,2039.0,2046.0,2051.0,2052.0,2062.0,2068
6lDzRkm4WJU,,,,,,,,,,,,,,,,,,,,,,,,,,,,,,,,,,,,,,,,,,,,,,,,,,,,,,,,,,,,,,,,,,,,,,,150.0,150.0,151.0,151.0,151.0,153.0,153.0,153.0,154.0,154.0,154.0,154.0,154.0,154.0,154.0,154.0,154.0,154.0,155.0,155.0,155.0,155.0,155.0,155.0,155.0,154.0,154.0,154.0,154.0,154.0,154.0,154.0,154.0,154.0,154.0,155.0,155.0,156.0,156.0,157.0,157.0,158.0,158.0,159.0,159.0,159.0,159.0,159.0,159.0,159.0,159.0,159.0,159.0,159.0,159.0,159
UjbCWg3JLb4,,,,,,,,,,,,,,,,,,,,,,,,,,,,,,,,,,,,,,,,,,,,,,,,,,,,,,,,,,,,,,,,,,,,,,,1290.0,1315.0,1341.0,1363.0,1383.0,1400.0,1402.0,1406.0,1407.0,1407.0,1407.0,1407.0,1407.0,1407.0,1407.0,1408.0,1408.0,1408.0,1408.0,1408.0,1408.0,1408.0,1408.0,1408.0,1408.0,1408.0,1408.0,1408.0,1408.0,1408.0,1408.0,1406.0,1406.0,1406.0,1407.0,1407.0,1407.0,1407.0,1407.0,1407.0,1407.0,1407.0,1407.0,1407.0,1407.0,1407.0,1407.0,1407.0,1407.0,1407.0,1407.0,1407.0,1407.0,1407.0,1406.0,1406
Oa1vSkAhFgU,,,,,,,,,,,,,,,,,,,,,,,,,,,,,,,,,,,,,,,,,,,,,,,,,,,,,,,,,,,,,,,,,,,,,,,0.0,0.0,0.0,0.0,0.0,0.0,0.0,0.0,0.0,0.0,0.0,0.0,0.0,0.0,0.0,0.0,0.0,0.0,0.0,0.0,0.0,0.0,0.0,0.0,0.0,0.0,0.0,0.0,0.0,0.0,0.0,0.0,0.0,0.0,0.0,0.0,0.0,0.0,0.0,0.0,0.0,0.0,0.0,0.0,0.0,0.0,0.0,0.0,0.0,0.0,0.0,0.0,0.0,0.0,0.0,0
FbcBVInloF0,,,,,,,,,,,,,,,,,,,,,,,,,,,,,,,,,,,,,,,,,,,,,,,,,,,,,,,,,,,,,,,,,,,,,,,40.0,40.0,40.0,40.0,40.0,40.0,40.0,40.0,40.0,40.0,40.0,40.0,40.0,40.0,40.0,40.0,40.0,40.0,40.0,40.0,40.0,40.0,40.0,40.0,40.0,40.0,40.0,40.0,40.0,40.0,40.0,40.0,40.0,40.0,40.0,40.0,40.0,40.0,40.0,40.0,40.0,40.0,40.0,40.0,40.0,40.0,40.0,41.0,41.0,41.0,41.0,41.0,41.0,41.0,41.0,41
1RMuqEI6euE,,,,,,,,,,,,,,,,,,,,,,,,,,,,,,,,,,,,,,,,,,,,,,,,,,,,,,,,,,,,,,,,,,,,,,,30.0,31.0,31.0,31.0,32.0,32.0,32.0,32.0,32.0,32.0,32.0,32.0,33.0,33.0,33.0,33.0,33.0,33.0,33.0,33.0,33.0,33.0,33.0,33.0,33.0,33.0,33.0,33.0,33.0,33.0,33.0,33.0,33.0,33.0,33.0,33.0,33.0,33.0,33.0,33.0,33.0,33.0,33.0,33.0,33.0,33.0,33.0,33.0,33.0,33.0,33.0,33.0,33.0,33.0,33.0,33
ugtvjIOhpnQ,,,,,,,,,,,,,,,,,,,,,,,,,,,,,,,,,,,,,,,,,,,,,,,,,,,,,,,,,,,,,,,,,,,,,,,,0.0,0.0,0.0,0.0,0.0,0.0,0.0,0.0,0.0,0.0,0.0,0.0,0.0,0.0,0.0,0.0,0.0,0.0,0.0,0.0,0.0,0.0,0.0,0.0,0.0,0.0,0.0,0.0,0.0,0.0,0.0,0.0,0.0,0.0,0.0,0.0,0.0,0.0,0.0,0.0,0.0,0.0,0.0,0.0,0.0,0.0,0.0,0.0,0.0,0.0,0.0,0.0,0.0,0.0,0
Kac6VGN6WO0,,,,,,,,,,,,,,,,,,,,,,,,,,,,,,,,,,,,,,,,,,,,,,,,,,,,,,,,,,,,,,,,,,,,,,,,9.0,11.0,12.0,12.0,13.0,13.0,13.0,13.0,13.0,13.0,13.0,13.0,13.0,13.0,13.0,13.0,13.0,13.0,13.0,13.0,13.0,13.0,13.0,13.0,13.0,13.0,13.0,13.0,13.0,13.0,13.0,13.0,13.0,13.0,13.0,13.0,13.0,13.0,13.0,13.0,13.0,13.0,13.0,13.0,13.0,13.0,13.0,13.0,13.0,12.0,12.0,12.0,12.0,12.0,12
suEyjN0M9_k,,,,,,,,,,,,,,,,,,,,,,,,,,,,,,,,,,,,,,,,,,,,,,,,,,,,,,,,,,,,,,,,,,,,,,,,2363.0,2376.0,2383.0,2383.0,2387.0,2387.0,2391.0,2393.0,2395.0,2395.0,2397.0,2398.0,2404.0,2409.0,2409.0,2422.0,2422.0,2424.0,2425.0,2425.0,2425.0,2425.0,2425.0,2424.0,2424.0,2424.0,2429.0,2429.0,2430.0,2432.0,2431.0,2432.0,2434.0,2435.0,2435.0,2436.0,2436.0,2436.0,2436.0,2436.0,2436.0,2435.0,2436.0,2436.0,2437.0,2438.0,2441.0,2443.0,2444.0,2444.0,2445.0,2445.0,2446.0,2434.0,2434
ugtvjIOhpnQ,,,,,,,,,,,,,,,,,,,,,,,,,,,,,,,,,,,,,,,,,,,,,,,,,,,,,,,,,,,,,,,,,,,,,,,,0.0,0.0,0.0,0.0,0.0,0.0,0.0,0.0,0.0,0.0,0.0,0.0,0.0,0.0,0.0,0.0,0.0,0.0,0.0,0.0,0.0,0.0,0.0,0.0,0.0,0.0,0.0,0.0,0.0,0.0,0.0,0.0,0.0,0.0,0.0,0.0,0.0,0.0,0.0,0.0,0.0,0.0,0.0,0.0,0.0,0.0,0.0,0.0,0.0,0.0,0.0,0.0,0.0,0.0,0
TnseWEOBWDs,,,,,,,,,,,,,,,,,,,,,,,,,,,,,,,,,,,,,,,,,,,,,,,,,,,,,,,,,,,,,,,,,,,,,,,,,697.0,758.0,809.0,836.0,864.0,949.0,982.0,1011.0,1026.0,1037.0,1058.0,1068.0,1073.0,1084.0,1091.0,1094.0,1101.0,1105.0,1111.0,1114.0,1118.0,1127.0,1133.0,1138.0,1143.0,1146.0,1151.0,1156.0,1160.0,1165.0,1169.0,1171.0,1172.0,1175.0,1175.0,1175.0,1176.0,1177.0,1180.0,1181.0,1181.0,1184.0,1186.0,1186.0,1184.0,1185.0,1187.0,1189.0,1189.0,1189.0,1188.0,1189.0,1189.0,1190
oodPmBnsLmE,,,,,,,,,,,,,,,,,,,,,,,,,,,,,,,,,,,,,,,,,,,,,,,,,,,,,,,,,,,,,,,,,,,,,,,,,3.0,3.0,3.0,3.0,3.0,3.0,3.0,3.0,3.0,3.0,3.0,3.0,3.0,3.0,3.0,3.0,3.0,3.0,3.0,4.0,4.0,4.0,4.0,4.0,4.0,4.0,4.0,4.0,5.0,5.0,5.0,5.0,5.0,5.0,5.0,5.0,5.0,5.0,5.0,5.0,5.0,5.0,5.0,5.0,5.0,5.0,5.0,5.0,5.0,5.0,5.0,5.0,5.0,5
eSGxZtWpHnE,,,,,,,,,,,,,,,,,,,,,,,,,,,,,,,,,,,,,,,,,,,,,,,,,,,,,,,,,,,,,,,,,,,,,,,,,54.0,54.0,54.0,54.0,54.0,54.0,54.0,54.0,54.0,54.0,54.0,54.0,54.0,54.0,54.0,54.0,54.0,54.0,54.0,54.0,54.0,54.0,54.0,54.0,54.0,54.0,54.0,54.0,54.0,54.0,54.0,54.0,54.0,54.0,54.0,54.0,54.0,54.0,54.0,54.0,54.0,54.0,54.0,54.0,54.0,54.0,54.0,54.0,54.0,54.0,54.0,55.0,55.0,55
eSGxZtWpHnE,,,,,,,,,,,,,,,,,,,,,,,,,,,,,,,,,,,,,,,,,,,,,,,,,,,,,,,,,,,,,,,,,,,,,,,,,54.0,54.0,54.0,54.0,54.0,54.0,54.0,54.0,54.0,54.0,54.0,54.0,54.0,54.0,54.0,54.0,54.0,54.0,54.0,54.0,54.0,54.0,54.0,54.0,54.0,54.0,54.0,54.0,54.0,54.0,54.0,54.0,54.0,54.0,54.0,54.0,54.0,54.0,54.0,54.0,54.0,54.0,54.0,54.0,54.0,54.0,54.0,54.0,54.0,54.0,54.0,55.0,55.0,55
pI8ivNejRHo,,,,,,,,,,,,,,,,,,,,,,,,,,,,,,,,,,,,,,,,,,,,,,,,,,,,,,,,,,,,,,,,,,,,,,,,,207.0,215.0,224.0,233.0,236.0,245.0,247.0,248.0,248.0,249.0,254.0,255.0,255.0,256.0,256.0,257.0,257.0,258.0,258.0,258.0,259.0,259.0,259.0,259.0,260.0,260.0,260.0,260.0,260.0,260.0,260.0,260.0,260.0,260.0,260.0,260.0,270.0,270.0,270.0,270.0,270.0,270.0,270.0,270.0,270.0,270.0,270.0,271.0,271.0,271.0,272.0,272.0,272.0,272
mtMZGPQl-iA,,,,,,,,,,,,,,,,,,,,,,,,,,,,,,,,,,,,,,,,,,,,,,,,,,,,,,,,,,,,,,,,,,,,,,,,,9.0,9.0,9.0,9.0,9.0,9.0,9.0,9.0,9.0,9.0,9.0,9.0,9.0,9.0,9.0,9.0,9.0,9.0,9.0,9.0,9.0,9.0,9.0,9.0,9.0,9.0,9.0,9.0,9.0,9.0,9.0,9.0,9.0,9.0,9.0,9.0,9.0,9.0,9.0,9.0,9.0,9.0,9.0,9.0,9.0,9.0,9.0,9.0,9.0,9.0,9.0,9.0,9.0,9
2gFyNCxgxMA,,,,,,,,,,,,,,,,,,,,,,,,,,,,,,,,,,,,,,,,,,,,,,,,,,,,,,,,,,,,,,,,,,,,,,,,,630.0,634.0,638.0,646.0,656.0,664.0,665.0,668.0,672.0,674.0,654.0,654.0,655.0,656.0,656.0,657.0,656.0,656.0,658.0,658.0,658.0,658.0,658.0,658.0,657.0,657.0,657.0,657.0,657.0,657.0,657.0,657.0,657.0,657.0,657.0,657.0,657.0,657.0,657.0,657.0,657.0,657.0,657.0,657.0,657.0,657.0,657.0,657.0,657.0,657.0,657.0,657.0,657.0,655
RsVWT2XBP4M,,,,,,,,,,,,,,,,,,,,,,,,,,,,,,,,,,,,,,,,,,,,,,,,,,,,,,,,,,,,,,,,,,,,,,,,,34.0,34.0,34.0,34.0,34.0,35.0,36.0,36.0,37.0,38.0,39.0,39.0,39.0,40.0,40.0,40.0,40.0,40.0,40.0,40.0,40.0,40.0,40.0,40.0,41.0,41.0,41.0,41.0,41.0,41.0,41.0,41.0,41.0,41.0,41.0,41.0,41.0,41.0,41.0,41.0,41.0,41.0,41.0,41.0,41.0,41.0,41.0,41.0,41.0,41.0,41.0,41.0,41.0,41
Otrmlx1lGus,,,,,,,,,,,,,,,,,,,,,,,,,,,,,,,,,,,,,,,,,,,,,,,,,,,,,,,,,,,,,,,,,,,,,,,,,136.0,136.0,136.0,139.0,142.0,145.0,145.0,145.0,145.0,145.0,145.0,145.0,145.0,145.0,145.0,145.0,145.0,145.0,145.0,145.0,145.0,145.0,145.0,145.0,145.0,145.0,145.0,145.0,145.0,145.0,145.0,145.0,145.0,145.0,145.0,145.0,145.0,145.0,145.0,145.0,145.0,145.0,145.0,145.0,145.0,145.0,145.0,145.0,145.0,145.0,145.0,145.0,145.0,145
ss5mwQjX9Mo,,,,,,,,,,,,,,,,,,,,,,,,,,,,,,,,,,,,,,,,,,,,,,,,,,,,,,,,,,,,,,,,,,,,,,,,,24.0,24.0,24.0,24.0,24.0,24.0,24.0,24.0,24.0,24.0,24.0,24.0,24.0,24.0,24.0,24.0,24.0,24.0,24.0,24.0,24.0,24.0,24.0,24.0,24.0,24.0,24.0,24.0,24.0,24.0,24.0,24.0,24.0,24.0,24.0,24.0,24.0,24.0,24.0,24.0,24.0,24.0,24.0,24.0,24.0,24.0,24.0,24.0,24.0,24.0,24.0,24.0,24.0,24
PtEfJFOchnw,,,,,,,,,,,,,,,,,,,,,,,,,,,,,,,,,,,,,,,,,,,,,,,,,,,,,,,,,,,,,,,,,,,,,,,,,,,27.0,40.0,42.0,42.0,42.0,42.0,44.0,44.0,44.0,44.0,44.0,44.0,44.0,44.0,44.0,44.0,44.0,44.0,44.0,44.0,44.0,44.0,44.0,44.0,44.0,44.0,44.0,44.0,44.0,44.0,44.0,44.0,44.0,44.0,44.0,44.0,44.0,44.0,44.0,44.0,44.0,44.0,44.0,44.0,44.0,44.0,44.0,44.0,44.0,44.0,44.0,44
dMtywt7svZU,,,,,,,,,,,,,,,,,,,,,,,,,,,,,,,,,,,,,,,,,,,,,,,,,,,,,,,,,,,,,,,,,,,,,,,,,,,56.0,132.0,134.0,137.0,141.0,141.0,141.0,141.0,141.0,141.0,141.0,141.0,141.0,141.0,141.0,141.0,141.0,141.0,141.0,141.0,142.0,142.0,142.0,142.0,142.0,142.0,142.0,142.0,142.0,142.0,142.0,142.0,142.0,142.0,142.0,142.0,142.0,142.0,142.0,142.0,142.0,142.0,142.0,142.0,142.0,142.0,142.0,142.0,142.0,142.0,142.0,142
hB5WXh-uqEY,,,,,,,,,,,,,,,,,,,,,,,,,,,,,,,,,,,,,,,,,,,,,,,,,,,,,,,,,,,,,,,,,,,,,,,,,,,1.0,20.0,27.0,34.0,34.0,35.0,35.0,35.0,35.0,35.0,35.0,36.0,36.0,36.0,38.0,38.0,38.0,38.0,38.0,38.0,38.0,38.0,38.0,38.0,38.0,38.0,38.0,38.0,38.0,38.0,38.0,38.0,38.0,38.0,38.0,38.0,38.0,38.0,38.0,38.0,39.0,39.0,39.0,40.0,40.0,40.0,40.0,41.0,41.0,41.0,41.0,41
lBlj0VSO49U,,,,,,,,,,,,,,,,,,,,,,,,,,,,,,,,,,,,,,,,,,,,,,,,,,,,,,,,,,,,,,,,,,,,,,,,,,,564.0,564.0,564.0,565.0,565.0,565.0,565.0,565.0,565.0,565.0,564.0,564.0,563.0,563.0,567.0,567.0,568.0,568.0,568.0,569.0,569.0,569.0,569.0,569.0,569.0,569.0,569.0,569.0,570.0,570.0,570.0,569.0,569.0,569.0,569.0,569.0,569.0,569.0,569.0,569.0,569.0,569.0,569.0,569.0,571.0,571.0,571.0,571.0,571.0,571.0,571.0,572
JcKRhtBLlww,,,,,,,,,,,,,,,,,,,,,,,,,,,,,,,,,,,,,,,,,,,,,,,,,,,,,,,,,,,,,,,,,,,,,,,,,,,31.0,31.0,31.0,31.0,31.0,31.0,31.0,31.0,31.0,31.0,31.0,31.0,31.0,31.0,31.0,31.0,31.0,31.0,31.0,31.0,31.0,31.0,31.0,31.0,31.0,31.0,31.0,31.0,31.0,31.0,31.0,31.0,31.0,31.0,31.0,31.0,32.0,32.0,32.0,32.0,32.0,32.0,32.0,32.0,32.0,32.0,32.0,32.0,32.0,32.0,32.0,32
d8U6WJyQufo,,,,,,,,,,,,,,,,,,,,,,,,,,,,,,,,,,,,,,,,,,,,,,,,,,,,,,,,,,,,,,,,,,,,,,,,,,,60.0,60.0,60.0,60.0,60.0,60.0,60.0,60.0,60.0,60.0,60.0,60.0,60.0,60.0,60.0,60.0,60.0,60.0,60.0,60.0,60.0,60.0,60.0,60.0,60.0,60.0,60.0,60.0,60.0,60.0,60.0,60.0,60.0,60.0,60.0,60.0,60.0,60.0,60.0,60.0,60.0,60.0,60.0,60.0,60.0,61.0,61.0,61.0,61.0,61.0,61.0,61
ANeKI8sKvgg,,,,,,,,,,,,,,,,,,,,,,,,,,,,,,,,,,,,,,,,,,,,,,,,,,,,,,,,,,,,,,,,,,,,,,,,,,,171.0,172.0,179.0,191.0,205.0,214.0,219.0,229.0,231.0,237.0,238.0,238.0,239.0,240.0,241.0,241.0,243.0,241.0,242.0,245.0,246.0,248.0,249.0,249.0,249.0,249.0,249.0,249.0,249.0,249.0,249.0,249.0,249.0,249.0,249.0,249.0,249.0,249.0,249.0,249.0,249.0,250.0,250.0,250.0,250.0,251.0,251.0,252.0,252.0,252.0,252.0,252
COv0zahhjVQ,,,,,,,,,,,,,,,,,,,,,,,,,,,,,,,,,,,,,,,,,,,,,,,,,,,,,,,,,,,,,,,,,,,,,,,,,,,1299.0,1301.0,1301.0,1303.0,1303.0,1303.0,1303.0,1303.0,1303.0,1304.0,1304.0,1305.0,1307.0,1307.0,1307.0,1308.0,1308.0,1308.0,1307.0,1308.0,1309.0,1308.0,1309.0,1310.0,1309.0,1307.0,1307.0,1306.0,1306.0,1306.0,1306.0,1306.0,1306.0,1306.0,1305.0,1305.0,1305.0,1305.0,1307.0,1307.0,1307.0,1307.0,1307.0,1307.0,1308.0,1308.0,1308.0,1308.0,1307.0,1307.0,1307.0,1307
qMImzc1F7eM,,,,,,,,,,,,,,,,,,,,,,,,,,,,,,,,,,,,,,,,,,,,,,,,,,,,,,,,,,,,,,,,,,,,,,,,,,,5693.0,5926.0,6184.0,6385.0,6491.0,6599.0,6661.0,6698.0,6726.0,6763.0,6778.0,6793.0,6796.0,6804.0,6823.0,6841.0,6863.0,6881.0,6880.0,6890.0,6897.0,6896.0,6900.0,6900.0,6900.0,6903.0,6903.0,6899.0,6900.0,6899.0,6898.0,6898.0,6897.0,6899.0,6898.0,6899.0,6899.0,6897.0,6897.0,6900.0,6936.0,6936.0,6935.0,6933.0,6932.0,6932.0,6933.0,6930.0,6930.0,6930.0,6932.0,6932
PXbcw31LIQc,,,,,,,,,,,,,,,,,,,,,,,,,,,,,,,,,,,,,,,,,,,,,,,,,,,,,,,,,,,,,,,,,,,,,,,,,,,3.0,3.0,3.0,3.0,3.0,12.0,14.0,14.0,14.0,15.0,16.0,16.0,17.0,18.0,19.0,19.0,19.0,19.0,19.0,20.0,20.0,22.0,22.0,22.0,22.0,22.0,22.0,22.0,22.0,22.0,22.0,22.0,22.0,22.0,22.0,22.0,22.0,22.0,22.0,22.0,22.0,22.0,22.0,22.0,22.0,22.0,22.0,24.0,24.0,24.0,24.0,24
5LFeRUt2qdo,,,,,,,,,,,,,,,,,,,,,,,,,,,,,,,,,,,,,,,,,,,,,,,,,,,,,,,,,,,,,,,,,,,,,,,,,,,0.0,0.0,0.0,0.0,0.0,0.0,0.0,0.0,0.0,0.0,0.0,0.0,0.0,0.0,0.0,0.0,0.0,0.0,0.0,0.0,0.0,0.0,0.0,0.0,0.0,0.0,0.0,0.0,0.0,0.0,0.0,0.0,0.0,0.0,0.0,0.0,0.0,0.0,0.0,0.0,0.0,0.0,0.0,0.0,0.0,0.0,0.0,0.0,0.0,0.0,0.0,0
o549FUtEuTY,,,,,,,,,,,,,,,,,,,,,,,,,,,,,,,,,,,,,,,,,,,,,,,,,,,,,,,,,,,,,,,,,,,,,,,,,,,2.0,3.0,3.0,3.0,3.0,3.0,3.0,3.0,3.0,3.0,3.0,3.0,3.0,3.0,3.0,3.0,3.0,3.0,3.0,3.0,3.0,3.0,3.0,3.0,3.0,3.0,3.0,3.0,3.0,3.0,3.0,3.0,3.0,3.0,3.0,3.0,3.0,3.0,3.0,3.0,3.0,3.0,3.0,3.0,3.0,3.0,3.0,3.0,3.0,3.0,3.0,3
r3yuhtB1H8U,,,,,,,,,,,,,,,,,,,,,,,,,,,,,,,,,,,,,,,,,,,,,,,,,,,,,,,,,,,,,,,,,,,,,,,,,,,1796.0,2353.0,2529.0,2668.0,2752.0,2830.0,2877.0,2915.0,2950.0,2973.0,2994.0,3012.0,3027.0,3038.0,3053.0,3066.0,3070.0,3077.0,3083.0,3091.0,3096.0,3101.0,3103.0,3108.0,3116.0,3117.0,3123.0,3128.0,3131.0,3136.0,3141.0,3144.0,3140.0,3146.0,3151.0,3156.0,3159.0,3161.0,3168.0,3171.0,3173.0,3174.0,3174.0,3175.0,3176.0,3176.0,3176.0,3178.0,3179.0,3179.0,3182.0,3182
Dbxfo8YBkYE,,,,,,,,,,,,,,,,,,,,,,,,,,,,,,,,,,,,,,,,,,,,,,,,,,,,,,,,,,,,,,,,,,,,,,,,,,,5773.0,6255.0,6376.0,6576.0,6696.0,6822.0,6947.0,7017.0,7064.0,7109.0,7138.0,7159.0,7180.0,7207.0,7233.0,7245.0,7258.0,7273.0,7281.0,7295.0,7308.0,7320.0,7326.0,7338.0,7340.0,7346.0,7357.0,7373.0,7378.0,7390.0,7396.0,7395.0,7392.0,7396.0,7401.0,7410.0,7415.0,7413.0,7420.0,7424.0,7429.0,7432.0,7434.0,7436.0,7438.0,7442.0,7443.0,7442.0,7445.0,7445.0,7447.0,7451
-BX7DpABCbE,,,,,,,,,,,,,,,,,,,,,,,,,,,,,,,,,,,,,,,,,,,,,,,,,,,,,,,,,,,,,,,,,,,,,,,,,,,0.0,0.0,0.0,0.0,0.0,0.0,0.0,0.0,0.0,0.0,0.0,38.0,50.0,69.0,79.0,93.0,108.0,126.0,140.0,147.0,153.0,167.0,182.0,187.0,192.0,198.0,204.0,206.0,207.0,211.0,213.0,216.0,220.0,222.0,229.0,230.0,230.0,233.0,237.0,239.0,241.0,245.0,244.0,246.0,248.0,249.0,250.0,252.0,257.0,257.0,263.0,265
4PGX1ZYvzvo,,,,,,,,,,,,,,,,,,,,,,,,,,,,,,,,,,,,,,,,,,,,,,,,,,,,,,,,,,,,,,,,,,,,,,,,,,,3743.0,6507.0,7712.0,8391.0,8770.0,9049.0,9241.0,9408.0,9532.0,9665.0,9738.0,9813.0,9898.0,9960.0,10064.0,10150.0,10232.0,10289.0,10347.0,10385.0,10391.0,10428.0,10470.0,10495.0,10509.0,10529.0,10547.0,10561.0,10583.0,10599.0,10611.0,10622.0,10642.0,10647.0,10665.0,10675.0,10683.0,10700.0,10710.0,10713.0,10718.0,10696.0,10699.0,10707.0,10711.0,10717.0,10724.0,10728.0,10737.0,10738.0,10740.0,10752
gJTMPX28nE4,,,,,,,,,,,,,,,,,,,,,,,,,,,,,,,,,,,,,,,,,,,,,,,,,,,,,,,,,,,,,,,,,,,,,,,,,,,,16.0,16.0,16.0,16.0,16.0,17.0,17.0,17.0,17.0,17.0,17.0,17.0,17.0,17.0,17.0,17.0,17.0,17.0,17.0,17.0,17.0,17.0,17.0,17.0,17.0,17.0,17.0,17.0,17.0,17.0,17.0,17.0,17.0,17.0,17.0,17.0,17.0,17.0,17.0,17.0,17.0,17.0,17.0,17.0,17.0,17.0,17.0,17.0,17.0,17.0,17
rSwsQR41qtk,,,,,,,,,,,,,,,,,,,,,,,,,,,,,,,,,,,,,,,,,,,,,,,,,,,,,,,,,,,,,,,,,,,,,,,,,,,,,560.0,627.0,642.0,644.0,647.0,656.0,658.0,659.0,659.0,660.0,661.0,661.0,662.0,662.0,663.0,663.0,663.0,664.0,665.0,665.0,665.0,665.0,665.0,665.0,665.0,665.0,665.0,665.0,665.0,665.0,665.0,665.0,665.0,665.0,665.0,665.0,665.0,665.0,665.0,665.0,665.0,665.0,665.0,665.0,666.0,666.0,666.0,665.0,665.0,665
5mG5Vn9gub0,,,,,,,,,,,,,,,,,,,,,,,,,,,,,,,,,,,,,,,,,,,,,,,,,,,,,,,,,,,,,,,,,,,,,,,,,,,,,147.0,147.0,147.0,148.0,148.0,149.0,149.0,150.0,150.0,150.0,150.0,151.0,151.0,152.0,155.0,157.0,157.0,158.0,159.0,159.0,159.0,160.0,160.0,162.0,162.0,162.0,163.0,163.0,163.0,163.0,163.0,163.0,163.0,163.0,163.0,163.0,163.0,163.0,164.0,164.0,164.0,165.0,165.0,166.0,166.0,167.0,168.0,168.0,168.0,168
ysxoSeG0wA4,,,,,,,,,,,,,,,,,,,,,,,,,,,,,,,,,,,,,,,,,,,,,,,,,,,,,,,,,,,,,,,,,,,,,,,,,,,,,67.0,78.0,85.0,88.0,90.0,91.0,92.0,96.0,96.0,96.0,97.0,97.0,98.0,98.0,99.0,99.0,99.0,100.0,100.0,100.0,100.0,100.0,100.0,100.0,100.0,100.0,100.0,100.0,100.0,100.0,100.0,100.0,100.0,100.0,100.0,100.0,100.0,99.0,99.0,99.0,99.0,100.0,100.0,100.0,100.0,100.0,100.0,100.0,100.0,100
543Tuz77kuQ,,,,,,,,,,,,,,,,,,,,,,,,,,,,,,,,,,,,,,,,,,,,,,,,,,,,,,,,,,,,,,,,,,,,,,,,,,,,,316.0,316.0,316.0,316.0,316.0,316.0,315.0,315.0,315.0,315.0,315.0,315.0,318.0,319.0,319.0,319.0,319.0,320.0,320.0,321.0,321.0,321.0,321.0,321.0,321.0,321.0,321.0,321.0,321.0,320.0,320.0,320.0,320.0,320.0,320.0,320.0,320.0,320.0,320.0,320.0,320.0,320.0,320.0,320.0,319.0,319.0,319.0,319.0,319.0,319
Di9dg4sapqw,,,,,,,,,,,,,,,,,,,,,,,,,,,,,,,,,,,,,,,,,,,,,,,,,,,,,,,,,,,,,,,,,,,,,,,,,,,,,14.0,14.0,14.0,14.0,14.0,14.0,14.0,14.0,14.0,14.0,14.0,14.0,14.0,14.0,14.0,14.0,14.0,14.0,14.0,14.0,14.0,14.0,15.0,15.0,15.0,15.0,15.0,15.0,15.0,15.0,15.0,15.0,15.0,15.0,15.0,15.0,15.0,15.0,15.0,15.0,15.0,15.0,15.0,15.0,15.0,15.0,15.0,15.0,15.0,15
bjoG5hSIkNY,,,,,,,,,,,,,,,,,,,,,,,,,,,,,,,,,,,,,,,,,,,,,,,,,,,,,,,,,,,,,,,,,,,,,,,,,,,,,4.0,4.0,4.0,4.0,4.0,4.0,4.0,4.0,4.0,4.0,4.0,4.0,4.0,4.0,4.0,4.0,4.0,4.0,4.0,4.0,4.0,4.0,4.0,4.0,4.0,4.0,4.0,4.0,4.0,4.0,4.0,4.0,4.0,4.0,4.0,4.0,4.0,4.0,4.0,4.0,4.0,4.0,5.0,5.0,5.0,5.0,5.0,5.0,5.0,5
dtP_T9MtZGc,,,,,,,,,,,,,,,,,,,,,,,,,,,,,,,,,,,,,,,,,,,,,,,,,,,,,,,,,,,,,,,,,,,,,,,,,,,,,1245.0,1322.0,1455.0,1512.0,1562.0,1615.0,1656.0,1688.0,1709.0,1719.0,1749.0,1768.0,1782.0,1807.0,1827.0,1853.0,1878.0,1887.0,1898.0,1912.0,1940.0,1956.0,1970.0,1983.0,1994.0,1999.0,2015.0,2031.0,2042.0,2062.0,2077.0,2087.0,2104.0,2112.0,2122.0,2136.0,2151.0,2158.0,2163.0,2173.0,2182.0,2199.0,2208.0,2222.0,2232.0,2243.0,2253.0,2264.0,2277.0,2294
t7VnzHhVIEQ,,,,,,,,,,,,,,,,,,,,,,,,,,,,,,,,,,,,,,,,,,,,,,,,,,,,,,,,,,,,,,,,,,,,,,,,,,,,,0.0,0.0,0.0,0.0,0.0,0.0,0.0,0.0,0.0,0.0,0.0,0.0,0.0,0.0,0.0,0.0,0.0,0.0,0.0,0.0,0.0,0.0,0.0,0.0,0.0,0.0,0.0,0.0,0.0,0.0,0.0,0.0,0.0,0.0,0.0,0.0,0.0,0.0,0.0,0.0,0.0,0.0,0.0,0.0,0.0,0.0,0.0,0.0,0.0,0
QBvRd074P4M,,,,,,,,,,,,,,,,,,,,,,,,,,,,,,,,,,,,,,,,,,,,,,,,,,,,,,,,,,,,,,,,,,,,,,,,,,,,,,120.0,122.0,122.0,122.0,122.0,122.0,123.0,123.0,123.0,123.0,123.0,123.0,123.0,123.0,123.0,123.0,123.0,123.0,123.0,123.0,123.0,123.0,123.0,123.0,123.0,123.0,123.0,123.0,123.0,123.0,123.0,123.0,123.0,123.0,123.0,123.0,123.0,122.0,122.0,122.0,122.0,122.0,122.0,122.0,122.0,122.0,122.0,122.0,122
8t6U15ABwAo,,,,,,,,,,,,,,,,,,,,,,,,,,,,,,,,,,,,,,,,,,,,,,,,,,,,,,,,,,,,,,,,,,,,,,,,,,,,,,96.0,112.0,112.0,112.0,112.0,112.0,112.0,112.0,112.0,112.0,112.0,112.0,112.0,112.0,112.0,112.0,112.0,112.0,112.0,112.0,112.0,112.0,112.0,112.0,112.0,112.0,112.0,112.0,112.0,112.0,112.0,112.0,112.0,112.0,112.0,112.0,112.0,112.0,112.0,112.0,112.0,112.0,112.0,112.0,112.0,112.0,112.0,112.0,112
qmAMfh_mbBA,,,,,,,,,,,,,,,,,,,,,,,,,,,,,,,,,,,,,,,,,,,,,,,,,,,,,,,,,,,,,,,,,,,,,,,,,,,,,,1879.0,1926.0,1960.0,1984.0,1997.0,2006.0,2011.0,2026.0,2042.0,2045.0,2051.0,2059.0,2072.0,2081.0,2086.0,2089.0,2091.0,2089.0,2089.0,2089.0,2090.0,2087.0,2084.0,2083.0,2083.0,2082.0,2082.0,2083.0,2083.0,2082.0,2082.0,2081.0,2081.0,2081.0,2082.0,2082.0,2082.0,2082.0,2082.0,2082.0,2082.0,2081.0,2081.0,2081.0,2081.0,2080.0,2080.0,2080.0,2080
HCdLEiXoxwg,,,,,,,,,,,,,,,,,,,,,,,,,,,,,,,,,,,,,,,,,,,,,,,,,,,,,,,,,,,,,,,,,,,,,,,,,,,,,,3340.0,3342.0,3344.0,3344.0,3344.0,3345.0,3347.0,3347.0,3351.0,3355.0,3353.0,3355.0,3356.0,3357.0,3358.0,3361.0,3363.0,3363.0,3363.0,3367.0,3368.0,3370.0,3371.0,3376.0,3377.0,3379.0,3380.0,3379.0,3380.0,3379.0,3381.0,3381.0,3382.0,3382.0,3383.0,3385.0,3388.0,3389.0,3389.0,3388.0,3388.0,3391.0,3391.0,3390.0,3389.0,3392.0,3395.0,3397.0,3401
qjLFT42CtNM,,,,,,,,,,,,,,,,,,,,,,,,,,,,,,,,,,,,,,,,,,,,,,,,,,,,,,,,,,,,,,,,,,,,,,,,,,,,,,18.0,18.0,18.0,18.0,18.0,18.0,18.0,18.0,18.0,18.0,18.0,18.0,19.0,19.0,19.0,19.0,19.0,19.0,19.0,19.0,19.0,19.0,19.0,19.0,19.0,19.0,19.0,19.0,19.0,19.0,19.0,19.0,19.0,19.0,19.0,19.0,19.0,19.0,19.0,19.0,19.0,19.0,19.0,19.0,19.0,19.0,19.0,19.0,19
1Bq4sBl80zw,,,,,,,,,,,,,,,,,,,,,,,,,,,,,,,,,,,,,,,,,,,,,,,,,,,,,,,,,,,,,,,,,,,,,,,,,,,,,,756.0,756.0,757.0,757.0,759.0,760.0,761.0,762.0,763.0,765.0,766.0,767.0,768.0,768.0,769.0,770.0,770.0,771.0,772.0,773.0,774.0,775.0,776.0,777.0,778.0,778.0,779.0,779.0,779.0,780.0,781.0,781.0,780.0,780.0,780.0,781.0,781.0,782.0,784.0,789.0,789.0,786.0,786.0,784.0,784.0,786.0,787.0,787.0,787
4TTI8UR7kTE,,,,,,,,,,,,,,,,,,,,,,,,,,,,,,,,,,,,,,,,,,,,,,,,,,,,,,,,,,,,,,,,,,,,,,,,,,,,,,1325.0,3791.0,6016.0,8150.0,10054.0,11718.0,13211.0,14035.0,14044.0,14086.0,14087.0,14101.0,14115.0,14123.0,14126.0,14132.0,14135.0,14136.0,14139.0,14128.0,14132.0,14131.0,14129.0,14127.0,14128.0,14129.0,14130.0,14130.0,14130.0,14131.0,14129.0,14130.0,14130.0,14133.0,14133.0,14134.0,14134.0,14137.0,14137.0,14140.0,14142.0,14143.0,14261.0,14337.0,14364.0,14380.0,14397.0,14423.0,14432
QdyDEOaIfD0,,,,,,,,,,,,,,,,,,,,,,,,,,,,,,,,,,,,,,,,,,,,,,,,,,,,,,,,,,,,,,,,,,,,,,,,,,,,,,445.0,445.0,447.0,447.0,448.0,449.0,450.0,451.0,452.0,452.0,452.0,452.0,452.0,453.0,452.0,452.0,452.0,452.0,452.0,452.0,452.0,452.0,453.0,453.0,454.0,454.0,457.0,458.0,459.0,459.0,459.0,463.0,465.0,465.0,465.0,465.0,466.0,466.0,466.0,466.0,467.0,468.0,468.0,468.0,470.0,470.0,470.0,470.0,470
14jEbOcA6so,,,,,,,,,,,,,,,,,,,,,,,,,,,,,,,,,,,,,,,,,,,,,,,,,,,,,,,,,,,,,,,,,,,,,,,,,,,,,,25.0,30.0,33.0,34.0,35.0,36.0,36.0,37.0,37.0,37.0,37.0,37.0,37.0,37.0,37.0,37.0,37.0,37.0,37.0,37.0,37.0,36.0,36.0,39.0,39.0,39.0,39.0,39.0,39.0,39.0,39.0,39.0,39.0,39.0,39.0,39.0,39.0,39.0,39.0,39.0,39.0,39.0,39.0,39.0,39.0,39.0,39.0,39.0,39
EmLau82WDM8,,,,,,,,,,,,,,,,,,,,,,,,,,,,,,,,,,,,,,,,,,,,,,,,,,,,,,,,,,,,,,,,,,,,,,,,,,,,,,6.0,6.0,6.0,6.0,6.0,6.0,6.0,6.0,6.0,6.0,6.0,6.0,6.0,6.0,6.0,6.0,6.0,6.0,6.0,6.0,6.0,6.0,6.0,6.0,6.0,6.0,6.0,6.0,6.0,6.0,6.0,6.0,6.0,6.0,6.0,6.0,6.0,6.0,6.0,6.0,6.0,6.0,6.0,6.0,6.0,6.0,6.0,6.0,6
Cg6Yf2r1lrs,,,,,,,,,,,,,,,,,,,,,,,,,,,,,,,,,,,,,,,,,,,,,,,,,,,,,,,,,,,,,,,,,,,,,,,,,,,,,,226.0,227.0,229.0,230.0,230.0,230.0,230.0,230.0,230.0,230.0,230.0,230.0,230.0,231.0,231.0,231.0,231.0,232.0,232.0,232.0,232.0,233.0,233.0,235.0,235.0,236.0,236.0,236.0,236.0,236.0,236.0,236.0,236.0,236.0,236.0,236.0,236.0,236.0,236.0,236.0,236.0,236.0,236.0,236.0,236.0,236.0,236.0,236.0,236
hAVtbM0Yuxg,,,,,,,,,,,,,,,,,,,,,,,,,,,,,,,,,,,,,,,,,,,,,,,,,,,,,,,,,,,,,,,,,,,,,,,,,,,,,,,0.0,0.0,0.0,0.0,0.0,0.0,0.0,0.0,0.0,0.0,0.0,0.0,0.0,0.0,0.0,0.0,0.0,0.0,0.0,0.0,0.0,0.0,0.0,0.0,0.0,0.0,0.0,0.0,0.0,0.0,0.0,0.0,0.0,0.0,0.0,0.0,0.0,0.0,0.0,0.0,0.0,0.0,0.0,0.0,0.0,0.0,0.0,0
1roZobjQBTw,,,,,,,,,,,,,,,,,,,,,,,,,,,,,,,,,,,,,,,,,,,,,,,,,,,,,,,,,,,,,,,,,,,,,,,,,,,,,,,0.0,2.0,2.0,3.0,3.0,3.0,3.0,3.0,3.0,3.0,3.0,3.0,3.0,3.0,3.0,3.0,3.0,3.0,3.0,3.0,3.0,3.0,3.0,3.0,3.0,3.0,3.0,3.0,3.0,3.0,3.0,3.0,3.0,3.0,3.0,3.0,3.0,3.0,3.0,3.0,3.0,3.0,3.0,3.0,3.0,3.0,3.0,3
0zgJgsbcAN8,,,,,,,,,,,,,,,,,,,,,,,,,,,,,,,,,,,,,,,,,,,,,,,,,,,,,,,,,,,,,,,,,,,,,,,,,,,,,,,18801.0,23845.0,25776.0,26879.0,27862.0,28471.0,29123.0,29520.0,30031.0,30306.0,30580.0,30863.0,31009.0,31235.0,31488.0,31730.0,31873.0,31967.0,32055.0,32089.0,32268.0,32407.0,32501.0,32567.0,32639.0,32702.0,32823.0,32876.0,32909.0,33032.0,33067.0,33096.0,33111.0,33163.0,33225.0,33233.0,33249.0,33275.0,33304.0,33318.0,33344.0,33382.0,33398.0,33372.0,33389.0,33417.0,33427.0,33482
FJLYO9n5f9o,,,,,,,,,,,,,,,,,,,,,,,,,,,,,,,,,,,,,,,,,,,,,,,,,,,,,,,,,,,,,,,,,,,,,,,,,,,,,,,,2627.0,3339.0,3776.0,4067.0,4260.0,4369.0,4510.0,4687.0,4841.0,5007.0,5184.0,5332.0,5562.0,5842.0,6210.0,6469.0,6738.0,6844.0,7079.0,7246.0,7367.0,7489.0,7579.0,7706.0,7833.0,7881.0,7997.0,8040.0,8155.0,8246.0,8364.0,8501.0,8689.0,8890.0,8959.0,9008.0,9067.0,9116.0,9150.0,9173.0,9214.0,9265.0,9306.0,9350.0,9364.0,9394.0,9412
IqxBPMfyVhw,,,,,,,,,,,,,,,,,,,,,,,,,,,,,,,,,,,,,,,,,,,,,,,,,,,,,,,,,,,,,,,,,,,,,,,,,,,,,,,,185.0,186.0,191.0,191.0,192.0,193.0,193.0,193.0,194.0,194.0,194.0,194.0,194.0,194.0,194.0,194.0,194.0,194.0,194.0,194.0,194.0,194.0,193.0,193.0,193.0,193.0,193.0,193.0,193.0,193.0,193.0,193.0,193.0,193.0,193.0,193.0,193.0,193.0,193.0,193.0,193.0,192.0,192.0,191.0,191.0,191.0,191
Pn6ey6HOkP4,,,,,,,,,,,,,,,,,,,,,,,,,,,,,,,,,,,,,,,,,,,,,,,,,,,,,,,,,,,,,,,,,,,,,,,,,,,,,,,,6544.0,6563.0,6570.0,6578.0,6587.0,6595.0,6607.0,6620.0,6625.0,6636.0,6646.0,6655.0,6659.0,6663.0,6677.0,6689.0,6694.0,6700.0,6707.0,6710.0,6713.0,6717.0,6718.0,6720.0,6724.0,6727.0,6726.0,6730.0,6742.0,6749.0,6756.0,6760.0,6763.0,6769.0,6772.0,6776.0,6780.0,6783.0,6786.0,6789.0,6793.0,6794.0,6799.0,6805.0,6808.0,6816.0,6820
iJmD5WJnILA,,,,,,,,,,,,,,,,,,,,,,,,,,,,,,,,,,,,,,,,,,,,,,,,,,,,,,,,,,,,,,,,,,,,,,,,,,,,,,,,20.0,22.0,26.0,25.0,27.0,27.0,30.0,30.0,30.0,30.0,31.0,33.0,34.0,34.0,34.0,34.0,34.0,34.0,35.0,35.0,35.0,35.0,35.0,36.0,36.0,36.0,36.0,36.0,36.0,36.0,36.0,36.0,36.0,36.0,36.0,36.0,36.0,37.0,38.0,38.0,38.0,38.0,38.0,38.0,38.0,38.0,38
UglIcuR3mYg,,,,,,,,,,,,,,,,,,,,,,,,,,,,,,,,,,,,,,,,,,,,,,,,,,,,,,,,,,,,,,,,,,,,,,,,,,,,,,,,56.0,67.0,76.0,77.0,78.0,79.0,82.0,84.0,86.0,88.0,89.0,89.0,90.0,91.0,93.0,93.0,94.0,93.0,95.0,94.0,94.0,94.0,95.0,95.0,95.0,96.0,97.0,97.0,97.0,97.0,97.0,97.0,97.0,97.0,96.0,96.0,96.0,96.0,96.0,96.0,96.0,96.0,96.0,96.0,97.0,96.0,96
r79RZ7eDRiU,,,,,,,,,,,,,,,,,,,,,,,,,,,,,,,,,,,,,,,,,,,,,,,,,,,,,,,,,,,,,,,,,,,,,,,,,,,,,,,,9.0,9.0,9.0,9.0,9.0,9.0,9.0,9.0,9.0,9.0,9.0,9.0,9.0,9.0,10.0,10.0,10.0,10.0,10.0,10.0,10.0,10.0,10.0,10.0,10.0,10.0,10.0,10.0,10.0,10.0,10.0,10.0,10.0,10.0,10.0,10.0,10.0,10.0,10.0,10.0,10.0,10.0,10.0,10.0,10.0,10.0,10
Ffu9eSV3INs,,,,,,,,,,,,,,,,,,,,,,,,,,,,,,,,,,,,,,,,,,,,,,,,,,,,,,,,,,,,,,,,,,,,,,,,,,,,,,,,408.0,447.0,455.0,462.0,461.0,465.0,466.0,466.0,468.0,469.0,470.0,472.0,475.0,480.0,481.0,482.0,482.0,482.0,483.0,483.0,483.0,483.0,483.0,483.0,483.0,484.0,485.0,485.0,485.0,486.0,487.0,487.0,490.0,491.0,493.0,493.0,492.0,492.0,493.0,493.0,493.0,493.0,493.0,493.0,494.0,492.0,493
xWldBK4d2Ps,,,,,,,,,,,,,,,,,,,,,,,,,,,,,,,,,,,,,,,,,,,,,,,,,,,,,,,,,,,,,,,,,,,,,,,,,,,,,,,,11946.0,11990.0,12032.0,12054.0,12127.0,12184.0,12247.0,12286.0,12333.0,12376.0,12428.0,12456.0,12485.0,12525.0,12552.0,12603.0,12632.0,12653.0,12673.0,12684.0,12728.0,12750.0,12790.0,12812.0,12831.0,12859.0,12868.0,12906.0,12930.0,12940.0,12948.0,12971.0,12989.0,13006.0,13031.0,13046.0,13066.0,13102.0,13114.0,13127.0,13145.0,13163.0,13180.0,13191.0,13199.0,13215.0,13223
JTgJRIupqvg,,,,,,,,,,,,,,,,,,,,,,,,,,,,,,,,,,,,,,,,,,,,,,,,,,,,,,,,,,,,,,,,,,,,,,,,,,,,,,,,,68.0,84.0,103.0,113.0,117.0,118.0,122.0,126.0,127.0,130.0,130.0,131.0,132.0,133.0,133.0,133.0,133.0,135.0,135.0,135.0,136.0,136.0,137.0,138.0,138.0,138.0,138.0,138.0,138.0,138.0,138.0,140.0,140.0,140.0,140.0,140.0,142.0,142.0,142.0,142.0,142.0,142.0,142.0,142.0,143.0,143
N5DlHmV55MI,,,,,,,,,,,,,,,,,,,,,,,,,,,,,,,,,,,,,,,,,,,,,,,,,,,,,,,,,,,,,,,,,,,,,,,,,,,,,,,,,186.0,199.0,220.0,228.0,234.0,238.0,239.0,243.0,244.0,245.0,251.0,244.0,245.0,245.0,245.0,245.0,248.0,249.0,249.0,249.0,251.0,251.0,251.0,252.0,253.0,253.0,253.0,257.0,258.0,260.0,261.0,262.0,263.0,267.0,267.0,268.0,268.0,268.0,268.0,268.0,268.0,269.0,269.0,269.0,269.0,270
GOvdRCbIZfo,,,,,,,,,,,,,,,,,,,,,,,,,,,,,,,,,,,,,,,,,,,,,,,,,,,,,,,,,,,,,,,,,,,,,,,,,,,,,,,,,8.0,9.0,9.0,9.0,9.0,9.0,9.0,9.0,9.0,9.0,9.0,9.0,9.0,9.0,9.0,9.0,9.0,9.0,9.0,9.0,9.0,10.0,10.0,10.0,10.0,10.0,10.0,10.0,10.0,10.0,10.0,10.0,10.0,10.0,10.0,10.0,10.0,10.0,10.0,10.0,10.0,10.0,10.0,10.0,10.0,10
1baLiXuhfOU,,,,,,,,,,,,,,,,,,,,,,,,,,,,,,,,,,,,,,,,,,,,,,,,,,,,,,,,,,,,,,,,,,,,,,,,,,,,,,,,,0.0,0.0,0.0,0.0,0.0,0.0,0.0,0.0,0.0,0.0,0.0,0.0,0.0,0.0,0.0,0.0,0.0,0.0,0.0,0.0,0.0,0.0,0.0,0.0,0.0,0.0,0.0,0.0,0.0,0.0,0.0,0.0,0.0,0.0,0.0,0.0,0.0,0.0,0.0,0.0,0.0,0.0,0.0,0.0,0.0,0
ealNSvmfmXE,,,,,,,,,,,,,,,,,,,,,,,,,,,,,,,,,,,,,,,,,,,,,,,,,,,,,,,,,,,,,,,,,,,,,,,,,,,,,,,,,72.0,81.0,82.0,82.0,82.0,82.0,82.0,83.0,83.0,84.0,84.0,84.0,84.0,84.0,84.0,84.0,84.0,84.0,84.0,84.0,84.0,84.0,84.0,84.0,84.0,84.0,84.0,85.0,85.0,85.0,85.0,85.0,85.0,85.0,85.0,85.0,85.0,85.0,85.0,85.0,85.0,86.0,86.0,86.0,86.0,86
1NY-tAGiW5M,,,,,,,,,,,,,,,,,,,,,,,,,,,,,,,,,,,,,,,,,,,,,,,,,,,,,,,,,,,,,,,,,,,,,,,,,,,,,,,,,25858.0,25908.0,25957.0,25996.0,26044.0,26096.0,26150.0,26197.0,26240.0,26276.0,26312.0,26365.0,26420.0,26448.0,26490.0,26526.0,26554.0,26593.0,26619.0,26659.0,26687.0,26718.0,26767.0,26801.0,26840.0,26871.0,26890.0,26922.0,26939.0,26971.0,27019.0,27059.0,27087.0,27126.0,27146.0,27189.0,27207.0,27233.0,27284.0,27325.0,27350.0,27379.0,27413.0,27439.0,27446.0,27451
YYyZU9_VpqM,,,,,,,,,,,,,,,,,,,,,,,,,,,,,,,,,,,,,,,,,,,,,,,,,,,,,,,,,,,,,,,,,,,,,,,,,,,,,,,,,9.0,10.0,10.0,10.0,10.0,10.0,10.0,10.0,10.0,10.0,10.0,10.0,10.0,10.0,10.0,10.0,10.0,10.0,10.0,10.0,10.0,10.0,10.0,10.0,10.0,10.0,10.0,10.0,10.0,10.0,10.0,10.0,10.0,10.0,10.0,10.0,10.0,10.0,10.0,10.0,10.0,10.0,10.0,10.0,10.0,10
4_iNyz7r4wE,,,,,,,,,,,,,,,,,,,,,,,,,,,,,,,,,,,,,,,,,,,,,,,,,,,,,,,,,,,,,,,,,,,,,,,,,,,,,,,,,,5.0,5.0,5.0,5.0,5.0,5.0,5.0,5.0,5.0,5.0,5.0,5.0,5.0,5.0,5.0,5.0,5.0,5.0,5.0,5.0,5.0,5.0,5.0,5.0,5.0,5.0,5.0,5.0,5.0,5.0,5.0,5.0,5.0,5.0,5.0,5.0,5.0,5.0,5.0,5.0,5.0,5.0,5.0,5.0,5
GE74OGemUjs,,,,,,,,,,,,,,,,,,,,,,,,,,,,,,,,,,,,,,,,,,,,,,,,,,,,,,,,,,,,,,,,,,,,,,,,,,,,,,,,,,92.0,92.0,92.0,92.0,92.0,92.0,92.0,91.0,91.0,91.0,91.0,91.0,91.0,91.0,91.0,91.0,91.0,91.0,91.0,91.0,91.0,91.0,91.0,91.0,91.0,91.0,91.0,91.0,91.0,91.0,91.0,91.0,91.0,91.0,91.0,91.0,91.0,91.0,91.0,90.0,90.0,90.0,90.0,90.0,90
G2-vdaspcQQ,,,,,,,,,,,,,,,,,,,,,,,,,,,,,,,,,,,,,,,,,,,,,,,,,,,,,,,,,,,,,,,,,,,,,,,,,,,,,,,,,,0.0,0.0,0.0,0.0,0.0,0.0,0.0,0.0,0.0,0.0,0.0,0.0,0.0,0.0,0.0,0.0,0.0,0.0,0.0,0.0,0.0,0.0,0.0,0.0,0.0,0.0,0.0,0.0,0.0,0.0,0.0,0.0,0.0,0.0,0.0,0.0,0.0,0.0,0.0,0.0,0.0,0.0,0.0,0.0,0
KD7Px69GCVY,,,,,,,,,,,,,,,,,,,,,,,,,,,,,,,,,,,,,,,,,,,,,,,,,,,,,,,,,,,,,,,,,,,,,,,,,,,,,,,,,,2004.0,2011.0,2023.0,2031.0,2039.0,2049.0,2059.0,2066.0,2074.0,2080.0,2085.0,2089.0,2098.0,2110.0,2118.0,2126.0,2133.0,2142.0,2148.0,2167.0,2181.0,2181.0,2187.0,2193.0,2202.0,2211.0,2213.0,2216.0,2220.0,2225.0,2237.0,2242.0,2243.0,2249.0,2256.0,2259.0,2265.0,2271.0,2276.0,2282.0,2292.0,2298.0,2307.0,2314.0,2316
KD7Px69GCVY,,,,,,,,,,,,,,,,,,,,,,,,,,,,,,,,,,,,,,,,,,,,,,,,,,,,,,,,,,,,,,,,,,,,,,,,,,,,,,,,,,2004.0,2011.0,2023.0,2031.0,2039.0,2049.0,2059.0,2066.0,2074.0,2080.0,2085.0,2089.0,2098.0,2110.0,2118.0,2126.0,2133.0,2142.0,2148.0,2167.0,2181.0,2181.0,2187.0,2193.0,2202.0,2211.0,2213.0,2216.0,2220.0,2225.0,2237.0,2242.0,2243.0,2249.0,2256.0,2259.0,2265.0,2271.0,2276.0,2282.0,2292.0,2298.0,2307.0,2314.0,2316
z_uqieM8VGM,,,,,,,,,,,,,,,,,,,,,,,,,,,,,,,,,,,,,,,,,,,,,,,,,,,,,,,,,,,,,,,,,,,,,,,,,,,,,,,,,,8380.0,8384.0,8387.0,8388.0,8392.0,8398.0,8399.0,8404.0,8408.0,8405.0,8420.0,8425.0,8425.0,8431.0,8432.0,8436.0,8413.0,8415.0,8414.0,8412.0,8412.0,8412.0,8417.0,8417.0,8419.0,8414.0,8419.0,8417.0,8421.0,8424.0,8427.0,8427.0,8426.0,8426.0,8426.0,8430.0,8433.0,8433.0,8432.0,8432.0,8432.0,8432.0,8433.0,8431.0,8432
P7vBoGWoReg,,,,,,,,,,,,,,,,,,,,,,,,,,,,,,,,,,,,,,,,,,,,,,,,,,,,,,,,,,,,,,,,,,,,,,,,,,,,,,,,,,141908.0,149026.0,155207.0,159842.0,164334.0,167631.0,170194.0,172267.0,173719.0,174638.0,175803.0,177033.0,177923.0,178470.0,179106.0,179607.0,180119.0,180697.0,181145.0,181601.0,182097.0,182553.0,182963.0,183283.0,183264.0,183698.0,184082.0,184516.0,184926.0,184758.0,184935.0,185200.0,185449.0,185659.0,185927.0,186153.0,186446.0,186667.0,186922.0,187172.0,187088.0,187320.0,187515.0,187841.0,188077
UAcq4H6NWs8,,,,,,,,,,,,,,,,,,,,,,,,,,,,,,,,,,,,,,,,,,,,,,,,,,,,,,,,,,,,,,,,,,,,,,,,,,,,,,,,,,556.0,556.0,556.0,557.0,558.0,558.0,558.0,558.0,559.0,559.0,559.0,559.0,559.0,559.0,560.0,560.0,560.0,560.0,560.0,560.0,560.0,561.0,561.0,561.0,561.0,561.0,561.0,561.0,561.0,561.0,561.0,561.0,561.0,561.0,561.0,561.0,561.0,561.0,561.0,561.0,561.0,561.0,561.0,561.0,561
-EHyQ99tkTw,,,,,,,,,,,,,,,,,,,,,,,,,,,,,,,,,,,,,,,,,,,,,,,,,,,,,,,,,,,,,,,,,,,,,,,,,,,,,,,,,,390.0,390.0,391.0,391.0,391.0,391.0,391.0,391.0,391.0,391.0,391.0,391.0,391.0,391.0,391.0,391.0,391.0,391.0,391.0,391.0,391.0,391.0,392.0,392.0,392.0,393.0,394.0,394.0,394.0,394.0,394.0,394.0,394.0,394.0,394.0,394.0,394.0,394.0,394.0,395.0,396.0,396.0,396.0,396.0,396
8Ax4IFHN3fE,,,,,,,,,,,,,,,,,,,,,,,,,,,,,,,,,,,,,,,,,,,,,,,,,,,,,,,,,,,,,,,,,,,,,,,,,,,,,,,,,,,24.0,25.0,25.0,25.0,25.0,25.0,25.0,25.0,25.0,26.0,27.0,27.0,28.0,28.0,28.0,28.0,28.0,28.0,28.0,28.0,28.0,28.0,28.0,28.0,28.0,28.0,28.0,28.0,28.0,27.0,27.0,27.0,27.0,27.0,27.0,27.0,27.0,27.0,27.0,27.0,27.0,27.0,27.0,27
RwJR_72xs1A,,,,,,,,,,,,,,,,,,,,,,,,,,,,,,,,,,,,,,,,,,,,,,,,,,,,,,,,,,,,,,,,,,,,,,,,,,,,,,,,,,,726.0,1195.0,1430.0,1557.0,1656.0,1724.0,1797.0,1832.0,1869.0,1899.0,1940.0,1974.0,2014.0,2029.0,2034.0,2059.0,2075.0,2087.0,2104.0,2111.0,2121.0,2128.0,2139.0,2146.0,2151.0,2164.0,2171.0,2175.0,2181.0,2185.0,2190.0,2193.0,2198.0,2203.0,2209.0,2215.0,2217.0,2219.0,2221.0,2225.0,2227.0,2227.0,2229.0,2228
GlmB3TVI9AQ,,,,,,,,,,,,,,,,,,,,,,,,,,,,,,,,,,,,,,,,,,,,,,,,,,,,,,,,,,,,,,,,,,,,,,,,,,,,,,,,,,,1974.0,2392.0,2660.0,2806.0,2930.0,3024.0,3078.0,3132.0,3193.0,3245.0,3285.0,3327.0,3375.0,3416.0,3448.0,3498.0,3537.0,3564.0,3594.0,3612.0,3631.0,3650.0,3657.0,3668.0,3677.0,3680.0,3683.0,3685.0,3689.0,3697.0,3703.0,3710.0,3715.0,3716.0,3718.0,3721.0,3723.0,3724.0,3728.0,3730.0,3734.0,3738.0,3742.0,3743
XBDll5HO9Rc,,,,,,,,,,,,,,,,,,,,,,,,,,,,,,,,,,,,,,,,,,,,,,,,,,,,,,,,,,,,,,,,,,,,,,,,,,,,,,,,,,,,4460.0,6839.0,7839.0,8763.0,9050.0,9529.0,9954.0,10229.0,10455.0,10600.0,10720.0,10880.0,10922.0,10981.0,11046.0,11109.0,11139.0,11175.0,11213.0,11238.0,11259.0,11280.0,11290.0,11301.0,11309.0,11324.0,11335.0,11350.0,11361.0,11382.0,11404.0,11422.0,11422.0,11432.0,11445.0,11452.0,11466.0,11472.0,11475.0,11485.0,11490.0,11496.0,11498
XBDll5HO9Rc,,,,,,,,,,,,,,,,,,,,,,,,,,,,,,,,,,,,,,,,,,,,,,,,,,,,,,,,,,,,,,,,,,,,,,,,,,,,,,,,,,,,4460.0,6839.0,7839.0,8763.0,9050.0,9529.0,9954.0,10229.0,10455.0,10600.0,10720.0,10880.0,10922.0,10981.0,11046.0,11109.0,11139.0,11175.0,11213.0,11238.0,11259.0,11280.0,11290.0,11301.0,11309.0,11324.0,11335.0,11350.0,11361.0,11382.0,11404.0,11422.0,11422.0,11432.0,11445.0,11452.0,11466.0,11472.0,11475.0,11485.0,11490.0,11496.0,11498
rz46-19BrHc,,,,,,,,,,,,,,,,,,,,,,,,,,,,,,,,,,,,,,,,,,,,,,,,,,,,,,,,,,,,,,,,,,,,,,,,,,,,,,,,,,,,7.0,6.0,7.0,8.0,8.0,8.0,8.0,8.0,8.0,8.0,9.0,10.0,10.0,10.0,10.0,10.0,10.0,10.0,10.0,10.0,10.0,10.0,10.0,10.0,10.0,10.0,10.0,10.0,10.0,10.0,11.0,11.0,11.0,11.0,11.0,11.0,11.0,11.0,11.0,11.0,11.0,11.0,11
y0bsn7cycEM,,,,,,,,,,,,,,,,,,,,,,,,,,,,,,,,,,,,,,,,,,,,,,,,,,,,,,,,,,,,,,,,,,,,,,,,,,,,,,,,,,,,43.0,45.0,45.0,45.0,45.0,45.0,45.0,45.0,45.0,45.0,45.0,45.0,45.0,45.0,45.0,45.0,45.0,45.0,45.0,45.0,45.0,45.0,45.0,45.0,45.0,45.0,45.0,45.0,45.0,45.0,45.0,45.0,45.0,45.0,45.0,45.0,45.0,45.0,45.0,45.0,45.0,45.0,45
y4JheXhujA4,,,,,,,,,,,,,,,,,,,,,,,,,,,,,,,,,,,,,,,,,,,,,,,,,,,,,,,,,,,,,,,,,,,,,,,,,,,,,,,,,,,,0.0,0.0,0.0,0.0,0.0,0.0,0.0,0.0,0.0,0.0,0.0,0.0,0.0,0.0,0.0,0.0,0.0,0.0,0.0,0.0,0.0,0.0,0.0,0.0,0.0,0.0,0.0,0.0,0.0,0.0,0.0,0.0,0.0,0.0,0.0,0.0,0.0,0.0,0.0,0.0,0.0,0.0,0
MODThWkBwxQ,,,,,,,,,,,,,,,,,,,,,,,,,,,,,,,,,,,,,,,,,,,,,,,,,,,,,,,,,,,,,,,,,,,,,,,,,,,,,,,,,,,,149.0,160.0,162.0,165.0,167.0,169.0,169.0,172.0,173.0,174.0,174.0,174.0,174.0,176.0,176.0,176.0,176.0,176.0,176.0,176.0,176.0,176.0,176.0,177.0,177.0,177.0,177.0,177.0,177.0,177.0,177.0,177.0,177.0,177.0,177.0,177.0,177.0,179.0,179.0,180.0,180.0,180.0,180
PPCTzoserWE,,,,,,,,,,,,,,,,,,,,,,,,,,,,,,,,,,,,,,,,,,,,,,,,,,,,,,,,,,,,,,,,,,,,,,,,,,,,,,,,,,,,248.0,253.0,254.0,258.0,259.0,259.0,260.0,260.0,259.0,259.0,259.0,260.0,260.0,260.0,260.0,260.0,260.0,261.0,261.0,261.0,261.0,261.0,261.0,261.0,261.0,261.0,261.0,261.0,261.0,261.0,262.0,262.0,262.0,262.0,262.0,262.0,262.0,262.0,262.0,262.0,262.0,262.0,262
vnsLV4H_N7Q,,,,,,,,,,,,,,,,,,,,,,,,,,,,,,,,,,,,,,,,,,,,,,,,,,,,,,,,,,,,,,,,,,,,,,,,,,,,,,,,,,,,22.0,32.0,37.0,42.0,48.0,50.0,53.0,56.0,61.0,61.0,62.0,62.0,64.0,66.0,66.0,67.0,67.0,67.0,67.0,67.0,67.0,67.0,67.0,67.0,68.0,68.0,68.0,68.0,68.0,68.0,68.0,68.0,68.0,68.0,68.0,68.0,68.0,68.0,68.0,68.0,68.0,68.0,68
C91u5hhA7SU,,,,,,,,,,,,,,,,,,,,,,,,,,,,,,,,,,,,,,,,,,,,,,,,,,,,,,,,,,,,,,,,,,,,,,,,,,,,,,,,,,,,25.0,29.0,31.0,33.0,33.0,34.0,36.0,37.0,37.0,38.0,40.0,42.0,42.0,42.0,42.0,42.0,42.0,42.0,42.0,43.0,43.0,43.0,43.0,43.0,44.0,45.0,46.0,47.0,47.0,47.0,47.0,47.0,47.0,47.0,47.0,47.0,47.0,47.0,47.0,47.0,47.0,47.0,47
mcRYSTBhbxY,,,,,,,,,,,,,,,,,,,,,,,,,,,,,,,,,,,,,,,,,,,,,,,,,,,,,,,,,,,,,,,,,,,,,,,,,,,,,,,,,,,,,790.0,1092.0,1135.0,1145.0,1158.0,1162.0,1168.0,1169.0,1168.0,1169.0,1171.0,1171.0,1171.0,1171.0,1171.0,1171.0,1171.0,1171.0,1170.0,1170.0,1171.0,1170.0,1171.0,1171.0,1171.0,1171.0,1171.0,1171.0,1166.0,1166.0,1166.0,1164.0,1164.0,1164.0,1165.0,1165.0,1164.0,1163.0,1163.0,1163.0,1163.0,1163
15w8A9hET3k,,,,,,,,,,,,,,,,,,,,,,,,,,,,,,,,,,,,,,,,,,,,,,,,,,,,,,,,,,,,,,,,,,,,,,,,,,,,,,,,,,,,,11.0,14.0,15.0,15.0,16.0,16.0,16.0,17.0,19.0,19.0,20.0,20.0,20.0,20.0,20.0,20.0,20.0,20.0,20.0,20.0,21.0,21.0,21.0,21.0,21.0,21.0,21.0,21.0,21.0,21.0,21.0,21.0,21.0,21.0,21.0,21.0,21.0,21.0,21.0,21.0,21.0,21
XCXupDc2fTM,,,,,,,,,,,,,,,,,,,,,,,,,,,,,,,,,,,,,,,,,,,,,,,,,,,,,,,,,,,,,,,,,,,,,,,,,,,,,,,,,,,,,129.0,157.0,164.0,173.0,177.0,178.0,180.0,182.0,183.0,183.0,183.0,183.0,183.0,183.0,184.0,184.0,184.0,184.0,184.0,184.0,184.0,184.0,184.0,184.0,184.0,184.0,184.0,184.0,184.0,184.0,184.0,184.0,184.0,184.0,184.0,184.0,184.0,183.0,183.0,183.0,183.0,183
s_V3BET0R6g,,,,,,,,,,,,,,,,,,,,,,,,,,,,,,,,,,,,,,,,,,,,,,,,,,,,,,,,,,,,,,,,,,,,,,,,,,,,,,,,,,,,,28.0,32.0,32.0,32.0,32.0,32.0,32.0,32.0,32.0,32.0,32.0,32.0,32.0,32.0,32.0,32.0,32.0,32.0,32.0,32.0,32.0,32.0,32.0,32.0,32.0,32.0,32.0,32.0,32.0,32.0,32.0,32.0,32.0,32.0,32.0,32.0,32.0,32.0,32.0,32.0,32.0,32
JF3IqLzNbk4,,,,,,,,,,,,,,,,,,,,,,,,,,,,,,,,,,,,,,,,,,,,,,,,,,,,,,,,,,,,,,,,,,,,,,,,,,,,,,,,,,,,,,2659.0,2745.0,2776.0,2836.0,2847.0,2848.0,2848.0,2848.0,2851.0,2851.0,2851.0,2853.0,2853.0,2853.0,2856.0,2854.0,2853.0,2854.0,2854.0,2854.0,2854.0,2854.0,2854.0,2854.0,2853.0,2853.0,2853.0,2853.0,2854.0,2854.0,2853.0,2853.0,2853.0,2853.0,2853.0,2853.0,2853.0,2853.0,2853.0,2851.0,2851
aZt6AJfdRJY,,,,,,,,,,,,,,,,,,,,,,,,,,,,,,,,,,,,,,,,,,,,,,,,,,,,,,,,,,,,,,,,,,,,,,,,,,,,,,,,,,,,,,50.0,58.0,69.0,74.0,85.0,87.0,88.0,88.0,89.0,92.0,93.0,139.0,153.0,156.0,158.0,160.0,161.0,161.0,162.0,162.0,166.0,166.0,167.0,167.0,167.0,167.0,167.0,167.0,167.0,167.0,167.0,167.0,168.0,169.0,169.0,168.0,168.0,168.0,168.0,169.0,169
umVi_Ql8egY,,,,,,,,,,,,,,,,,,,,,,,,,,,,,,,,,,,,,,,,,,,,,,,,,,,,,,,,,,,,,,,,,,,,,,,,,,,,,,,,,,,,,,4206.0,4484.0,4661.0,4800.0,4912.0,4951.0,4976.0,4988.0,5022.0,5050.0,5089.0,5097.0,5099.0,5101.0,5105.0,5106.0,5108.0,5108.0,5112.0,5110.0,5110.0,5108.0,5110.0,5110.0,5109.0,5112.0,5112.0,5111.0,5110.0,5109.0,5109.0,5111.0,5111.0,5111.0,5111.0,5102.0,5102.0,5102.0,5103.0,5104.0,5104
5toNHtirpVM,,,,,,,,,,,,,,,,,,,,,,,,,,,,,,,,,,,,,,,,,,,,,,,,,,,,,,,,,,,,,,,,,,,,,,,,,,,,,,,,,,,,,,189.0,367.0,447.0,482.0,527.0,544.0,584.0,624.0,643.0,664.0,678.0,687.0,692.0,697.0,699.0,706.0,714.0,718.0,720.0,725.0,732.0,743.0,750.0,754.0,759.0,765.0,770.0,776.0,789.0,792.0,796.0,798.0,800.0,811.0,815.0,824.0,830.0,844.0,844.0,846.0,848
z3421azlj3I,,,,,,,,,,,,,,,,,,,,,,,,,,,,,,,,,,,,,,,,,,,,,,,,,,,,,,,,,,,,,,,,,,,,,,,,,,,,,,,,,,,,,,664.0,1312.0,1488.0,1649.0,1733.0,1806.0,1876.0,1954.0,2021.0,2084.0,2127.0,2163.0,2194.0,2224.0,2260.0,2295.0,2332.0,2370.0,2403.0,2427.0,2474.0,2498.0,2516.0,2538.0,2571.0,2596.0,2647.0,2669.0,2701.0,2727.0,2752.0,2800.0,2820.0,2835.0,2613.0,2636.0,2655.0,2669.0,2680.0,2693.0,2707
IuUVDeRAKaI,,,,,,,,,,,,,,,,,,,,,,,,,,,,,,,,,,,,,,,,,,,,,,,,,,,,,,,,,,,,,,,,,,,,,,,,,,,,,,,,,,,,,,168.0,176.0,182.0,187.0,189.0,191.0,191.0,191.0,191.0,191.0,192.0,193.0,193.0,193.0,193.0,193.0,193.0,193.0,197.0,197.0,197.0,197.0,197.0,197.0,197.0,197.0,197.0,198.0,198.0,198.0,199.0,199.0,199.0,199.0,199.0,200.0,200.0,201.0,201.0,201.0,201
xKT92YmzhJw,,,,,,,,,,,,,,,,,,,,,,,,,,,,,,,,,,,,,,,,,,,,,,,,,,,,,,,,,,,,,,,,,,,,,,,,,,,,,,,,,,,,,,354.0,384.0,426.0,443.0,459.0,472.0,478.0,486.0,494.0,498.0,500.0,506.0,513.0,517.0,519.0,519.0,525.0,530.0,540.0,543.0,543.0,544.0,544.0,545.0,545.0,546.0,545.0,544.0,545.0,546.0,547.0,547.0,547.0,549.0,550.0,551.0,551.0,552.0,552.0,552.0,553
zExqitQRRkM,,,,,,,,,,,,,,,,,,,,,,,,,,,,,,,,,,,,,,,,,,,,,,,,,,,,,,,,,,,,,,,,,,,,,,,,,,,,,,,,,,,,,,177.0,203.0,213.0,218.0,220.0,222.0,225.0,228.0,234.0,236.0,240.0,243.0,243.0,244.0,247.0,250.0,253.0,258.0,258.0,260.0,260.0,260.0,261.0,262.0,265.0,265.0,265.0,265.0,265.0,265.0,266.0,266.0,266.0,266.0,266.0,266.0,266.0,266.0,267.0,267.0,267
CcJa9dbgv1s,,,,,,,,,,,,,,,,,,,,,,,,,,,,,,,,,,,,,,,,,,,,,,,,,,,,,,,,,,,,,,,,,,,,,,,,,,,,,,,,,,,,,,9.0,9.0,9.0,9.0,9.0,9.0,9.0,9.0,9.0,9.0,9.0,9.0,9.0,9.0,9.0,9.0,9.0,9.0,9.0,9.0,10.0,10.0,10.0,10.0,10.0,10.0,11.0,11.0,11.0,11.0,11.0,11.0,11.0,11.0,11.0,11.0,11.0,11.0,11.0,11.0,11
0Ak8ps4-M3I,,,,,,,,,,,,,,,,,,,,,,,,,,,,,,,,,,,,,,,,,,,,,,,,,,,,,,,,,,,,,,,,,,,,,,,,,,,,,,,,,,,,,,9.0,11.0,11.0,11.0,12.0,12.0,12.0,13.0,13.0,13.0,13.0,13.0,13.0,13.0,13.0,13.0,13.0,13.0,13.0,13.0,14.0,14.0,14.0,14.0,14.0,14.0,14.0,14.0,14.0,14.0,14.0,14.0,14.0,14.0,14.0,14.0,14.0,14.0,14.0,14.0,14
zkR3SAMLGno,,,,,,,,,,,,,,,,,,,,,,,,,,,,,,,,,,,,,,,,,,,,,,,,,,,,,,,,,,,,,,,,,,,,,,,,,,,,,,,,,,,,,,3594.0,3600.0,3603.0,3603.0,3605.0,3608.0,3607.0,3609.0,3610.0,3608.0,3609.0,3609.0,3609.0,3613.0,3613.0,3613.0,3613.0,3613.0,3613.0,3613.0,3616.0,3616.0,3616.0,3616.0,3616.0,3617.0,3616.0,3616.0,3617.0,3619.0,3619.0,3619.0,3620.0,3620.0,3620.0,3620.0,3621.0,3622.0,3623.0,3624.0,3624
w-qEBFDsPZk,,,,,,,,,,,,,,,,,,,,,,,,,,,,,,,,,,,,,,,,,,,,,,,,,,,,,,,,,,,,,,,,,,,,,,,,,,,,,,,,,,,,,,192.0,193.0,195.0,198.0,198.0,198.0,199.0,201.0,203.0,204.0,207.0,207.0,209.0,209.0,209.0,208.0,208.0,208.0,208.0,209.0,210.0,210.0,210.0,210.0,210.0,211.0,213.0,213.0,217.0,219.0,217.0,217.0,217.0,217.0,217.0,217.0,219.0,219.0,219.0,219.0,220
NRfcVhPnZww,,,,,,,,,,,,,,,,,,,,,,,,,,,,,,,,,,,,,,,,,,,,,,,,,,,,,,,,,,,,,,,,,,,,,,,,,,,,,,,,,,,,,,278.0,300.0,307.0,317.0,324.0,329.0,332.0,336.0,340.0,342.0,345.0,348.0,348.0,349.0,351.0,352.0,352.0,352.0,353.0,353.0,353.0,353.0,354.0,354.0,356.0,356.0,356.0,357.0,357.0,357.0,357.0,358.0,358.0,359.0,360.0,359.0,359.0,359.0,359.0,359.0,360
v5b-93fgPfM,,,,,,,,,,,,,,,,,,,,,,,,,,,,,,,,,,,,,,,,,,,,,,,,,,,,,,,,,,,,,,,,,,,,,,,,,,,,,,,,,,,,,,0.0,0.0,0.0,0.0,0.0,0.0,0.0,0.0,0.0,0.0,0.0,0.0,0.0,0.0,0.0,0.0,0.0,0.0,0.0,0.0,0.0,0.0,0.0,0.0,0.0,0.0,0.0,0.0,0.0,0.0,0.0,0.0,0.0,0.0,0.0,0.0,0.0,0.0,0.0,0.0,0
5toNHtirpVM,,,,,,,,,,,,,,,,,,,,,,,,,,,,,,,,,,,,,,,,,,,,,,,,,,,,,,,,,,,,,,,,,,,,,,,,,,,,,,,,,,,,,,189.0,367.0,447.0,482.0,527.0,544.0,584.0,624.0,643.0,664.0,678.0,687.0,692.0,697.0,699.0,706.0,714.0,718.0,720.0,725.0,732.0,743.0,750.0,754.0,759.0,765.0,770.0,776.0,789.0,792.0,796.0,798.0,800.0,811.0,815.0,824.0,830.0,844.0,844.0,846.0,848
TI2Tuq8DwMs,,,,,,,,,,,,,,,,,,,,,,,,,,,,,,,,,,,,,,,,,,,,,,,,,,,,,,,,,,,,,,,,,,,,,,,,,,,,,,,,,,,,,,0.0,0.0,0.0,0.0,0.0,0.0,0.0,0.0,0.0,0.0,0.0,0.0,0.0,0.0,0.0,0.0,0.0,0.0,0.0,0.0,0.0,0.0,0.0,0.0,0.0,0.0,0.0,0.0,0.0,0.0,0.0,0.0,0.0,0.0,0.0,0.0,0.0,0.0,0.0,0.0,0
r5D9msWXSSo,,,,,,,,,,,,,,,,,,,,,,,,,,,,,,,,,,,,,,,,,,,,,,,,,,,,,,,,,,,,,,,,,,,,,,,,,,,,,,,,,,,,,,1354.0,1967.0,2179.0,2287.0,2386.0,2479.0,2541.0,2592.0,2631.0,2653.0,2676.0,2700.0,2721.0,2738.0,2752.0,2770.0,2786.0,2809.0,2819.0,2823.0,2827.0,2848.0,2855.0,2866.0,2872.0,2876.0,2878.0,2886.0,2891.0,2895.0,2900.0,2907.0,2910.0,2913.0,2921.0,2921.0,2924.0,2928.0,2933.0,2938.0,2939
FBr4hA9L90s,,,,,,,,,,,,,,,,,,,,,,,,,,,,,,,,,,,,,,,,,,,,,,,,,,,,,,,,,,,,,,,,,,,,,,,,,,,,,,,,,,,,,,,3146.0,3185.0,3210.0,3239.0,3261.0,3272.0,3279.0,3287.0,3292.0,3296.0,3305.0,3305.0,3302.0,3304.0,3307.0,3310.0,3311.0,3312.0,3314.0,3315.0,3315.0,3318.0,3317.0,3318.0,3318.0,3322.0,3324.0,3327.0,3328.0,3329.0,3332.0,3332.0,3332.0,3332.0,3331.0,3333.0,3333.0,3334.0,3337.0,3337
mWpQiCkWHKI,,,,,,,,,,,,,,,,,,,,,,,,,,,,,,,,,,,,,,,,,,,,,,,,,,,,,,,,,,,,,,,,,,,,,,,,,,,,,,,,,,,,,,,31.0,31.0,31.0,31.0,31.0,31.0,31.0,32.0,32.0,32.0,32.0,32.0,32.0,32.0,32.0,32.0,32.0,32.0,32.0,32.0,32.0,32.0,32.0,32.0,32.0,32.0,32.0,32.0,32.0,32.0,32.0,32.0,32.0,32.0,32.0,32.0,32.0,32.0,32.0,32
gT_oKttpBK0,,,,,,,,,,,,,,,,,,,,,,,,,,,,,,,,,,,,,,,,,,,,,,,,,,,,,,,,,,,,,,,,,,,,,,,,,,,,,,,,,,,,,,,,,412.0,614.0,645.0,665.0,676.0,687.0,694.0,699.0,702.0,706.0,710.0,713.0,717.0,725.0,784.0,799.0,800.0,802.0,802.0,802.0,803.0,803.0,805.0,805.0,805.0,805.0,805.0,805.0,805.0,805.0,805.0,806.0,805.0,805.0,805.0,805.0,805.0,805
_WxD-8OIyFA,,,,,,,,,,,,,,,,,,,,,,,,,,,,,,,,,,,,,,,,,,,,,,,,,,,,,,,,,,,,,,,,,,,,,,,,,,,,,,,,,,,,,,,,,199.0,229.0,241.0,243.0,243.0,244.0,246.0,247.0,247.0,248.0,248.0,248.0,248.0,250.0,250.0,250.0,250.0,253.0,253.0,253.0,255.0,255.0,255.0,255.0,255.0,256.0,257.0,259.0,259.0,259.0,260.0,260.0,260.0,260.0,260.0,260.0,260.0,260
rOpTvcSqzJ8,,,,,,,,,,,,,,,,,,,,,,,,,,,,,,,,,,,,,,,,,,,,,,,,,,,,,,,,,,,,,,,,,,,,,,,,,,,,,,,,,,,,,,,,,692.0,748.0,778.0,802.0,820.0,835.0,852.0,862.0,876.0,884.0,895.0,900.0,907.0,920.0,934.0,943.0,949.0,964.0,971.0,980.0,987.0,996.0,1007.0,1009.0,1014.0,1016.0,1019.0,1022.0,1025.0,1034.0,1037.0,1041.0,1045.0,1048.0,1049.0,1053.0,1057.0,1063
L_JfzUSgAjQ,,,,,,,,,,,,,,,,,,,,,,,,,,,,,,,,,,,,,,,,,,,,,,,,,,,,,,,,,,,,,,,,,,,,,,,,,,,,,,,,,,,,,,,,,1.0,1.0,1.0,1.0,1.0,1.0,1.0,1.0,1.0,1.0,1.0,1.0,1.0,1.0,1.0,1.0,1.0,1.0,1.0,1.0,1.0,1.0,1.0,1.0,1.0,1.0,1.0,1.0,1.0,1.0,2.0,2.0,2.0,2.0,2.0,2.0,2.0,2
4DQljJXyhRc,,,,,,,,,,,,,,,,,,,,,,,,,,,,,,,,,,,,,,,,,,,,,,,,,,,,,,,,,,,,,,,,,,,,,,,,,,,,,,,,,,,,,,,,,,21.0,21.0,21.0,21.0,21.0,21.0,21.0,21.0,21.0,21.0,21.0,21.0,21.0,21.0,21.0,21.0,21.0,21.0,21.0,21.0,22.0,22.0,22.0,22.0,22.0,22.0,22.0,22.0,22.0,22.0,22.0,22.0,22.0,22.0,22.0,22.0,22
WsKoXIF3jXs,,,,,,,,,,,,,,,,,,,,,,,,,,,,,,,,,,,,,,,,,,,,,,,,,,,,,,,,,,,,,,,,,,,,,,,,,,,,,,,,,,,,,,,,,,84.0,84.0,84.0,84.0,85.0,85.0,85.0,85.0,85.0,85.0,85.0,85.0,85.0,85.0,85.0,85.0,85.0,85.0,85.0,85.0,85.0,86.0,86.0,86.0,86.0,86.0,86.0,86.0,87.0,87.0,88.0,88.0,88.0,88.0,88.0,88.0,88
Uf0fT51j82Y,,,,,,,,,,,,,,,,,,,,,,,,,,,,,,,,,,,,,,,,,,,,,,,,,,,,,,,,,,,,,,,,,,,,,,,,,,,,,,,,,,,,,,,,,,114.0,119.0,122.0,123.0,123.0,124.0,125.0,125.0,125.0,125.0,125.0,125.0,125.0,125.0,125.0,125.0,125.0,125.0,125.0,125.0,125.0,125.0,125.0,125.0,125.0,125.0,123.0,123.0,123.0,123.0,123.0,123.0,123.0,123.0,123.0,123.0,123
gtC5UgMaRO4,,,,,,,,,,,,,,,,,,,,,,,,,,,,,,,,,,,,,,,,,,,,,,,,,,,,,,,,,,,,,,,,,,,,,,,,,,,,,,,,,,,,,,,,,,610.0,1177.0,1431.0,1657.0,1766.0,1862.0,1925.0,1978.0,2013.0,2057.0,2097.0,2134.0,2155.0,2179.0,2191.0,2205.0,2215.0,2222.0,2233.0,2238.0,2243.0,2244.0,2251.0,2255.0,2260.0,2262.0,2263.0,2264.0,2266.0,2270.0,2273.0,2278.0,2281.0,2283.0,2286.0,2286.0,2289
5iQmk9aPvEM,,,,,,,,,,,,,,,,,,,,,,,,,,,,,,,,,,,,,,,,,,,,,,,,,,,,,,,,,,,,,,,,,,,,,,,,,,,,,,,,,,,,,,,,,,0.0,0.0,0.0,0.0,0.0,0.0,0.0,0.0,0.0,0.0,0.0,0.0,0.0,0.0,0.0,0.0,0.0,0.0,0.0,0.0,0.0,0.0,0.0,0.0,0.0,0.0,0.0,0.0,0.0,0.0,0.0,0.0,0.0,0.0,0.0,0.0,0
yD7ZtNsAeBY,,,,,,,,,,,,,,,,,,,,,,,,,,,,,,,,,,,,,,,,,,,,,,,,,,,,,,,,,,,,,,,,,,,,,,,,,,,,,,,,,,,,,,,,,,19.0,20.0,21.0,21.0,23.0,23.0,25.0,26.0,27.0,27.0,28.0,28.0,29.0,30.0,30.0,29.0,29.0,29.0,30.0,30.0,30.0,30.0,30.0,32.0,32.0,32.0,33.0,33.0,33.0,33.0,34.0,34.0,34.0,34.0,34.0,34.0,34
mg8o-D3NPS0,,,,,,,,,,,,,,,,,,,,,,,,,,,,,,,,,,,,,,,,,,,,,,,,,,,,,,,,,,,,,,,,,,,,,,,,,,,,,,,,,,,,,,,,,,42.0,48.0,53.0,55.0,55.0,57.0,59.0,63.0,66.0,67.0,67.0,70.0,70.0,70.0,70.0,70.0,70.0,70.0,71.0,72.0,73.0,73.0,73.0,73.0,73.0,73.0,74.0,74.0,74.0,74.0,74.0,74.0,74.0,74.0,74.0,74.0,74
UwpfFRuu2lI,,,,,,,,,,,,,,,,,,,,,,,,,,,,,,,,,,,,,,,,,,,,,,,,,,,,,,,,,,,,,,,,,,,,,,,,,,,,,,,,,,,,,,,,,,,16569.0,16750.0,16966.0,17112.0,17274.0,17358.0,17426.0,17521.0,17585.0,17642.0,17748.0,17830.0,17955.0,18029.0,18090.0,18181.0,18237.0,18300.0,18381.0,18417.0,18455.0,18471.0,18508.0,18523.0,18546.0,18570.0,18591.0,18613.0,18622.0,18636.0,18648.0,18665.0,18671.0,18693.0,18695.0,18713
cNOt9xk3eKQ,,,,,,,,,,,,,,,,,,,,,,,,,,,,,,,,,,,,,,,,,,,,,,,,,,,,,,,,,,,,,,,,,,,,,,,,,,,,,,,,,,,,,,,,,,,633.0,1152.0,1747.0,2394.0,3024.0,3087.0,3105.0,3110.0,3116.0,3714.0,4487.0,5231.0,6026.0,6681.0,7427.0,8043.0,8123.0,8169.0,8220.0,8262.0,8301.0,8349.0,8387.0,8416.0,8446.0,8467.0,8519.0,8554.0,8583.0,8613.0,8614.0,8615.0,8617.0,8617.0,8617.0,8618
oqOZoDLStE0,,,,,,,,,,,,,,,,,,,,,,,,,,,,,,,,,,,,,,,,,,,,,,,,,,,,,,,,,,,,,,,,,,,,,,,,,,,,,,,,,,,,,,,,,,,20.0,23.0,24.0,29.0,29.0,29.0,29.0,29.0,29.0,30.0,30.0,31.0,32.0,32.0,35.0,37.0,37.0,37.0,37.0,37.0,37.0,38.0,38.0,38.0,39.0,39.0,39.0,40.0,40.0,40.0,40.0,40.0,40.0,40.0,40.0,40
dVOLIfuWbN0,,,,,,,,,,,,,,,,,,,,,,,,,,,,,,,,,,,,,,,,,,,,,,,,,,,,,,,,,,,,,,,,,,,,,,,,,,,,,,,,,,,,,,,,,,,49.0,68.0,93.0,104.0,108.0,109.0,114.0,117.0,120.0,122.0,124.0,126.0,126.0,128.0,131.0,132.0,133.0,134.0,134.0,134.0,136.0,136.0,137.0,142.0,143.0,143.0,143.0,143.0,143.0,143.0,143.0,143.0,145.0,145.0,145.0,143
1tXU_gVS46w,,,,,,,,,,,,,,,,,,,,,,,,,,,,,,,,,,,,,,,,,,,,,,,,,,,,,,,,,,,,,,,,,,,,,,,,,,,,,,,,,,,,,,,,,,,228.0,228.0,228.0,228.0,228.0,228.0,229.0,229.0,229.0,229.0,229.0,229.0,229.0,229.0,229.0,229.0,229.0,229.0,229.0,229.0,229.0,229.0,229.0,229.0,229.0,229.0,229.0,229.0,229.0,229.0,229.0,229.0,229.0,229.0,229.0,229
ySBbP3Bj6dE,,,,,,,,,,,,,,,,,,,,,,,,,,,,,,,,,,,,,,,,,,,,,,,,,,,,,,,,,,,,,,,,,,,,,,,,,,,,,,,,,,,,,,,,,,,243.0,315.0,335.0,350.0,354.0,359.0,365.0,366.0,372.0,376.0,379.0,384.0,388.0,392.0,392.0,395.0,396.0,396.0,400.0,401.0,401.0,402.0,403.0,405.0,405.0,406.0,406.0,409.0,409.0,409.0,410.0,411.0,411.0,411.0,412.0,412
TohoGFuTtUI,,,,,,,,,,,,,,,,,,,,,,,,,,,,,,,,,,,,,,,,,,,,,,,,,,,,,,,,,,,,,,,,,,,,,,,,,,,,,,,,,,,,,,,,,,,0.0,0.0,0.0,0.0,0.0,0.0,0.0,0.0,0.0,0.0,0.0,0.0,0.0,0.0,0.0,0.0,0.0,0.0,0.0,0.0,0.0,0.0,0.0,0.0,0.0,0.0,0.0,0.0,0.0,0.0,0.0,0.0,0.0,0.0,0.0,0
BugpSpUYDAo,,,,,,,,,,,,,,,,,,,,,,,,,,,,,,,,,,,,,,,,,,,,,,,,,,,,,,,,,,,,,,,,,,,,,,,,,,,,,,,,,,,,,,,,,,,3.0,3.0,4.0,6.0,7.0,7.0,7.0,7.0,7.0,7.0,7.0,7.0,7.0,7.0,7.0,7.0,7.0,7.0,7.0,7.0,7.0,7.0,7.0,7.0,7.0,7.0,7.0,7.0,7.0,7.0,7.0,7.0,7.0,7.0,7.0,7
6KksgSzEZvQ,,,,,,,,,,,,,,,,,,,,,,,,,,,,,,,,,,,,,,,,,,,,,,,,,,,,,,,,,,,,,,,,,,,,,,,,,,,,,,,,,,,,,,,,,,,3199.0,3438.0,3736.0,3867.0,3947.0,4025.0,4095.0,4148.0,4209.0,4243.0,4311.0,4362.0,4390.0,4447.0,4507.0,4546.0,4596.0,4639.0,4688.0,4736.0,4783.0,4821.0,4847.0,4869.0,4896.0,4915.0,4927.0,4939.0,4946.0,4951.0,4959.0,4976.0,5003.0,5013.0,5018.0,5027
EyiYrTtUaKY,,,,,,,,,,,,,,,,,,,,,,,,,,,,,,,,,,,,,,,,,,,,,,,,,,,,,,,,,,,,,,,,,,,,,,,,,,,,,,,,,,,,,,,,,,,1579.0,1679.0,1681.0,1685.0,1692.0,1692.0,1692.0,1693.0,1692.0,1692.0,1692.0,1692.0,1692.0,1692.0,1692.0,1692.0,1692.0,1692.0,1692.0,1692.0,1693.0,1692.0,1687.0,1683.0,1684.0,1684.0,1684.0,1684.0,1683.0,1683.0,1681.0,1682.0,1682.0,1682.0,1680.0,1679
nE1uZiiYVzk,,,,,,,,,,,,,,,,,,,,,,,,,,,,,,,,,,,,,,,,,,,,,,,,,,,,,,,,,,,,,,,,,,,,,,,,,,,,,,,,,,,,,,,,,,,,0.0,0.0,0.0,0.0,0.0,0.0,0.0,0.0,0.0,0.0,0.0,0.0,0.0,0.0,0.0,0.0,0.0,0.0,0.0,0.0,0.0,0.0,0.0,0.0,0.0,0.0,0.0,0.0,0.0,0.0,0.0,0.0,0.0,0.0,0
4PEzOzBwDj8,,,,,,,,,,,,,,,,,,,,,,,,,,,,,,,,,,,,,,,,,,,,,,,,,,,,,,,,,,,,,,,,,,,,,,,,,,,,,,,,,,,,,,,,,,,,323.0,360.0,387.0,406.0,425.0,437.0,444.0,458.0,466.0,475.0,482.0,488.0,490.0,490.0,492.0,496.0,498.0,500.0,502.0,505.0,506.0,508.0,510.0,512.0,512.0,514.0,514.0,515.0,516.0,518.0,519.0,520.0,522.0,524.0,524
Vb230K5-ltQ,,,,,,,,,,,,,,,,,,,,,,,,,,,,,,,,,,,,,,,,,,,,,,,,,,,,,,,,,,,,,,,,,,,,,,,,,,,,,,,,,,,,,,,,,,,,0.0,0.0,0.0,0.0,0.0,0.0,0.0,0.0,0.0,0.0,0.0,0.0,0.0,0.0,0.0,0.0,0.0,0.0,0.0,0.0,0.0,0.0,0.0,0.0,0.0,0.0,0.0,0.0,0.0,0.0,0.0,0.0,0.0,0.0,0
F6a_UH88Yq8,,,,,,,,,,,,,,,,,,,,,,,,,,,,,,,,,,,,,,,,,,,,,,,,,,,,,,,,,,,,,,,,,,,,,,,,,,,,,,,,,,,,,,,,,,,,0.0,0.0,0.0,0.0,0.0,0.0,0.0,0.0,0.0,0.0,0.0,0.0,0.0,0.0,0.0,0.0,0.0,0.0,0.0,0.0,0.0,0.0,0.0,0.0,0.0,0.0,0.0,0.0,0.0,0.0,0.0,0.0,0.0,0.0,0
cvvLHznnV2E,,,,,,,,,,,,,,,,,,,,,,,,,,,,,,,,,,,,,,,,,,,,,,,,,,,,,,,,,,,,,,,,,,,,,,,,,,,,,,,,,,,,,,,,,,,,976.0,1003.0,1047.0,1064.0,1079.0,1084.0,1090.0,1097.0,1099.0,1103.0,1111.0,1113.0,1114.0,1118.0,1119.0,1120.0,1121.0,1121.0,1121.0,1124.0,1124.0,1127.0,1127.0,1129.0,1131.0,1129.0,1131.0,1131.0,1134.0,1136.0,1139.0,1141.0,1144.0,1146.0,1148
6cqMw7w8Tf8,,,,,,,,,,,,,,,,,,,,,,,,,,,,,,,,,,,,,,,,,,,,,,,,,,,,,,,,,,,,,,,,,,,,,,,,,,,,,,,,,,,,,,,,,,,,,141.0,151.0,156.0,159.0,161.0,161.0,163.0,163.0,163.0,163.0,163.0,163.0,163.0,163.0,163.0,163.0,163.0,163.0,163.0,163.0,163.0,163.0,163.0,163.0,163.0,163.0,163.0,163.0,163.0,163.0,163.0,163.0,163.0,163
r7lW80r8-T4,,,,,,,,,,,,,,,,,,,,,,,,,,,,,,,,,,,,,,,,,,,,,,,,,,,,,,,,,,,,,,,,,,,,,,,,,,,,,,,,,,,,,,,,,,,,,61.0,71.0,73.0,77.0,79.0,78.0,79.0,80.0,80.0,82.0,83.0,84.0,83.0,87.0,87.0,89.0,90.0,90.0,90.0,90.0,90.0,90.0,90.0,90.0,93.0,96.0,96.0,96.0,97.0,97.0,100.0,100.0,101.0,101
at0_QHrwwis,,,,,,,,,,,,,,,,,,,,,,,,,,,,,,,,,,,,,,,,,,,,,,,,,,,,,,,,,,,,,,,,,,,,,,,,,,,,,,,,,,,,,,,,,,,,,289.0,342.0,374.0,382.0,411.0,421.0,426.0,430.0,431.0,432.0,434.0,437.0,437.0,438.0,439.0,439.0,440.0,440.0,440.0,443.0,443.0,443.0,443.0,443.0,443.0,443.0,444.0,444.0,444.0,444.0,444.0,444.0,444.0,445
ubyrImrCYzc,,,,,,,,,,,,,,,,,,,,,,,,,,,,,,,,,,,,,,,,,,,,,,,,,,,,,,,,,,,,,,,,,,,,,,,,,,,,,,,,,,,,,,,,,,,,,540.0,613.0,656.0,645.0,651.0,659.0,665.0,669.0,674.0,686.0,693.0,695.0,703.0,707.0,707.0,711.0,715.0,718.0,719.0,721.0,725.0,726.0,726.0,726.0,727.0,730.0,731.0,733.0,733.0,735.0,735.0,736.0,736.0,736
KRjA-35kymI,,,,,,,,,,,,,,,,,,,,,,,,,,,,,,,,,,,,,,,,,,,,,,,,,,,,,,,,,,,,,,,,,,,,,,,,,,,,,,,,,,,,,,,,,,,,,0.0,0.0,1.0,1.0,2.0,2.0,2.0,2.0,2.0,2.0,2.0,2.0,2.0,3.0,3.0,3.0,3.0,3.0,3.0,3.0,3.0,3.0,3.0,3.0,3.0,3.0,3.0,3.0,3.0,3.0,3.0,3.0,3.0,3
CVU6I7x4Yzw,,,,,,,,,,,,,,,,,,,,,,,,,,,,,,,,,,,,,,,,,,,,,,,,,,,,,,,,,,,,,,,,,,,,,,,,,,,,,,,,,,,,,,,,,,,,,1109.0,1627.0,1763.0,1820.0,1847.0,1870.0,1897.0,1923.0,1942.0,1960.0,1969.0,1978.0,1984.0,1995.0,2001.0,2004.0,2011.0,2024.0,2032.0,2054.0,2062.0,2064.0,2067.0,2076.0,2082.0,2083.0,2087.0,2088.0,2087.0,2096.0,2099.0,2102.0,2106.0,2110
hEXm9ElcqKY,,,,,,,,,,,,,,,,,,,,,,,,,,,,,,,,,,,,,,,,,,,,,,,,,,,,,,,,,,,,,,,,,,,,,,,,,,,,,,,,,,,,,,,,,,,,,131.0,161.0,163.0,168.0,171.0,172.0,175.0,177.0,178.0,179.0,179.0,181.0,181.0,181.0,181.0,182.0,183.0,184.0,184.0,185.0,185.0,186.0,186.0,186.0,186.0,188.0,188.0,188.0,188.0,188.0,190.0,190.0,190.0,190
0FmUrK7mh84,,,,,,,,,,,,,,,,,,,,,,,,,,,,,,,,,,,,,,,,,,,,,,,,,,,,,,,,,,,,,,,,,,,,,,,,,,,,,,,,,,,,,,,,,,,,,,613.0,972.0,1260.0,1312.0,1329.0,1334.0,1337.0,1339.0,1339.0,1340.0,1340.0,1340.0,1339.0,1339.0,1339.0,1339.0,1339.0,1339.0,1339.0,1339.0,1339.0,1339.0,1339.0,1340.0,1340.0,1337.0,1337.0,1338.0,1336.0,1336.0,1336.0,1335.0,1335
NXDbZwXV3ik,,,,,,,,,,,,,,,,,,,,,,,,,,,,,,,,,,,,,,,,,,,,,,,,,,,,,,,,,,,,,,,,,,,,,,,,,,,,,,,,,,,,,,,,,,,,,,121.0,121.0,121.0,121.0,121.0,121.0,121.0,121.0,121.0,121.0,121.0,121.0,121.0,121.0,121.0,121.0,121.0,121.0,121.0,121.0,121.0,121.0,121.0,121.0,121.0,121.0,121.0,121.0,121.0,121.0,121.0,121.0,120
fJsR4YZjQhI,,,,,,,,,,,,,,,,,,,,,,,,,,,,,,,,,,,,,,,,,,,,,,,,,,,,,,,,,,,,,,,,,,,,,,,,,,,,,,,,,,,,,,,,,,,,,,5.0,5.0,6.0,7.0,7.0,7.0,7.0,7.0,7.0,7.0,7.0,7.0,7.0,7.0,7.0,7.0,7.0,7.0,7.0,7.0,7.0,7.0,7.0,7.0,7.0,7.0,7.0,7.0,7.0,7.0,7.0,7.0,7
J8s5-vsT_Dc,,,,,,,,,,,,,,,,,,,,,,,,,,,,,,,,,,,,,,,,,,,,,,,,,,,,,,,,,,,,,,,,,,,,,,,,,,,,,,,,,,,,,,,,,,,,,,,827.0,830.0,833.0,839.0,844.0,850.0,857.0,866.0,869.0,873.0,877.0,878.0,883.0,890.0,897.0,901.0,905.0,912.0,920.0,921.0,924.0,929.0,932.0,934.0,937.0,939.0,941.0,943.0,947.0,954.0,957.0,961
U806aC4q-3M,,,,,,,,,,,,,,,,,,,,,,,,,,,,,,,,,,,,,,,,,,,,,,,,,,,,,,,,,,,,,,,,,,,,,,,,,,,,,,,,,,,,,,,,,,,,,,,,0.0,0.0,0.0,0.0,0.0,0.0,0.0,0.0,0.0,0.0,0.0,0.0,0.0,0.0,0.0,0.0,0.0,0.0,0.0,0.0,0.0,0.0,0.0,0.0,0.0,0.0,0.0,0.0,0.0,0.0,0
CyAxxgaXQTU,,,,,,,,,,,,,,,,,,,,,,,,,,,,,,,,,,,,,,,,,,,,,,,,,,,,,,,,,,,,,,,,,,,,,,,,,,,,,,,,,,,,,,,,,,,,,,,,159.0,214.0,226.0,231.0,236.0,237.0,238.0,240.0,240.0,243.0,243.0,243.0,243.0,243.0,243.0,242.0,242.0,242.0,242.0,242.0,242.0,242.0,242.0,242.0,242.0,242.0,242.0,242.0,242.0,242.0,242
WrE8XCMyPGA,,,,,,,,,,,,,,,,,,,,,,,,,,,,,,,,,,,,,,,,,,,,,,,,,,,,,,,,,,,,,,,,,,,,,,,,,,,,,,,,,,,,,,,,,,,,,,,,927.0,993.0,1004.0,1005.0,1008.0,1012.0,1013.0,1014.0,1014.0,1007.0,1006.0,1006.0,1006.0,1005.0,1006.0,1005.0,1005.0,1005.0,1005.0,1005.0,1005.0,1005.0,1005.0,1005.0,1005.0,1005.0,1005.0,1005.0,1004.0,1004.0,1004
8fii-4x4dog,,,,,,,,,,,,,,,,,,,,,,,,,,,,,,,,,,,,,,,,,,,,,,,,,,,,,,,,,,,,,,,,,,,,,,,,,,,,,,,,,,,,,,,,,,,,,,,,0.0,1.0,1.0,1.0,1.0,2.0,4.0,4.0,4.0,5.0,5.0,5.0,5.0,5.0,5.0,6.0,6.0,6.0,6.0,6.0,7.0,7.0,7.0,7.0,7.0,7.0,7.0,6.0,6.0,6.0,6
1OtNn_3Pejo,,,,,,,,,,,,,,,,,,,,,,,,,,,,,,,,,,,,,,,,,,,,,,,,,,,,,,,,,,,,,,,,,,,,,,,,,,,,,,,,,,,,,,,,,,,,,,,,18.0,19.0,20.0,22.0,22.0,23.0,23.0,23.0,24.0,24.0,24.0,24.0,24.0,24.0,24.0,24.0,24.0,24.0,24.0,24.0,24.0,24.0,24.0,24.0,24.0,23.0,23.0,23.0,23.0,23.0,24
3xkIgMeb3-g,,,,,,,,,,,,,,,,,,,,,,,,,,,,,,,,,,,,,,,,,,,,,,,,,,,,,,,,,,,,,,,,,,,,,,,,,,,,,,,,,,,,,,,,,,,,,,,,19.0,26.0,29.0,36.0,40.0,43.0,47.0,47.0,48.0,50.0,51.0,53.0,53.0,54.0,54.0,58.0,59.0,59.0,60.0,60.0,60.0,62.0,66.0,66.0,66.0,66.0,66.0,66.0,66.0,66.0,66
NLA4KBCENXs,,,,,,,,,,,,,,,,,,,,,,,,,,,,,,,,,,,,,,,,,,,,,,,,,,,,,,,,,,,,,,,,,,,,,,,,,,,,,,,,,,,,,,,,,,,,,,,,954.0,1013.0,1035.0,1047.0,1057.0,1065.0,1073.0,1081.0,1088.0,1092.0,1094.0,1097.0,1102.0,1118.0,1122.0,1127.0,1131.0,1139.0,1140.0,1145.0,1145.0,1152.0,1152.0,1152.0,1152.0,1152.0,1152.0,1152.0,1152.0,1152.0,1152
tCOdbwbFr2U,,,,,,,,,,,,,,,,,,,,,,,,,,,,,,,,,,,,,,,,,,,,,,,,,,,,,,,,,,,,,,,,,,,,,,,,,,,,,,,,,,,,,,,,,,,,,,,,62.0,64.0,68.0,70.0,70.0,70.0,73.0,74.0,74.0,76.0,76.0,76.0,76.0,76.0,76.0,76.0,77.0,77.0,77.0,77.0,77.0,79.0,79.0,80.0,81.0,81.0,81.0,81.0,81.0,83.0,83
FCbQR0O0eEo,,,,,,,,,,,,,,,,,,,,,,,,,,,,,,,,,,,,,,,,,,,,,,,,,,,,,,,,,,,,,,,,,,,,,,,,,,,,,,,,,,,,,,,,,,,,,,,,16.0,24.0,30.0,32.0,32.0,33.0,35.0,36.0,36.0,37.0,39.0,39.0,39.0,39.0,39.0,39.0,39.0,40.0,41.0,41.0,41.0,41.0,41.0,41.0,41.0,41.0,41.0,42.0,42.0,42.0,42
8Zi4GWc2wMI,,,,,,,,,,,,,,,,,,,,,,,,,,,,,,,,,,,,,,,,,,,,,,,,,,,,,,,,,,,,,,,,,,,,,,,,,,,,,,,,,,,,,,,,,,,,,,,,904.0,904.0,910.0,912.0,913.0,915.0,915.0,915.0,915.0,915.0,915.0,915.0,916.0,916.0,916.0,916.0,916.0,915.0,915.0,915.0,914.0,914.0,914.0,914.0,914.0,914.0,914.0,914.0,914.0,914.0,914
SgDcevljSYY,,,,,,,,,,,,,,,,,,,,,,,,,,,,,,,,,,,,,,,,,,,,,,,,,,,,,,,,,,,,,,,,,,,,,,,,,,,,,,,,,,,,,,,,,,,,,,,,,3516.0,3561.0,3584.0,3606.0,3628.0,3644.0,3676.0,3697.0,3717.0,3724.0,3746.0,3765.0,3779.0,3792.0,3810.0,3825.0,3833.0,3842.0,3853.0,3866.0,3877.0,3887.0,3901.0,3923.0,3924.0,3839.0,3844.0,3849.0,3850.0,3851
2P7VZogodoE,,,,,,,,,,,,,,,,,,,,,,,,,,,,,,,,,,,,,,,,,,,,,,,,,,,,,,,,,,,,,,,,,,,,,,,,,,,,,,,,,,,,,,,,,,,,,,,,,4.0,4.0,4.0,4.0,4.0,5.0,5.0,5.0,5.0,5.0,5.0,5.0,5.0,5.0,5.0,5.0,5.0,5.0,5.0,5.0,5.0,5.0,5.0,5.0,5.0,5.0,5.0,5.0,5.0,5
22QTKAFmG3I,,,,,,,,,,,,,,,,,,,,,,,,,,,,,,,,,,,,,,,,,,,,,,,,,,,,,,,,,,,,,,,,,,,,,,,,,,,,,,,,,,,,,,,,,,,,,,,,,34.0,34.0,34.0,34.0,34.0,34.0,34.0,34.0,34.0,34.0,34.0,34.0,34.0,34.0,34.0,34.0,34.0,34.0,34.0,34.0,34.0,34.0,34.0,34.0,34.0,34.0,34.0,34.0,34.0,34
mB8XIXg06WY,,,,,,,,,,,,,,,,,,,,,,,,,,,,,,,,,,,,,,,,,,,,,,,,,,,,,,,,,,,,,,,,,,,,,,,,,,,,,,,,,,,,,,,,,,,,,,,,,13.0,13.0,13.0,13.0,13.0,13.0,13.0,13.0,13.0,13.0,13.0,13.0,13.0,13.0,13.0,13.0,13.0,13.0,13.0,13.0,13.0,13.0,13.0,13.0,13.0,13.0,13.0,13.0,13.0,13
FN_4m2QqSH0,,,,,,,,,,,,,,,,,,,,,,,,,,,,,,,,,,,,,,,,,,,,,,,,,,,,,,,,,,,,,,,,,,,,,,,,,,,,,,,,,,,,,,,,,,,,,,,,,8.0,8.0,8.0,8.0,8.0,8.0,8.0,8.0,8.0,8.0,8.0,8.0,8.0,8.0,8.0,8.0,8.0,8.0,8.0,8.0,8.0,8.0,8.0,8.0,8.0,8.0,8.0,8.0,8.0,8
nSRX3qPnKOc,,,,,,,,,,,,,,,,,,,,,,,,,,,,,,,,,,,,,,,,,,,,,,,,,,,,,,,,,,,,,,,,,,,,,,,,,,,,,,,,,,,,,,,,,,,,,,,,,2.0,2.0,2.0,2.0,2.0,2.0,2.0,2.0,2.0,2.0,2.0,2.0,2.0,2.0,2.0,2.0,2.0,2.0,2.0,2.0,2.0,2.0,2.0,2.0,2.0,2.0,2.0,2.0,2.0,2
t8wWx2-SJWQ,,,,,,,,,,,,,,,,,,,,,,,,,,,,,,,,,,,,,,,,,,,,,,,,,,,,,,,,,,,,,,,,,,,,,,,,,,,,,,,,,,,,,,,,,,,,,,,,,5.0,5.0,5.0,5.0,5.0,5.0,5.0,6.0,6.0,6.0,6.0,6.0,6.0,6.0,6.0,6.0,6.0,6.0,6.0,6.0,6.0,6.0,6.0,6.0,6.0,6.0,6.0,6.0,6.0,6
fSkdZ0dfKMs,,,,,,,,,,,,,,,,,,,,,,,,,,,,,,,,,,,,,,,,,,,,,,,,,,,,,,,,,,,,,,,,,,,,,,,,,,,,,,,,,,,,,,,,,,,,,,,,,17.0,31.0,34.0,34.0,34.0,35.0,36.0,36.0,36.0,36.0,36.0,37.0,37.0,37.0,38.0,38.0,39.0,39.0,39.0,39.0,39.0,39.0,39.0,40.0,40.0,40.0,40.0,40.0,40.0,40
ugxi0U3MwNs,,,,,,,,,,,,,,,,,,,,,,,,,,,,,,,,,,,,,,,,,,,,,,,,,,,,,,,,,,,,,,,,,,,,,,,,,,,,,,,,,,,,,,,,,,,,,,,,,789.0,810.0,821.0,834.0,842.0,847.0,853.0,860.0,867.0,872.0,876.0,878.0,880.0,884.0,885.0,889.0,890.0,895.0,900.0,900.0,904.0,906.0,906.0,913.0,918.0,934.0,934.0,935.0,919.0,920
IvqbikKfp6g,,,,,,,,,,,,,,,,,,,,,,,,,,,,,,,,,,,,,,,,,,,,,,,,,,,,,,,,,,,,,,,,,,,,,,,,,,,,,,,,,,,,,,,,,,,,,,,,,18.0,23.0,26.0,26.0,27.0,28.0,29.0,31.0,31.0,33.0,33.0,32.0,32.0,32.0,32.0,32.0,32.0,32.0,32.0,32.0,32.0,32.0,32.0,32.0,32.0,32.0,32.0,32.0,32.0,32
JLMndab5UDw,,,,,,,,,,,,,,,,,,,,,,,,,,,,,,,,,,,,,,,,,,,,,,,,,,,,,,,,,,,,,,,,,,,,,,,,,,,,,,,,,,,,,,,,,,,,,,,,,225.0,230.0,231.0,231.0,232.0,232.0,231.0,232.0,232.0,232.0,232.0,231.0,232.0,233.0,233.0,233.0,233.0,233.0,233.0,233.0,233.0,233.0,233.0,233.0,233.0,233.0,233.0,233.0,233.0,233
ks7nppmV-9k,,,,,,,,,,,,,,,,,,,,,,,,,,,,,,,,,,,,,,,,,,,,,,,,,,,,,,,,,,,,,,,,,,,,,,,,,,,,,,,,,,,,,,,,,,,,,,,,,830.0,834.0,838.0,840.0,841.0,849.0,850.0,850.0,851.0,852.0,852.0,853.0,855.0,856.0,857.0,860.0,860.0,860.0,860.0,860.0,860.0,861.0,861.0,862.0,862.0,863.0,864.0,864.0,866.0,868
NkbjgNh06bQ,,,,,,,,,,,,,,,,,,,,,,,,,,,,,,,,,,,,,,,,,,,,,,,,,,,,,,,,,,,,,,,,,,,,,,,,,,,,,,,,,,,,,,,,,,,,,,,,,2827.0,2832.0,2836.0,2841.0,2847.0,2855.0,2855.0,2859.0,2862.0,2863.0,2864.0,2865.0,2867.0,2871.0,2873.0,2876.0,2876.0,2876.0,2878.0,2879.0,2880.0,2880.0,2882.0,2882.0,2882.0,2881.0,2882.0,2882.0,2876.0,2875
h24ZAAzL-ZA,,,,,,,,,,,,,,,,,,,,,,,,,,,,,,,,,,,,,,,,,,,,,,,,,,,,,,,,,,,,,,,,,,,,,,,,,,,,,,,,,,,,,,,,,,,,,,,,,,21.0,21.0,22.0,22.0,22.0,22.0,22.0,22.0,22.0,22.0,22.0,22.0,22.0,22.0,22.0,22.0,22.0,22.0,22.0,22.0,23.0,23.0,23.0,23.0,23.0,23.0,24.0,24.0,25
F1jIHZDEpPQ,,,,,,,,,,,,,,,,,,,,,,,,,,,,,,,,,,,,,,,,,,,,,,,,,,,,,,,,,,,,,,,,,,,,,,,,,,,,,,,,,,,,,,,,,,,,,,,,,,58.0,58.0,59.0,59.0,59.0,59.0,59.0,59.0,59.0,59.0,59.0,59.0,59.0,59.0,59.0,59.0,59.0,59.0,59.0,59.0,59.0,59.0,59.0,59.0,59.0,59.0,59.0,59.0,59
Sw6OSp7yllw,,,,,,,,,,,,,,,,,,,,,,,,,,,,,,,,,,,,,,,,,,,,,,,,,,,,,,,,,,,,,,,,,,,,,,,,,,,,,,,,,,,,,,,,,,,,,,,,,,78.0,97.0,116.0,129.0,138.0,146.0,154.0,159.0,163.0,166.0,175.0,180.0,185.0,188.0,191.0,196.0,198.0,199.0,201.0,205.0,207.0,208.0,209.0,210.0,211.0,211.0,211.0,212.0,212
krVAUiEGBlg,,,,,,,,,,,,,,,,,,,,,,,,,,,,,,,,,,,,,,,,,,,,,,,,,,,,,,,,,,,,,,,,,,,,,,,,,,,,,,,,,,,,,,,,,,,,,,,,,,,347.0,424.0,483.0,515.0,549.0,579.0,596.0,605.0,609.0,613.0,628.0,633.0,639.0,640.0,643.0,642.0,656.0,659.0,661.0,665.0,670.0,670.0,676.0,677.0,678.0,681.0,684.0,686
wfyFh5BJ43M,,,,,,,,,,,,,,,,,,,,,,,,,,,,,,,,,,,,,,,,,,,,,,,,,,,,,,,,,,,,,,,,,,,,,,,,,,,,,,,,,,,,,,,,,,,,,,,,,,,881.0,1109.0,1139.0,1167.0,1170.0,1172.0,1174.0,1174.0,1174.0,1175.0,1171.0,1171.0,1172.0,1172.0,1172.0,1172.0,1172.0,1172.0,1172.0,1172.0,1172.0,1172.0,1172.0,1173.0,1173.0,1173.0,1173.0,1173
LUPWh_2PHKg,,,,,,,,,,,,,,,,,,,,,,,,,,,,,,,,,,,,,,,,,,,,,,,,,,,,,,,,,,,,,,,,,,,,,,,,,,,,,,,,,,,,,,,,,,,,,,,,,,,150.0,190.0,209.0,216.0,219.0,219.0,220.0,220.0,220.0,221.0,222.0,222.0,222.0,223.0,223.0,223.0,223.0,224.0,224.0,224.0,224.0,225.0,225.0,225.0,225.0,225.0,225.0,225
Hsuy_xzPyWQ,,,,,,,,,,,,,,,,,,,,,,,,,,,,,,,,,,,,,,,,,,,,,,,,,,,,,,,,,,,,,,,,,,,,,,,,,,,,,,,,,,,,,,,,,,,,,,,,,,,3035.0,3179.0,3330.0,3410.0,3471.0,3508.0,3535.0,3569.0,3603.0,3625.0,3651.0,3665.0,3681.0,3691.0,3696.0,3716.0,3719.0,3727.0,3732.0,3739.0,3744.0,3751.0,3753.0,3759.0,3761.0,3762.0,3765.0,3767
lEIqHfmnxpY,,,,,,,,,,,,,,,,,,,,,,,,,,,,,,,,,,,,,,,,,,,,,,,,,,,,,,,,,,,,,,,,,,,,,,,,,,,,,,,,,,,,,,,,,,,,,,,,,,,11.0,11.0,11.0,11.0,11.0,11.0,11.0,11.0,11.0,11.0,11.0,11.0,11.0,11.0,11.0,11.0,11.0,11.0,11.0,11.0,11.0,11.0,11.0,11.0,11.0,11.0,11.0,11
NlHD4ndO-z0,,,,,,,,,,,,,,,,,,,,,,,,,,,,,,,,,,,,,,,,,,,,,,,,,,,,,,,,,,,,,,,,,,,,,,,,,,,,,,,,,,,,,,,,,,,,,,,,,,,,14033.0,14240.0,14432.0,14538.0,14631.0,14703.0,14743.0,14771.0,14797.0,14830.0,14851.0,14869.0,14882.0,14894.0,14907.0,14921.0,14945.0,14965.0,14981.0,14983.0,14995.0,15000.0,15011.0,15002.0,15009.0,15015.0,15019
4U3cIzNWw_8,,,,,,,,,,,,,,,,,,,,,,,,,,,,,,,,,,,,,,,,,,,,,,,,,,,,,,,,,,,,,,,,,,,,,,,,,,,,,,,,,,,,,,,,,,,,,,,,,,,,118.0,132.0,132.0,132.0,133.0,133.0,135.0,136.0,137.0,137.0,137.0,138.0,138.0,138.0,138.0,138.0,138.0,138.0,139.0,139.0,139.0,140.0,140.0,141.0,143.0,143.0,144
H0cCZJI3t24,,,,,,,,,,,,,,,,,,,,,,,,,,,,,,,,,,,,,,,,,,,,,,,,,,,,,,,,,,,,,,,,,,,,,,,,,,,,,,,,,,,,,,,,,,,,,,,,,,,,939.0,939.0,939.0,939.0,938.0,938.0,938.0,938.0,938.0,938.0,938.0,938.0,938.0,938.0,938.0,938.0,938.0,938.0,938.0,938.0,938.0,938.0,938.0,938.0,938.0,938.0,938
rZJJudRK5Oc,,,,,,,,,,,,,,,,,,,,,,,,,,,,,,,,,,,,,,,,,,,,,,,,,,,,,,,,,,,,,,,,,,,,,,,,,,,,,,,,,,,,,,,,,,,,,,,,,,,,5.0,5.0,6.0,6.0,6.0,6.0,6.0,6.0,6.0,6.0,6.0,6.0,6.0,6.0,6.0,6.0,6.0,6.0,6.0,6.0,6.0,6.0,6.0,6.0,6.0,6.0,6
MVZRCjDc89Q,,,,,,,,,,,,,,,,,,,,,,,,,,,,,,,,,,,,,,,,,,,,,,,,,,,,,,,,,,,,,,,,,,,,,,,,,,,,,,,,,,,,,,,,,,,,,,,,,,,,3.0,4.0,4.0,4.0,4.0,4.0,4.0,4.0,4.0,4.0,4.0,4.0,4.0,4.0,4.0,4.0,4.0,4.0,4.0,4.0,4.0,4.0,4.0,4.0,4.0,4.0,4
afaBdMRxN-g,,,,,,,,,,,,,,,,,,,,,,,,,,,,,,,,,,,,,,,,,,,,,,,,,,,,,,,,,,,,,,,,,,,,,,,,,,,,,,,,,,,,,,,,,,,,,,,,,,,,96.0,140.0,156.0,163.0,170.0,176.0,183.0,184.0,185.0,187.0,187.0,190.0,190.0,190.0,191.0,192.0,192.0,192.0,192.0,192.0,192.0,192.0,192.0,192.0,191.0,191.0,192
qq5O33MMSGA,,,,,,,,,,,,,,,,,,,,,,,,,,,,,,,,,,,,,,,,,,,,,,,,,,,,,,,,,,,,,,,,,,,,,,,,,,,,,,,,,,,,,,,,,,,,,,,,,,,,18.0,23.0,23.0,24.0,26.0,26.0,26.0,26.0,27.0,27.0,27.0,27.0,27.0,27.0,27.0,27.0,27.0,27.0,27.0,27.0,27.0,27.0,27.0,27.0,27.0,27.0,27
bq3g98kB590,,,,,,,,,,,,,,,,,,,,,,,,,,,,,,,,,,,,,,,,,,,,,,,,,,,,,,,,,,,,,,,,,,,,,,,,,,,,,,,,,,,,,,,,,,,,,,,,,,,,4.0,4.0,4.0,4.0,4.0,4.0,6.0,7.0,7.0,7.0,7.0,7.0,7.0,7.0,7.0,7.0,7.0,8.0,8.0,8.0,8.0,8.0,8.0,8.0,8.0,8.0,8
kp4cHYlRF-A,,,,,,,,,,,,,,,,,,,,,,,,,,,,,,,,,,,,,,,,,,,,,,,,,,,,,,,,,,,,,,,,,,,,,,,,,,,,,,,,,,,,,,,,,,,,,,,,,,,,161.0,195.0,210.0,214.0,215.0,221.0,224.0,228.0,228.0,229.0,231.0,232.0,233.0,234.0,237.0,237.0,239.0,239.0,239.0,239.0,241.0,241.0,243.0,243.0,243.0,243.0,243
Jv0vAA6rs6o,,,,,,,,,,,,,,,,,,,,,,,,,,,,,,,,,,,,,,,,,,,,,,,,,,,,,,,,,,,,,,,,,,,,,,,,,,,,,,,,,,,,,,,,,,,,,,,,,,,,0.0,0.0,0.0,0.0,0.0,0.0,0.0,0.0,0.0,0.0,0.0,0.0,0.0,0.0,0.0,0.0,0.0,1.0,6.0,8.0,8.0,9.0,11.0,12.0,14.0,14.0,14
nt6wyPTEsNk,,,,,,,,,,,,,,,,,,,,,,,,,,,,,,,,,,,,,,,,,,,,,,,,,,,,,,,,,,,,,,,,,,,,,,,,,,,,,,,,,,,,,,,,,,,,,,,,,,,,,579.0,641.0,702.0,726.0,757.0,775.0,788.0,806.0,813.0,818.0,823.0,826.0,834.0,837.0,839.0,841.0,841.0,845.0,846.0,848.0,848.0,848.0,848.0,848.0,849.0,849
fTenzhSsYZU,,,,,,,,,,,,,,,,,,,,,,,,,,,,,,,,,,,,,,,,,,,,,,,,,,,,,,,,,,,,,,,,,,,,,,,,,,,,,,,,,,,,,,,,,,,,,,,,,,,,,0.0,0.0,0.0,0.0,0.0,0.0,0.0,0.0,0.0,0.0,0.0,0.0,0.0,0.0,0.0,0.0,0.0,0.0,0.0,0.0,0.0,0.0,0.0,0.0,0.0,0
gl75wh6xLSA,,,,,,,,,,,,,,,,,,,,,,,,,,,,,,,,,,,,,,,,,,,,,,,,,,,,,,,,,,,,,,,,,,,,,,,,,,,,,,,,,,,,,,,,,,,,,,,,,,,,,14080.0,18006.0,19434.0,20330.0,21042.0,21864.0,22336.0,22743.0,23001.0,23210.0,23373.0,23521.0,23689.0,23794.0,23916.0,23994.0,24098.0,24147.0,24205.0,24245.0,24316.0,24425.0,24477.0,24517.0,24555.0,24582
hrtYrPSI8Pw,,,,,,,,,,,,,,,,,,,,,,,,,,,,,,,,,,,,,,,,,,,,,,,,,,,,,,,,,,,,,,,,,,,,,,,,,,,,,,,,,,,,,,,,,,,,,,,,,,,,,3380.0,5605.0,6987.0,8064.0,8964.0,9546.0,10173.0,10564.0,10846.0,10925.0,11041.0,11694.0,12154.0,12456.0,12872.0,13081.0,13177.0,13272.0,13264.0,13297.0,13307.0,13328.0,13336.0,13344.0,13357.0,13382
QXa7bBG5oas,,,,,,,,,,,,,,,,,,,,,,,,,,,,,,,,,,,,,,,,,,,,,,,,,,,,,,,,,,,,,,,,,,,,,,,,,,,,,,,,,,,,,,,,,,,,,,,,,,,,,191.0,191.0,191.0,191.0,191.0,191.0,191.0,190.0,190.0,190.0,190.0,190.0,190.0,190.0,190.0,190.0,190.0,190.0,190.0,190.0,190.0,190.0,191.0,191.0,191.0,191
jE9Y905_lco,,,,,,,,,,,,,,,,,,,,,,,,,,,,,,,,,,,,,,,,,,,,,,,,,,,,,,,,,,,,,,,,,,,,,,,,,,,,,,,,,,,,,,,,,,,,,,,,,,,,,23.0,25.0,27.0,29.0,32.0,34.0,34.0,34.0,34.0,34.0,36.0,36.0,36.0,36.0,38.0,38.0,38.0,38.0,38.0,38.0,39.0,39.0,40.0,40.0,40.0,40
QVcHv6a9ScA,,,,,,,,,,,,,,,,,,,,,,,,,,,,,,,,,,,,,,,,,,,,,,,,,,,,,,,,,,,,,,,,,,,,,,,,,,,,,,,,,,,,,,,,,,,,,,,,,,,,,,280.0,305.0,329.0,343.0,356.0,369.0,374.0,379.0,383.0,387.0,388.0,387.0,389.0,392.0,395.0,398.0,398.0,398.0,398.0,398.0,399.0,400.0,401.0,401.0,402
fufwBSTrIV4,,,,,,,,,,,,,,,,,,,,,,,,,,,,,,,,,,,,,,,,,,,,,,,,,,,,,,,,,,,,,,,,,,,,,,,,,,,,,,,,,,,,,,,,,,,,,,,,,,,,,,18.0,18.0,18.0,18.0,18.0,18.0,18.0,18.0,18.0,18.0,18.0,18.0,18.0,18.0,18.0,18.0,18.0,18.0,18.0,18.0,18.0,18.0,18.0,18.0,18
Wrm0bu3KKsg,,,,,,,,,,,,,,,,,,,,,,,,,,,,,,,,,,,,,,,,,,,,,,,,,,,,,,,,,,,,,,,,,,,,,,,,,,,,,,,,,,,,,,,,,,,,,,,,,,,,,,,12.0,13.0,13.0,13.0,13.0,14.0,14.0,14.0,14.0,14.0,14.0,14.0,14.0,14.0,14.0,14.0,14.0,14.0,14.0,14.0,14.0,14.0,14.0,14
6E7z2Yzt6xU,,,,,,,,,,,,,,,,,,,,,,,,,,,,,,,,,,,,,,,,,,,,,,,,,,,,,,,,,,,,,,,,,,,,,,,,,,,,,,,,,,,,,,,,,,,,,,,,,,,,,,,109.0,112.0,113.0,113.0,113.0,113.0,113.0,113.0,113.0,113.0,113.0,113.0,113.0,113.0,113.0,113.0,113.0,113.0,113.0,113.0,113.0,113.0,113.0,113
oSAKMvWmAmc,,,,,,,,,,,,,,,,,,,,,,,,,,,,,,,,,,,,,,,,,,,,,,,,,,,,,,,,,,,,,,,,,,,,,,,,,,,,,,,,,,,,,,,,,,,,,,,,,,,,,,,40.0,43.0,44.0,46.0,47.0,47.0,48.0,48.0,49.0,51.0,51.0,51.0,53.0,53.0,53.0,53.0,54.0,54.0,54.0,54.0,54.0,54.0,54.0,55
wOPdayS5ZnI,,,,,,,,,,,,,,,,,,,,,,,,,,,,,,,,,,,,,,,,,,,,,,,,,,,,,,,,,,,,,,,,,,,,,,,,,,,,,,,,,,,,,,,,,,,,,,,,,,,,,,,0.0,0.0,0.0,0.0,0.0,0.0,0.0,0.0,0.0,0.0,0.0,0.0,0.0,0.0,0.0,0.0,0.0,0.0,0.0,0.0,0.0,0.0,0.0,0
MSMEo0IpucU,,,,,,,,,,,,,,,,,,,,,,,,,,,,,,,,,,,,,,,,,,,,,,,,,,,,,,,,,,,,,,,,,,,,,,,,,,,,,,,,,,,,,,,,,,,,,,,,,,,,,,,492.0,494.0,496.0,496.0,497.0,498.0,499.0,503.0,509.0,511.0,512.0,515.0,516.0,517.0,518.0,519.0,522.0,523.0,524.0,525.0,526.0,526.0,528.0,530
Cprap8t3y-k,,,,,,,,,,,,,,,,,,,,,,,,,,,,,,,,,,,,,,,,,,,,,,,,,,,,,,,,,,,,,,,,,,,,,,,,,,,,,,,,,,,,,,,,,,,,,,,,,,,,,,,79.0,79.0,79.0,79.0,79.0,79.0,79.0,79.0,79.0,79.0,79.0,79.0,79.0,79.0,79.0,79.0,79.0,79.0,79.0,79.0,79.0,79.0,79.0,79
RvZEOq5MGzY,,,,,,,,,,,,,,,,,,,,,,,,,,,,,,,,,,,,,,,,,,,,,,,,,,,,,,,,,,,,,,,,,,,,,,,,,,,,,,,,,,,,,,,,,,,,,,,,,,,,,,,311.0,335.0,346.0,345.0,346.0,349.0,349.0,350.0,353.0,354.0,355.0,355.0,355.0,355.0,355.0,355.0,355.0,356.0,356.0,357.0,358.0,359.0,359.0,359
3AwhWIypKxg,,,,,,,,,,,,,,,,,,,,,,,,,,,,,,,,,,,,,,,,,,,,,,,,,,,,,,,,,,,,,,,,,,,,,,,,,,,,,,,,,,,,,,,,,,,,,,,,,,,,,,,,2528.0,3432.0,3711.0,3887.0,3969.0,4035.0,4104.0,4173.0,4215.0,4251.0,4269.0,4300.0,4325.0,4354.0,4390.0,4405.0,4425.0,4441.0,4446.0,4452.0,4466.0,4478.0,4488
UkPicHjyaG8,,,,,,,,,,,,,,,,,,,,,,,,,,,,,,,,,,,,,,,,,,,,,,,,,,,,,,,,,,,,,,,,,,,,,,,,,,,,,,,,,,,,,,,,,,,,,,,,,,,,,,,,786.0,786.0,786.0,788.0,790.0,791.0,792.0,792.0,793.0,794.0,794.0,795.0,795.0,795.0,794.0,800.0,801.0,803.0,804.0,805.0,809.0,809.0,809
hScWlrcfyqs,,,,,,,,,,,,,,,,,,,,,,,,,,,,,,,,,,,,,,,,,,,,,,,,,,,,,,,,,,,,,,,,,,,,,,,,,,,,,,,,,,,,,,,,,,,,,,,,,,,,,,,,0.0,0.0,0.0,0.0,0.0,0.0,0.0,0.0,0.0,0.0,0.0,0.0,0.0,0.0,0.0,0.0,0.0,0.0,0.0,0.0,0.0,0.0,0
FmA3DHG2Amo,,,,,,,,,,,,,,,,,,,,,,,,,,,,,,,,,,,,,,,,,,,,,,,,,,,,,,,,,,,,,,,,,,,,,,,,,,,,,,,,,,,,,,,,,,,,,,,,,,,,,,,,8.0,8.0,8.0,8.0,8.0,8.0,8.0,8.0,8.0,8.0,8.0,8.0,8.0,8.0,8.0,8.0,8.0,8.0,8.0,8.0,8.0,8.0,8
pIX6IY0vaPs,,,,,,,,,,,,,,,,,,,,,,,,,,,,,,,,,,,,,,,,,,,,,,,,,,,,,,,,,,,,,,,,,,,,,,,,,,,,,,,,,,,,,,,,,,,,,,,,,,,,,,,,15.0,15.0,15.0,15.0,15.0,15.0,15.0,15.0,15.0,15.0,15.0,15.0,15.0,15.0,15.0,15.0,15.0,15.0,15.0,15.0,15.0,15.0,15
T21i2n90SKM,,,,,,,,,,,,,,,,,,,,,,,,,,,,,,,,,,,,,,,,,,,,,,,,,,,,,,,,,,,,,,,,,,,,,,,,,,,,,,,,,,,,,,,,,,,,,,,,,,,,,,,,5.0,5.0,5.0,5.0,5.0,5.0,5.0,5.0,5.0,5.0,5.0,5.0,5.0,5.0,6.0,6.0,6.0,6.0,6.0,6.0,6.0,6.0,6
y1oAjQYF7uc,,,,,,,,,,,,,,,,,,,,,,,,,,,,,,,,,,,,,,,,,,,,,,,,,,,,,,,,,,,,,,,,,,,,,,,,,,,,,,,,,,,,,,,,,,,,,,,,,,,,,,,,,48.0,53.0,55.0,62.0,66.0,75.0,78.0,79.0,80.0,81.0,82.0,83.0,88.0,89.0,91.0,97.0,97.0,97.0,97.0,99.0,99.0,100
1XLx79W8FzA,,,,,,,,,,,,,,,,,,,,,,,,,,,,,,,,,,,,,,,,,,,,,,,,,,,,,,,,,,,,,,,,,,,,,,,,,,,,,,,,,,,,,,,,,,,,,,,,,,,,,,,,,182.0,252.0,277.0,296.0,307.0,316.0,322.0,331.0,335.0,341.0,341.0,343.0,348.0,352.0,354.0,360.0,362.0,363.0,363.0,364.0,366.0,367
1FZaHbaW4QY,,,,,,,,,,,,,,,,,,,,,,,,,,,,,,,,,,,,,,,,,,,,,,,,,,,,,,,,,,,,,,,,,,,,,,,,,,,,,,,,,,,,,,,,,,,,,,,,,,,,,,,,,228.0,228.0,228.0,228.0,228.0,228.0,228.0,228.0,228.0,228.0,228.0,228.0,228.0,228.0,228.0,228.0,228.0,228.0,228.0,227.0,227.0,227
GlW6LUMtSa8,,,,,,,,,,,,,,,,,,,,,,,,,,,,,,,,,,,,,,,,,,,,,,,,,,,,,,,,,,,,,,,,,,,,,,,,,,,,,,,,,,,,,,,,,,,,,,,,,,,,,,,,,49.0,49.0,49.0,49.0,49.0,49.0,49.0,49.0,49.0,49.0,49.0,49.0,49.0,49.0,49.0,49.0,49.0,49.0,49.0,49.0,49.0,49
loXQ8SQ7TvE,,,,,,,,,,,,,,,,,,,,,,,,,,,,,,,,,,,,,,,,,,,,,,,,,,,,,,,,,,,,,,,,,,,,,,,,,,,,,,,,,,,,,,,,,,,,,,,,,,,,,,,,,17.0,17.0,17.0,17.0,17.0,17.0,17.0,17.0,17.0,17.0,17.0,17.0,17.0,17.0,17.0,17.0,17.0,17.0,17.0,17.0,17.0,17
pUOA5L4R-es,,,,,,,,,,,,,,,,,,,,,,,,,,,,,,,,,,,,,,,,,,,,,,,,,,,,,,,,,,,,,,,,,,,,,,,,,,,,,,,,,,,,,,,,,,,,,,,,,,,,,,,,,114.0,114.0,114.0,114.0,114.0,114.0,114.0,114.0,114.0,114.0,114.0,114.0,114.0,114.0,114.0,114.0,114.0,114.0,114.0,114.0,114.0,114
hn4poPzqdeo,,,,,,,,,,,,,,,,,,,,,,,,,,,,,,,,,,,,,,,,,,,,,,,,,,,,,,,,,,,,,,,,,,,,,,,,,,,,,,,,,,,,,,,,,,,,,,,,,,,,,,,,,1550.0,1561.0,1566.0,1569.0,1570.0,1573.0,1575.0,1579.0,1580.0,1582.0,1584.0,1586.0,1586.0,1589.0,1593.0,1593.0,1594.0,1596.0,1599.0,1603.0,1607.0,1609
0t7xYnFPl8w,,,,,,,,,,,,,,,,,,,,,,,,,,,,,,,,,,,,,,,,,,,,,,,,,,,,,,,,,,,,,,,,,,,,,,,,,,,,,,,,,,,,,,,,,,,,,,,,,,,,,,,,,11.0,11.0,12.0,12.0,12.0,12.0,12.0,12.0,12.0,12.0,12.0,12.0,12.0,12.0,12.0,12.0,12.0,12.0,12.0,12.0,12.0,12
m25wQkLg1jc,,,,,,,,,,,,,,,,,,,,,,,,,,,,,,,,,,,,,,,,,,,,,,,,,,,,,,,,,,,,,,,,,,,,,,,,,,,,,,,,,,,,,,,,,,,,,,,,,,,,,,,,,,1140.0,1299.0,1360.0,1413.0,1490.0,1564.0,1602.0,1630.0,1652.0,1664.0,1688.0,1714.0,1755.0,1793.0,1827.0,1850.0,1894.0,1917.0,1984.0,2200.0,2202
BtpQhU16nBM,,,,,,,,,,,,,,,,,,,,,,,,,,,,,,,,,,,,,,,,,,,,,,,,,,,,,,,,,,,,,,,,,,,,,,,,,,,,,,,,,,,,,,,,,,,,,,,,,,,,,,,,,,609.0,742.0,744.0,746.0,745.0,746.0,748.0,749.0,747.0,747.0,746.0,746.0,747.0,748.0,749.0,749.0,749.0,749.0,749.0,750.0,750
5t_JPo891kI,,,,,,,,,,,,,,,,,,,,,,,,,,,,,,,,,,,,,,,,,,,,,,,,,,,,,,,,,,,,,,,,,,,,,,,,,,,,,,,,,,,,,,,,,,,,,,,,,,,,,,,,,,338.0,497.0,531.0,544.0,551.0,565.0,576.0,580.0,587.0,591.0,595.0,597.0,598.0,599.0,598.0,599.0,599.0,600.0,602.0,602.0,603
3VHfSrY3fH0,,,,,,,,,,,,,,,,,,,,,,,,,,,,,,,,,,,,,,,,,,,,,,,,,,,,,,,,,,,,,,,,,,,,,,,,,,,,,,,,,,,,,,,,,,,,,,,,,,,,,,,,,,95.0,95.0,95.0,95.0,96.0,96.0,96.0,96.0,96.0,100.0,100.0,100.0,100.0,100.0,100.0,100.0,100.0,100.0,100.0,100.0,100
kybv1OURTbg,,,,,,,,,,,,,,,,,,,,,,,,,,,,,,,,,,,,,,,,,,,,,,,,,,,,,,,,,,,,,,,,,,,,,,,,,,,,,,,,,,,,,,,,,,,,,,,,,,,,,,,,,,,5.0,10.0,10.0,13.0,15.0,15.0,16.0,16.0,17.0,17.0,17.0,17.0,17.0,17.0,17.0,17.0,17.0,17.0,17.0,17
E_9LKqSknTY,,,,,,,,,,,,,,,,,,,,,,,,,,,,,,,,,,,,,,,,,,,,,,,,,,,,,,,,,,,,,,,,,,,,,,,,,,,,,,,,,,,,,,,,,,,,,,,,,,,,,,,,,,,18.0,22.0,26.0,27.0,27.0,27.0,27.0,28.0,28.0,28.0,31.0,34.0,34.0,34.0,33.0,33.0,33.0,33.0,34.0,34
2eTzXx7Hmlg,,,,,,,,,,,,,,,,,,,,,,,,,,,,,,,,,,,,,,,,,,,,,,,,,,,,,,,,,,,,,,,,,,,,,,,,,,,,,,,,,,,,,,,,,,,,,,,,,,,,,,,,,,,6.0,7.0,7.0,7.0,7.0,7.0,7.0,7.0,7.0,7.0,7.0,7.0,7.0,7.0,7.0,7.0,7.0,7.0,7.0,7
rs8Si5ki5Xg,,,,,,,,,,,,,,,,,,,,,,,,,,,,,,,,,,,,,,,,,,,,,,,,,,,,,,,,,,,,,,,,,,,,,,,,,,,,,,,,,,,,,,,,,,,,,,,,,,,,,,,,,,,0.0,0.0,0.0,0.0,0.0,0.0,0.0,0.0,0.0,0.0,0.0,0.0,0.0,0.0,0.0,0.0,0.0,0.0,0.0,0
hWs2GXsAEZs,,,,,,,,,,,,,,,,,,,,,,,,,,,,,,,,,,,,,,,,,,,,,,,,,,,,,,,,,,,,,,,,,,,,,,,,,,,,,,,,,,,,,,,,,,,,,,,,,,,,,,,,,,,60.0,60.0,60.0,60.0,60.0,60.0,60.0,60.0,60.0,60.0,60.0,60.0,60.0,60.0,60.0,60.0,60.0,60.0,60.0,60
s3qcFELA3Iw,,,,,,,,,,,,,,,,,,,,,,,,,,,,,,,,,,,,,,,,,,,,,,,,,,,,,,,,,,,,,,,,,,,,,,,,,,,,,,,,,,,,,,,,,,,,,,,,,,,,,,,,,,,28.0,28.0,28.0,28.0,28.0,28.0,28.0,28.0,28.0,28.0,28.0,28.0,28.0,28.0,28.0,28.0,28.0,28.0,28.0,28
VKgJPF4IqIo,,,,,,,,,,,,,,,,,,,,,,,,,,,,,,,,,,,,,,,,,,,,,,,,,,,,,,,,,,,,,,,,,,,,,,,,,,,,,,,,,,,,,,,,,,,,,,,,,,,,,,,,,,,38.0,38.0,38.0,38.0,38.0,38.0,38.0,38.0,38.0,38.0,38.0,38.0,38.0,38.0,38.0,38.0,38.0,38.0,38.0,38
QW3hTT1PKT0,,,,,,,,,,,,,,,,,,,,,,,,,,,,,,,,,,,,,,,,,,,,,,,,,,,,,,,,,,,,,,,,,,,,,,,,,,,,,,,,,,,,,,,,,,,,,,,,,,,,,,,,,,,20.0,20.0,20.0,20.0,20.0,20.0,20.0,20.0,20.0,20.0,20.0,20.0,20.0,20.0,20.0,20.0,20.0,20.0,20.0,20
FEEWIvLFLyE,,,,,,,,,,,,,,,,,,,,,,,,,,,,,,,,,,,,,,,,,,,,,,,,,,,,,,,,,,,,,,,,,,,,,,,,,,,,,,,,,,,,,,,,,,,,,,,,,,,,,,,,,,,12.0,12.0,12.0,12.0,12.0,12.0,13.0,13.0,13.0,13.0,13.0,13.0,13.0,13.0,13.0,13.0,13.0,13.0,13.0,13
IDwEHlRVy74,,,,,,,,,,,,,,,,,,,,,,,,,,,,,,,,,,,,,,,,,,,,,,,,,,,,,,,,,,,,,,,,,,,,,,,,,,,,,,,,,,,,,,,,,,,,,,,,,,,,,,,,,,,85.0,90.0,91.0,92.0,92.0,92.0,92.0,92.0,92.0,92.0,92.0,93.0,93.0,93.0,93.0,93.0,93.0,93.0,93.0,93
nYowmBWnX8E,,,,,,,,,,,,,,,,,,,,,,,,,,,,,,,,,,,,,,,,,,,,,,,,,,,,,,,,,,,,,,,,,,,,,,,,,,,,,,,,,,,,,,,,,,,,,,,,,,,,,,,,,,,119.0,126.0,126.0,127.0,127.0,129.0,129.0,129.0,129.0,129.0,132.0,137.0,138.0,138.0,138.0,138.0,138.0,138.0,138.0,138
UP13yuSqyiQ,,,,,,,,,,,,,,,,,,,,,,,,,,,,,,,,,,,,,,,,,,,,,,,,,,,,,,,,,,,,,,,,,,,,,,,,,,,,,,,,,,,,,,,,,,,,,,,,,,,,,,,,,,,28.0,28.0,28.0,28.0,28.0,28.0,29.0,29.0,29.0,29.0,29.0,29.0,29.0,29.0,29.0,29.0,29.0,29.0,29.0,29
Pofp0eiJ0Zg,,,,,,,,,,,,,,,,,,,,,,,,,,,,,,,,,,,,,,,,,,,,,,,,,,,,,,,,,,,,,,,,,,,,,,,,,,,,,,,,,,,,,,,,,,,,,,,,,,,,,,,,,,,,633.0,730.0,783.0,813.0,839.0,859.0,863.0,866.0,873.0,883.0,886.0,886.0,886.0,886.0,886.0,886.0,886.0,886.0,886
REBAdQTg46s,,,,,,,,,,,,,,,,,,,,,,,,,,,,,,,,,,,,,,,,,,,,,,,,,,,,,,,,,,,,,,,,,,,,,,,,,,,,,,,,,,,,,,,,,,,,,,,,,,,,,,,,,,,,69.0,69.0,69.0,69.0,69.0,69.0,69.0,69.0,69.0,69.0,69.0,69.0,69.0,69.0,69.0,69.0,69.0,69.0,69
hpdHp6Io5YY,,,,,,,,,,,,,,,,,,,,,,,,,,,,,,,,,,,,,,,,,,,,,,,,,,,,,,,,,,,,,,,,,,,,,,,,,,,,,,,,,,,,,,,,,,,,,,,,,,,,,,,,,,,,1827.0,1963.0,1999.0,2016.0,2023.0,2033.0,2044.0,2052.0,2056.0,2062.0,2069.0,2073.0,2078.0,2078.0,2080.0,2082.0,2087.0,2087.0,2090
_kKSWd_osCk,,,,,,,,,,,,,,,,,,,,,,,,,,,,,,,,,,,,,,,,,,,,,,,,,,,,,,,,,,,,,,,,,,,,,,,,,,,,,,,,,,,,,,,,,,,,,,,,,,,,,,,,,,,,,426.0,480.0,485.0,486.0,485.0,485.0,485.0,485.0,485.0,485.0,485.0,485.0,485.0,485.0,485.0,485.0,485.0,485
9KgYvhCGqRo,,,,,,,,,,,,,,,,,,,,,,,,,,,,,,,,,,,,,,,,,,,,,,,,,,,,,,,,,,,,,,,,,,,,,,,,,,,,,,,,,,,,,,,,,,,,,,,,,,,,,,,,,,,,,186.0,186.0,186.0,186.0,186.0,187.0,188.0,188.0,188.0,189.0,189.0,189.0,189.0,191.0,191.0,191.0,191.0,191
p7a7y6JqdAA,,,,,,,,,,,,,,,,,,,,,,,,,,,,,,,,,,,,,,,,,,,,,,,,,,,,,,,,,,,,,,,,,,,,,,,,,,,,,,,,,,,,,,,,,,,,,,,,,,,,,,,,,,,,,11.0,17.0,17.0,17.0,18.0,18.0,18.0,19.0,24.0,25.0,26.0,26.0,26.0,26.0,27.0,27.0,27.0,27
lyl28D6vfOE,,,,,,,,,,,,,,,,,,,,,,,,,,,,,,,,,,,,,,,,,,,,,,,,,,,,,,,,,,,,,,,,,,,,,,,,,,,,,,,,,,,,,,,,,,,,,,,,,,,,,,,,,,,,,0.0,0.0,0.0,0.0,0.0,0.0,0.0,0.0,0.0,0.0,0.0,0.0,0.0,0.0,0.0,0.0,0.0,0
-Jdxpcp0DgI,,,,,,,,,,,,,,,,,,,,,,,,,,,,,,,,,,,,,,,,,,,,,,,,,,,,,,,,,,,,,,,,,,,,,,,,,,,,,,,,,,,,,,,,,,,,,,,,,,,,,,,,,,,,,1439.0,1441.0,1442.0,1443.0,1444.0,1444.0,1444.0,1444.0,1445.0,1446.0,1448.0,1451.0,1458.0,1459.0,1458.0,1458.0,1458.0,1458
JJtDdzdQEqE,,,,,,,,,,,,,,,,,,,,,,,,,,,,,,,,,,,,,,,,,,,,,,,,,,,,,,,,,,,,,,,,,,,,,,,,,,,,,,,,,,,,,,,,,,,,,,,,,,,,,,,,,,,,,897.0,897.0,903.0,910.0,934.0,939.0,942.0,948.0,950.0,954.0,956.0,958.0,960.0,961.0,964.0,965.0,965.0,966
2iSRGPDmt_w,,,,,,,,,,,,,,,,,,,,,,,,,,,,,,,,,,,,,,,,,,,,,,,,,,,,,,,,,,,,,,,,,,,,,,,,,,,,,,,,,,,,,,,,,,,,,,,,,,,,,,,,,,,,,,14.0,25.0,26.0,27.0,28.0,30.0,31.0,31.0,31.0,32.0,36.0,39.0,39.0,39.0,40.0,40.0,40
Gx2A8kJZw7c,,,,,,,,,,,,,,,,,,,,,,,,,,,,,,,,,,,,,,,,,,,,,,,,,,,,,,,,,,,,,,,,,,,,,,,,,,,,,,,,,,,,,,,,,,,,,,,,,,,,,,,,,,,,,,26.0,26.0,26.0,26.0,26.0,26.0,26.0,26.0,26.0,26.0,26.0,26.0,26.0,26.0,26.0,26.0,26
pkGHz7HwNX4,,,,,,,,,,,,,,,,,,,,,,,,,,,,,,,,,,,,,,,,,,,,,,,,,,,,,,,,,,,,,,,,,,,,,,,,,,,,,,,,,,,,,,,,,,,,,,,,,,,,,,,,,,,,,,229.0,250.0,253.0,253.0,253.0,253.0,253.0,254.0,254.0,254.0,255.0,255.0,255.0,255.0,255.0,255.0,255
hUXrNIlUOR4,,,,,,,,,,,,,,,,,,,,,,,,,,,,,,,,,,,,,,,,,,,,,,,,,,,,,,,,,,,,,,,,,,,,,,,,,,,,,,,,,,,,,,,,,,,,,,,,,,,,,,,,,,,,,,0.0,0.0,0.0,0.0,0.0,0.0,0.0,0.0,0.0,0.0,0.0,0.0,0.0,0.0,0.0,0.0,0
WAhrhj5MSU0,,,,,,,,,,,,,,,,,,,,,,,,,,,,,,,,,,,,,,,,,,,,,,,,,,,,,,,,,,,,,,,,,,,,,,,,,,,,,,,,,,,,,,,,,,,,,,,,,,,,,,,,,,,,,,24.0,25.0,25.0,27.0,27.0,29.0,29.0,29.0,29.0,30.0,30.0,30.0,30.0,31.0,31.0,31.0,31
tgM9SUw2F4E,,,,,,,,,,,,,,,,,,,,,,,,,,,,,,,,,,,,,,,,,,,,,,,,,,,,,,,,,,,,,,,,,,,,,,,,,,,,,,,,,,,,,,,,,,,,,,,,,,,,,,,,,,,,,,48.0,50.0,52.0,55.0,57.0,59.0,61.0,62.0,63.0,65.0,65.0,67.0,67.0,67.0,67.0,67.0,67
1O4K1HQ_NWk,,,,,,,,,,,,,,,,,,,,,,,,,,,,,,,,,,,,,,,,,,,,,,,,,,,,,,,,,,,,,,,,,,,,,,,,,,,,,,,,,,,,,,,,,,,,,,,,,,,,,,,,,,,,,,1.0,0.0,0.0,0.0,0.0,0.0,0.0,0.0,0.0,0.0,0.0,0.0,0.0,0.0,0.0,0.0,0
SNFRNVXYWoo,,,,,,,,,,,,,,,,,,,,,,,,,,,,,,,,,,,,,,,,,,,,,,,,,,,,,,,,,,,,,,,,,,,,,,,,,,,,,,,,,,,,,,,,,,,,,,,,,,,,,,,,,,,,,,8.0,8.0,8.0,8.0,8.0,8.0,8.0,8.0,8.0,8.0,8.0,8.0,8.0,8.0,8.0,8.0,8
oCwuUBCjUVM,,,,,,,,,,,,,,,,,,,,,,,,,,,,,,,,,,,,,,,,,,,,,,,,,,,,,,,,,,,,,,,,,,,,,,,,,,,,,,,,,,,,,,,,,,,,,,,,,,,,,,,,,,,,,,100.0,102.0,108.0,110.0,112.0,113.0,114.0,114.0,115.0,115.0,115.0,116.0,117.0,118.0,119.0,119.0,119
57Ea6WnT-W4,,,,,,,,,,,,,,,,,,,,,,,,,,,,,,,,,,,,,,,,,,,,,,,,,,,,,,,,,,,,,,,,,,,,,,,,,,,,,,,,,,,,,,,,,,,,,,,,,,,,,,,,,,,,,,0.0,0.0,0.0,1.0,1.0,1.0,1.0,1.0,1.0,1.0,2.0,2.0,2.0,2.0,2.0,2.0,2
tF-2IEtLlJ8,,,,,,,,,,,,,,,,,,,,,,,,,,,,,,,,,,,,,,,,,,,,,,,,,,,,,,,,,,,,,,,,,,,,,,,,,,,,,,,,,,,,,,,,,,,,,,,,,,,,,,,,,,,,,,101.0,101.0,101.0,101.0,101.0,101.0,101.0,101.0,101.0,101.0,101.0,101.0,101.0,101.0,102.0,102.0,102
WAhrhj5MSU0,,,,,,,,,,,,,,,,,,,,,,,,,,,,,,,,,,,,,,,,,,,,,,,,,,,,,,,,,,,,,,,,,,,,,,,,,,,,,,,,,,,,,,,,,,,,,,,,,,,,,,,,,,,,,,24.0,25.0,25.0,27.0,27.0,29.0,29.0,29.0,29.0,30.0,30.0,30.0,30.0,31.0,31.0,31.0,31
iuJc-lHPhjs,,,,,,,,,,,,,,,,,,,,,,,,,,,,,,,,,,,,,,,,,,,,,,,,,,,,,,,,,,,,,,,,,,,,,,,,,,,,,,,,,,,,,,,,,,,,,,,,,,,,,,,,,,,,,,18.0,18.0,19.0,20.0,22.0,25.0,25.0,25.0,25.0,25.0,26.0,28.0,28.0,29.0,29.0,29.0,29
F2Xq3Kt3WHA,,,,,,,,,,,,,,,,,,,,,,,,,,,,,,,,,,,,,,,,,,,,,,,,,,,,,,,,,,,,,,,,,,,,,,,,,,,,,,,,,,,,,,,,,,,,,,,,,,,,,,,,,,,,,,89.0,89.0,89.0,89.0,89.0,89.0,89.0,89.0,89.0,89.0,89.0,89.0,89.0,89.0,89.0,89.0,89
4eAF2boGKaA,,,,,,,,,,,,,,,,,,,,,,,,,,,,,,,,,,,,,,,,,,,,,,,,,,,,,,,,,,,,,,,,,,,,,,,,,,,,,,,,,,,,,,,,,,,,,,,,,,,,,,,,,,,,,,3034.0,4033.0,4355.0,4513.0,4675.0,4782.0,4853.0,4894.0,4933.0,4964.0,4987.0,5007.0,5021.0,5034.0,5051.0,5073.0,5075
MYU5mJSanFQ,,,,,,,,,,,,,,,,,,,,,,,,,,,,,,,,,,,,,,,,,,,,,,,,,,,,,,,,,,,,,,,,,,,,,,,,,,,,,,,,,,,,,,,,,,,,,,,,,,,,,,,,,,,,,,,34.0,42.0,44.0,45.0,46.0,46.0,46.0,46.0,46.0,46.0,46.0,46.0,46.0,46.0,46.0,46
wvivbddmT2w,,,,,,,,,,,,,,,,,,,,,,,,,,,,,,,,,,,,,,,,,,,,,,,,,,,,,,,,,,,,,,,,,,,,,,,,,,,,,,,,,,,,,,,,,,,,,,,,,,,,,,,,,,,,,,,,15.0,15.0,15.0,15.0,15.0,15.0,16.0,17.0,17.0,17.0,17.0,17.0,17.0,18.0,18
qxca8gyhWyg,,,,,,,,,,,,,,,,,,,,,,,,,,,,,,,,,,,,,,,,,,,,,,,,,,,,,,,,,,,,,,,,,,,,,,,,,,,,,,,,,,,,,,,,,,,,,,,,,,,,,,,,,,,,,,,,55.0,56.0,56.0,56.0,56.0,57.0,57.0,57.0,57.0,57.0,57.0,57.0,57.0,57.0,57
vGI5iO6ZNUU,,,,,,,,,,,,,,,,,,,,,,,,,,,,,,,,,,,,,,,,,,,,,,,,,,,,,,,,,,,,,,,,,,,,,,,,,,,,,,,,,,,,,,,,,,,,,,,,,,,,,,,,,,,,,,,,18.0,18.0,18.0,19.0,19.0,19.0,19.0,19.0,19.0,19.0,19.0,19.0,19.0,19.0,19
bEP3ssN-4Co,,,,,,,,,,,,,,,,,,,,,,,,,,,,,,,,,,,,,,,,,,,,,,,,,,,,,,,,,,,,,,,,,,,,,,,,,,,,,,,,,,,,,,,,,,,,,,,,,,,,,,,,,,,,,,,,2279.0,2279.0,2279.0,2280.0,2280.0,2280.0,2278.0,2278.0,2278.0,2278.0,2278.0,2278.0,2278.0,2278.0,2278
jzqoqZQL2l0,,,,,,,,,,,,,,,,,,,,,,,,,,,,,,,,,,,,,,,,,,,,,,,,,,,,,,,,,,,,,,,,,,,,,,,,,,,,,,,,,,,,,,,,,,,,,,,,,,,,,,,,,,,,,,,,161.0,161.0,161.0,163.0,164.0,164.0,164.0,165.0,165.0,166.0,166.0,167.0,166.0,166.0,166
SeAHIoHD1Y4,,,,,,,,,,,,,,,,,,,,,,,,,,,,,,,,,,,,,,,,,,,,,,,,,,,,,,,,,,,,,,,,,,,,,,,,,,,,,,,,,,,,,,,,,,,,,,,,,,,,,,,,,,,,,,,,2.0,2.0,2.0,2.0,2.0,2.0,2.0,2.0,2.0,2.0,3.0,3.0,3.0,3.0,3
LkRCmrsTvGI,,,,,,,,,,,,,,,,,,,,,,,,,,,,,,,,,,,,,,,,,,,,,,,,,,,,,,,,,,,,,,,,,,,,,,,,,,,,,,,,,,,,,,,,,,,,,,,,,,,,,,,,,,,,,,,,,67.0,69.0,70.0,70.0,71.0,71.0,71.0,71.0,71.0,71.0,71.0,71.0,71.0,71
ufwB9Uja_wM,,,,,,,,,,,,,,,,,,,,,,,,,,,,,,,,,,,,,,,,,,,,,,,,,,,,,,,,,,,,,,,,,,,,,,,,,,,,,,,,,,,,,,,,,,,,,,,,,,,,,,,,,,,,,,,,,19788.0,22215.0,23769.0,24915.0,26116.0,27132.0,28122.0,28627.0,28557.0,28764.0,29434.0,29797.0,30074.0,30145
ufwB9Uja_wM,,,,,,,,,,,,,,,,,,,,,,,,,,,,,,,,,,,,,,,,,,,,,,,,,,,,,,,,,,,,,,,,,,,,,,,,,,,,,,,,,,,,,,,,,,,,,,,,,,,,,,,,,,,,,,,,,19788.0,22215.0,23769.0,24915.0,26116.0,27132.0,28122.0,28627.0,28557.0,28764.0,29434.0,29797.0,30074.0,30145
WlP_NvZMuWY,,,,,,,,,,,,,,,,,,,,,,,,,,,,,,,,,,,,,,,,,,,,,,,,,,,,,,,,,,,,,,,,,,,,,,,,,,,,,,,,,,,,,,,,,,,,,,,,,,,,,,,,,,,,,,,,,0.0,0.0,0.0,0.0,0.0,0.0,0.0,1.0,2.0,2.0,2.0,2.0,2.0,2
1euoHUZdaOk,,,,,,,,,,,,,,,,,,,,,,,,,,,,,,,,,,,,,,,,,,,,,,,,,,,,,,,,,,,,,,,,,,,,,,,,,,,,,,,,,,,,,,,,,,,,,,,,,,,,,,,,,,,,,,,,,292.0,498.0,594.0,630.0,649.0,661.0,673.0,677.0,684.0,686.0,687.0,688.0,689.0,692
q30wKYz6GZE,,,,,,,,,,,,,,,,,,,,,,,,,,,,,,,,,,,,,,,,,,,,,,,,,,,,,,,,,,,,,,,,,,,,,,,,,,,,,,,,,,,,,,,,,,,,,,,,,,,,,,,,,,,,,,,,,4.0,6.0,6.0,7.0,7.0,7.0,7.0,8.0,8.0,8.0,8.0,8.0,8.0,8
OGl3eh2NB4k,,,,,,,,,,,,,,,,,,,,,,,,,,,,,,,,,,,,,,,,,,,,,,,,,,,,,,,,,,,,,,,,,,,,,,,,,,,,,,,,,,,,,,,,,,,,,,,,,,,,,,,,,,,,,,,,,,1532.0,1700.0,1799.0,1895.0,1970.0,2012.0,2040.0,2071.0,2092.0,2108.0,2127.0,2137.0,2149
QcuV8h_I1y0,,,,,,,,,,,,,,,,,,,,,,,,,,,,,,,,,,,,,,,,,,,,,,,,,,,,,,,,,,,,,,,,,,,,,,,,,,,,,,,,,,,,,,,,,,,,,,,,,,,,,,,,,,,,,,,,,,7091.0,11557.0,13824.0,15423.0,16199.0,16844.0,17345.0,17714.0,18055.0,18357.0,18610.0,18763.0,18897
P45vBti7eJo,,,,,,,,,,,,,,,,,,,,,,,,,,,,,,,,,,,,,,,,,,,,,,,,,,,,,,,,,,,,,,,,,,,,,,,,,,,,,,,,,,,,,,,,,,,,,,,,,,,,,,,,,,,,,,,,,,77.0,86.0,87.0,89.0,92.0,94.0,94.0,94.0,94.0,94.0,94.0,94.0,94
Xfvr7d1zgxM,,,,,,,,,,,,,,,,,,,,,,,,,,,,,,,,,,,,,,,,,,,,,,,,,,,,,,,,,,,,,,,,,,,,,,,,,,,,,,,,,,,,,,,,,,,,,,,,,,,,,,,,,,,,,,,,,,201.0,255.0,283.0,298.0,305.0,316.0,321.0,325.0,330.0,333.0,336.0,337.0,340
yaDUqd9bGb4,,,,,,,,,,,,,,,,,,,,,,,,,,,,,,,,,,,,,,,,,,,,,,,,,,,,,,,,,,,,,,,,,,,,,,,,,,,,,,,,,,,,,,,,,,,,,,,,,,,,,,,,,,,,,,,,,,0.0,0.0,0.0,0.0,0.0,0.0,0.0,0.0,0.0,0.0,0.0,0.0,0
r5xUiClKBCw,,,,,,,,,,,,,,,,,,,,,,,,,,,,,,,,,,,,,,,,,,,,,,,,,,,,,,,,,,,,,,,,,,,,,,,,,,,,,,,,,,,,,,,,,,,,,,,,,,,,,,,,,,,,,,,,,,514.0,548.0,558.0,564.0,575.0,582.0,607.0,592.0,596.0,595.0,598.0,599.0,605
25Ju6DqTJ-g,,,,,,,,,,,,,,,,,,,,,,,,,,,,,,,,,,,,,,,,,,,,,,,,,,,,,,,,,,,,,,,,,,,,,,,,,,,,,,,,,,,,,,,,,,,,,,,,,,,,,,,,,,,,,,,,,,10379.0,10386.0,10387.0,10389.0,10396.0,10398.0,10398.0,10398.0,10400.0,10401.0,10402.0,10403.0,10403
UfdToDf0WiA,,,,,,,,,,,,,,,,,,,,,,,,,,,,,,,,,,,,,,,,,,,,,,,,,,,,,,,,,,,,,,,,,,,,,,,,,,,,,,,,,,,,,,,,,,,,,,,,,,,,,,,,,,,,,,,,,,26.0,26.0,27.0,27.0,27.0,27.0,27.0,27.0,27.0,27.0,27.0,27.0,27
tVhMhErlV2g,,,,,,,,,,,,,,,,,,,,,,,,,,,,,,,,,,,,,,,,,,,,,,,,,,,,,,,,,,,,,,,,,,,,,,,,,,,,,,,,,,,,,,,,,,,,,,,,,,,,,,,,,,,,,,,,,,,64.0,64.0,66.0,66.0,66.0,66.0,66.0,66.0,66.0,66.0,66.0,66
c560tjMoa_s,,,,,,,,,,,,,,,,,,,,,,,,,,,,,,,,,,,,,,,,,,,,,,,,,,,,,,,,,,,,,,,,,,,,,,,,,,,,,,,,,,,,,,,,,,,,,,,,,,,,,,,,,,,,,,,,,,,77.0,144.0,178.0,192.0,201.0,216.0,219.0,218.0,219.0,220.0,220.0,220
P2wy7ZTH_Kk,,,,,,,,,,,,,,,,,,,,,,,,,,,,,,,,,,,,,,,,,,,,,,,,,,,,,,,,,,,,,,,,,,,,,,,,,,,,,,,,,,,,,,,,,,,,,,,,,,,,,,,,,,,,,,,,,,,34.0,43.0,45.0,48.0,52.0,54.0,55.0,57.0,57.0,57.0,57.0,57
WaShlIYnli4,,,,,,,,,,,,,,,,,,,,,,,,,,,,,,,,,,,,,,,,,,,,,,,,,,,,,,,,,,,,,,,,,,,,,,,,,,,,,,,,,,,,,,,,,,,,,,,,,,,,,,,,,,,,,,,,,,,,13.0,21.0,28.0,30.0,32.0,34.0,34.0,34.0,35.0,35.0,36
my41W995CAk,,,,,,,,,,,,,,,,,,,,,,,,,,,,,,,,,,,,,,,,,,,,,,,,,,,,,,,,,,,,,,,,,,,,,,,,,,,,,,,,,,,,,,,,,,,,,,,,,,,,,,,,,,,,,,,,,,,,,0.0,0.0,0.0,0.0,0.0,0.0,0.0,0.0,0.0,0
UpGEn4SkSY0,,,,,,,,,,,,,,,,,,,,,,,,,,,,,,,,,,,,,,,,,,,,,,,,,,,,,,,,,,,,,,,,,,,,,,,,,,,,,,,,,,,,,,,,,,,,,,,,,,,,,,,,,,,,,,,,,,,,,695.0,1163.0,1347.0,1450.0,1576.0,1701.0,1782.0,1870.0,1963.0,2017
pIYotnwz7wM,,,,,,,,,,,,,,,,,,,,,,,,,,,,,,,,,,,,,,,,,,,,,,,,,,,,,,,,,,,,,,,,,,,,,,,,,,,,,,,,,,,,,,,,,,,,,,,,,,,,,,,,,,,,,,,,,,,,,7.0,12.0,13.0,14.0,14.0,14.0,14.0,14.0,14.0,14
gVxoTSUnB0E,,,,,,,,,,,,,,,,,,,,,,,,,,,,,,,,,,,,,,,,,,,,,,,,,,,,,,,,,,,,,,,,,,,,,,,,,,,,,,,,,,,,,,,,,,,,,,,,,,,,,,,,,,,,,,,,,,,,,38.0,50.0,53.0,54.0,56.0,57.0,57.0,57.0,58.0,58
wniN-2kFKRc,,,,,,,,,,,,,,,,,,,,,,,,,,,,,,,,,,,,,,,,,,,,,,,,,,,,,,,,,,,,,,,,,,,,,,,,,,,,,,,,,,,,,,,,,,,,,,,,,,,,,,,,,,,,,,,,,,,,,6541.0,11397.0,12957.0,14214.0,15247.0,16248.0,17072.0,17836.0,18386.0,18885
-krdLtUVFkM,,,,,,,,,,,,,,,,,,,,,,,,,,,,,,,,,,,,,,,,,,,,,,,,,,,,,,,,,,,,,,,,,,,,,,,,,,,,,,,,,,,,,,,,,,,,,,,,,,,,,,,,,,,,,,,,,,,,,498.0,557.0,578.0,587.0,560.0,563.0,566.0,567.0,567.0,568
HevHGwWpu4I,,,,,,,,,,,,,,,,,,,,,,,,,,,,,,,,,,,,,,,,,,,,,,,,,,,,,,,,,,,,,,,,,,,,,,,,,,,,,,,,,,,,,,,,,,,,,,,,,,,,,,,,,,,,,,,,,,,,,654.0,654.0,652.0,653.0,652.0,652.0,652.0,653.0,653.0,653
duENEX5lVi8,,,,,,,,,,,,,,,,,,,,,,,,,,,,,,,,,,,,,,,,,,,,,,,,,,,,,,,,,,,,,,,,,,,,,,,,,,,,,,,,,,,,,,,,,,,,,,,,,,,,,,,,,,,,,,,,,,,,,674.0,674.0,674.0,674.0,675.0,676.0,676.0,676.0,677.0,677
nT9nuwX1AM8,,,,,,,,,,,,,,,,,,,,,,,,,,,,,,,,,,,,,,,,,,,,,,,,,,,,,,,,,,,,,,,,,,,,,,,,,,,,,,,,,,,,,,,,,,,,,,,,,,,,,,,,,,,,,,,,,,,,,,30.0,42.0,43.0,43.0,43.0,43.0,43.0,43.0,43
Pb7iNjAj5EE,,,,,,,,,,,,,,,,,,,,,,,,,,,,,,,,,,,,,,,,,,,,,,,,,,,,,,,,,,,,,,,,,,,,,,,,,,,,,,,,,,,,,,,,,,,,,,,,,,,,,,,,,,,,,,,,,,,,,,467.0,467.0,467.0,467.0,467.0,467.0,467.0,468.0,468
yCXbUIlWzHo,,,,,,,,,,,,,,,,,,,,,,,,,,,,,,,,,,,,,,,,,,,,,,,,,,,,,,,,,,,,,,,,,,,,,,,,,,,,,,,,,,,,,,,,,,,,,,,,,,,,,,,,,,,,,,,,,,,,,,12.0,13.0,13.0,13.0,14.0,14.0,14.0,14.0,14
jdGttkyk224,,,,,,,,,,,,,,,,,,,,,,,,,,,,,,,,,,,,,,,,,,,,,,,,,,,,,,,,,,,,,,,,,,,,,,,,,,,,,,,,,,,,,,,,,,,,,,,,,,,,,,,,,,,,,,,,,,,,,,,27.0,28.0,28.0,29.0,28.0,28.0,29.0,29
N_RekO19AiE,,,,,,,,,,,,,,,,,,,,,,,,,,,,,,,,,,,,,,,,,,,,,,,,,,,,,,,,,,,,,,,,,,,,,,,,,,,,,,,,,,,,,,,,,,,,,,,,,,,,,,,,,,,,,,,,,,,,,,,481.0,645.0,733.0,765.0,788.0,817.0,821.0,828
BtqE3EubSpo,,,,,,,,,,,,,,,,,,,,,,,,,,,,,,,,,,,,,,,,,,,,,,,,,,,,,,,,,,,,,,,,,,,,,,,,,,,,,,,,,,,,,,,,,,,,,,,,,,,,,,,,,,,,,,,,,,,,,,,2.0,3.0,3.0,3.0,3.0,4.0,5.0,5
cvTUR7hW8t4,,,,,,,,,,,,,,,,,,,,,,,,,,,,,,,,,,,,,,,,,,,,,,,,,,,,,,,,,,,,,,,,,,,,,,,,,,,,,,,,,,,,,,,,,,,,,,,,,,,,,,,,,,,,,,,,,,,,,,,0.0,0.0,0.0,0.0,0.0,0.0,0.0,0
-8l5VneVfXc,,,,,,,,,,,,,,,,,,,,,,,,,,,,,,,,,,,,,,,,,,,,,,,,,,,,,,,,,,,,,,,,,,,,,,,,,,,,,,,,,,,,,,,,,,,,,,,,,,,,,,,,,,,,,,,,,,,,,,,2.0,5.0,5.0,6.0,6.0,6.0,6.0,6
xLsufOSKMq0,,,,,,,,,,,,,,,,,,,,,,,,,,,,,,,,,,,,,,,,,,,,,,,,,,,,,,,,,,,,,,,,,,,,,,,,,,,,,,,,,,,,,,,,,,,,,,,,,,,,,,,,,,,,,,,,,,,,,,,4393.0,5667.0,6425.0,6851.0,7465.0,8035.0,8679.0,9559
o5sF84zcRMw,,,,,,,,,,,,,,,,,,,,,,,,,,,,,,,,,,,,,,,,,,,,,,,,,,,,,,,,,,,,,,,,,,,,,,,,,,,,,,,,,,,,,,,,,,,,,,,,,,,,,,,,,,,,,,,,,,,,,,,1331.0,1331.0,1334.0,1334.0,1336.0,1337.0,1337.0,1337
4eXIkjFZs_g,,,,,,,,,,,,,,,,,,,,,,,,,,,,,,,,,,,,,,,,,,,,,,,,,,,,,,,,,,,,,,,,,,,,,,,,,,,,,,,,,,,,,,,,,,,,,,,,,,,,,,,,,,,,,,,,,,,,,,,7237.0,7240.0,7243.0,7246.0,7247.0,7254.0,7256.0,7265
w3zttRvDBms,,,,,,,,,,,,,,,,,,,,,,,,,,,,,,,,,,,,,,,,,,,,,,,,,,,,,,,,,,,,,,,,,,,,,,,,,,,,,,,,,,,,,,,,,,,,,,,,,,,,,,,,,,,,,,,,,,,,,,,748.0,771.0,783.0,788.0,791.0,795.0,796.0,797
aCYibt8Qsgg,,,,,,,,,,,,,,,,,,,,,,,,,,,,,,,,,,,,,,,,,,,,,,,,,,,,,,,,,,,,,,,,,,,,,,,,,,,,,,,,,,,,,,,,,,,,,,,,,,,,,,,,,,,,,,,,,,,,,,,0.0,0.0,0.0,0.0,0.0,0.0,0.0,0
zO7-cAQd9Ec,,,,,,,,,,,,,,,,,,,,,,,,,,,,,,,,,,,,,,,,,,,,,,,,,,,,,,,,,,,,,,,,,,,,,,,,,,,,,,,,,,,,,,,,,,,,,,,,,,,,,,,,,,,,,,,,,,,,,,,74.0,74.0,74.0,74.0,74.0,74.0,74.0,74
2kjpmqEvGqE,,,,,,,,,,,,,,,,,,,,,,,,,,,,,,,,,,,,,,,,,,,,,,,,,,,,,,,,,,,,,,,,,,,,,,,,,,,,,,,,,,,,,,,,,,,,,,,,,,,,,,,,,,,,,,,,,,,,,,,,34.0,36.0,35.0,38.0,39.0,40.0,40
1fMCgHfX1Hw,,,,,,,,,,,,,,,,,,,,,,,,,,,,,,,,,,,,,,,,,,,,,,,,,,,,,,,,,,,,,,,,,,,,,,,,,,,,,,,,,,,,,,,,,,,,,,,,,,,,,,,,,,,,,,,,,,,,,,,,43.0,43.0,44.0,44.0,44.0,44.0,44
aY7hdsPoRso,,,,,,,,,,,,,,,,,,,,,,,,,,,,,,,,,,,,,,,,,,,,,,,,,,,,,,,,,,,,,,,,,,,,,,,,,,,,,,,,,,,,,,,,,,,,,,,,,,,,,,,,,,,,,,,,,,,,,,,,6081.0,6086.0,6088.0,6089.0,6089.0,6091.0,6097
uK1LB1DFbC4,,,,,,,,,,,,,,,,,,,,,,,,,,,,,,,,,,,,,,,,,,,,,,,,,,,,,,,,,,,,,,,,,,,,,,,,,,,,,,,,,,,,,,,,,,,,,,,,,,,,,,,,,,,,,,,,,,,,,,,,7.0,7.0,7.0,7.0,7.0,7.0,7
qXkwONQ-3vw,,,,,,,,,,,,,,,,,,,,,,,,,,,,,,,,,,,,,,,,,,,,,,,,,,,,,,,,,,,,,,,,,,,,,,,,,,,,,,,,,,,,,,,,,,,,,,,,,,,,,,,,,,,,,,,,,,,,,,,,0.0,0.0,0.0,0.0,0.0,0.0,0
tBbKsf_BoPs,,,,,,,,,,,,,,,,,,,,,,,,,,,,,,,,,,,,,,,,,,,,,,,,,,,,,,,,,,,,,,,,,,,,,,,,,,,,,,,,,,,,,,,,,,,,,,,,,,,,,,,,,,,,,,,,,,,,,,,,198.0,324.0,373.0,401.0,414.0,423.0,436
R7NvdRieZrQ,,,,,,,,,,,,,,,,,,,,,,,,,,,,,,,,,,,,,,,,,,,,,,,,,,,,,,,,,,,,,,,,,,,,,,,,,,,,,,,,,,,,,,,,,,,,,,,,,,,,,,,,,,,,,,,,,,,,,,,,944.0,962.0,968.0,977.0,980.0,983.0,986
JU-VFHIcpig,,,,,,,,,,,,,,,,,,,,,,,,,,,,,,,,,,,,,,,,,,,,,,,,,,,,,,,,,,,,,,,,,,,,,,,,,,,,,,,,,,,,,,,,,,,,,,,,,,,,,,,,,,,,,,,,,,,,,,,,1250.0,1250.0,1251.0,1251.0,1251.0,1254.0,1256
b9FMKPWLj7Y,,,,,,,,,,,,,,,,,,,,,,,,,,,,,,,,,,,,,,,,,,,,,,,,,,,,,,,,,,,,,,,,,,,,,,,,,,,,,,,,,,,,,,,,,,,,,,,,,,,,,,,,,,,,,,,,,,,,,,,,,555.0,555.0,555.0,555.0,555.0,555
DcxiggTs_q4,,,,,,,,,,,,,,,,,,,,,,,,,,,,,,,,,,,,,,,,,,,,,,,,,,,,,,,,,,,,,,,,,,,,,,,,,,,,,,,,,,,,,,,,,,,,,,,,,,,,,,,,,,,,,,,,,,,,,,,,,2626.0,4211.0,6507.0,7212.0,7644.0,7899
PnN_xS6n9uI,,,,,,,,,,,,,,,,,,,,,,,,,,,,,,,,,,,,,,,,,,,,,,,,,,,,,,,,,,,,,,,,,,,,,,,,,,,,,,,,,,,,,,,,,,,,,,,,,,,,,,,,,,,,,,,,,,,,,,,,,1687.0,1752.0,1784.0,1814.0,1819.0,1834
MDheFiyrrIE,,,,,,,,,,,,,,,,,,,,,,,,,,,,,,,,,,,,,,,,,,,,,,,,,,,,,,,,,,,,,,,,,,,,,,,,,,,,,,,,,,,,,,,,,,,,,,,,,,,,,,,,,,,,,,,,,,,,,,,,,0.0,0.0,0.0,0.0,0.0,0
RblIsNFR1j4,,,,,,,,,,,,,,,,,,,,,,,,,,,,,,,,,,,,,,,,,,,,,,,,,,,,,,,,,,,,,,,,,,,,,,,,,,,,,,,,,,,,,,,,,,,,,,,,,,,,,,,,,,,,,,,,,,,,,,,,,5474.0,6834.0,7931.0,8575.0,8883.0,9191
jNTcslJmUI0,,,,,,,,,,,,,,,,,,,,,,,,,,,,,,,,,,,,,,,,,,,,,,,,,,,,,,,,,,,,,,,,,,,,,,,,,,,,,,,,,,,,,,,,,,,,,,,,,,,,,,,,,,,,,,,,,,,,,,,,,35.0,36.0,37.0,38.0,38.0,38
7pnr-MCMG7g,,,,,,,,,,,,,,,,,,,,,,,,,,,,,,,,,,,,,,,,,,,,,,,,,,,,,,,,,,,,,,,,,,,,,,,,,,,,,,,,,,,,,,,,,,,,,,,,,,,,,,,,,,,,,,,,,,,,,,,,,78.0,81.0,83.0,83.0,84.0,85
kkux4QeH01Y,,,,,,,,,,,,,,,,,,,,,,,,,,,,,,,,,,,,,,,,,,,,,,,,,,,,,,,,,,,,,,,,,,,,,,,,,,,,,,,,,,,,,,,,,,,,,,,,,,,,,,,,,,,,,,,,,,,,,,,,,6.0,9.0,9.0,11.0,12.0,12
ujdjAVt8Gac,,,,,,,,,,,,,,,,,,,,,,,,,,,,,,,,,,,,,,,,,,,,,,,,,,,,,,,,,,,,,,,,,,,,,,,,,,,,,,,,,,,,,,,,,,,,,,,,,,,,,,,,,,,,,,,,,,,,,,,,,397.0,409.0,421.0,433.0,437.0,444
qEB-yJJANHk,,,,,,,,,,,,,,,,,,,,,,,,,,,,,,,,,,,,,,,,,,,,,,,,,,,,,,,,,,,,,,,,,,,,,,,,,,,,,,,,,,,,,,,,,,,,,,,,,,,,,,,,,,,,,,,,,,,,,,,,,4.0,5.0,5.0,5.0,5.0,5
PVFWc26ws18,,,,,,,,,,,,,,,,,,,,,,,,,,,,,,,,,,,,,,,,,,,,,,,,,,,,,,,,,,,,,,,,,,,,,,,,,,,,,,,,,,,,,,,,,,,,,,,,,,,,,,,,,,,,,,,,,,,,,,,,,,180.0,191.0,195.0,195.0,197
C-amk5wW--4,,,,,,,,,,,,,,,,,,,,,,,,,,,,,,,,,,,,,,,,,,,,,,,,,,,,,,,,,,,,,,,,,,,,,,,,,,,,,,,,,,,,,,,,,,,,,,,,,,,,,,,,,,,,,,,,,,,,,,,,,,,,199.0,198.0,199
cPQniD4MB0w,,,,,,,,,,,,,,,,,,,,,,,,,,,,,,,,,,,,,,,,,,,,,,,,,,,,,,,,,,,,,,,,,,,,,,,,,,,,,,,,,,,,,,,,,,,,,,,,,,,,,,,,,,,,,,,,,,,,,,,,,,,,,833.0,5007
xoybqzsv7C8,,,,,,,,,,,,,,,,,,,,,,,,,,,,,,,,,,,,,,,,,,,,,,,,,,,,,,,,,,,,,,,,,,,,,,,,,,,,,,,,,,,,,,,,,,,,,,,,,,,,,,,,,,,,,,,,,,,,,,,,,,,,,108.0,108
h_S_Un3YoFo,,,,,,,,,,,,,,,,,,,,,,,,,,,,,,,,,,,,,,,,,,,,,,,,,,,,,,,,,,,,,,,,,,,,,,,,,,,,,,,,,,,,,,,,,,,,,,,,,,,,,,,,,,,,,,,,,,,,,,,,,,,,,1068.0,1534
y6QqoTAHXUs,,,,,,,,,,,,,,,,,,,,,,,,,,,,,,,,,,,,,,,,,,,,,,,,,,,,,,,,,,,,,,,,,,,,,,,,,,,,,,,,,,,,,,,,,,,,,,,,,,,,,,,,,,,,,,,,,,,,,,,,,,,,,0.0,0
n1eYWS7nK6Q,,,,,,,,,,,,,,,,,,,,,,,,,,,,,,,,,,,,,,,,,,,,,,,,,,,,,,,,,,,,,,,,,,,,,,,,,,,,,,,,,,,,,,,,,,,,,,,,,,,,,,,,,,,,,,,,,,,,,,,,,,,,,14.0,16
ynBbxZqkcnU,,,,,,,,,,,,,,,,,,,,,,,,,,,,,,,,,,,,,,,,,,,,,,,,,,,,,,,,,,,,,,,,,,,,,,,,,,,,,,,,,,,,,,,,,,,,,,,,,,,,,,,,,,,,,,,,,,,,,,,,,,,,,22.0,22
aZSTvZ_7RQ8,,,,,,,,,,,,,,,,,,,,,,,,,,,,,,,,,,,,,,,,,,,,,,,,,,,,,,,,,,,,,,,,,,,,,,,,,,,,,,,,,,,,,,,,,,,,,,,,,,,,,,,,,,,,,,,,,,,,,,,,,,,,,0.0,0
Gig7MHxXddI,,,,,,,,,,,,,,,,,,,,,,,,,,,,,,,,,,,,,,,,,,,,,,,,,,,,,,,,,,,,,,,,,,,,,,,,,,,,,,,,,,,,,,,,,,,,,,,,,,,,,,,,,,,,,,,,,,,,,,,,,,,,,0.0,0
fhTW9RGjSg0,,,,,,,,,,,,,,,,,,,,,,,,,,,,,,,,,,,,,,,,,,,,,,,,,,,,,,,,,,,,,,,,,,,,,,,,,,,,,,,,,,,,,,,,,,,,,,,,,,,,,,,,,,,,,,,,,,,,,,,,,,,,,25.0,32
NavhzAhJQsU,,,,,,,,,,,,,,,,,,,,,,,,,,,,,,,,,,,,,,,,,,,,,,,,,,,,,,,,,,,,,,,,,,,,,,,,,,,,,,,,,,,,,,,,,,,,,,,,,,,,,,,,,,,,,,,,,,,,,,,,,,,,,0.0,0
vFr8eTRcbJo,,,,,,,,,,,,,,,,,,,,,,,,,,,,,,,,,,,,,,,,,,,,,,,,,,,,,,,,,,,,,,,,,,,,,,,,,,,,,,,,,,,,,,,,,,,,,,,,,,,,,,,,,,,,,,,,,,,,,,,,,,,,,0.0,0
vFr8eTRcbJo,,,,,,,,,,,,,,,,,,,,,,,,,,,,,,,,,,,,,,,,,,,,,,,,,,,,,,,,,,,,,,,,,,,,,,,,,,,,,,,,,,,,,,,,,,,,,,,,,,,,,,,,,,,,,,,,,,,,,,,,,,,,,0.0,0
0p-DvJghins,,,,,,,,,,,,,,,,,,,,,,,,,,,,,,,,,,,,,,,,,,,,,,,,,,,,,,,,,,,,,,,,,,,,,,,,,,,,,,,,,,,,,,,,,,,,,,,,,,,,,,,,,,,,,,,,,,,,,,,,,,,,,5.0,5
BtXk4dg7juw,,,,,,,,,,,,,,,,,,,,,,,,,,,,,,,,,,,,,,,,,,,,,,,,,,,,,,,,,,,,,,,,,,,,,,,,,,,,,,,,,,,,,,,,,,,,,,,,,,,,,,,,,,,,,,,,,,,,,,,,,,,,,534.0,565
pcsLPm0ootg,,,,,,,,,,,,,,,,,,,,,,,,,,,,,,,,,,,,,,,,,,,,,,,,,,,,,,,,,,,,,,,,,,,,,,,,,,,,,,,,,,,,,,,,,,,,,,,,,,,,,,,,,,,,,,,,,,,,,,,,,,,,,0.0,0
1n_yPjbSzTc,,,,,,,,,,,,,,,,,,,,,,,,,,,,,,,,,,,,,,,,,,,,,,,,,,,,,,,,,,,,,,,,,,,,,,,,,,,,,,,,,,,,,,,,,,,,,,,,,,,,,,,,,,,,,,,,,,,,,,,,,,,,,0.0,0
ZB875QfMtfQ,,,,,,,,,,,,,,,,,,,,,,,,,,,,,,,,,,,,,,,,,,,,,,,,,,,,,,,,,,,,,,,,,,,,,,,,,,,,,,,,,,,,,,,,,,,,,,,,,,,,,,,,,,,,,,,,,,,,,,,,,,,,,26.0,26
q_5WXsfIMbQ,,,,,,,,,,,,,,,,,,,,,,,,,,,,,,,,,,,,,,,,,,,,,,,,,,,,,,,,,,,,,,,,,,,,,,,,,,,,,,,,,,,,,,,,,,,,,,,,,,,,,,,,,,,,,,,,,,,,,,,,,,,,,24.0,25
